Crime ID,Month,Reported by,Falls within,Longitude,Latitude,Location,LSOA code,LSOA name,Crime type,Last outcome category,Context
d98843cca391d1173e51dd116e8ec5b705ced0b8eb1b602ae06d1a27ed278cb5,2023-12,Leicestershire Police,Leicestershire Police,0.534186,51.613062,On or near Brunwins Close,E01021339,Basildon 005D,Violence and sexual offences,Unable to prosecute suspect,
c112b7ff08674797e4098b1ac197c983f081de8cf3199c8ce0c57c615ad8cf7f,2023-12,Leicestershire Police,Leicestershire Police,-1.872351,52.543255,On or near Elswick Grove,E01009122,Birmingham 014B,Violence and sexual offences,Action to be taken by another organisation,
3f961798b9ec5c5a9814ae9bdaf7d5b0e58558a3d08aa88f153a36efe03a3471,2023-12,Leicestershire Police,Leicestershire Police,-1.905908,52.524200,On or near Thanet Grove,E01009242,Birmingham 024E,Violence and sexual offences,Unable to prosecute suspect,
d9e921c236a334b9e6774be29a512d38eced1ef1b4ef259e60ae8c304c3d9688,2023-12,Leicestershire Police,Leicestershire Police,-1.831569,52.480535,On or near Alston Grove,E01009476,Birmingham 055B,Violence and sexual offences,Status update unavailable,
90acbf102222880021575c301a05c5a9d0781be0e19c4ba17d94607007f18e49,2023-12,Leicestershire Police,Leicestershire Police,-1.849814,52.467039,On or near Shopping Area,E01009334,Birmingham 070B,Violence and sexual offences,Status update unavailable,
954a68f82bd30a54739682b1a2fdb252a3f3b314c44436e5361de116a62c296f,2023-12,Leicestershire Police,Leicestershire Police,-1.849294,52.459909,On or near Park/Open Space,E01009338,Birmingham 070D,Violence and sexual offences,Status update unavailable,
2cda5038bbac67ec57b2c5a692d985a632cb7bf207abacdfc14e84d04fca979c,2023-12,Leicestershire Police,Leicestershire Police,-1.964389,52.453796,On or near Tibbets Lane,E01009071,Birmingham 087B,Violence and sexual offences,Status update unavailable,
71306e4fc1b51736b30a736366ae036768d6a8cc79f777c9d94d56e600b6c4f3,2023-12,Leicestershire Police,Leicestershire Police,-1.885663,52.453234,On or near Rushbrooke Close,E01009384,Birmingham 092E,Violence and sexual offences,Action to be taken by another organisation,
,2023-12,Leicestershire Police,Leicestershire Police,-1.214456,52.621701,On or near Lowland Avenue,E01025631,Blaby 002A,Anti-social behaviour,,
0eda39995cd135eb8bd22647f699c940a526c2b659db0b926a582d5fe905283f,2023-12,Leicestershire Police,Leicestershire Police,-1.215560,52.619443,On or near Lancelot Close,E01025631,Blaby 002A,Other theft,Investigation complete; no suspect identified,
9540db03856fed88aa06b154c61414dfbd7a4999d4d40334e57dfdea546ed551,2023-12,Leicestershire Police,Leicestershire Police,-1.211313,52.619873,On or near Pickard Way,E01025631,Blaby 002A,Violence and sexual offences,Unable to prosecute suspect,
96b7cc702912e9684f9446a796689f101e6457f32741bc717906f8d366bc1a63,2023-12,Leicestershire Police,Leicestershire Police,-1.216188,52.618179,On or near Guinevere Way,E01025632,Blaby 002B,Violence and sexual offences,Unable to prosecute suspect,
7f0c11edbff9226d855437368f16fff4a7c6380472024b41c5c14dcade0b90a4,2023-12,Leicestershire Police,Leicestershire Police,-1.215391,52.618120,On or near Tristram Close,E01025632,Blaby 002B,Criminal damage and arson,Investigation complete; no suspect identified,
45be1d8fba489962c5a2588d3915af89687a8501aabd9b4686440f23ad6cbc8f,2023-12,Leicestershire Police,Leicestershire Police,-1.216188,52.618179,On or near Guinevere Way,E01025632,Blaby 002B,Violence and sexual offences,Investigation complete; no suspect identified,
1f86cde76a07e59a904b3e7d27b97ea0272ee4abccd20769f93ceefadeb5a9bb,2023-12,Leicestershire Police,Leicestershire Police,-1.215391,52.618120,On or near Tristram Close,E01025632,Blaby 002B,Violence and sexual offences,Investigation complete; no suspect identified,
c4fcd4b114c5cf3b71ca57a677732f3fb1f4e4d52d7f0d209ccf5dccded91767,2023-12,Leicestershire Police,Leicestershire Police,-1.205223,52.619275,On or near Motorway Service Area,E01025633,Blaby 002C,Public order,Unable to prosecute suspect,
399a94a8fa6d463e42834ffab88a4b2011e2d6eacc08fd1edb85b112d4e88808,2023-12,Leicestershire Police,Leicestershire Police,-1.205223,52.619275,On or near Motorway Service Area,E01025633,Blaby 002C,Criminal damage and arson,Investigation complete; no suspect identified,
9e595e362ec33d8ffe4945ef747526575d56344a8a069166921c0a490855684c,2023-12,Leicestershire Police,Leicestershire Police,-1.207067,52.627576,On or near Brightwell Drive,E01025633,Blaby 002C,Other theft,Investigation complete; no suspect identified,
a185f9d1653286a855e4ca18998d1222f7df9a61d03e857895d3ee89b348e628,2023-12,Leicestershire Police,Leicestershire Police,-1.206173,52.619011,On or near Motorway Service Area,E01025633,Blaby 002C,Public order,Status update unavailable,
a0c7e50ce623ea00dfc8432c4af2ae2b545040f9f18567dc0702cbc011b50e43,2023-12,Leicestershire Police,Leicestershire Police,-1.201717,52.626524,On or near Supermarket,E01025633,Blaby 002C,Shoplifting,Investigation complete; no suspect identified,
9702eafc146824a457aba2d61bc413c2070d945ce45e092d97f0f1dee1c5cdab,2023-12,Leicestershire Police,Leicestershire Police,-1.201717,52.626524,On or near Supermarket,E01025633,Blaby 002C,Shoplifting,Investigation complete; no suspect identified,
97398bbcf534e7eeccd4c1843894f5dec76e68e960bf25835fbde8b2afb2e11e,2023-12,Leicestershire Police,Leicestershire Police,-1.206173,52.619011,On or near Motorway Service Area,E01025633,Blaby 002C,Vehicle crime,Investigation complete; no suspect identified,
8c10cd1c9af65a15c6062a4195bf3ec7b84b6309f5061577dad28ed1c0f8a4c8,2023-12,Leicestershire Police,Leicestershire Police,-1.209332,52.626530,On or near Packer Avenue,E01025633,Blaby 002C,Vehicle crime,Investigation complete; no suspect identified,
7f6cf5396d5aeecb2d32e936b777d0325702244b53053ecac450e5d3e816659d,2023-12,Leicestershire Police,Leicestershire Police,-1.204756,52.618948,On or near Petrol Station,E01025633,Blaby 002C,Vehicle crime,Investigation complete; no suspect identified,
669c20f68010cc3ab3bc56e0bd5def4939ac946fc4e838ec13a45ea65319ba0e,2023-12,Leicestershire Police,Leicestershire Police,-1.203852,52.628094,On or near Sylvan Way,E01025633,Blaby 002C,Violence and sexual offences,Investigation complete; no suspect identified,
1128e781f782e80426804e6b15dd95b225ad94c588ecde0c6cec00165656d618,2023-12,Leicestershire Police,Leicestershire Police,-1.204273,52.621956,On or near Stackyard Close,E01025633,Blaby 002C,Violence and sexual offences,Unable to prosecute suspect,
a29b9813f35e868d881292800aa5fad1c9b04fc58185b25bde2e85dc32a5fd72,2023-12,Leicestershire Police,Leicestershire Police,-1.201717,52.626524,On or near Supermarket,E01025633,Blaby 002C,Violence and sexual offences,Unable to prosecute suspect,
,2023-12,Leicestershire Police,Leicestershire Police,-1.217097,52.626815,On or near Beechwood Avenue,E01025635,Blaby 002D,Anti-social behaviour,,
afa6ab3046d41abe81c0728cbddf442aed15189303659299deb73593eb7fb481,2023-12,Leicestershire Police,Leicestershire Police,-1.217097,52.626815,On or near Beechwood Avenue,E01025635,Blaby 002D,Burglary,Investigation complete; no suspect identified,
60187f83e6eb5f2f5afb015bf681b54dac4fe6e1de64321cf3ed9ab80201a53f,2023-12,Leicestershire Police,Leicestershire Police,-1.217097,52.626815,On or near Beechwood Avenue,E01025635,Blaby 002D,Burglary,Investigation complete; no suspect identified,
40410fdae3c008595a0eb9f6e3ebe44614b065c0877854f0f62a726d8887dcdc,2023-12,Leicestershire Police,Leicestershire Police,-1.217097,52.626815,On or near Beechwood Avenue,E01025635,Blaby 002D,Burglary,Investigation complete; no suspect identified,
5fa56709e3c22edba4a68d45316b8bfd1efd1869f0f098cb0f2a0ef9ad789764,2023-12,Leicestershire Police,Leicestershire Police,-1.212934,52.626644,On or near Charnwood Drive,E01025635,Blaby 002D,Public order,Unable to prosecute suspect,
b9e11a466a5d83b430b8383a38c924996e4bf4013ca2c3a7748b45e2fb1351f4,2023-12,Leicestershire Police,Leicestershire Police,-1.211068,52.624420,On or near Grange Avenue,E01025635,Blaby 002D,Shoplifting,Investigation complete; no suspect identified,
654ceb094c60eaf4a07acaffbcda9185660ee6c759b330516e2f439316cfc1d0,2023-12,Leicestershire Police,Leicestershire Police,-1.217097,52.626815,On or near Beechwood Avenue,E01025635,Blaby 002D,Vehicle crime,Investigation complete; no suspect identified,
907ad5f7498c6000aed1a7d84e21ba81dcb7e73ed2898499606af824149a9212,2023-12,Leicestershire Police,Leicestershire Police,-1.226020,52.621840,On or near Brickman Close,E01025634,Blaby 003A,Vehicle crime,Investigation complete; no suspect identified,
,2023-12,Leicestershire Police,Leicestershire Police,-1.231453,52.618621,On or near Waldwick Close,E01025634,Blaby 003A,Anti-social behaviour,,
264122c518b5b70cec95c65d13777296e33ed9668c006557ea8f79c8cccd41a2,2023-12,Leicestershire Police,Leicestershire Police,-1.223690,52.624090,On or near Ellis Drive,E01025634,Blaby 003A,Burglary,Investigation complete; no suspect identified,
73bc0b732307f93fce59d973e2c196c99aebefb20666a5dec9ab021eda0e18b2,2023-12,Leicestershire Police,Leicestershire Police,-1.224597,52.623763,On or near Ellis Drive,E01025634,Blaby 003A,Burglary,Unable to prosecute suspect,
1264082a023c73d9bbcbb67c75eaf962d3f4f8ab3f908eeb9bddbd4a7d1e6fe0,2023-12,Leicestershire Police,Leicestershire Police,-1.229768,52.616174,On or near Rowan Close,E01025634,Blaby 003A,Drugs,Local resolution,
3571a8250edbb90338d5a53711158ed7047dec7f9913842c627d5e849e870133,2023-12,Leicestershire Police,Leicestershire Police,-1.222630,52.620568,On or near Juniper Close,E01025634,Blaby 003A,Other theft,Investigation complete; no suspect identified,
326354e79390d87e0306a6361c2ab6f3957369c89b75eb85fa3d742f5fdbc992,2023-12,Leicestershire Police,Leicestershire Police,-1.225050,52.619856,On or near Haven Close,E01025634,Blaby 003A,Public order,Unable to prosecute suspect,
a77a4ef3de037ff8b61e282b9e41f06fcc63754eabb345da20bee3d33fe25728,2023-12,Leicestershire Police,Leicestershire Police,-1.231453,52.618621,On or near Waldwick Close,E01025634,Blaby 003A,Public order,Further action is not in the public interest,
8fc3eb277f2b078865b3662be19207809fef5892a138b675c6cd745206bd4d37,2023-12,Leicestershire Police,Leicestershire Police,-1.225050,52.619856,On or near Haven Close,E01025634,Blaby 003A,Public order,Unable to prosecute suspect,
6da41154fa5e2174b8e5f60bc7aab4275d38366557f36a05aff54fa5454fd0e2,2023-12,Leicestershire Police,Leicestershire Police,-1.231453,52.618621,On or near Waldwick Close,E01025634,Blaby 003A,Public order,Unable to prosecute suspect,
c84fc87111c687dffbf4b3daf8f9b6779c9b976e539e657c564ed880d8c605c1,2023-12,Leicestershire Police,Leicestershire Police,-1.221631,52.626108,On or near Kirby Lane,E01025634,Blaby 003A,Public order,Further action is not in the public interest,
41b95393ef84683c46feb3044494a8fbd77ad48344cbe575b6efeea6ec3e4fbd,2023-12,Leicestershire Police,Leicestershire Police,-1.230587,52.619137,On or near Haywood Close,E01025634,Blaby 003A,Robbery,Investigation complete; no suspect identified,
7dee28e5d9143ae8458c74d417f079f0afe5980fcc3e5b57f3c7ece68d4546b0,2023-12,Leicestershire Police,Leicestershire Police,-1.221631,52.626108,On or near Kirby Lane,E01025634,Blaby 003A,Violence and sexual offences,Action to be taken by another organisation,
0efabfb75782dc5dad532ecf4106f3997887de0be942026ea8a3acaa5b2ffce1,2023-12,Leicestershire Police,Leicestershire Police,-1.231453,52.618621,On or near Waldwick Close,E01025634,Blaby 003A,Violence and sexual offences,Further action is not in the public interest,
,2023-12,Leicestershire Police,Leicestershire Police,-1.231596,52.624789,On or near Centurion Drive,E01025638,Blaby 003B,Anti-social behaviour,,
56ed30344eb9b3a0e579b1e1d9675e1baeb0ac84e8b0cced520d2e263f784751,2023-12,Leicestershire Police,Leicestershire Police,-1.228868,52.627882,On or near Towers Drive,E01025638,Blaby 003B,Burglary,Investigation complete; no suspect identified,
b18e4a873e065be3fb186c22970b023b36160a7e84d0d65d5843fa0907205ca9,2023-12,Leicestershire Police,Leicestershire Police,-1.230107,52.622118,On or near Highland Avenue,E01025638,Blaby 003B,Burglary,Investigation complete; no suspect identified,
bd426bc8035ec3b88be83b5b9e5f05676c278860941c99ff93eadf73b9371530,2023-12,Leicestershire Police,Leicestershire Police,-1.221220,52.628425,On or near Walton Close,E01025638,Blaby 003B,Burglary,Court result unavailable,
467b34960336b37cff65c2efbf6df80245ff9c9da8b5b7d3d668fafd3360f769,2023-12,Leicestershire Police,Leicestershire Police,-1.231596,52.624789,On or near Centurion Drive,E01025638,Blaby 003B,Other theft,Investigation complete; no suspect identified,
337906b41b67f170af943c8ba0a4389e413aa46076aca1bcdbe1c2093f1443eb,2023-12,Leicestershire Police,Leicestershire Police,-1.230256,52.622892,On or near Harene Crescent,E01025638,Blaby 003B,Other theft,Investigation complete; no suspect identified,
398aa4dfcfca45f3f6483a78b7e7b01fa1f00e242e18126305315e44a06c8c2a,2023-12,Leicestershire Police,Leicestershire Police,-1.228868,52.627882,On or near Towers Drive,E01025638,Blaby 003B,Violence and sexual offences,Local resolution,
2e143f6ee201e0823c008d54d060ee40ed697a94786432e204d19bbdce92173a,2023-12,Leicestershire Police,Leicestershire Police,-1.231596,52.624789,On or near Centurion Drive,E01025638,Blaby 003B,Violence and sexual offences,Unable to prosecute suspect,
72bd5456717541bf1bb20c887ce78accecce4a5466d97b084701c3f9408c1a3c,2023-12,Leicestershire Police,Leicestershire Police,-1.233154,52.634562,On or near The Keep,E01025639,Blaby 003C,Public order,Further investigation is not in the public interest,
1cc937822baf46f75bda4c66487cec1091fe95dbd94a403a142a46393a36c613,2023-12,Leicestershire Police,Leicestershire Police,-1.234138,52.633184,On or near Barwell Road,E01025640,Blaby 003D,Burglary,Investigation complete; no suspect identified,
c08d13d251675e71dc17ded56286cbadfd02b2c5e8651bd97b8d53d25bb279d9,2023-12,Leicestershire Police,Leicestershire Police,-1.240452,52.633782,On or near Abbot Close,E01025640,Blaby 003D,Burglary,Investigation complete; no suspect identified,
cb90fc6cc54f7272beebedf71ead991b9eb021cd500747a61c0f3d257fa0e4fc,2023-12,Leicestershire Police,Leicestershire Police,-1.235777,52.631603,On or near Princess Drive,E01025640,Blaby 003D,Criminal damage and arson,Unable to prosecute suspect,
f1203eb0a89f1d9de7ebbac645fcaf1c305895c8f6107f368740be4d80157acf,2023-12,Leicestershire Police,Leicestershire Police,-1.235777,52.631603,On or near Princess Drive,E01025640,Blaby 003D,Public order,Formal action is not in the public interest,
5e0799b195c60063c53a091142931a57b9a444c30e9574b35584bb0c1363ae72,2023-12,Leicestershire Police,Leicestershire Police,-1.234138,52.633184,On or near Barwell Road,E01025640,Blaby 003D,Public order,Unable to prosecute suspect,
7f801a3ebdce73cd5a1286acbd7ec789e5b93ca48b0029764bf2295514fefdaa,2023-12,Leicestershire Police,Leicestershire Police,-1.235011,52.635671,On or near Fox Lane,E01025640,Blaby 003D,Shoplifting,Investigation complete; no suspect identified,
9bf1ef8201f3540cf5f12ad88b30554c76f1cdb21cae64b5db0a5a74e2a6dd29,2023-12,Leicestershire Police,Leicestershire Police,-1.235011,52.635671,On or near Fox Lane,E01025640,Blaby 003D,Shoplifting,Investigation complete; no suspect identified,
cc575ef2a8a46b5a900aad71505ff62cbc1d8ca902360caaaa5073fbd8fc44b3,2023-12,Leicestershire Police,Leicestershire Police,-1.261605,52.586745,On or near Normanton Grove,E01025645,Blaby 003E,Burglary,Investigation complete; no suspect identified,
b81e07c79b58181d08fdb953be84eebcfc17135e27446179548f689396ba29f1,2023-12,Leicestershire Police,Leicestershire Police,-1.272924,52.576162,On or near Park/Open Space,E01025645,Blaby 003E,Violence and sexual offences,Status update unavailable,
b0d147beb51f1455bd127242859aab6ecdb3daef8229578544062296adf4e976,2023-12,Leicestershire Police,Leicestershire Police,-1.261605,52.586745,On or near Normanton Grove,E01025645,Blaby 003E,Violence and sexual offences,Investigation complete; no suspect identified,
bb7d892a76dcddd6045fad4284267ffa6e4f0e03ae5027ccf47b486ae0790808,2023-12,Leicestershire Police,Leicestershire Police,-1.257852,52.611444,On or near Hinckley Road,E01025645,Blaby 003E,Violence and sexual offences,Investigation complete; no suspect identified,
d949ce3b32cf28fc277dce002a55e0617f8407dc4521bbe4f96dca893f47f94a,2023-12,Leicestershire Police,Leicestershire Police,-1.239298,52.575897,On or near Field View Close,E01025645,Blaby 003E,Violence and sexual offences,Unable to prosecute suspect,
befb285b990d2c50aabd639dffd1c485b2dffc8367dccd503ad80b3ea975c92e,2023-12,Leicestershire Police,Leicestershire Police,-1.267020,52.593926,On or near Desford Road,E01025645,Blaby 003E,Other crime,Investigation complete; no suspect identified,
aaa610775958a45b0f2030645c59b579e907a03e000130ed03a17f1728da05b7,2023-12,Leicestershire Police,Leicestershire Police,-1.195757,52.623193,On or near Beech Drive,E01025666,Blaby 004A,Other theft,Unable to prosecute suspect,
d8ced7c907959ad243ef69e6b823c5b3eb4d1c63a8246d2cf07cfdb20943408d,2023-12,Leicestershire Police,Leicestershire Police,-1.200624,52.626849,On or near Braunstone Lane,E01025666,Blaby 004A,Robbery,Investigation complete; no suspect identified,
bb34bed56846d66d3e50c74e2727f0dbdaf1b1302da0b841d19ee5e91c4d0a2f,2023-12,Leicestershire Police,Leicestershire Police,-1.193961,52.622022,On or near Woodland Drive,E01025666,Blaby 004A,Vehicle crime,Investigation complete; no suspect identified,
b5e1c401fe6a4f17963bb9134d2e1d562dab2d573810846eeff43fc645d526a1,2023-12,Leicestershire Police,Leicestershire Police,-1.194103,52.623928,On or near Chaplin Court,E01025666,Blaby 004A,Violence and sexual offences,Unable to prosecute suspect,
71b8f89b7f2449a412679221ff3b0da8d463539c6435f37989f2197b872695d7,2023-12,Leicestershire Police,Leicestershire Police,-1.195817,52.621522,On or near Valley Drive,E01025666,Blaby 004A,Violence and sexual offences,Unable to prosecute suspect,
078b5c04b60dd2c531a7bc8c5274c424041688357fc98946bb6b2c47c3538eb2,2023-12,Leicestershire Police,Leicestershire Police,-1.195649,52.624254,On or near Roundhill Court,E01025666,Blaby 004A,Violence and sexual offences,Unable to prosecute suspect,
670dbf15da5d29d750738e0227d08ea445ece7102a32c1da52c0365eea29aff6,2023-12,Leicestershire Police,Leicestershire Police,-1.193065,52.624182,On or near Sun Way,E01025666,Blaby 004A,Violence and sexual offences,Investigation complete; no suspect identified,
60bf742a87f5f68f36b3b2d1e00022f910ce714928afca1c59fa5081f1550536,2023-12,Leicestershire Police,Leicestershire Police,-1.200624,52.626849,On or near Braunstone Lane,E01025666,Blaby 004A,Violence and sexual offences,Investigation complete; no suspect identified,
28aab3a31c8afb60dfa4fdae21cca1c63c84ad5b67061be639642d5455c3f2cf,2023-12,Leicestershire Police,Leicestershire Police,-1.186045,52.620358,On or near Evelyn Road,E01025667,Blaby 004B,Violence and sexual offences,Unable to prosecute suspect,
,2023-12,Leicestershire Police,Leicestershire Police,-1.185851,52.618847,On or near Kingsway North,E01025667,Blaby 004B,Anti-social behaviour,,
06dd84da720f3d79940f655d5c474325be473c3a11b84b701848869d1b19a296,2023-12,Leicestershire Police,Leicestershire Police,-1.183224,52.617930,On or near Avon Road,E01025667,Blaby 004B,Burglary,Investigation complete; no suspect identified,
cea21b1041ba9ac7d2c91931db918c4afa38d0cadc210ea9c44eb9fbae9dfb16,2023-12,Leicestershire Police,Leicestershire Police,-1.185851,52.618847,On or near Kingsway North,E01025667,Blaby 004B,Criminal damage and arson,Investigation complete; no suspect identified,
1356d4f3f833fb69e935c417f139c2d0757f186c1f6c1367c1f6311054858054,2023-12,Leicestershire Police,Leicestershire Police,-1.183224,52.617930,On or near Avon Road,E01025667,Blaby 004B,Public order,Investigation complete; no suspect identified,
a4becfc299ba5a6cec4c6bcac2658517a1696b371bf9617862228befd39ad653,2023-12,Leicestershire Police,Leicestershire Police,-1.187386,52.621293,On or near Neal Avenue,E01025667,Blaby 004B,Vehicle crime,Investigation complete; no suspect identified,
61e344ed85b6630a589aaa72c27114c2a3a32195c774fd0dd0062a919883dbd0,2023-12,Leicestershire Police,Leicestershire Police,-1.186045,52.620358,On or near Evelyn Road,E01025667,Blaby 004B,Violence and sexual offences,Action to be taken by another organisation,
f214cdb137f95997b095b35bb8cf6030db8b96c6c80db86f05efdb5bbda81ecf,2023-12,Leicestershire Police,Leicestershire Police,-1.180168,52.617081,On or near Shakespeare Drive,E01025667,Blaby 004B,Violence and sexual offences,Investigation complete; no suspect identified,
56f20b720ebcb54f4daba05c0d6ab1e2c4b5ec36fa4b3c9a06230d158a77eeff,2023-12,Leicestershire Police,Leicestershire Police,-1.200389,52.619494,On or near Marshall Close,E01025668,Blaby 004C,Burglary,Investigation complete; no suspect identified,
edbac9c454f50518aaa37a012c0d962f6b79892ae0df6428383b48440eea567c,2023-12,Leicestershire Police,Leicestershire Police,-1.200389,52.619494,On or near Marshall Close,E01025668,Blaby 004C,Other theft,Investigation complete; no suspect identified,
8226bb7499f182eb96aa8af9d3ec235360ceda14a7c14634a85d86e12ecf47bb,2023-12,Leicestershire Police,Leicestershire Police,-1.201096,52.621234,On or near Thistley Close,E01025668,Blaby 004C,Violence and sexual offences,Unable to prosecute suspect,
473b2ce623c050a2214c5b7124f21f198429bd299705c42bcef39e4d13eb856c,2023-12,Leicestershire Police,Leicestershire Police,-1.192894,52.617402,On or near Ferrars Court,E01025669,Blaby 004D,Public order,Investigation complete; no suspect identified,
0b2b4311d45e86f80302a335293d44d278e8a50e3f5bee68fff16a4581b3d691,2023-12,Leicestershire Police,Leicestershire Police,-1.192658,52.614992,On or near Owen Close,E01025669,Blaby 004D,Vehicle crime,Unable to prosecute suspect,
,2023-12,Leicestershire Police,Leicestershire Police,-1.193405,52.604038,On or near Meridien West,E01025669,Blaby 004D,Anti-social behaviour,,
,2023-12,Leicestershire Police,Leicestershire Police,-1.196866,52.615047,On or near Darwin Close,E01025669,Blaby 004D,Anti-social behaviour,,
,2023-12,Leicestershire Police,Leicestershire Police,-1.193405,52.604038,On or near Meridien West,E01025669,Blaby 004D,Anti-social behaviour,,
bfb1159215c452c5139ea8cc580bb74dff92c80d7959cf42917427eabee1553c,2023-12,Leicestershire Police,Leicestershire Police,-1.198825,52.617784,On or near Hilcot Green,E01025669,Blaby 004D,Burglary,Investigation complete; no suspect identified,
6fed0ac23e98c38e2095f7b50557d663a5ed20716b19a2922f259e751bc4ceba,2023-12,Leicestershire Police,Leicestershire Police,-1.192658,52.614992,On or near Owen Close,E01025669,Blaby 004D,Criminal damage and arson,Investigation complete; no suspect identified,
89e72c3e44b5486934c55c109e83d647d521b1b937047ff555024e88b326887d,2023-12,Leicestershire Police,Leicestershire Police,-1.198948,52.615861,On or near Isobella Road,E01025669,Blaby 004D,Other theft,Investigation complete; no suspect identified,
30d14fa5629e883852d29c5b88d3541f05342ebd811b91c326ff9a5a50937d40,2023-12,Leicestershire Police,Leicestershire Police,-1.193405,52.604038,On or near Meridien West,E01025669,Blaby 004D,Public order,Unable to prosecute suspect,
375d1e9948ed5ca609d080b6cf13c7609453332721d07f73ecdbec3ba4bee7e7,2023-12,Leicestershire Police,Leicestershire Police,-1.200077,52.616327,On or near Tuffleys Way,E01025669,Blaby 004D,Public order,Unable to prosecute suspect,
febb59d8ffec97923119300c77442f68f5acbbde74483b513909a109588ed1af,2023-12,Leicestershire Police,Leicestershire Police,-1.192658,52.614992,On or near Owen Close,E01025669,Blaby 004D,Public order,Investigation complete; no suspect identified,
84ae8351d47020370325beccfe24680bb28f4d0c05b009cf812a415f20252838,2023-12,Leicestershire Police,Leicestershire Police,-1.193405,52.604038,On or near Meridien West,E01025669,Blaby 004D,Public order,Investigation complete; no suspect identified,
be9e4906b65fb38b32865e1c332a2c573a5b648ec5afe22e4c7598261038b8d4,2023-12,Leicestershire Police,Leicestershire Police,-1.189624,52.618513,On or near Collins Close,E01025669,Blaby 004D,Vehicle crime,Investigation complete; no suspect identified,
59a4a84111d846c800114a8bb468cae54f393e696bd6f06612a782533261560a,2023-12,Leicestershire Police,Leicestershire Police,-1.192658,52.614992,On or near Owen Close,E01025669,Blaby 004D,Violence and sexual offences,Investigation complete; no suspect identified,
14c55bb53c79931f24c7714b61d09ad341f3fd6a592bc96027828a6bbebab5a2,2023-12,Leicestershire Police,Leicestershire Police,-1.196696,52.617905,On or near Darien Way,E01025669,Blaby 004D,Violence and sexual offences,Unable to prosecute suspect,
922fb1ce289a4ae8ab8da0895f5b1ab93d81745732caab63da5be66bcbc00f3b,2023-12,Leicestershire Police,Leicestershire Police,-1.192658,52.614992,On or near Owen Close,E01025669,Blaby 004D,Violence and sexual offences,Investigation complete; no suspect identified,
5c18233218d652f4911533a7d496ad52732ece8b53d326a110fbd9fa6d4bb1b9,2023-12,Leicestershire Police,Leicestershire Police,-1.193405,52.604038,On or near Meridien West,E01025669,Blaby 004D,Violence and sexual offences,Investigation complete; no suspect identified,
f40330bc3549fe6cb098247e78471e22171bbc28dbe05848f9472f91676627bf,2023-12,Leicestershire Police,Leicestershire Police,-1.196696,52.617905,On or near Darien Way,E01025669,Blaby 004D,Violence and sexual offences,Unable to prosecute suspect,
fc4464859269b94352dabf82bc96aee302c4dd47213407eafa8a69554c05be1d,2023-12,Leicestershire Police,Leicestershire Police,-1.194391,52.615525,On or near Rivets Meadow Close,E01025669,Blaby 004D,Violence and sexual offences,Unable to prosecute suspect,
a2140a48d6d2822c9ab57512538cc5f08f8f5863490056290b153108d0ae902e,2023-12,Leicestershire Police,Leicestershire Police,-1.181684,52.605468,On or near Pinfold,E01025636,Blaby 005A,Possession of weapons,Unable to prosecute suspect,
0ab2cc0a40d40abff14e90585b9f33439aff7cc94e5fd0c88097de974088aca6,2023-12,Leicestershire Police,Leicestershire Police,-1.179723,52.607675,On or near Gayhurst Close,E01025636,Blaby 005A,Burglary,Investigation complete; no suspect identified,
8624c5ac94f275a118473ac2f1598762d8ba096a4f775f8407cb3e815adcd971,2023-12,Leicestershire Police,Leicestershire Police,-1.181861,52.607842,On or near Hat Road,E01025636,Blaby 005A,Criminal damage and arson,Unable to prosecute suspect,
5cb4bbd4eac5423807805de742541fa8ed73c5c9f244a13b081cd96082eb7efb,2023-12,Leicestershire Police,Leicestershire Police,-1.179723,52.607675,On or near Gayhurst Close,E01025636,Blaby 005A,Violence and sexual offences,Unable to prosecute suspect,
e69e82a2aba6388ffe3c2ffe9db3d1578acd8946f0a5953bd8445949198a70ec,2023-12,Leicestershire Police,Leicestershire Police,-1.176472,52.604659,On or near Riddington Road,E01025637,Blaby 005B,Burglary,Investigation complete; no suspect identified,
4a42638a43bec889afde8a67cc7d0fce4408b3cc695eb8bba232aa0cf298cd55,2023-12,Leicestershire Police,Leicestershire Police,-1.185080,52.603864,On or near Lubbesthorpe Road,E01025637,Blaby 005B,Other theft,Investigation complete; no suspect identified,
5c55bd6b6c1b8d10f52e9e8d2bbd8429c34623a743a983c29e2be07d7c8cbf0d,2023-12,Leicestershire Police,Leicestershire Police,-1.185080,52.603864,On or near Lubbesthorpe Road,E01025637,Blaby 005B,Possession of weapons,Investigation complete; no suspect identified,
628299402497996ec662dbf23e2a7d8a3fd3987849d75ae0d804bd0bf1acb98e,2023-12,Leicestershire Police,Leicestershire Police,-1.185080,52.603864,On or near Lubbesthorpe Road,E01025637,Blaby 005B,Vehicle crime,Investigation complete; no suspect identified,
c36a7057a8d1c98af3d253f94608871b308939670fed271e595e8ba0c9f6d1fb,2023-12,Leicestershire Police,Leicestershire Police,-1.185080,52.603864,On or near Lubbesthorpe Road,E01025637,Blaby 005B,Violence and sexual offences,Unable to prosecute suspect,
e16a4457545739da52bba7663840ef1a3508571f01567d44e9b1906c8f9f0c2c,2023-12,Leicestershire Police,Leicestershire Police,-1.185080,52.603864,On or near Lubbesthorpe Road,E01025637,Blaby 005B,Other crime,Action to be taken by another organisation,
,2023-12,Leicestershire Police,Leicestershire Police,-1.176473,52.603040,On or near Narborough Road South,E01025652,Blaby 005C,Anti-social behaviour,,
782fcd425efad93896d83d7fdde32337cd34700dc9ddbfafa708a51ebfcc66e3,2023-12,Leicestershire Police,Leicestershire Police,-1.175803,52.607243,On or near Francis Avenue,E01025652,Blaby 005C,Criminal damage and arson,Unable to prosecute suspect,
568cd97deaf745923f11fb0e92e3afb9b83031751c64132d6307dfed1cd7b076,2023-12,Leicestershire Police,Leicestershire Police,-1.169075,52.608527,On or near Gwencole Avenue,E01025652,Blaby 005C,Other theft,Unable to prosecute suspect,
d17e089594df8f7b6be394af3479d305e0e2c8eb194718fd23e0edf97ff57fed,2023-12,Leicestershire Police,Leicestershire Police,-1.172030,52.606084,On or near The Poplars,E01025652,Blaby 005C,Vehicle crime,Investigation complete; no suspect identified,
568377c08f017136aa45effdeee34514e1b62dd628f97b025d11510f647a263b,2023-12,Leicestershire Police,Leicestershire Police,-1.173112,52.603502,On or near Bilberry Close,E01025652,Blaby 005C,Violence and sexual offences,Unable to prosecute suspect,
93536b62f50b4f001e3d7da600545382c8fe6291053fe1a93ba240221a1a69be,2023-12,Leicestershire Police,Leicestershire Police,-1.173112,52.603502,On or near Bilberry Close,E01025652,Blaby 005C,Violence and sexual offences,Further action is not in the public interest,
ef5cf117ba2c31c635b1bee9d1e780ab01c0c5e56a39d76ed1f18694152905e8,2023-12,Leicestershire Police,Leicestershire Police,-1.175803,52.607243,On or near Francis Avenue,E01025652,Blaby 005C,Violence and sexual offences,Action to be taken by another organisation,
0dec0470127b3d610e47452dde81e3c583fe6896e7775c46d69a7cf010f72a53,2023-12,Leicestershire Police,Leicestershire Police,-1.172030,52.606084,On or near The Poplars,E01025652,Blaby 005C,Violence and sexual offences,Unable to prosecute suspect,
36f5d0c467cbdb2f5393005445d1b8643f2c9a5f8a385e2bcc4a25899615acae,2023-12,Leicestershire Police,Leicestershire Police,-1.172739,52.614710,On or near Frankson Avenue,E01025653,Blaby 005D,Burglary,Unable to prosecute suspect,
f67b2d2d14d585b68058c1d911ad6fc3607e60aa827565066484f3b8020d1fa5,2023-12,Leicestershire Police,Leicestershire Police,-1.183030,52.613262,On or near Parking Area,E01025653,Blaby 005D,Public order,Unable to prosecute suspect,
,2023-12,Leicestershire Police,Leicestershire Police,-1.183030,52.613262,On or near Parking Area,E01025653,Blaby 005D,Anti-social behaviour,,
3c72d9fc7a9e123d3e8f5ee9fa273189c0328064c2ab06cbb6ed5e799647004b,2023-12,Leicestershire Police,Leicestershire Police,-1.182433,52.615218,On or near Shakespeare Close,E01025653,Blaby 005D,Criminal damage and arson,Investigation complete; no suspect identified,
356f1649a7b922180c0f319fb14f184517d3d0dd66a23fa5e89ff9f6259df060,2023-12,Leicestershire Police,Leicestershire Police,-1.172739,52.614710,On or near Frankson Avenue,E01025653,Blaby 005D,Drugs,Unable to prosecute suspect,
00bfd1ff523781943a6110e1068d6b9d9f601f46d23007cb0e7995d5bba93e69,2023-12,Leicestershire Police,Leicestershire Police,-1.182439,52.614112,On or near Burdet Close,E01025653,Blaby 005D,Other theft,Investigation complete; no suspect identified,
244d3b431dc44973f9178f829d68284ab097c7f410d398880c3b1d88daea8f2d,2023-12,Leicestershire Police,Leicestershire Police,-1.183289,52.615215,On or near Lubbesthorpe Bridle Road,E01025653,Blaby 005D,Other theft,Investigation complete; no suspect identified,
8f9448dc8c47a538781941c42be7595fa6f272fef28d7effad0c39aef38f523a,2023-12,Leicestershire Police,Leicestershire Police,-1.183289,52.615215,On or near Lubbesthorpe Bridle Road,E01025653,Blaby 005D,Theft from the person,Investigation complete; no suspect identified,
8f3a0f11a14ed06567142ce8fb66046f84a78dc7c456a16f02c00bf98ab7cf46,2023-12,Leicestershire Police,Leicestershire Police,-1.178717,52.614860,On or near Henley Crescent,E01025653,Blaby 005D,Vehicle crime,Investigation complete; no suspect identified,
939cfce37281fe51574e55ed9701b28a2860044184cb8e1cabbb7d9b185a8c9e,2023-12,Leicestershire Police,Leicestershire Police,-1.183289,52.615215,On or near Lubbesthorpe Bridle Road,E01025653,Blaby 005D,Violence and sexual offences,Action to be taken by another organisation,
e124e7101306652fbde066e2d09181ddeae57b756722d4191e0521cbb4737214,2023-12,Leicestershire Police,Leicestershire Police,-1.183289,52.615215,On or near Lubbesthorpe Bridle Road,E01025653,Blaby 005D,Violence and sexual offences,Local resolution,
a30d5c16060a62a0e4fb9ce8d047fa09ccefb56f94a854273b2fa78d2dda5aa3,2023-12,Leicestershire Police,Leicestershire Police,-1.183289,52.615215,On or near Lubbesthorpe Bridle Road,E01025653,Blaby 005D,Violence and sexual offences,Unable to prosecute suspect,
2a2bcc1f908674e68f1c7a1aa9b6da83cf2de148ed8b66d809dd001ce0864dca,2023-12,Leicestershire Police,Leicestershire Police,-1.174519,52.615837,On or near Stratford Road,E01025653,Blaby 005D,Violence and sexual offences,Local resolution,
47e3edcd65f6d20f0399c270a1e2c11c38bc051f12b24f0ba78c34d355bda8c0,2023-12,Leicestershire Police,Leicestershire Police,-1.174519,52.615837,On or near Stratford Road,E01025653,Blaby 005D,Violence and sexual offences,Unable to prosecute suspect,
25f6c2d077855614792e0532d269990748aa20786dc71fbeeee80f595dec41b1,2023-12,Leicestershire Police,Leicestershire Police,-1.174519,52.615837,On or near Stratford Road,E01025653,Blaby 005D,Violence and sexual offences,Unable to prosecute suspect,
5b2ca4d2f58fbdd03b8681ba1a2f0ed366d727bff1cc1478236ffb648fd8820e,2023-12,Leicestershire Police,Leicestershire Police,-1.179217,52.612643,On or near Stonehurst Road,E01025654,Blaby 005E,Violence and sexual offences,Court result unavailable,
,2023-12,Leicestershire Police,Leicestershire Police,-1.179814,52.612314,On or near Midhurst Avenue,E01025654,Blaby 005E,Anti-social behaviour,,
8928f7fb3661999ee2ddd9438fa13f111c8a8285497b577c35dbed6c4ca7b7a9,2023-12,Leicestershire Police,Leicestershire Police,-1.179132,52.611644,On or near Fernhurst Road,E01025654,Blaby 005E,Criminal damage and arson,Action to be taken by another organisation,
cef0e97ddf65cacb05a4242bdfa26bcfa98e252ad42f645a2933dc83362896de,2023-12,Leicestershire Police,Leicestershire Police,-1.183045,52.610098,On or near Crowhurst Drive,E01025654,Blaby 005E,Criminal damage and arson,Investigation complete; no suspect identified,
075c354ee87727c5d023b1b54b090771e5eedf073ed60d026dad6bf1b2a14ee6,2023-12,Leicestershire Police,Leicestershire Police,-1.177452,52.612253,On or near Ravenhurst Road,E01025654,Blaby 005E,Criminal damage and arson,Investigation complete; no suspect identified,
e72612250b0146edce206eead247351d1854867843bde65afe9fbb7d64ee0594,2023-12,Leicestershire Police,Leicestershire Police,-1.179132,52.611644,On or near Fernhurst Road,E01025654,Blaby 005E,Other theft,Investigation complete; no suspect identified,
a18e0cf8d3ef6ff0147931c568033f2d19a80e0427c9ecb1ca59f683954fd8d9,2023-12,Leicestershire Police,Leicestershire Police,-1.179132,52.611644,On or near Fernhurst Road,E01025654,Blaby 005E,Vehicle crime,Investigation complete; no suspect identified,
8a7732cac6753bc528fe500bc29ee3009a8edac06de16644ba18caf7aaa4a7da,2023-12,Leicestershire Police,Leicestershire Police,-1.181477,52.609467,On or near Ashurst Road,E01025654,Blaby 005E,Vehicle crime,Investigation complete; no suspect identified,
bbf1ccd8a4ce395096bfb8d865171f89a7549d7ed48fd40bb47ae1889a2426dc,2023-12,Leicestershire Police,Leicestershire Police,-1.183683,52.610714,On or near Mossdale Road,E01025654,Blaby 005E,Violence and sexual offences,Investigation complete; no suspect identified,
887f02e94510d05d29aeda738e2d3a32255fbf58f420c1a2700c1f05030c5325,2023-12,Leicestershire Police,Leicestershire Police,-1.179369,52.613983,On or near Welcombe Avenue,E01025654,Blaby 005E,Violence and sexual offences,Unable to prosecute suspect,
bca470776c6c04e528d986e63c64ef3d3d612a3a4a3a7548c3042672364e537e,2023-12,Leicestershire Police,Leicestershire Police,-1.179217,52.612643,On or near Stonehurst Road,E01025654,Blaby 005E,Violence and sexual offences,Unable to prosecute suspect,
4ebd7ecc00fe2a96cb3718ff9eaf73d75497883f5b95d61451c147e9b60a2214,2023-12,Leicestershire Police,Leicestershire Police,-1.171787,52.613499,On or near Camden Road,E01025655,Blaby 005F,Violence and sexual offences,Unable to prosecute suspect,
8533ce68a525d0f44787d4b08fd5686c44bf8835e9c9553117f5450d89d97601,2023-12,Leicestershire Police,Leicestershire Police,-1.172922,52.615970,On or near Fairbourne Road,E01025655,Blaby 005F,Burglary,Investigation complete; no suspect identified,
046cdfff655db42c86db2d177e4e694603b9b164ca605e75044ac978038f0719,2023-12,Leicestershire Police,Leicestershire Police,-1.173037,52.612968,On or near Bramble Way,E01025655,Blaby 005F,Burglary,Investigation complete; no suspect identified,
d022c38b1095f8666f6c3e9375598a112f1b92bf80eb120e9beb8afc6b108db2,2023-12,Leicestershire Police,Leicestershire Police,-1.168712,52.612857,On or near Beechcroft Avenue,E01025655,Blaby 005F,Criminal damage and arson,Investigation complete; no suspect identified,
00efaa207b27a780ccf0740419870b4e1983ed717aab585b8975034d9dbf0b24,2023-12,Leicestershire Police,Leicestershire Police,-1.168712,52.612857,On or near Beechcroft Avenue,E01025655,Blaby 005F,Drugs,Investigation complete; no suspect identified,
22c06660f8dffd1b74088073f6fce603b34da7e8a8f5833ac4fd5079a555e0c1,2023-12,Leicestershire Police,Leicestershire Police,-1.168712,52.612857,On or near Beechcroft Avenue,E01025655,Blaby 005F,Drugs,Status update unavailable,
afa2327cdab708852e69971cc13bfc2ab98b16b91ff84f1b67a65f7787685dd3,2023-12,Leicestershire Police,Leicestershire Police,-1.170594,52.614102,On or near Ayston Road,E01025655,Blaby 005F,Public order,Unable to prosecute suspect,
710a9856f7156e889aafb060c75d3ba2793f0aa74a3a457aae2680d89df22c36,2023-12,Leicestershire Police,Leicestershire Police,-1.167733,52.609973,On or near Thomas Close,E01025655,Blaby 005F,Vehicle crime,Investigation complete; no suspect identified,
8fa700dd318aecf36f4a4765c1bad76e2e412c7a137c4864e8ef5520f9ee7473,2023-12,Leicestershire Police,Leicestershire Police,-1.178059,52.608985,On or near Edward Avenue,E01025656,Blaby 005G,Burglary,Investigation complete; no suspect identified,
fb6cd97375425319b10fe44ee79644b567118275db6e2f09deec8feb03eea490,2023-12,Leicestershire Police,Leicestershire Police,-1.171715,52.609453,On or near Una Avenue,E01025656,Blaby 005G,Vehicle crime,Investigation complete; no suspect identified,
0c3616e29bcf7de211ee86d125d22894b6712589141dab587cc709c9e6df7b8f,2023-12,Leicestershire Police,Leicestershire Police,-1.171715,52.609453,On or near Una Avenue,E01025656,Blaby 005G,Violence and sexual offences,Unable to prosecute suspect,
6085010c6da88b1e9081b4bb38be8a6dccecc2b777566de93ccaa1cf9189b987,2023-12,Leicestershire Police,Leicestershire Police,-1.173205,52.611091,On or near Biam Way,E01025656,Blaby 005G,Violence and sexual offences,Unable to prosecute suspect,
4658ad3b5572c3e6af53c630ba9183b9ef39dc6502b0227bde62f8b8bf8729b1,2023-12,Leicestershire Police,Leicestershire Police,-1.208559,52.585782,On or near Salt'S Close,E01025625,Blaby 006A,Burglary,Investigation complete; no suspect identified,
bfc78e7f70741e986bd9a42158db2b4281f281da658713a17a3aee1beb472503,2023-12,Leicestershire Police,Leicestershire Police,-1.213652,52.589062,On or near Sloane Close,E01025625,Blaby 006A,Criminal damage and arson,Court result unavailable,
,2023-12,Leicestershire Police,Leicestershire Police,-1.214807,52.588009,On or near Mitchell Road,E01025625,Blaby 006A,Anti-social behaviour,,
a4ab52e62b7109caebfd142f2c7540a502a656716a80e9a6afae85523cb96a47,2023-12,Leicestershire Police,Leicestershire Police,-1.212675,52.586727,On or near Jacob Close,E01025625,Blaby 006A,Burglary,Investigation complete; no suspect identified,
c67f2c1c75c3789208ffb24395f981997b582119deaaf10ee185323f81e5510d,2023-12,Leicestershire Police,Leicestershire Police,-1.212675,52.586727,On or near Jacob Close,E01025625,Blaby 006A,Burglary,Investigation complete; no suspect identified,
ec3641b6385df8c8deecd09800a0dee9ecba6ab5c7247eccf1dec318dda7eb58,2023-12,Leicestershire Police,Leicestershire Police,-1.213077,52.587359,On or near Bordeaux Close,E01025625,Blaby 006A,Burglary,Investigation complete; no suspect identified,
c869e8390b5e25a87464cbd828bf3aa89c686a4f3b0fe4d5eb76bb318f47055c,2023-12,Leicestershire Police,Leicestershire Police,-1.208559,52.585782,On or near Salt'S Close,E01025625,Blaby 006A,Burglary,Investigation complete; no suspect identified,
e2eea52a1c148abfc91aeff6e0c8567efb9259114cb7be0845b5822d7c610b4b,2023-12,Leicestershire Police,Leicestershire Police,-1.210884,52.586176,On or near Shortridge Lane,E01025625,Blaby 006A,Criminal damage and arson,Investigation complete; no suspect identified,
f3710179bf52d9e62f175065d8e70a9bf31cbbb51c009040f9e65af3798d2cdb,2023-12,Leicestershire Police,Leicestershire Police,-1.205852,52.586142,On or near Mill Lane,E01025625,Blaby 006A,Drugs,Local resolution,
e402679f93fd35567ff60d1c8746b068729276b2c09ffdd2a9b5a5351503a6b8,2023-12,Leicestershire Police,Leicestershire Police,-1.209768,52.585062,On or near Hayes Gardens,E01025625,Blaby 006A,Other theft,Investigation complete; no suspect identified,
7f919b091d6ab426fe8fd8dbc94a0afd5d5571d6ed9d28492e9971553c39c50f,2023-12,Leicestershire Police,Leicestershire Police,-1.205852,52.586142,On or near Mill Lane,E01025625,Blaby 006A,Public order,Formal action is not in the public interest,
c85db42e6096e388a6a2544fc01d7292c503011429718021bdf74ba46d8fa6f0,2023-12,Leicestershire Police,Leicestershire Police,-1.213075,52.585804,On or near Equity Road,E01025625,Blaby 006A,Vehicle crime,Investigation complete; no suspect identified,
4162e55bfb0f68b84e179af6cdc91def6b921da0802c4bb6489f707ee5c6b0cf,2023-12,Leicestershire Police,Leicestershire Police,-1.211120,52.584541,On or near West Street,E01025625,Blaby 006A,Vehicle crime,Investigation complete; no suspect identified,
470e99cde67b7c2f73b3d014d67f621944cfbb5936331270dcf6dc943782175b,2023-12,Leicestershire Police,Leicestershire Police,-1.213077,52.587359,On or near Bordeaux Close,E01025625,Blaby 006A,Other crime,Status update unavailable,
9fb951b8eb3c059e1802a4a62239b14924c770dcf2d85b21b253b6fd14a1f79f,2023-12,Leicestershire Police,Leicestershire Police,-1.220952,52.615244,On or near Nith Drive,E01025626,Blaby 006B,Violence and sexual offences,Unable to prosecute suspect,
a3db46711a2c35b6abd9112af73e4215c81e7fae9569919a9d99ce25d6bf3046,2023-12,Leicestershire Police,Leicestershire Police,-1.220589,52.614028,On or near Tay Road,E01025626,Blaby 006B,Violence and sexual offences,Court result unavailable,
,2023-12,Leicestershire Police,Leicestershire Police,-1.222918,52.610951,On or near Isla Drive,E01025626,Blaby 006B,Anti-social behaviour,,
,2023-12,Leicestershire Police,Leicestershire Police,-1.222918,52.610951,On or near Isla Drive,E01025626,Blaby 006B,Anti-social behaviour,,
19c34738cbc8c4b4f7c69a56b4ca7d3857813a5c58e5e6d7e620a7b4154083cd,2023-12,Leicestershire Police,Leicestershire Police,-1.219075,52.614476,On or near Annan Way,E01025626,Blaby 006B,Burglary,Investigation complete; no suspect identified,
21bb6373d1db33f7c895ff8e0fd37c63ccb404f995edafda8ea49bc990056622,2023-12,Leicestershire Police,Leicestershire Police,-1.217511,52.614385,On or near Inver Road,E01025626,Blaby 006B,Burglary,Investigation complete; no suspect identified,
c0b473bfa54184046f6b1d50dbb3be7263803ab993f70a1d15aeee85a5ea9726,2023-12,Leicestershire Police,Leicestershire Police,-1.226859,52.612783,On or near Almond Road,E01025626,Blaby 006B,Burglary,Investigation complete; no suspect identified,
5b173d945e9b433cebad091537083b5775638d91d13daf2a0cacd8c9cc8f6eea,2023-12,Leicestershire Police,Leicestershire Police,-1.222479,52.597418,On or near Desford Road,E01025626,Blaby 006B,Criminal damage and arson,Investigation complete; no suspect identified,
cd2b9d7ae2be72cff8700b3487d1c5e39cf30a67828e52b4275780d71d4457d5,2023-12,Leicestershire Police,Leicestershire Police,-1.220589,52.614028,On or near Tay Road,E01025626,Blaby 006B,Criminal damage and arson,Investigation complete; no suspect identified,
20240370d74f26722f3f91f5965b312c67ad68c4d6511c7b8d352b4b0770e71f,2023-12,Leicestershire Police,Leicestershire Police,-1.209953,52.588731,On or near Cross Street,E01025626,Blaby 006B,Criminal damage and arson,Investigation complete; no suspect identified,
21bcaffc6707daadecbf353e05eecb98093c4530d0c86864c239808ffeec226a,2023-12,Leicestershire Police,Leicestershire Police,-1.222479,52.597418,On or near Desford Road,E01025626,Blaby 006B,Other theft,Unable to prosecute suspect,
c7db60d55ec09e7ae43efa46e88b177358aa7918e7cdda1e72009d87f6087916,2023-12,Leicestershire Police,Leicestershire Police,-1.222918,52.610951,On or near Isla Drive,E01025626,Blaby 006B,Other theft,Investigation complete; no suspect identified,
0bb2f87760f61670391324bb6fbe48738afdf3f63fe1f3f87a2ac692158b9965,2023-12,Leicestershire Police,Leicestershire Police,-1.218092,52.615746,On or near Hope Drive,E01025626,Blaby 006B,Other theft,Status update unavailable,
b6edfb5623efc23eb0660a995410e0a8ca3201cca50906b8b0fcf5484badd6ce,2023-12,Leicestershire Police,Leicestershire Police,-1.209110,52.586334,On or near John Street,E01025626,Blaby 006B,Other theft,Unable to prosecute suspect,
a1947613520c37559195ef2a4b9fed8fa60fb0fa375a2cbd943deaa83d9e69cc,2023-12,Leicestershire Police,Leicestershire Police,-1.225400,52.607551,On or near Beggar'S Lane,E01025626,Blaby 006B,Public order,Unable to prosecute suspect,
098a943eb8e8872ba3cbd2627f3fad214b6e665710390ae8f645e4154f1fc47a,2023-12,Leicestershire Police,Leicestershire Police,-1.222753,52.609430,On or near Naver Road,E01025626,Blaby 006B,Public order,Unable to prosecute suspect,
1586f9f24858381bff0ba95ae70dc1fe99f4700c1d79db38f448eb3ebe36e1c8,2023-12,Leicestershire Police,Leicestershire Police,-1.209953,52.588731,On or near Cross Street,E01025626,Blaby 006B,Shoplifting,Investigation complete; no suspect identified,
53e467bc5556df87d5138db0745d81eaada43115f0e33e7d8c1d7435600e6279,2023-12,Leicestershire Police,Leicestershire Police,-1.209953,52.588731,On or near Cross Street,E01025626,Blaby 006B,Shoplifting,Investigation complete; no suspect identified,
1ea3d9a23bafe5b57bb0ac875a6e597a0236b7e0cb86bf8412d9335280d38e39,2023-12,Leicestershire Police,Leicestershire Police,-1.209953,52.588731,On or near Cross Street,E01025626,Blaby 006B,Shoplifting,Court result unavailable,
dbec34d12b3e09b78ad48db318721eae8758cff5d8aec4c9523d4b22c7a0e5fe,2023-12,Leicestershire Police,Leicestershire Police,-1.209953,52.588731,On or near Cross Street,E01025626,Blaby 006B,Shoplifting,Investigation complete; no suspect identified,
9eb34125c15baef6a4baaabab077eba82cbc37fc89abcd2cedfae6467cd3c9fc,2023-12,Leicestershire Police,Leicestershire Police,-1.209953,52.588731,On or near Cross Street,E01025626,Blaby 006B,Shoplifting,Investigation complete; no suspect identified,
73620dd947c4daee33c2ee67c3e4c1b877fe03a4c0a2df7ac945ee4c496e1f3e,2023-12,Leicestershire Police,Leicestershire Police,-1.222479,52.597418,On or near Desford Road,E01025626,Blaby 006B,Theft from the person,Investigation complete; no suspect identified,
64d027f842e318eb253ad95316e8df2c401541dc40e0e9c3e22ed5f0b6c7a03f,2023-12,Leicestershire Police,Leicestershire Police,-1.226859,52.612783,On or near Almond Road,E01025626,Blaby 006B,Vehicle crime,Investigation complete; no suspect identified,
e2571b4039f1c3583099385766edb626fd63b81b3a96283ad7629e8b3c05295b,2023-12,Leicestershire Police,Leicestershire Police,-1.209110,52.586334,On or near John Street,E01025626,Blaby 006B,Violence and sexual offences,Unable to prosecute suspect,
201ba8517f9428e36a3b2cd8f44309eeccf29c724b929d910ca11e8bc7231c7a,2023-12,Leicestershire Police,Leicestershire Police,-1.222753,52.609430,On or near Naver Road,E01025626,Blaby 006B,Violence and sexual offences,Unable to prosecute suspect,
0373ed5850d382807b9283aea281c17807b6f5b338a70813c044afa5fa211971,2023-12,Leicestershire Police,Leicestershire Police,-1.209983,52.591168,On or near Hall Walk,E01025626,Blaby 006B,Violence and sexual offences,Investigation complete; no suspect identified,
dc8636e6b2db9332a9d6f55b3628583f46140d8f53b48eb556ed30f4592df518,2023-12,Leicestershire Police,Leicestershire Police,-1.222918,52.610951,On or near Isla Drive,E01025626,Blaby 006B,Violence and sexual offences,Unable to prosecute suspect,
e0795fa2727907d10a43019ea15b63ba6fdee3a687ed17066baf70120fa5ade0,2023-12,Leicestershire Police,Leicestershire Police,-1.220589,52.614028,On or near Tay Road,E01025626,Blaby 006B,Violence and sexual offences,Unable to prosecute suspect,
1f7cbfe88e21f500dae3c9d6197f6cbc7beb6a789dea05bfe1ab28cd5be82aaa,2023-12,Leicestershire Police,Leicestershire Police,-1.221880,52.612859,On or near Beauly Place,E01025626,Blaby 006B,Violence and sexual offences,Investigation complete; no suspect identified,
98841eeae34d9dd1ab92a993899491b233860e29274a82ee5bd0a7d9af074915,2023-12,Leicestershire Police,Leicestershire Police,-1.222918,52.610951,On or near Isla Drive,E01025626,Blaby 006B,Violence and sexual offences,Action to be taken by another organisation,
5cb0780a8502deba5bc4e4f28972fa8223f24415a32ccc5bfd4cbefa3f4f7771,2023-12,Leicestershire Police,Leicestershire Police,-1.222918,52.610951,On or near Isla Drive,E01025626,Blaby 006B,Violence and sexual offences,Action to be taken by another organisation,
1d7f002fb3c1432baa95e12c7e48c589b3112ac115bac2215acebb5be3dccbe2,2023-12,Leicestershire Police,Leicestershire Police,-1.222410,52.612979,On or near Teviot Drive,E01025626,Blaby 006B,Other crime,Investigation complete; no suspect identified,
6ec74bedfef2aae18522feef841b97defe7896a86980ad189aee9c1e3f8d6930,2023-12,Leicestershire Police,Leicestershire Police,-1.211060,52.590393,On or near Moores Lane,E01025626,Blaby 006B,Other crime,Investigation complete; no suspect identified,
a4d7af564f2438a7b4ca7d3a7dd2714bcafe984aef17c3a01d44f8402b953774,2023-12,Leicestershire Police,Leicestershire Police,-1.194770,52.583577,On or near Queens Drive,E01025627,Blaby 006C,Criminal damage and arson,Unable to prosecute suspect,
34b67690e7bd1594d23c22f411a2d905b06f0ba7aa2ba90d6408be55c0927dfb,2023-12,Leicestershire Police,Leicestershire Police,-1.177979,52.596731,On or near Shopping Area,E01025627,Blaby 006C,Other theft,Unable to prosecute suspect,
798256b9362d176a09650acf7a7e28ecc657fa1359b36d209b3bdb50c660b2dd,2023-12,Leicestershire Police,Leicestershire Police,-1.180497,52.598645,On or near Shopping Area,E01025627,Blaby 006C,Shoplifting,Investigation complete; no suspect identified,
76728d02f7e11156315eee86640a9c426f489489173fb77fe7db4fb4d9b59502,2023-12,Leicestershire Police,Leicestershire Police,-1.196264,52.582589,On or near Packhorse Drive,E01025627,Blaby 006C,Vehicle crime,Investigation complete; no suspect identified,
16b11452f0468e54295874a9696045264ab11b75843e25bac88b4580a57adfe6,2023-12,Leicestershire Police,Leicestershire Police,-1.180497,52.598645,On or near Shopping Area,E01025627,Blaby 006C,Violence and sexual offences,Investigation complete; no suspect identified,
529a52649222d9c7e046150b247b2ac39428261ae45b13ae5db4a4a014fae3a8,2023-12,Leicestershire Police,Leicestershire Police,-1.184994,52.589443,On or near Hill View,E01025627,Blaby 006C,Violence and sexual offences,Unable to prosecute suspect,
,2023-12,Leicestershire Police,Leicestershire Police,-1.177979,52.596731,On or near Shopping Area,E01025627,Blaby 006C,Anti-social behaviour,,
,2023-12,Leicestershire Police,Leicestershire Police,-1.184994,52.589443,On or near Hill View,E01025627,Blaby 006C,Anti-social behaviour,,
,2023-12,Leicestershire Police,Leicestershire Police,-1.181284,52.593652,On or near Parking Area,E01025627,Blaby 006C,Anti-social behaviour,,
,2023-12,Leicestershire Police,Leicestershire Police,-1.184994,52.589443,On or near Hill View,E01025627,Blaby 006C,Anti-social behaviour,,
823d0b0b8575468507a87a91b586a6635fc730e7f12c3bbe842f6eade201af33,2023-12,Leicestershire Police,Leicestershire Police,-1.180497,52.598645,On or near Shopping Area,E01025627,Blaby 006C,Bicycle theft,Investigation complete; no suspect identified,
9495f5c3d7aeacaf554214f3093dc8c41eddba2d62de1845bdbef5423de8c146,2023-12,Leicestershire Police,Leicestershire Police,-1.180497,52.598645,On or near Shopping Area,E01025627,Blaby 006C,Bicycle theft,Investigation complete; no suspect identified,
46788e90b84d27b8db21b7ec71792b7e99612695adc4553f33bf7b51d3a9dcd4,2023-12,Leicestershire Police,Leicestershire Police,-1.184994,52.589443,On or near Hill View,E01025627,Blaby 006C,Criminal damage and arson,Investigation complete; no suspect identified,
b12046addd221768008cdaf2222ba33b0b8c52e8970cae90628be20da020ab35,2023-12,Leicestershire Police,Leicestershire Police,-1.191297,52.582223,On or near Lime Tree Road,E01025627,Blaby 006C,Criminal damage and arson,Investigation complete; no suspect identified,
39378bfcec10d437e52b347b3cbb241a6b1717b3c8c48c87188449bf3d7eed53,2023-12,Leicestershire Police,Leicestershire Police,-1.179816,52.596375,On or near Everard Way,E01025627,Blaby 006C,Criminal damage and arson,Investigation complete; no suspect identified,
afc53e40581b6ed69fc764b72d39d5acdd62932a40b4925a6ee1f75f2efc8c72,2023-12,Leicestershire Police,Leicestershire Police,-1.177904,52.599931,On or near Supermarket,E01025627,Blaby 006C,Criminal damage and arson,Investigation complete; no suspect identified,
63e4ed6591474e1d1f619b796b29bb6e084c5493726dbdfc66eeba92fd16f2f2,2023-12,Leicestershire Police,Leicestershire Police,-1.191297,52.582223,On or near Lime Tree Road,E01025627,Blaby 006C,Criminal damage and arson,Investigation complete; no suspect identified,
027a3da8966ad19d1942bf33ac060ca1a948b14eb7844ef656cf9e77e1f6147f,2023-12,Leicestershire Police,Leicestershire Police,-1.178243,52.595249,On or near Parking Area,E01025627,Blaby 006C,Criminal damage and arson,Investigation complete; no suspect identified,
6e7418c63369f8cda7bf074f4c717e4b3a780795f34640644e01f7f49163a6b3,2023-12,Leicestershire Police,Leicestershire Police,-1.184994,52.589443,On or near Hill View,E01025627,Blaby 006C,Criminal damage and arson,Investigation complete; no suspect identified,
63d72ab28b8aeefa8e2c6bfba58ec876a284ecbd3c246b8162abd11ac1b59ada,2023-12,Leicestershire Police,Leicestershire Police,-1.184994,52.589443,On or near Hill View,E01025627,Blaby 006C,Drugs,Court result unavailable,
53758d7b594adccdb1a072c0b2134af4f3d1ce5fa5e0e2fbb3abd2ddb36ab96b,2023-12,Leicestershire Police,Leicestershire Police,-1.178015,52.598736,On or near Petrol Station,E01025627,Blaby 006C,Other theft,Investigation complete; no suspect identified,
656fa3c82be762f4c4dc08bf15754648f5c3e7805c82b491b312b656a8c1a0a8,2023-12,Leicestershire Police,Leicestershire Police,-1.177904,52.599931,On or near Supermarket,E01025627,Blaby 006C,Other theft,Investigation complete; no suspect identified,
eb92dd2c73a52e61f80e3bf9876984a0034f170eb4aa06d02598f9a8b5d197f9,2023-12,Leicestershire Police,Leicestershire Police,-1.184994,52.589443,On or near Hill View,E01025627,Blaby 006C,Other theft,Investigation complete; no suspect identified,
b982197e6632c70d2e2691fcfcafc8087f2691439b9de0091d99b6449bfb8272,2023-12,Leicestershire Police,Leicestershire Police,-1.191297,52.582223,On or near Lime Tree Road,E01025627,Blaby 006C,Other theft,Investigation complete; no suspect identified,
8d5458ef5839f471140816dc7a7b7b6564449c6dcf8cd29f2678334d0baccba4,2023-12,Leicestershire Police,Leicestershire Police,-1.180497,52.598645,On or near Shopping Area,E01025627,Blaby 006C,Other theft,Investigation complete; no suspect identified,
252d24ff99802d47445590782e5075a11b10d0b89c9154f4ee2903ea066d291a,2023-12,Leicestershire Police,Leicestershire Police,-1.180497,52.598645,On or near Shopping Area,E01025627,Blaby 006C,Other theft,Investigation complete; no suspect identified,
fb3be4c0a158fdf5cdf3d9dbd08da7aa5f59a740164ee8cac2284f155da0312b,2023-12,Leicestershire Police,Leicestershire Police,-1.180497,52.598645,On or near Shopping Area,E01025627,Blaby 006C,Other theft,Investigation complete; no suspect identified,
cd6eb88609cbda14e09d80a93228a9690a194b92d953141a20f9f7437e751d82,2023-12,Leicestershire Police,Leicestershire Police,-1.180497,52.598645,On or near Shopping Area,E01025627,Blaby 006C,Other theft,Investigation complete; no suspect identified,
c8be0fb7e5a8027846eab517ef229229f6a8867e39e01c1d83b7d07b01225501,2023-12,Leicestershire Police,Leicestershire Police,-1.177979,52.596731,On or near Shopping Area,E01025627,Blaby 006C,Other theft,Investigation complete; no suspect identified,
e616ba1f72d3fa30dd4ad225298314c531c5ead1868086f4b4fedc2f1255173e,2023-12,Leicestershire Police,Leicestershire Police,-1.177904,52.599931,On or near Supermarket,E01025627,Blaby 006C,Other theft,Investigation complete; no suspect identified,
dcaf99c0b077e8032dfc1829b3871adb1a5f22800f63f0bb1036c7a9751e1533,2023-12,Leicestershire Police,Leicestershire Police,-1.177904,52.599931,On or near Supermarket,E01025627,Blaby 006C,Other theft,Investigation complete; no suspect identified,
3e3ec6f8d266f2ae0b7ad9d207870e39f58c9224a964c7320bd09e38e38cd3f5,2023-12,Leicestershire Police,Leicestershire Police,-1.179748,52.595260,On or near Grove Way,E01025627,Blaby 006C,Other theft,Investigation complete; no suspect identified,
817885e13296caa09e2afd7bf2808611df074cec6b699134a08aca3de0cd073f,2023-12,Leicestershire Police,Leicestershire Police,-1.179816,52.596375,On or near Everard Way,E01025627,Blaby 006C,Other theft,Investigation complete; no suspect identified,
dd5d2d345bbf8d8984f49054f13bd7f98e8078e1ea6440f1bfede6b678da20b4,2023-12,Leicestershire Police,Leicestershire Police,-1.180497,52.598645,On or near Shopping Area,E01025627,Blaby 006C,Other theft,Investigation complete; no suspect identified,
7374cdff2846236241ad31b8f2e4b9e40226d7bec8153ecbe7875fcf66158dbf,2023-12,Leicestershire Police,Leicestershire Police,-1.184994,52.589443,On or near Hill View,E01025627,Blaby 006C,Public order,Investigation complete; no suspect identified,
e1fd2cd753aed732f1c65f0d3575d6737debaba53eff0954f0b16283c62b7702,2023-12,Leicestershire Police,Leicestershire Police,-1.177904,52.599931,On or near Supermarket,E01025627,Blaby 006C,Public order,Investigation complete; no suspect identified,
3863c486385f8037f6a4fe27668e0ae24085c1df4adaf31765bb3919df8624d1,2023-12,Leicestershire Police,Leicestershire Police,-1.177904,52.599931,On or near Supermarket,E01025627,Blaby 006C,Public order,Investigation complete; no suspect identified,
11e5a531f00b24b4825f5d83f808f306f51004bfe2f7485b229dbd23e2cc695d,2023-12,Leicestershire Police,Leicestershire Police,-1.177904,52.599931,On or near Supermarket,E01025627,Blaby 006C,Public order,Investigation complete; no suspect identified,
d782a0f289fdf8e3b158d44dc1f756e8186bfb68bc0a6a86170f9ea5e1d8a525,2023-12,Leicestershire Police,Leicestershire Police,-1.180497,52.598645,On or near Shopping Area,E01025627,Blaby 006C,Public order,Unable to prosecute suspect,
955c857584f7fa0e7dab4897a9f928cf27aa13c929b8a0edde6c739a5861b7a5,2023-12,Leicestershire Police,Leicestershire Police,-1.177979,52.596731,On or near Shopping Area,E01025627,Blaby 006C,Public order,Investigation complete; no suspect identified,
69823af8783d615fe856764e92fd52617ecafb0df41d1e428a64619d7b80251b,2023-12,Leicestershire Police,Leicestershire Police,-1.179816,52.596375,On or near Everard Way,E01025627,Blaby 006C,Public order,Investigation complete; no suspect identified,
73e58ab978cf8ce01e46f27c6b206a8f82573cfba37fb52346cb41cf74de1d1f,2023-12,Leicestershire Police,Leicestershire Police,-1.180497,52.598645,On or near Shopping Area,E01025627,Blaby 006C,Public order,Unable to prosecute suspect,
8c587204098a793dde1c0d2338dfba7aa2efc944cf5259725abf3beb2acc67c3,2023-12,Leicestershire Police,Leicestershire Police,-1.177904,52.599931,On or near Supermarket,E01025627,Blaby 006C,Shoplifting,Court result unavailable,
8d46d39c85bd865894fee213d60473e0f578ed24469098724ab3ca91ced7668a,2023-12,Leicestershire Police,Leicestershire Police,-1.179816,52.596375,On or near Everard Way,E01025627,Blaby 006C,Shoplifting,Investigation complete; no suspect identified,
7f6492dd0689dae208edfe05e591f10823b1201d9f132c82dd4ff9ae7d13df3a,2023-12,Leicestershire Police,Leicestershire Police,-1.179816,52.596375,On or near Everard Way,E01025627,Blaby 006C,Shoplifting,Investigation complete; no suspect identified,
24dfa70940b64d92fe839f983fb9067ff75a8441291796383171c4ee04e7a230,2023-12,Leicestershire Police,Leicestershire Police,-1.177904,52.599931,On or near Supermarket,E01025627,Blaby 006C,Shoplifting,Court result unavailable,
5933242c479787efe06df171c01e19620f48d73c3e503b33effe6228b51ded75,2023-12,Leicestershire Police,Leicestershire Police,-1.177979,52.596731,On or near Shopping Area,E01025627,Blaby 006C,Shoplifting,Unable to prosecute suspect,
0d96d55cdc6bc52c2fccbfa2df5bbb2cfb775c89fc331fedef6cee574f4a1efd,2023-12,Leicestershire Police,Leicestershire Police,-1.179816,52.596375,On or near Everard Way,E01025627,Blaby 006C,Shoplifting,Investigation complete; no suspect identified,
f3e287a2ea13e0b76f69ba365ed5e90e6f759b710a0f0d241165a6f797ff0afd,2023-12,Leicestershire Police,Leicestershire Police,-1.177979,52.596731,On or near Shopping Area,E01025627,Blaby 006C,Shoplifting,Investigation complete; no suspect identified,
01559344b08ac9e1402a75c56998cd30873e9ac19cf789e0a06fabed52e366d2,2023-12,Leicestershire Police,Leicestershire Police,-1.177979,52.596731,On or near Shopping Area,E01025627,Blaby 006C,Shoplifting,Investigation complete; no suspect identified,
7536bf42bba45b9748b95040acdc8e02ca06abe10d40930ecf92e047bbc87570,2023-12,Leicestershire Police,Leicestershire Police,-1.177904,52.599931,On or near Supermarket,E01025627,Blaby 006C,Shoplifting,Investigation complete; no suspect identified,
fb4b97f5a7f76fdddf66c569cfdd6dd071f5888b95833892385e82daab3e43af,2023-12,Leicestershire Police,Leicestershire Police,-1.177904,52.599931,On or near Supermarket,E01025627,Blaby 006C,Shoplifting,Investigation complete; no suspect identified,
3a03a9bd5c3d7c838599706271f5043ed1f6daf3ed42296fcb281c53505a2fbe,2023-12,Leicestershire Police,Leicestershire Police,-1.177979,52.596731,On or near Shopping Area,E01025627,Blaby 006C,Shoplifting,Unable to prosecute suspect,
8facf56a0472abcbf2bd18a346af013e2be49942bf8c92f7158ee96401309b2b,2023-12,Leicestershire Police,Leicestershire Police,-1.178071,52.595411,On or near Shopping Area,E01025627,Blaby 006C,Shoplifting,Investigation complete; no suspect identified,
11e77bb8baae333ca3f442aea98caafc8f75c34cc4e33df9f4622ce2322023ab,2023-12,Leicestershire Police,Leicestershire Police,-1.177979,52.596731,On or near Shopping Area,E01025627,Blaby 006C,Shoplifting,Investigation complete; no suspect identified,
f38dd8405d77b715007984805e8a5536a978a9c6ca9ea92ebc52aaf4e03c1bc6,2023-12,Leicestershire Police,Leicestershire Police,-1.178071,52.595411,On or near Shopping Area,E01025627,Blaby 006C,Shoplifting,Investigation complete; no suspect identified,
98a76faf973b1c214dad72adc21643bea364fd9af0866febbc363367a5b6192e,2023-12,Leicestershire Police,Leicestershire Police,-1.179816,52.596375,On or near Everard Way,E01025627,Blaby 006C,Shoplifting,Investigation complete; no suspect identified,
4aee68efa21cba83f4cab7da95b162cbe3683cafdb658ae8e86fd781f6543690,2023-12,Leicestershire Police,Leicestershire Police,-1.179816,52.596375,On or near Everard Way,E01025627,Blaby 006C,Shoplifting,Investigation complete; no suspect identified,
8098734f8f6bac79eb220a22903443ea631b88331b458699d7c6d0a5fb6e0309,2023-12,Leicestershire Police,Leicestershire Police,-1.177904,52.599931,On or near Supermarket,E01025627,Blaby 006C,Shoplifting,Investigation complete; no suspect identified,
a7d83784de10ddc0b5b080c056f5214e68b2bfd855a1bc840be4d7579273bbd9,2023-12,Leicestershire Police,Leicestershire Police,-1.179748,52.595260,On or near Grove Way,E01025627,Blaby 006C,Shoplifting,Unable to prosecute suspect,
273d05e8e714e60ffa6848d1bbd39ee0f515b03f3b93a4209029aa557cae2cb5,2023-12,Leicestershire Police,Leicestershire Police,-1.178071,52.595411,On or near Shopping Area,E01025627,Blaby 006C,Shoplifting,Investigation complete; no suspect identified,
a416d1b6f2e04a0954813364b0ede17cf08416810d8ce241f21aa14ec8366d1e,2023-12,Leicestershire Police,Leicestershire Police,-1.179816,52.596375,On or near Everard Way,E01025627,Blaby 006C,Shoplifting,Investigation complete; no suspect identified,
78c1012829108cb51f62754c7c278c61d824ea7118ba0b9aa98dc27ee0d6dbc6,2023-12,Leicestershire Police,Leicestershire Police,-1.179816,52.596375,On or near Everard Way,E01025627,Blaby 006C,Shoplifting,Investigation complete; no suspect identified,
1d4005d22fbc14701f5f851c5400fd6678109d3101d1039877ed0f891a832c9d,2023-12,Leicestershire Police,Leicestershire Police,-1.178071,52.595411,On or near Shopping Area,E01025627,Blaby 006C,Shoplifting,Investigation complete; no suspect identified,
b0ac497cc1ae540c457341798728a0efd73d2260ab1f2a5898464e65589db5fb,2023-12,Leicestershire Police,Leicestershire Police,-1.177904,52.599931,On or near Supermarket,E01025627,Blaby 006C,Shoplifting,Investigation complete; no suspect identified,
cbf0ba136808a5e492b40fc06df01df7dfcb105719ff7a59c4c852bc463efa97,2023-12,Leicestershire Police,Leicestershire Police,-1.177979,52.596731,On or near Shopping Area,E01025627,Blaby 006C,Shoplifting,Investigation complete; no suspect identified,
381b94154fb1da2ba3dae95f5b2baaf5a6875672a3d3c77b2562e7aa649e5827,2023-12,Leicestershire Police,Leicestershire Police,-1.177979,52.596731,On or near Shopping Area,E01025627,Blaby 006C,Shoplifting,Unable to prosecute suspect,
fa47ff424acf7f3e835387bbbec8ecce0ad557bc74d336938d6c9b0daadcfd65,2023-12,Leicestershire Police,Leicestershire Police,-1.177904,52.599931,On or near Supermarket,E01025627,Blaby 006C,Shoplifting,Investigation complete; no suspect identified,
c735c7bba9870592f9f483bf6185dbddffe09db573f1110ce09a32d696cdc233,2023-12,Leicestershire Police,Leicestershire Police,-1.179816,52.596375,On or near Everard Way,E01025627,Blaby 006C,Shoplifting,Investigation complete; no suspect identified,
3dd3621beebc0d08534b8d690d5d7b4bcab0eb407ed73e8204f9583cb4b16a8e,2023-12,Leicestershire Police,Leicestershire Police,-1.178071,52.595411,On or near Shopping Area,E01025627,Blaby 006C,Shoplifting,Investigation complete; no suspect identified,
95b6e0e78f76f83b7fac24962a6d248df54dc635184d741bf30d3859e160bb3b,2023-12,Leicestershire Police,Leicestershire Police,-1.179816,52.596375,On or near Everard Way,E01025627,Blaby 006C,Shoplifting,Investigation complete; no suspect identified,
149d9014ccf0f584e120aedf625f47624ea5e78b0920af970a00fee2d936afce,2023-12,Leicestershire Police,Leicestershire Police,-1.177904,52.599931,On or near Supermarket,E01025627,Blaby 006C,Shoplifting,Local resolution,
0aed62206c84545da84e9df32d0aaa82ef626650cb144cef2beae89903146942,2023-12,Leicestershire Police,Leicestershire Police,-1.179816,52.596375,On or near Everard Way,E01025627,Blaby 006C,Shoplifting,Investigation complete; no suspect identified,
8d5b6eaf57f2ce6ad09679fe796761b4e06a1d33785e84665308118592fd9234,2023-12,Leicestershire Police,Leicestershire Police,-1.179816,52.596375,On or near Everard Way,E01025627,Blaby 006C,Shoplifting,Investigation complete; no suspect identified,
f18ba4c7c78bb6337059e59106a7fa104d6a2a3f6ded643918db82b9f3ee9347,2023-12,Leicestershire Police,Leicestershire Police,-1.179816,52.596375,On or near Everard Way,E01025627,Blaby 006C,Shoplifting,Investigation complete; no suspect identified,
c20c5eb1221de723cb9a6529d956daf80f909242e79f08e9f26d9dcffc9f2b4d,2023-12,Leicestershire Police,Leicestershire Police,-1.180497,52.598645,On or near Shopping Area,E01025627,Blaby 006C,Theft from the person,Investigation complete; no suspect identified,
7f4efc79e8d125fd38f048a1c3cd2760c3a14f3c260c02abaed16954f562b4bd,2023-12,Leicestershire Police,Leicestershire Police,-1.179816,52.596375,On or near Everard Way,E01025627,Blaby 006C,Theft from the person,Investigation complete; no suspect identified,
107db8b6230b734a2712291d8bd8184595dd7ba9750ac050f896fb1e55fa65c1,2023-12,Leicestershire Police,Leicestershire Police,-1.179816,52.596375,On or near Everard Way,E01025627,Blaby 006C,Vehicle crime,Investigation complete; no suspect identified,
1a226c90394337025f5f6f98306a69f242fe5dc2364c0085ec53e79662af7fa9,2023-12,Leicestershire Police,Leicestershire Police,-1.178545,52.598029,On or near Parking Area,E01025627,Blaby 006C,Vehicle crime,Investigation complete; no suspect identified,
4e27cbd3f118d573ffa5945b607accaaa74545605ce6b12ed5ee8b5be22309e5,2023-12,Leicestershire Police,Leicestershire Police,-1.177904,52.599931,On or near Supermarket,E01025627,Blaby 006C,Violence and sexual offences,Investigation complete; no suspect identified,
a119d4047ce5315e036a36d4f742424df756dec2f60e9d5ecc8045e1f12c275d,2023-12,Leicestershire Police,Leicestershire Police,-1.191297,52.582223,On or near Lime Tree Road,E01025627,Blaby 006C,Violence and sexual offences,Unable to prosecute suspect,
92ef8939cb3e03529cc7ea24a31800b5821e7b6c165920bcf55a3a66dd52a4ac,2023-12,Leicestershire Police,Leicestershire Police,-1.184994,52.589443,On or near Hill View,E01025627,Blaby 006C,Violence and sexual offences,Investigation complete; no suspect identified,
bbe2f3d551e06af21b094751aaec2a3e37543186373eae8fc60adc84652b30ea,2023-12,Leicestershire Police,Leicestershire Police,-1.188892,52.582952,On or near Parking Area,E01025627,Blaby 006C,Violence and sexual offences,Investigation complete; no suspect identified,
4e00a87b58f1ef0404ccab380c62d3dedfa1dc07619951f0fa4c531fb7c6f637,2023-12,Leicestershire Police,Leicestershire Police,-1.184994,52.589443,On or near Hill View,E01025627,Blaby 006C,Violence and sexual offences,Unable to prosecute suspect,
dc661785e9239df60ce3e639a6595a2da6c7a9e166bf1b6469beb26a6495984c,2023-12,Leicestershire Police,Leicestershire Police,-1.194770,52.583577,On or near Queens Drive,E01025627,Blaby 006C,Violence and sexual offences,Unable to prosecute suspect,
4a9ae6c942bc66438ea9b17b170f97f4d986cc08ab256a58e2231ed7f2d9ec9a,2023-12,Leicestershire Police,Leicestershire Police,-1.194770,52.583577,On or near Queens Drive,E01025627,Blaby 006C,Violence and sexual offences,Unable to prosecute suspect,
d022addd04f65b2b1191b0e7f144c11c6004c8959d9ace49b1fd841cee29bb10,2023-12,Leicestershire Police,Leicestershire Police,-1.184994,52.589443,On or near Hill View,E01025627,Blaby 006C,Violence and sexual offences,Investigation complete; no suspect identified,
b88fb2f8f08468415093c7aa60ea80bc85a9323d5f94ff8ad0a345d23d8dd5c3,2023-12,Leicestershire Police,Leicestershire Police,-1.184994,52.589443,On or near Hill View,E01025627,Blaby 006C,Violence and sexual offences,Unable to prosecute suspect,
f7a2aea6534854fc2f6c980f40451fc5c918a6dcb3700d25e5df65ed1503af2b,2023-12,Leicestershire Police,Leicestershire Police,-1.177904,52.599931,On or near Supermarket,E01025627,Blaby 006C,Violence and sexual offences,Investigation complete; no suspect identified,
de33334ba69dd2e783af76124f0ee1453d13d5d27d41459d412c0c9fd70761b4,2023-12,Leicestershire Police,Leicestershire Police,-1.206411,52.587845,On or near Bantlam Lane,E01025627,Blaby 006C,Violence and sexual offences,Unable to prosecute suspect,
8c6735802834e5986a6db2580e95339559245dc00a77b8c53acefa93222c840f,2023-12,Leicestershire Police,Leicestershire Police,-1.184994,52.589443,On or near Hill View,E01025627,Blaby 006C,Violence and sexual offences,Unable to prosecute suspect,
191db4e87befcf8e045ec06a1b9cb80d900e26e14db171d44297dc79815f6ecc,2023-12,Leicestershire Police,Leicestershire Police,-1.184994,52.589443,On or near Hill View,E01025627,Blaby 006C,Violence and sexual offences,Investigation complete; no suspect identified,
a88b977e68d6d3dc39da42e9122f683f1f17869be50c474c13c515f6f4c169eb,2023-12,Leicestershire Police,Leicestershire Police,-1.184994,52.589443,On or near Hill View,E01025627,Blaby 006C,Violence and sexual offences,Investigation complete; no suspect identified,
8cfdf32d16db343929868ef41cb8332aeea3ffe1c2cd097cedf2ffc4fda0af16,2023-12,Leicestershire Police,Leicestershire Police,-1.184994,52.589443,On or near Hill View,E01025627,Blaby 006C,Violence and sexual offences,Unable to prosecute suspect,
f102ce9c343375061bbaf5f9feb4f6dcfe54b13762f29b92381c73af4c4f36da,2023-12,Leicestershire Police,Leicestershire Police,-1.196264,52.582589,On or near Packhorse Drive,E01025627,Blaby 006C,Violence and sexual offences,Action to be taken by another organisation,
04b4c066b4da1843eb74c16f1986d1249d5cb68eb07a2c5cc1ba25779872e52a,2023-12,Leicestershire Police,Leicestershire Police,-1.184994,52.589443,On or near Hill View,E01025627,Blaby 006C,Violence and sexual offences,Investigation complete; no suspect identified,
dce40bb0e731d13d458f760fe0fdfa55d7ad1c528de9bccdf99949941fb4fc80,2023-12,Leicestershire Police,Leicestershire Police,-1.184994,52.589443,On or near Hill View,E01025627,Blaby 006C,Violence and sexual offences,Investigation complete; no suspect identified,
c2e42ca8f58f27e1c75962dc4a970d54a3e93efe6ed501280907a2715e08e0ab,2023-12,Leicestershire Police,Leicestershire Police,-1.184994,52.589443,On or near Hill View,E01025627,Blaby 006C,Violence and sexual offences,Status update unavailable,
916c13cda82f9476808627c78b392909ff9f7556b204b5315eaa48ec83b32991,2023-12,Leicestershire Police,Leicestershire Police,-1.180497,52.598645,On or near Shopping Area,E01025627,Blaby 006C,Violence and sexual offences,Unable to prosecute suspect,
4da75ccc39dfc9a1ad182b0113b339bde08ecc983d88d03f7f71d6f52c4620cf,2023-12,Leicestershire Police,Leicestershire Police,-1.184994,52.589443,On or near Hill View,E01025627,Blaby 006C,Violence and sexual offences,Investigation complete; no suspect identified,
fbd3a75e7faf835126c4b614caf2b4c653fcb7347ebb7564d6c687d6ee4a24ba,2023-12,Leicestershire Police,Leicestershire Police,-1.184994,52.589443,On or near Hill View,E01025627,Blaby 006C,Violence and sexual offences,Investigation complete; no suspect identified,
026fb8535e83332873261a8e0fe4bca5d3acc42300c245cc551608557ab3c42b,2023-12,Leicestershire Police,Leicestershire Police,-1.196264,52.582589,On or near Packhorse Drive,E01025627,Blaby 006C,Violence and sexual offences,Unable to prosecute suspect,
4baf5f4e1dca8ec54cd04b03a23e74f51c27ba7ed3dbeded6b0ff5bec297006e,2023-12,Leicestershire Police,Leicestershire Police,-1.184994,52.589443,On or near Hill View,E01025627,Blaby 006C,Violence and sexual offences,Investigation complete; no suspect identified,
876b15e1344b0ea21fe6610fd2ecba38a76dae7ba32d0a341e2513468eb9fdab,2023-12,Leicestershire Police,Leicestershire Police,-1.184994,52.589443,On or near Hill View,E01025627,Blaby 006C,Violence and sexual offences,Investigation complete; no suspect identified,
d7d400d79e0faaed48dc7cf376f450d58ef45a0478b9021d3e8b27b2db2a81e2,2023-12,Leicestershire Police,Leicestershire Police,-1.193478,52.579954,On or near Warren Road,E01025627,Blaby 006C,Violence and sexual offences,Investigation complete; no suspect identified,
32b5106eb44386e2444ca4ff3b5e6e1e54f30abef51fc15bfe665461f38fa8c6,2023-12,Leicestershire Police,Leicestershire Police,-1.216565,52.584629,On or near Sports/Recreation Area,E01025651,Blaby 006D,Burglary,Investigation complete; no suspect identified,
4bbd69abb8be826823e52a76a16fc9d0e1ae60f635fbeae88c33cb947e472b26,2023-12,Leicestershire Police,Leicestershire Police,-1.215530,52.586368,On or near Coleridge Drive,E01025651,Blaby 006D,Burglary,Investigation complete; no suspect identified,
5f858c9958aa686a80ec008108fc1d8e5c729cf9d7c4c0ef1f0ce27b0782b9ed,2023-12,Leicestershire Police,Leicestershire Police,-1.218459,52.586828,On or near Keats Close,E01025651,Blaby 006D,Violence and sexual offences,Unable to prosecute suspect,
,2023-12,Leicestershire Police,Leicestershire Police,-1.215176,52.583040,On or near Southey Close,E01025651,Blaby 006D,Anti-social behaviour,,
7bd2d83eefacf93cbb1dc1ac329668d5ae0daa24306bdf10a772dd0ef8d9d720,2023-12,Leicestershire Police,Leicestershire Police,-1.214280,52.585281,On or near Shelley Road,E01025651,Blaby 006D,Burglary,Status update unavailable,
1c46d4463467a4d5f42de5d4662e3e0bb8571b2a109009e0eac706cd37d67808,2023-12,Leicestershire Police,Leicestershire Police,-1.215530,52.586368,On or near Coleridge Drive,E01025651,Blaby 006D,Burglary,Unable to prosecute suspect,
59f8e73ae844f087ad44b0fc2a072d94422c9e54565df632ea4adbe7d29340b1,2023-12,Leicestershire Police,Leicestershire Police,-1.214280,52.585281,On or near Shelley Road,E01025651,Blaby 006D,Criminal damage and arson,Investigation complete; no suspect identified,
e34f00970ed2790be6d6f860189ce1d02ff8aa2fb619af32ffe956556c9801f7,2023-12,Leicestershire Police,Leicestershire Police,-1.215530,52.586368,On or near Coleridge Drive,E01025651,Blaby 006D,Criminal damage and arson,Investigation complete; no suspect identified,
7fe6e4f15015942fd3adedfee64707eeb2bad11335660ee733bbaa07d7bb59fd,2023-12,Leicestershire Police,Leicestershire Police,-1.215176,52.583040,On or near Southey Close,E01025651,Blaby 006D,Criminal damage and arson,Unable to prosecute suspect,
114aaf460dad68dfeb81f427856b62c2ee80cc7fb1579eebee6ff5c2c795d9fc,2023-12,Leicestershire Police,Leicestershire Police,-1.215530,52.586368,On or near Coleridge Drive,E01025651,Blaby 006D,Public order,Local resolution,
61516973b7622d1f69311ede69a7a42cf794f7dbfa661e7f3865e135db3edbee,2023-12,Leicestershire Police,Leicestershire Police,-1.214280,52.585281,On or near Shelley Road,E01025651,Blaby 006D,Vehicle crime,Investigation complete; no suspect identified,
0b4adf00aad7631a6ff39b635ec0927b65b6d29051c7ba35365f3818a8ffb2f2,2023-12,Leicestershire Police,Leicestershire Police,-1.158154,52.585030,On or near Saxon Dale,E01025657,Blaby 006E,Violence and sexual offences,Unable to prosecute suspect,
1a19359e767e69010123125fc37a4398b06401c290e1de3f84b67fe254cf1413,2023-12,Leicestershire Police,Leicestershire Police,-1.168341,52.587197,On or near Featherby Drive,E01025657,Blaby 006E,Violence and sexual offences,Action to be taken by another organisation,
e653e3da7bec32ad8acf1b630a9dbea5128e274372a7cca61e1baee460d79797,2023-12,Leicestershire Police,Leicestershire Police,-1.171500,52.585628,On or near Westdale Avenue,E01025657,Blaby 006E,Violence and sexual offences,Unable to prosecute suspect,
d2480a111d5a25336fbfe3d19826bcc45b6bfbba013b04819f0965badcb0b400,2023-12,Leicestershire Police,Leicestershire Police,-1.159935,52.586805,On or near Grange Drive,E01025657,Blaby 006E,Violence and sexual offences,Unable to prosecute suspect,
d5ce821643057f547c7bd032f2897aeae9e50c1f34c56829c825cfb3b569dbcd,2023-12,Leicestershire Police,Leicestershire Police,-1.159935,52.586805,On or near Grange Drive,E01025657,Blaby 006E,Violence and sexual offences,Unable to prosecute suspect,
1da973baa9caf10e904c7eb01637f7503047aa447bbffeb85fcbe433634ba29f,2023-12,Leicestershire Police,Leicestershire Police,-1.159935,52.586805,On or near Grange Drive,E01025657,Blaby 006E,Violence and sexual offences,Unable to prosecute suspect,
4173ff204965f526a788ee338ad0ae1d1e2212fb83ecaedd83e5e5aae602a4ac,2023-12,Leicestershire Police,Leicestershire Police,-1.159935,52.586805,On or near Grange Drive,E01025657,Blaby 006E,Violence and sexual offences,Unable to prosecute suspect,
4494b5c520fc95374eef9130f80979d2a1e64bd2b447199bfd7f04674d24d159,2023-12,Leicestershire Police,Leicestershire Police,-1.173205,52.582880,On or near Swan Close,E01025657,Blaby 006E,Violence and sexual offences,Investigation complete; no suspect identified,
6c9f639a97a170f437657570afe2fbe14d86d51c0015c83a6043f58999fc2b81,2023-12,Leicestershire Police,Leicestershire Police,-1.158441,52.587783,On or near Bradshaw Avenue,E01025657,Blaby 006E,Violence and sexual offences,Unable to prosecute suspect,
28d382ec443afc5473ec79810fa56737cf9734da6996ae492f08d4d5e0ce8252,2023-12,Leicestershire Police,Leicestershire Police,-1.167289,52.588188,On or near Brook Gardens,E01025657,Blaby 006E,Violence and sexual offences,Unable to prosecute suspect,
ea8bdbcbabfcb3c5bc571f336cd7d2783146d17e308e3c67f23d05410a749064,2023-12,Leicestershire Police,Leicestershire Police,-1.168719,52.585941,On or near Needham Avenue,E01025657,Blaby 006E,Violence and sexual offences,Unable to prosecute suspect,
c27091ebd28faaed5f0c1e23f3f61a4d375f3315b5f69412aa36cf3556ac769a,2023-12,Leicestershire Police,Leicestershire Police,-1.163318,52.589796,On or near Greendale Road,E01025660,Blaby 006F,Burglary,Investigation complete; no suspect identified,
472bbc5f355c2a1b755343e21e6b59ac4f4c99990e6762616a121af483d12050,2023-12,Leicestershire Police,Leicestershire Police,-1.167645,52.588882,On or near Nursery Hollow,E01025660,Blaby 006F,Public order,Unable to prosecute suspect,
ce31660995ae83babf1caae688f1c7b06112f0ec383751f909c69b4479454ab5,2023-12,Leicestershire Police,Leicestershire Police,-1.167645,52.588882,On or near Nursery Hollow,E01025660,Blaby 006F,Public order,Unable to prosecute suspect,
a43c30f9371e213fe688f105d30b0502a70f831542d664df81f4db0803a970d0,2023-12,Leicestershire Police,Leicestershire Police,-1.168519,52.589482,On or near Parsons Drive,E01025660,Blaby 006F,Vehicle crime,Investigation complete; no suspect identified,
fecb2e3dfe1331167b353eedf98e8a3c844a5234c9b5a3f831ef4aa2e8e73825,2023-12,Leicestershire Police,Leicestershire Police,-1.167645,52.588882,On or near Nursery Hollow,E01025660,Blaby 006F,Violence and sexual offences,Unable to prosecute suspect,
b6a5b6f48a5b78a9a7643f959658b0fe651f8f84b7a8c67229f0df2b366f8870,2023-12,Leicestershire Police,Leicestershire Police,-1.163637,52.588548,On or near Dorothy Avenue,E01025660,Blaby 006F,Violence and sexual offences,Formal action is not in the public interest,
dc5f29602a6e76bbb2b817c12203f45bded4c89fc731aef07b2b6441e5c5de92,2023-12,Leicestershire Police,Leicestershire Police,-1.167645,52.588882,On or near Nursery Hollow,E01025660,Blaby 006F,Violence and sexual offences,Unable to prosecute suspect,
d352e692533fc7a34fbf49169b6cc92e3831eabeca6eb78d9ba02af9e24b05f5,2023-12,Leicestershire Police,Leicestershire Police,-1.164922,52.591614,On or near The Bridle,E01025660,Blaby 006F,Other crime,Action to be taken by another organisation,
a06391eb565db937501765f03904eccc8941bcb35cedd1c5a94adf3a00bf6537,2023-12,Leicestershire Police,Leicestershire Police,-1.204393,52.567226,On or near Bingley Road,E01025641,Blaby 007A,Criminal damage and arson,Investigation complete; no suspect identified,
247b86048365342e5b99768c38ab58086d31e8fdc93940b093977f96cf601dba,2023-12,Leicestershire Police,Leicestershire Police,-1.198894,52.564600,On or near Plough Road,E01025641,Blaby 007A,Other theft,Investigation complete; no suspect identified,
a8fece7fa9e6717b9e6eb175c34c2c62710f7d2b88f2eec5d7475f429f097a73,2023-12,Leicestershire Police,Leicestershire Police,-1.197402,52.567143,On or near Warwick Road,E01025641,Blaby 007A,Public order,Unable to prosecute suspect,
ea9f07797c1825634bc48c7adb45db1430428483d4a8d4e36e618d9164d5abd3,2023-12,Leicestershire Police,Leicestershire Police,-1.198894,52.564600,On or near Plough Road,E01025641,Blaby 007A,Violence and sexual offences,Unable to prosecute suspect,
162f9d42916f04b1394b69de4aadb9a248494ddde85ceb0e2c3f8a004bb41fec,2023-12,Leicestershire Police,Leicestershire Police,-1.198894,52.564600,On or near Plough Road,E01025641,Blaby 007A,Violence and sexual offences,Unable to prosecute suspect,
073d73bd54a3b60ef413662f22709c2b308173766799cdc424f383e1255f4029,2023-12,Leicestershire Police,Leicestershire Police,-1.198894,52.564600,On or near Plough Road,E01025641,Blaby 007A,Violence and sexual offences,Unable to prosecute suspect,
257c53d96e1b9a185a2b3a1d302cd53bbb4b485151e23bf9f97ac56b36d52230,2023-12,Leicestershire Police,Leicestershire Police,-1.198894,52.564600,On or near Plough Road,E01025641,Blaby 007A,Violence and sexual offences,Unable to prosecute suspect,
3bb497ca0b6a1f0c90dcec7871fa5ff2e8a5b10493e40bd3c5ad807265f974bf,2023-12,Leicestershire Police,Leicestershire Police,-1.202776,52.568528,On or near Station Road,E01025641,Blaby 007A,Violence and sexual offences,Unable to prosecute suspect,
,2023-12,Leicestershire Police,Leicestershire Police,-1.203067,52.572027,On or near Jubilee Crescent,E01025642,Blaby 007B,Anti-social behaviour,,
199c1788e8630ded8adefe4201d88570d56bbcba903be6dd5a33f87f4936f309,2023-12,Leicestershire Police,Leicestershire Police,-1.197744,52.577475,On or near Leicester Road,E01025642,Blaby 007B,Criminal damage and arson,Investigation complete; no suspect identified,
8a0e8b77013aefce49ee4d8146340757541f7be30bc2580093619dac560041d8,2023-12,Leicestershire Police,Leicestershire Police,-1.214863,52.569211,On or near Mortimer Road,E01025642,Blaby 007B,Vehicle crime,Investigation complete; no suspect identified,
ede761e652be4d2c7e0bf7067c6d36ea621c4f0629e3869f8e4a6eca2c3d9a64,2023-12,Leicestershire Police,Leicestershire Police,-1.203067,52.572027,On or near Jubilee Crescent,E01025642,Blaby 007B,Violence and sexual offences,Investigation complete; no suspect identified,
161b0536543818de30de2e8506099e45fa3dcb5bceda04467a4e8d3da03f5a0f,2023-12,Leicestershire Police,Leicestershire Police,-1.210119,52.571292,On or near Barry Court,E01025642,Blaby 007B,Violence and sexual offences,Unable to prosecute suspect,
517c1541699f34b40249f16206a57b01ceba0d164896d976e106753e81373e2d,2023-12,Leicestershire Police,Leicestershire Police,-1.212290,52.572808,On or near Langham Drive,E01025643,Blaby 007C,Burglary,Investigation complete; no suspect identified,
90fcecf2c7f707ea943edac75ccd3670b4016ec1b331f76bfa10340567566c4f,2023-12,Leicestershire Police,Leicestershire Police,-1.219394,52.573241,On or near Tiverton Close,E01025643,Blaby 007C,Public order,Further action is not in the public interest,
850de9a104b97ec327b9a86f2fe0e6bb7aeeade26129c2f9dcab5de2f1b3b9ea,2023-12,Leicestershire Police,Leicestershire Police,-1.217051,52.572246,On or near Badger Close,E01025643,Blaby 007C,Violence and sexual offences,Unable to prosecute suspect,
c60cfb9a1ecdf80e2658ade54ae597c1d57d6e331e93398a9f91fc80399168b6,2023-12,Leicestershire Police,Leicestershire Police,-1.212039,52.573651,On or near Red Hill Avenue,E01025643,Blaby 007C,Violence and sexual offences,Unable to prosecute suspect,
a72ff7736280c01e0bd7011b7a027386e27da17ea655dd57e6bf4db1abb129e5,2023-12,Leicestershire Police,Leicestershire Police,-1.219409,52.579876,On or near Ashlands Way,E01025649,Blaby 007D,Burglary,Investigation complete; no suspect identified,
071850caca3f58bb7bf9ad0123d56824eb5824a86292fb10b430aeed656511cc,2023-12,Leicestershire Police,Leicestershire Police,-1.217308,52.579350,On or near Meadow Court,E01025649,Blaby 007D,Criminal damage and arson,Investigation complete; no suspect identified,
e1229734465d274cc14321ee8da2bc7ecd2ba654c27576b310e01144a163dcb4,2023-12,Leicestershire Police,Leicestershire Police,-1.213267,52.582505,On or near Stewart Avenue,E01025649,Blaby 007D,Other theft,Investigation complete; no suspect identified,
adb7d901f2fd5a1a3cc7dc5eae6bae2e1410b8cb6f2a0b496010aab0355b1b10,2023-12,Leicestershire Police,Leicestershire Police,-1.216126,52.576115,On or near Honeycomb Close,E01025649,Blaby 007D,Violence and sexual offences,Investigation complete; no suspect identified,
da1942075014e36fb0ae186ff064b61172be71108ab7e0eb90659dc9efc9f47b,2023-12,Leicestershire Police,Leicestershire Police,-1.217963,52.575722,On or near Hornbeam Close,E01025649,Blaby 007D,Violence and sexual offences,Investigation complete; no suspect identified,
d82d4dc4587607a6b95dc2875864ccd8c19c9be8ea23471b00c286fef90341d2,2023-12,Leicestershire Police,Leicestershire Police,-1.211190,52.574886,On or near Bradgate Close,E01025649,Blaby 007D,Violence and sexual offences,Court result unavailable,
85f0a59ade7cd4293a4bba7f8cecab4b35f5d365c78774fd43be5f3e76e212e0,2023-12,Leicestershire Police,Leicestershire Police,-1.213144,52.578675,On or near Chaucer Street,E01025649,Blaby 007D,Violence and sexual offences,Offender given a caution,
41a9480e6a4c58e7df82b0ffc2f65583eb794b2803eb5c3874f6240ffb64b1ac,2023-12,Leicestershire Police,Leicestershire Police,-1.218590,52.582801,On or near Stainmore Avenue,E01025650,Blaby 007E,Public order,Formal action is not in the public interest,
4c7619ae7fa58ba1f145768ec9bff883affd36a7c53be4f30ba1df9263f611ba,2023-12,Leicestershire Police,Leicestershire Police,-1.219221,52.577187,On or near Campion Close,E01025650,Blaby 007E,Violence and sexual offences,Unable to prosecute suspect,
f04f3adf735b0532d07c73996902a528a251a4d142c68a0e51c3d71d0b129f9c,2023-12,Leicestershire Police,Leicestershire Police,-1.218590,52.582801,On or near Stainmore Avenue,E01025650,Blaby 007E,Violence and sexual offences,Unable to prosecute suspect,
10580aa5d3ac5f31c3403c615f6852af9e93a5cfd0e515f443d4a679b18e1a3c,2023-12,Leicestershire Police,Leicestershire Police,-1.162765,52.573079,On or near Freer Close,E01025610,Blaby 008A,Other theft,Local resolution,
c3f0c99cbfac3f4c79d7d2913118a8d8960d0a766eddf726cb78668dbbef001f,2023-12,Leicestershire Police,Leicestershire Police,-1.162765,52.573079,On or near Freer Close,E01025610,Blaby 008A,Vehicle crime,Investigation complete; no suspect identified,
fc8375e8df58a377596e1e2f713cb43be0535087de4e7f56ac0dc2e84f9db0f0,2023-12,Leicestershire Police,Leicestershire Police,-1.167562,52.573023,On or near Auburn Road,E01025610,Blaby 008A,Violence and sexual offences,Unable to prosecute suspect,
13de4d6c13759bfa09596effba0524b0cfd9c6b0ed1e26969b2041b0a2d55588,2023-12,Leicestershire Police,Leicestershire Police,-1.167520,52.571324,On or near Dovedale Avenue,E01025610,Blaby 008A,Violence and sexual offences,Unable to prosecute suspect,
037cefc7051c5b46021033a23d98348b8a7d218d552539e42f624a44aaddcc22,2023-12,Leicestershire Police,Leicestershire Police,-1.163139,52.569738,On or near Saxon Gardens,E01025610,Blaby 008A,Violence and sexual offences,Court result unavailable,
eb94f90cc95f5af609f75ba032ea39b84d8bcf50e83e9e912819e13c5423adde,2023-12,Leicestershire Police,Leicestershire Police,-1.169643,52.572975,On or near Horton Court,E01025610,Blaby 008A,Violence and sexual offences,Action to be taken by another organisation,
7eb6f936efa75d9c150c5ee046eb5ce4b3455d5816a062c6287e2c37557359af,2023-12,Leicestershire Police,Leicestershire Police,-1.163139,52.569738,On or near Saxon Gardens,E01025610,Blaby 008A,Violence and sexual offences,Unable to prosecute suspect,
876eb90ac958c8f40d6ab3325493c6cacff6ebd96d32206f9fdec7ada4a78cde,2023-12,Leicestershire Police,Leicestershire Police,-1.163622,52.564500,On or near Tarry Close,E01025611,Blaby 008B,Burglary,Action to be taken by another organisation,
605f737a0fc5873e50e9fef6d45c738ba3e3a9e99f54f3971f727ada4f713236,2023-12,Leicestershire Police,Leicestershire Police,-1.166370,52.570489,On or near Petrol Station,E01025611,Blaby 008B,Other theft,Investigation complete; no suspect identified,
8672ad63b4c24d63f901be22334d66f4dcb965d067324f1ab5452173dca01ff4,2023-12,Leicestershire Police,Leicestershire Police,-1.166370,52.570489,On or near Petrol Station,E01025611,Blaby 008B,Other theft,Investigation complete; no suspect identified,
4c100b7cc410e210cbd28716f2872bbe6e19222531ac55691ec1c8e2f700697b,2023-12,Leicestershire Police,Leicestershire Police,-1.171361,52.568735,On or near Grove Road,E01025611,Blaby 008B,Public order,Investigation complete; no suspect identified,
d07579b4a6cbac23ce6e7ae894adb54b7071c77858b293ab0cf247c65e6e97b4,2023-12,Leicestershire Police,Leicestershire Police,-1.166370,52.570489,On or near Petrol Station,E01025611,Blaby 008B,Public order,Investigation complete; no suspect identified,
a9893aa1ed7682c9dbfa5f68302a0487adc381ecdf15da4e21408399d1d3cdf9,2023-12,Leicestershire Police,Leicestershire Police,-1.166674,52.569241,On or near Old Garden Close,E01025611,Blaby 008B,Vehicle crime,Investigation complete; no suspect identified,
9435abba30a86d0017f126d6c64f8ba1d5d9c861c587d5e816ef30d42d00cedf,2023-12,Leicestershire Police,Leicestershire Police,-1.168609,52.568374,On or near Keswick Road,E01025611,Blaby 008B,Violence and sexual offences,Unable to prosecute suspect,
1a027a95d6552e0c616e0fdd3f6276eb54c776972a77c67ae46ac10a77b25b94,2023-12,Leicestershire Police,Leicestershire Police,-1.170453,52.566813,On or near Latimer Close,E01025611,Blaby 008B,Violence and sexual offences,Offender given a caution,
df580627c1fd2214641ea1d04e74def464cf0e65a8b7a1d8fbab95074b711dab,2023-12,Leicestershire Police,Leicestershire Police,-1.163622,52.564500,On or near Tarry Close,E01025611,Blaby 008B,Violence and sexual offences,Investigation complete; no suspect identified,
861fd406b51872091396ddaee840473ab7340bd607db2efa69ad0dfd3e2f1d1d,2023-12,Leicestershire Police,Leicestershire Police,-1.163622,52.564500,On or near Tarry Close,E01025611,Blaby 008B,Violence and sexual offences,Investigation complete; no suspect identified,
,2023-12,Leicestershire Police,Leicestershire Police,-1.155694,52.568633,On or near Oaks Drive,E01025612,Blaby 008C,Anti-social behaviour,,
,2023-12,Leicestershire Police,Leicestershire Police,-1.158123,52.569666,On or near Hospital Lane,E01025612,Blaby 008C,Anti-social behaviour,,
52bf99cb9cf976b7bc65ea2040186e6ced775f0040cd06c6a978096e879687ba,2023-12,Leicestershire Police,Leicestershire Police,-1.163210,52.567518,On or near Walnut Way,E01025612,Blaby 008C,Burglary,Investigation complete; no suspect identified,
5754e8debc5da215fce044a33a1b468cb3fd929950ae7741df7a84a3f44eb964,2023-12,Leicestershire Police,Leicestershire Police,-1.160535,52.565449,On or near Dorchester Close,E01025612,Blaby 008C,Burglary,Investigation complete; no suspect identified,
ed6258432e154cea2aa108d08bcabbf4b822098be6885dcd29bbf66c490be702,2023-12,Leicestershire Police,Leicestershire Police,-1.156859,52.566340,On or near Saville Road,E01025612,Blaby 008C,Burglary,Investigation complete; no suspect identified,
b5948244f1683e500dfba8ff1db333a4ea1415933f33b45225fb5b3697ad38a6,2023-12,Leicestershire Police,Leicestershire Police,-1.154717,52.567109,On or near Sports/Recreation Area,E01025612,Blaby 008C,Criminal damage and arson,Formal action is not in the public interest,
5e8a405d33baa3d6eb5c2ae2a063ed76c92ec6921ce089f73e30402e7e1e47b4,2023-12,Leicestershire Police,Leicestershire Police,-1.157644,52.565419,On or near Welbeck Close,E01025612,Blaby 008C,Other theft,Formal action is not in the public interest,
b8cd00f8d32570979917da00e1b54a7865c13cd4e1c8d69cf7a8a5293082110b,2023-12,Leicestershire Police,Leicestershire Police,-1.154717,52.567109,On or near Sports/Recreation Area,E01025612,Blaby 008C,Other theft,Investigation complete; no suspect identified,
36ff85981879d0fc4adb499fdcf7fd3bac95e285c9e7fab0a4b6fe4b508a543c,2023-12,Leicestershire Police,Leicestershire Police,-1.158263,52.563914,On or near Skippers Close,E01025612,Blaby 008C,Public order,Unable to prosecute suspect,
989bae8372065d0174113d9c87230757645ad990a66609766996740238b19eb6,2023-12,Leicestershire Police,Leicestershire Police,-1.158270,52.568166,On or near Chester Close,E01025612,Blaby 008C,Theft from the person,Further investigation is not in the public interest,
62702af79090c030a75cbf87aa92bd2cceb6d5a2ea34a060e250cae6f4daf120,2023-12,Leicestershire Police,Leicestershire Police,-1.161030,52.566576,On or near Wykeham Close,E01025612,Blaby 008C,Violence and sexual offences,Court result unavailable,
ed49629e32cefe049e252e6fade283e8dc3b60b5b833510e7f42957e34787242,2023-12,Leicestershire Police,Leicestershire Police,-1.162887,52.564351,On or near Snow Avenue,E01025612,Blaby 008C,Violence and sexual offences,Unable to prosecute suspect,
34d5da04369b9b15620fdf4de34bc76ab2ec6c29f4cde2d09d7d396a57b7e301,2023-12,Leicestershire Police,Leicestershire Police,-1.154717,52.567109,On or near Sports/Recreation Area,E01025612,Blaby 008C,Violence and sexual offences,Formal action is not in the public interest,
fc19b83fd967e82cbf9d2ad34cd706032ed7620c7d9fafec0b39f4fcb6b574ec,2023-12,Leicestershire Police,Leicestershire Police,-1.161030,52.566576,On or near Wykeham Close,E01025612,Blaby 008C,Violence and sexual offences,Court result unavailable,
e35eaae84246306c51612179567794dd567449219e585e3df1ef0b74f81f73cb,2023-12,Leicestershire Police,Leicestershire Police,-1.163480,52.568859,On or near Beech Road,E01025612,Blaby 008C,Violence and sexual offences,Unable to prosecute suspect,
4aef7f5b53e41c16538cf7cb244661382b52e867f03cee084780ba3870c17886,2023-12,Leicestershire Police,Leicestershire Police,-1.146467,52.580317,On or near Knightsbridge Road,E01025658,Blaby 008D,Other crime,Awaiting court outcome,
,2023-12,Leicestershire Police,Leicestershire Police,-1.143164,52.580958,On or near Westleigh Road,E01025658,Blaby 008D,Anti-social behaviour,,
f624e5140fbd9dcaa886de161a80a1900f074d82e5e992650e20f080dd78b801,2023-12,Leicestershire Police,Leicestershire Police,-1.140960,52.578947,On or near Windsor Avenue,E01025658,Blaby 008D,Burglary,Investigation complete; no suspect identified,
15e22f4f859425b0011b4daa652d0db6dacd25ce0827b0e419ca200db11f0b6a,2023-12,Leicestershire Police,Leicestershire Police,-1.148902,52.580316,On or near Chelsea Close,E01025658,Blaby 008D,Burglary,Investigation complete; no suspect identified,
c5f052e17dfb25eb4f03a26e3578cda97fa39c80c9dcb9ff80270bd69a6ae4ce,2023-12,Leicestershire Police,Leicestershire Police,-1.150218,52.580209,On or near Hampton Close,E01025658,Blaby 008D,Criminal damage and arson,Investigation complete; no suspect identified,
8065b5f765b5fd3b4646d5c4b582e31c53f13d7d86754398aa15c780a5196432,2023-12,Leicestershire Police,Leicestershire Police,-1.149603,52.579162,On or near Regency Close,E01025658,Blaby 008D,Public order,Investigation complete; no suspect identified,
46a5411b722f351a583afbb57aa98c5603bc9e672c9f1946114b1af9043d98a4,2023-12,Leicestershire Police,Leicestershire Police,-1.148123,52.580176,On or near Trafalgar Way,E01025658,Blaby 008D,Public order,Unable to prosecute suspect,
9e3d05dc323cc0022940b21dbb9f18f5eedd4d4ace14cf6a21b29bef876107a8,2023-12,Leicestershire Police,Leicestershire Police,-1.146467,52.580317,On or near Knightsbridge Road,E01025658,Blaby 008D,Vehicle crime,Investigation complete; no suspect identified,
ecf749e1190d8aa56f64f480c1ffff6d4ef100a8bd028482ce0352dabb7420c6,2023-12,Leicestershire Police,Leicestershire Police,-1.143164,52.580958,On or near Westleigh Road,E01025658,Blaby 008D,Vehicle crime,Investigation complete; no suspect identified,
d9e81f03575b206e2d0dbd58fc64a4fa9c915c29304fd0dae8a727804c555ad6,2023-12,Leicestershire Police,Leicestershire Police,-1.143164,52.580958,On or near Westleigh Road,E01025658,Blaby 008D,Violence and sexual offences,Local resolution,
cb594f12b67aa57e8bb60927ef6fa40e4769e7e53bb33bb3ee233b8b04388d72,2023-12,Leicestershire Police,Leicestershire Police,-1.149603,52.579162,On or near Regency Close,E01025658,Blaby 008D,Violence and sexual offences,Investigation complete; no suspect identified,
388e3c62eed37f28983e1bd336542114b8ce3741996ad90351991e7ea414f48e,2023-12,Leicestershire Police,Leicestershire Police,-1.149603,52.579162,On or near Regency Close,E01025658,Blaby 008D,Violence and sexual offences,Investigation complete; no suspect identified,
edd2cf43968769888769c8c26627d9fd95fc87c6b1bd8e44f7f4c327b552f0e3,2023-12,Leicestershire Police,Leicestershire Police,-1.144036,52.577854,On or near Lancaster Way,E01025658,Blaby 008D,Violence and sexual offences,Unable to prosecute suspect,
376c9c1feecc64e95a2a7a0be95a7662c9ce745b70cf29227303c68850b1b24a,2023-12,Leicestershire Police,Leicestershire Police,-1.143164,52.580958,On or near Westleigh Road,E01025658,Blaby 008D,Violence and sexual offences,Unable to prosecute suspect,
491d3142ffba0e09f05ca6db668b538d6de57801801816ebf99ce1a28b683ff1,2023-12,Leicestershire Police,Leicestershire Police,-1.143164,52.580958,On or near Westleigh Road,E01025658,Blaby 008D,Violence and sexual offences,Unable to prosecute suspect,
d88529647143fc9891aec3a4bf06eda1b971ba878e75b770013613fd4bf3633e,2023-12,Leicestershire Police,Leicestershire Police,-1.140661,52.577614,On or near Phillip Drive,E01025658,Blaby 008D,Violence and sexual offences,Unable to prosecute suspect,
86105992ac9eddf2b681a3d5c8610d71b04581bdd71eb315915d98c3ab35222c,2023-12,Leicestershire Police,Leicestershire Police,-1.166976,52.577478,On or near Harvey Close,E01025659,Blaby 008E,Burglary,Unable to prosecute suspect,
ad30222e3a6590ba173b7377b0fc8763c28b2624da644f8354940f913ddb605a,2023-12,Leicestershire Police,Leicestershire Police,-1.162772,52.575794,On or near Cross Street,E01025659,Blaby 008E,Burglary,Investigation complete; no suspect identified,
7055c4f1ba50bf8dd28407ce8992a0e8a7e604f3d8ee2847f3de7b6bce23c45c,2023-12,Leicestershire Police,Leicestershire Police,-1.162772,52.575794,On or near Cross Street,E01025659,Blaby 008E,Violence and sexual offences,Offender given a caution,
fe62d81f195135e90e14989082ac7399c06cf0cec9e28e8b54d7509b93b50d73,2023-12,Leicestershire Police,Leicestershire Police,-1.163236,52.577002,On or near Leicester Road,E01025659,Blaby 008E,Violence and sexual offences,Unable to prosecute suspect,
,2023-12,Leicestershire Police,Leicestershire Police,-1.164187,52.578214,On or near The Close,E01025659,Blaby 008E,Anti-social behaviour,,
,2023-12,Leicestershire Police,Leicestershire Police,-1.169634,52.573442,On or near Stretton Court,E01025659,Blaby 008E,Anti-social behaviour,,
eb39f6545f997204e09c2176c885cbaa3a5216b2080acb0e8780a09161f8e15e,2023-12,Leicestershire Police,Leicestershire Police,-1.162632,52.574251,On or near Supermarket,E01025659,Blaby 008E,Burglary,Investigation complete; no suspect identified,
a7d07a6b94488beb7d983ac771571604f73ecd3c4f1af9456e5f4c5e1665fa5c,2023-12,Leicestershire Police,Leicestershire Police,-1.157360,52.575630,On or near Mill Lane,E01025659,Blaby 008E,Burglary,Local resolution,
9c35eb44286ae52dba0d70ca23c8e6968b53c1ccdd5f03d05dcc6f5af960cabf,2023-12,Leicestershire Police,Leicestershire Police,-1.165548,52.574151,On or near Paddock Close,E01025659,Blaby 008E,Other theft,Investigation complete; no suspect identified,
a4e28c9c0784d9ae6c5f192a954b321a2a3afcf8155e4a04e55e4f9bda1195e6,2023-12,Leicestershire Police,Leicestershire Police,-1.169634,52.573442,On or near Stretton Court,E01025659,Blaby 008E,Other theft,Unable to prosecute suspect,
36670f69f0296ea523063c5ae4b5ce64fa8d8badc698ec01fa328f94e9720e71,2023-12,Leicestershire Police,Leicestershire Police,-1.160973,52.575746,On or near Parking Area,E01025659,Blaby 008E,Other theft,Investigation complete; no suspect identified,
df8924401b3c58691344b41516dad1f5e691d7141800f47466e5747df2c97021,2023-12,Leicestershire Police,Leicestershire Police,-1.162772,52.575794,On or near Cross Street,E01025659,Blaby 008E,Vehicle crime,Investigation complete; no suspect identified,
0251ac45532327b1202777f5ee24528af07134e2e43e6fa63152c2400d980fbd,2023-12,Leicestershire Police,Leicestershire Police,-1.159754,52.576987,On or near Chapel Street,E01025659,Blaby 008E,Violence and sexual offences,Unable to prosecute suspect,
003007e11a07f907accaf118c2ff7fb4d8de1d756838394a5cb59a40890e2d81,2023-12,Leicestershire Police,Leicestershire Police,-1.162255,52.582812,On or near Woodbank,E01025659,Blaby 008E,Violence and sexual offences,Further action is not in the public interest,
93ac9415ec8d0e6eb689dc9a81d767c8b5abb3d96813b8c01feaa76c8641241d,2023-12,Leicestershire Police,Leicestershire Police,-1.159754,52.576987,On or near Chapel Street,E01025659,Blaby 008E,Violence and sexual offences,Unable to prosecute suspect,
c3905327bc5ee003e7c4c695e0a885d42c1fee256e9b787c03ad948cecf6dcad,2023-12,Leicestershire Police,Leicestershire Police,-1.178417,52.566986,On or near Brookside,E01025615,Blaby 009A,Drugs,Local resolution,
abc87cca9e012ad811e49dd183158ffa5222c9d4ab974cdf9c4c46381202b3ce,2023-12,Leicestershire Police,Leicestershire Police,-1.172861,52.558038,On or near Hopper Way,E01025615,Blaby 009A,Violence and sexual offences,Unable to prosecute suspect,
c158d51fc910b73bf2aee5a80d13e25607e1ef3f197336eb28ca41a1e02a8436,2023-12,Leicestershire Police,Leicestershire Police,-1.191758,52.549925,On or near Chiltern Avenue,E01025615,Blaby 009A,Criminal damage and arson,Investigation complete; no suspect identified,
49b5d685f3ebd3d344e54eb4eb21c1950348f4c1f170e3185972318485295908,2023-12,Leicestershire Police,Leicestershire Police,-1.177759,52.557964,On or near Cooper Crescent,E01025615,Blaby 009A,Other theft,Investigation complete; no suspect identified,
40bbbab37a1b202589e6a7970eef692fbbb84657bf64fa2f44b8893a255821cd,2023-12,Leicestershire Police,Leicestershire Police,-1.181873,52.562020,On or near Petrol Station,E01025615,Blaby 009A,Possession of weapons,Further investigation is not in the public interest,
fa0394f4d742a5810c57f6bd141e40e6fdda04e2acd64b31e8166044b9515ad8,2023-12,Leicestershire Police,Leicestershire Police,-1.177506,52.557324,On or near Abbott Way,E01025615,Blaby 009A,Violence and sexual offences,Unable to prosecute suspect,
57c4b07428373c79e4c82b2b0d4fba6dbaf03680f510bddda1409d399157e0d2,2023-12,Leicestershire Police,Leicestershire Police,-1.189671,52.552715,On or near Forrester Close,E01025615,Blaby 009A,Violence and sexual offences,Unable to prosecute suspect,
72e76815161c66200da120ee5a8931ff8aaec2e4593b64abac96e33361ac0a87,2023-12,Leicestershire Police,Leicestershire Police,-1.190800,52.549082,On or near Cambrian Close,E01025615,Blaby 009A,Other crime,Investigation complete; no suspect identified,
68547dd45f65cd56e7574547544fb9b4cc9b0254b147e68d4e072f7d2d1a7f0e,2023-12,Leicestershire Police,Leicestershire Police,-1.178502,52.576633,On or near Enderby Road,E01025646,Blaby 009B,Criminal damage and arson,Investigation complete; no suspect identified,
45758fea247aeacbdeb29a582d1f2ebb3c65838404750adb9fdbef803c59ca29,2023-12,Leicestershire Police,Leicestershire Police,-1.172165,52.576166,On or near Winchester Avenue,E01025646,Blaby 009B,Other theft,Investigation complete; no suspect identified,
ea36a772e3967d32ecffee0967a8a72412b5ec0d28d2102ccb5ad363ca6f1006,2023-12,Leicestershire Police,Leicestershire Police,-1.178890,52.574037,On or near Albert Court,E01025646,Blaby 009B,Public order,Investigation complete; no suspect identified,
0fa98cb15e9a4a26db5efc9cf518793ba64170bdf87bcb0f6329cf1bb51c9af9,2023-12,Leicestershire Police,Leicestershire Police,-1.178502,52.576633,On or near Enderby Road,E01025646,Blaby 009B,Violence and sexual offences,Investigation complete; no suspect identified,
e33f15021391524100c8616d1e1ed9be565adad0d6ae3b17701f7144365ad174,2023-12,Leicestershire Police,Leicestershire Police,-1.180305,52.574137,On or near Old Station Close,E01025646,Blaby 009B,Violence and sexual offences,Investigation complete; no suspect identified,
6cf43a2ac9ba228c9a3312388f22406ebe6369747b6e5fbccfec93f4a87b8b61,2023-12,Leicestershire Police,Leicestershire Police,-1.174459,52.574240,On or near College Road,E01025646,Blaby 009B,Violence and sexual offences,Action to be taken by another organisation,
,2023-12,Leicestershire Police,Leicestershire Police,-1.179476,52.569492,On or near Anna'S Way,E01025647,Blaby 009C,Anti-social behaviour,,
,2023-12,Leicestershire Police,Leicestershire Police,-1.181326,52.571600,On or near Fairview Avenue,E01025647,Blaby 009C,Anti-social behaviour,,
fe2643e16b956608de9b1c832405ab84fef52864f9e91c62afe568870620e726,2023-12,Leicestershire Police,Leicestershire Police,-1.179476,52.569492,On or near Anna'S Way,E01025647,Blaby 009C,Violence and sexual offences,Further action is not in the public interest,
f8215ae99c26c35703c90aa54bbe5d39a2f109949ad13d543a11aaa6171ea8e3,2023-12,Leicestershire Police,Leicestershire Police,-1.181326,52.571600,On or near Fairview Avenue,E01025647,Blaby 009C,Violence and sexual offences,Unable to prosecute suspect,
2857adbdd9b4c8ca00cff66c51a35fc143f0e3da69e498e4c56468e7ff2b4558,2023-12,Leicestershire Police,Leicestershire Police,-1.179476,52.569492,On or near Anna'S Way,E01025647,Blaby 009C,Violence and sexual offences,Unable to prosecute suspect,
9cba9cf4d3301421faef04134664669de4446d81621b93c419e8a200d0387722,2023-12,Leicestershire Police,Leicestershire Police,-1.178298,52.571741,On or near Cemetery Road,E01025647,Blaby 009C,Violence and sexual offences,Unable to prosecute suspect,
3dbc163ff743684ef76c819dbed46320c18eb92c79b62356205bc4d263829564,2023-12,Leicestershire Police,Leicestershire Police,-1.178298,52.571741,On or near Cemetery Road,E01025647,Blaby 009C,Violence and sexual offences,Unable to prosecute suspect,
a486eb189d351cd5bc9df94a68cb9af5d54f614644aca67a5c6131ef082f4bce,2023-12,Leicestershire Police,Leicestershire Police,-1.178298,52.571741,On or near Cemetery Road,E01025647,Blaby 009C,Violence and sexual offences,Unable to prosecute suspect,
1690637f9b33a075e69acdf2ae6d1c90476d77c96184a156d0c273f0862d076c,2023-12,Leicestershire Police,Leicestershire Police,-1.179476,52.569492,On or near Anna'S Way,E01025647,Blaby 009C,Violence and sexual offences,Investigation complete; no suspect identified,
2ec612a39ee236cc22bd674a2fa95351d703ae4a43c0a39a778650bfee4021a4,2023-12,Leicestershire Police,Leicestershire Police,-1.179476,52.569492,On or near Anna'S Way,E01025647,Blaby 009C,Violence and sexual offences,Investigation complete; no suspect identified,
58d3e2433819c636eabaa423d1aa78b63a95d3b9b12a48bdb162a27f02744130,2023-12,Leicestershire Police,Leicestershire Police,-1.179476,52.569492,On or near Anna'S Way,E01025647,Blaby 009C,Violence and sexual offences,Unable to prosecute suspect,
4f4089195a7adfef2ff4e0e632bc4d25229e6638d755135126d2fe68b2e0923e,2023-12,Leicestershire Police,Leicestershire Police,-1.180828,52.567646,On or near Sports/Recreation Area,E01025647,Blaby 009C,Violence and sexual offences,Investigation complete; no suspect identified,
,2023-12,Leicestershire Police,Leicestershire Police,-1.173198,52.564405,On or near Phipps Close,E01025648,Blaby 009D,Anti-social behaviour,,
5b8d5b535a923e5d44552eb6166a171def1212fda2bea12a042159a307dd8e5c,2023-12,Leicestershire Police,Leicestershire Police,-1.176219,52.567744,On or near Grove Road,E01025648,Blaby 009D,Violence and sexual offences,Unable to prosecute suspect,
bb0b08fc87d4cc5bfee79f765c8ef6a346c3f3296e1f5f4637342f30df7665ca,2023-12,Leicestershire Police,Leicestershire Police,-1.172223,52.562151,On or near Warner Close,E01025648,Blaby 009D,Violence and sexual offences,Unable to prosecute suspect,
145e023ca34d44afda57b1dc572c40c91d89ecb7d53e3108c979e6bcabc713ce,2023-12,Leicestershire Police,Leicestershire Police,-1.171870,52.562877,On or near Holden Close,E01025648,Blaby 009D,Violence and sexual offences,Local resolution,
31c5505e6ef936a3df34312950ee7ab3f7df5322409f1022336c0fee9f81cb4e,2023-12,Leicestershire Police,Leicestershire Police,-1.196499,52.551117,On or near Lady Leys,E01025613,Blaby 010A,Violence and sexual offences,Unable to prosecute suspect,
c759c46cd83cf168b1bd85933123d5c353c834cd79ff1884ea24e70f1d56004f,2023-12,Leicestershire Police,Leicestershire Police,-1.196499,52.551117,On or near Lady Leys,E01025613,Blaby 010A,Violence and sexual offences,Unable to prosecute suspect,
,2023-12,Leicestershire Police,Leicestershire Police,-1.196499,52.551117,On or near Lady Leys,E01025613,Blaby 010A,Anti-social behaviour,,
de71daa177ab050731dde3bfe9fbed50fbcbcc0814b612af27b882bad89d403e,2023-12,Leicestershire Police,Leicestershire Police,-1.192882,52.549572,On or near Supermarket,E01025613,Blaby 010A,Shoplifting,Investigation complete; no suspect identified,
c8b26b693aad1f19c7b17ae24c6f290aa928ec7a2fd204e097c69d16719a49a3,2023-12,Leicestershire Police,Leicestershire Police,-1.196097,52.551365,On or near White Barn Drive,E01025613,Blaby 010A,Violence and sexual offences,Action to be taken by another organisation,
ff8debe00f10dd2b2d155ac18669b253492fd10ebbf90d5df2061712076aea69,2023-12,Leicestershire Police,Leicestershire Police,-1.200520,52.550604,On or near Prior William Close,E01025613,Blaby 010A,Violence and sexual offences,Unable to prosecute suspect,
1b292b0cb37299d84bbc1b225516a844357de69129b2f22a3897e826b9f9a9af,2023-12,Leicestershire Police,Leicestershire Police,-1.190478,52.551354,On or near Hill View Drive,E01025614,Blaby 010B,Burglary,Investigation complete; no suspect identified,
dbd4ff95ec1dc5b4f97010625a1473a01a0ce3620308ee56167ce39631f30930,2023-12,Leicestershire Police,Leicestershire Police,-1.191349,52.550497,On or near Malvern Crescent,E01025614,Blaby 010B,Public order,Investigation complete; no suspect identified,
1d250528efb93225704d859b91948356e1f5832258571bbc3cb87f247e94e9c7,2023-12,Leicestershire Police,Leicestershire Police,-1.241327,52.554972,On or near Petersfield,E01025620,Blaby 010C,Criminal damage and arson,Investigation complete; no suspect identified,
74153da66082f541f772d56db9f0352173344cd4407919e866b0967eca4f05f5,2023-12,Leicestershire Police,Leicestershire Police,-1.242775,52.555656,On or near Supermarket,E01025620,Blaby 010C,Shoplifting,Investigation complete; no suspect identified,
e648b922486fc1addd39b9979b13451b22a3f024d634e4734cf1acde5b8270da,2023-12,Leicestershire Police,Leicestershire Police,-1.240106,52.555621,On or near Arbor Road,E01025620,Blaby 010C,Violence and sexual offences,Unable to prosecute suspect,
a295e778cbce124bf7d890437d9512075d20faa4e9422240dd508162737284eb,2023-12,Leicestershire Police,Leicestershire Police,-1.243954,52.556598,On or near Kendall'S Avenue,E01025620,Blaby 010C,Violence and sexual offences,Investigation complete; no suspect identified,
a07098e0ceaae8c772c5c38458442dc036d81048e91cc443c876d6c01fd765c2,2023-12,Leicestershire Police,Leicestershire Police,-1.322322,52.567051,On or near Wentworth Avenue,E01025621,Blaby 010D,Violence and sexual offences,Court result unavailable,
325fe929b591602845136fe25a723c02af13e6b03226c9a914bd5d1b4b45e3ce,2023-12,Leicestershire Police,Leicestershire Police,-1.322322,52.567051,On or near Wentworth Avenue,E01025621,Blaby 010D,Violence and sexual offences,Court result unavailable,
9a9db58b0fb6a13b0ffc4655e51e9184ed83729cf6b40a61e8eea687c8091fa9,2023-12,Leicestershire Police,Leicestershire Police,-1.320466,52.564901,On or near Wilkinson Lane,E01025621,Blaby 010D,Burglary,Investigation complete; no suspect identified,
1f39098deaab2986973b0b6388a1dc60db79c5c757ce69f8d42bdfc0a171e705,2023-12,Leicestershire Police,Leicestershire Police,-1.320777,52.559095,On or near Billington Road East,E01025621,Blaby 010D,Criminal damage and arson,Investigation complete; no suspect identified,
008c0e109c23c49d1fbe8f5a6d7de7438365c5716229b20f2a83a7c0f8e01ea4,2023-12,Leicestershire Police,Leicestershire Police,-1.244561,52.553842,On or near School Close,E01025621,Blaby 010D,Other theft,Investigation complete; no suspect identified,
1cd06bd692f2c99182c0a1d88e875f31e4fdabddcc3c4aee6b65ab91c86ba997,2023-12,Leicestershire Police,Leicestershire Police,-1.319430,52.567044,On or near Station Road,E01025621,Blaby 010D,Public order,Unable to prosecute suspect,
f93555689813394f7666baaedab4d2c58ca08d7bff58dec5c1b99a60fd840c13,2023-12,Leicestershire Police,Leicestershire Police,-1.243753,52.559663,On or near Dovecote Road,E01025621,Blaby 010D,Violence and sexual offences,Unable to prosecute suspect,
f5b28f970528bb2b9ea7ec2c30677fc3ad5bba0a1ae6c30962e82c501dcf09c2,2023-12,Leicestershire Police,Leicestershire Police,-1.236048,52.573539,On or near Quarry View Close,E01025644,Blaby 010E,Violence and sexual offences,Unable to prosecute suspect,
0216c2ba53446fc2d48f2c2d7e90eeb57133033154ca75d266c919b58d8ce9a9,2023-12,Leicestershire Police,Leicestershire Police,-1.234757,52.571454,On or near The Green,E01025644,Blaby 010E,Criminal damage and arson,Investigation complete; no suspect identified,
6432f51167c04017f466f04ddcb46bed297656f10272b696ca3bb4f4f8adba8d,2023-12,Leicestershire Police,Leicestershire Police,-1.236048,52.573539,On or near Quarry View Close,E01025644,Blaby 010E,Public order,Unable to prosecute suspect,
22a48193b746a4416b64b025e90d382278c374c432e48946a912aefb99277c1f,2023-12,Leicestershire Police,Leicestershire Police,-1.234757,52.571454,On or near The Green,E01025644,Blaby 010E,Violence and sexual offences,Unable to prosecute suspect,
64531d546b5b63305e721b0904a51b3275ba53dc333f175fd538e6ebaea6b938,2023-12,Leicestershire Police,Leicestershire Police,-1.143191,52.551525,On or near Gillam Butts,E01025616,Blaby 011A,Burglary,Investigation complete; no suspect identified,
0081851d4a5b316626bb5099769a3b83d8f8151f95a66b10fd1dafd93262640f,2023-12,Leicestershire Police,Leicestershire Police,-1.150792,52.552766,On or near Maurice Drive,E01025616,Blaby 011A,Burglary,Investigation complete; no suspect identified,
032411960e47fbc64a7f5965d9443aab9488f1caf2e5ab633f463dadddb0912f,2023-12,Leicestershire Police,Leicestershire Police,-1.159431,52.552990,On or near Cosby Road,E01025616,Blaby 011A,Public order,Investigation complete; no suspect identified,
27fed5d5a03d6288129afdc94cbcfdf1d315772bb317f0890b57dc0a28a0a907,2023-12,Leicestershire Police,Leicestershire Police,-1.156540,52.559119,On or near Clarke Crescent,E01025616,Blaby 011A,Violence and sexual offences,Unable to prosecute suspect,
1fe794ca2b52d29acd8b336149ec92776a4a6d62dd8c2c19932fae8ddc63178f,2023-12,Leicestershire Police,Leicestershire Police,-1.087565,52.553393,On or near Wells Avenue,E01025617,Blaby 011B,Criminal damage and arson,Investigation complete; no suspect identified,
469003386ddf0834fa1b0654134e36676e24a99871b3af783b7473661df48d74,2023-12,Leicestershire Police,Leicestershire Police,-1.087565,52.553393,On or near Wells Avenue,E01025617,Blaby 011B,Shoplifting,Investigation complete; no suspect identified,
b5216ad00d546613a5348c9576a5c3f9d1e511425e1adea3d7ddd42fbcb88a45,2023-12,Leicestershire Police,Leicestershire Police,-1.135715,52.558231,On or near Ladbroke Grove,E01025617,Blaby 011B,Violence and sexual offences,Unable to prosecute suspect,
556a19d29f573a8ad1a7801830c8a89ce04432cb0e8de99c2ac275634f3a7709,2023-12,Leicestershire Police,Leicestershire Police,-1.133803,52.557939,On or near Foston Road,E01025618,Blaby 011C,Criminal damage and arson,Court result unavailable,
c1af49afb48b1ac0c107deb1784ae660321765e862e5c752f9f6b1f20374d460,2023-12,Leicestershire Police,Leicestershire Police,-1.145605,52.553286,On or near Christopher Close,E01025618,Blaby 011C,Vehicle crime,Investigation complete; no suspect identified,
e600c20f35fe3b5d968974a66e0610a6dd37017fd666337acb23d90a48a9f9c1,2023-12,Leicestershire Police,Leicestershire Police,-1.133803,52.557939,On or near Foston Road,E01025618,Blaby 011C,Burglary,Unable to prosecute suspect,
fb2e47096d227363b45292687b0e0f5854322aefc33b5009936d7f4608992435,2023-12,Leicestershire Police,Leicestershire Police,-1.144532,52.555391,On or near Barnley Close,E01025618,Blaby 011C,Violence and sexual offences,Investigation complete; no suspect identified,
7db36dd17f7c9a9886ad3e7274f7dec37adf1c6c3937f156daf97bc1db03224e,2023-12,Leicestershire Police,Leicestershire Police,-1.145605,52.553286,On or near Christopher Close,E01025618,Blaby 011C,Violence and sexual offences,Unable to prosecute suspect,
0e1294165fc8fc197322c3f5c708a528bd20cbe26e4b93beef213a8e0bcbb31a,2023-12,Leicestershire Police,Leicestershire Police,-1.145605,52.553286,On or near Christopher Close,E01025618,Blaby 011C,Violence and sexual offences,Court result unavailable,
,2023-12,Leicestershire Police,Leicestershire Police,-1.144261,52.557952,On or near The Rowans,E01025619,Blaby 011D,Anti-social behaviour,,
,2023-12,Leicestershire Police,Leicestershire Police,-1.143321,52.557747,On or near Fir Tree Avenue,E01025619,Blaby 011D,Anti-social behaviour,,
528f49e699746b83352fa24dea3bffdfc54490145f687dce9c1e357bf10ba4db,2023-12,Leicestershire Police,Leicestershire Police,-1.150960,52.556310,On or near Wheatlands Drive,E01025619,Blaby 011D,Burglary,Investigation complete; no suspect identified,
eb7aff30157592b6343f9c5fde78d33ca2e672888a11ef8798e90ccf7153e507,2023-12,Leicestershire Police,Leicestershire Police,-1.147354,52.555115,On or near Bladen Close,E01025619,Blaby 011D,Burglary,Investigation complete; no suspect identified,
046aa5fcd5efd03b68502e49f5160f1cbd538d7ce4162d0afea0ad3d92577aea,2023-12,Leicestershire Police,Leicestershire Police,-1.149770,52.557587,On or near Mill Field Avenue,E01025619,Blaby 011D,Other theft,Investigation complete; no suspect identified,
833300a411c25789469081532ea7d85eafd40375144fa0690956cecd8dab8f98,2023-12,Leicestershire Police,Leicestershire Police,-1.150256,52.554552,On or near Penfold Drive,E01025619,Blaby 011D,Vehicle crime,Investigation complete; no suspect identified,
5f02ed30ffe486d7fc45fc0e8d6e6bd02cc870f45ff7ae30d7271f305314115c,2023-12,Leicestershire Police,Leicestershire Police,-1.145587,52.556487,On or near Cherrytree Close,E01025619,Blaby 011D,Vehicle crime,Investigation complete; no suspect identified,
ca195dd1c14999be40f0a581a1c91c6e13f4c6370daf51b0e76c0c89f8f4b09f,2023-12,Leicestershire Police,Leicestershire Police,-1.153940,52.559325,On or near Hoffler Close,E01025619,Blaby 011D,Violence and sexual offences,Unable to prosecute suspect,
5087cb1aedad64bc965ba75f45e49d9de1648bf919dfff4f27ac1e737e7ec066,2023-12,Leicestershire Police,Leicestershire Police,-1.149597,52.556597,On or near Ridleys Close,E01025619,Blaby 011D,Violence and sexual offences,Unable to prosecute suspect,
4535737b8ac948148c48b6c0d82c9bf29a5e5f2fb1fa466951269c52b3c42213,2023-12,Leicestershire Police,Leicestershire Police,-1.278212,52.556075,On or near Wright Road,E01025661,Blaby 012A,Violence and sexual offences,Court result unavailable,
00542e796056293b4b66be1c68c87e6af7f21330fef814e084ee0a2c8b79823b,2023-12,Leicestershire Police,Leicestershire Police,-1.282552,52.549502,On or near Brindley Close,E01025661,Blaby 012A,Criminal damage and arson,Investigation complete; no suspect identified,
e147488c7544adb2ce11d80d55ee60995ee6c14f3288bf81a29edc8ac7d77749,2023-12,Leicestershire Police,Leicestershire Police,-1.278761,52.552257,On or near Highfield Street,E01025661,Blaby 012A,Violence and sexual offences,Unable to prosecute suspect,
6d1a38d7e0f6c395648b2f52aa5e7432ed8fb5602f012bfe7ced93c53871594d,2023-12,Leicestershire Police,Leicestershire Police,-1.293474,52.536119,On or near Lovett Close,E01025662,Blaby 012B,Violence and sexual offences,Further action is not in the public interest,
,2023-12,Leicestershire Police,Leicestershire Police,-1.280945,52.535028,On or near All Saints Close,E01025662,Blaby 012B,Anti-social behaviour,,
b49d3f37cabb2c889c8c385168804f27c21eff97839cc136864e897db57924dc,2023-12,Leicestershire Police,Leicestershire Police,-1.276805,52.533996,On or near Sharnford Road,E01025662,Blaby 012B,Burglary,Investigation complete; no suspect identified,
7a2003020067d309d2cbe6981754bfe5b2b29a1b86f85589c4cc30c1ad204603,2023-12,Leicestershire Police,Leicestershire Police,-1.295389,52.536211,On or near Hawthorn Grove,E01025662,Blaby 012B,Other theft,Investigation complete; no suspect identified,
1ced584b061ed89453db65bc67b12c5e798448acc74bbcea2ce0d8910402ab67,2023-12,Leicestershire Police,Leicestershire Police,-1.286542,52.546281,On or near Tansey Crescent,E01025662,Blaby 012B,Violence and sexual offences,Unable to prosecute suspect,
a5505000c5a939e445e8e953edf939bc9a6f59f77112a9aab3e6f79009f9d932,2023-12,Leicestershire Police,Leicestershire Police,-1.279506,52.548216,On or near New Road,E01025662,Blaby 012B,Violence and sexual offences,Unable to prosecute suspect,
c653ba813e8997ec78aa08c0373cc7db8fc1612e4956be64b535cc68b2174dc2,2023-12,Leicestershire Police,Leicestershire Police,-1.280849,52.546355,On or near Parking Area,E01025663,Blaby 012C,Vehicle crime,Investigation complete; no suspect identified,
563e9c5ac7941bc25c92c48623a0c9684fa653398442d9149fb1bea625781862,2023-12,Leicestershire Police,Leicestershire Police,-1.280849,52.546355,On or near Parking Area,E01025663,Blaby 012C,Violence and sexual offences,Unable to prosecute suspect,
14e0557277584b89e001cbd66cf26da4761ad7f7e82aa43210d6e58cfe12f9a4,2023-12,Leicestershire Police,Leicestershire Police,-1.280849,52.546355,On or near Parking Area,E01025663,Blaby 012C,Vehicle crime,Investigation complete; no suspect identified,
0c22fedc40422af3140353cd3adc81bb8ac0e2fd0a807e3a6916714817035182,2023-12,Leicestershire Police,Leicestershire Police,-1.280849,52.546355,On or near Parking Area,E01025663,Blaby 012C,Violence and sexual offences,Unable to prosecute suspect,
5faf0f2f126b507cb78b3bc0866265d466eba9ab029ade27ef210a23739bd7a3,2023-12,Leicestershire Police,Leicestershire Police,-1.277087,52.553605,On or near John Bold Avenue,E01025663,Blaby 012C,Violence and sexual offences,Unable to prosecute suspect,
aead5c8f9da2a11d38be5c764bdb3bbc4bb824bff00aa8e2f29f6bfc87278263,2023-12,Leicestershire Police,Leicestershire Police,-1.280743,52.541077,On or near Old Mere Close,E01025663,Blaby 012C,Violence and sexual offences,Further action is not in the public interest,
,2023-12,Leicestershire Police,Leicestershire Police,-1.324930,52.540321,On or near Smithy Lane,E01025664,Blaby 012D,Anti-social behaviour,,
2eb501411251b063d0e8030341e14767cc01d11950f48db4671f9494e562d875,2023-12,Leicestershire Police,Leicestershire Police,-1.290139,52.521670,On or near Bumble Bee Gardens,E01025664,Blaby 012D,Burglary,Investigation complete; no suspect identified,
9c4b5d3ea3f97980778d6981314f9f7477d76482ce614361a97aa1e9faf538b3,2023-12,Leicestershire Police,Leicestershire Police,-1.292106,52.523965,On or near Brookfield,E01025664,Blaby 012D,Criminal damage and arson,Unable to prosecute suspect,
65ffba8d30c67aa59bd6a1ce08fa8c83ed1f2004201e93c0e000b8f72edb2c3c,2023-12,Leicestershire Police,Leicestershire Police,-1.290618,52.522131,On or near Leicester Road,E01025664,Blaby 012D,Vehicle crime,Investigation complete; no suspect identified,
0593b1472fb2d4111c75086707c5db52665c67e3b811553203da91fc1f698b46,2023-12,Leicestershire Police,Leicestershire Police,-1.324930,52.540321,On or near Smithy Lane,E01025664,Blaby 012D,Vehicle crime,Action to be taken by another organisation,
a77cbe584835d2c549e0f4ecd1962e5120da75ce0a14a6a4404fbce3a376210f,2023-12,Leicestershire Police,Leicestershire Police,-1.289618,52.522917,On or near Sharnford Mews,E01025664,Blaby 012D,Vehicle crime,Investigation complete; no suspect identified,
fbe1cf0072b8523ed05c8670427a3daaa6af52559cf5f47b5ed6ac6eed9dcd5a,2023-12,Leicestershire Police,Leicestershire Police,-1.296800,52.524461,On or near Holyoak Drive,E01025664,Blaby 012D,Violence and sexual offences,Investigation complete; no suspect identified,
17e8689c07876f9228fc2093dd815ebec6d36808115634e5e1b79faef54a3d25,2023-12,Leicestershire Police,Leicestershire Police,-1.295261,52.522123,On or near Fox Hollies,E01025664,Blaby 012D,Violence and sexual offences,Unable to prosecute suspect,
b60e457258601875f5e05edeb4ed1be38dc4b50e0366f974a56ce46117baf35c,2023-12,Leicestershire Police,Leicestershire Police,-1.283011,52.539454,On or near Lound Road,E01025665,Blaby 012E,Violence and sexual offences,Court result unavailable,
,2023-12,Leicestershire Police,Leicestershire Police,-1.277889,52.535270,On or near Wesley Close,E01025665,Blaby 012E,Anti-social behaviour,,
c7a4863176c0e43912127ec14efca544bce0bf1f906f19b00a27bf74f7f80066,2023-12,Leicestershire Police,Leicestershire Police,-1.276776,52.540217,On or near Stoney Rise,E01025665,Blaby 012E,Violence and sexual offences,Unable to prosecute suspect,
2fec964da7fae76d4ade6ae1b1a5a02022e562eb436b534e71fecec8e253a84d,2023-12,Leicestershire Police,Leicestershire Police,-1.282226,52.539647,On or near Spa Drive,E01025665,Blaby 012E,Violence and sexual offences,Unable to prosecute suspect,
3951c228835e050fb02e2d599df0bd80497ce1d67f40f23c862a6dc1c13a535c,2023-12,Leicestershire Police,Leicestershire Police,-1.202693,52.651190,On or near Sandown Court,E01025622,Blaby 013A,Other theft,Investigation complete; no suspect identified,
,2023-12,Leicestershire Police,Leicestershire Police,-1.202339,52.648751,On or near Ashleigh Road,E01025622,Blaby 013A,Anti-social behaviour,,
e1cbaa96467395655202b33fd8dc713bece2a4b1e32e4350b13e54a99dfbc525,2023-12,Leicestershire Police,Leicestershire Police,-1.202693,52.651190,On or near Sandown Court,E01025622,Blaby 013A,Criminal damage and arson,Investigation complete; no suspect identified,
9a8190d32c6a616a3004dc9aaf1912133b01eaf6ba2f7ef36f77368ba378a414,2023-12,Leicestershire Police,Leicestershire Police,-1.197758,52.651076,On or near Ledwell Drive,E01025622,Blaby 013A,Criminal damage and arson,Action to be taken by another organisation,
c9bdf5dce86be0bf23d7aa3ff79f7ff770748ca4664622bc85676eeebd969eb0,2023-12,Leicestershire Police,Leicestershire Police,-1.200623,52.651257,On or near Sandown Road,E01025622,Blaby 013A,Drugs,Unable to prosecute suspect,
292fff7f850e744ae4f4d6430584cee88030a67a48a32005224afbca6f81d41f,2023-12,Leicestershire Police,Leicestershire Police,-1.202693,52.651190,On or near Sandown Court,E01025622,Blaby 013A,Other theft,Investigation complete; no suspect identified,
0c7be9538b9bc905afc32462108e19dfaebc9c076ef9fdcbc96b67c0674880d7,2023-12,Leicestershire Police,Leicestershire Police,-1.211104,52.648711,On or near Parking Area,E01025622,Blaby 013A,Other theft,Unable to prosecute suspect,
09bbc9f4a54aa58c4d64ce7fb2fc70b8b8ff23d1ca3794e4d0dc8327052ad4e1,2023-12,Leicestershire Police,Leicestershire Police,-1.202693,52.651190,On or near Sandown Court,E01025622,Blaby 013A,Other theft,Investigation complete; no suspect identified,
1982349ed632e16171c6557ffe44bad7c4bbe161ff184a7a17c7de1545b96c36,2023-12,Leicestershire Police,Leicestershire Police,-1.202693,52.651190,On or near Sandown Court,E01025622,Blaby 013A,Other theft,Investigation complete; no suspect identified,
5f824d9501dfecdc50377510c489a2466f5aac7afff5bb2ec5f2c9240c361e54,2023-12,Leicestershire Police,Leicestershire Police,-1.200505,52.648784,On or near Chestnut Road,E01025622,Blaby 013A,Other theft,Investigation complete; no suspect identified,
4ac024d7bdf778f0cacedcebf42b9dc562409e6e8a7d8676636c2beda2d679aa,2023-12,Leicestershire Police,Leicestershire Police,-1.202693,52.651190,On or near Sandown Court,E01025622,Blaby 013A,Other theft,Investigation complete; no suspect identified,
ff3298f5001816c4036a6d8bd058acdbe2680b1228f1e8116cb03e728e826cb5,2023-12,Leicestershire Police,Leicestershire Police,-1.202693,52.651190,On or near Sandown Court,E01025622,Blaby 013A,Other theft,Investigation complete; no suspect identified,
e6348b56ce0b44ae40125c35923e6a1f11683e3b3dcabcb94849ac11c907e5a5,2023-12,Leicestershire Police,Leicestershire Police,-1.202693,52.651190,On or near Sandown Court,E01025622,Blaby 013A,Other theft,Investigation complete; no suspect identified,
4ac14de1de74229e789561eeed6822c765335b9150601aafc4fc518018bff881,2023-12,Leicestershire Police,Leicestershire Police,-1.202693,52.651190,On or near Sandown Court,E01025622,Blaby 013A,Other theft,Investigation complete; no suspect identified,
309a0e101b6bde592b3351d80f16b546d09edaaa7bc765cd3f4775c0321313de,2023-12,Leicestershire Police,Leicestershire Police,-1.202693,52.651190,On or near Sandown Court,E01025622,Blaby 013A,Other theft,Investigation complete; no suspect identified,
0dd04933ccca8a1ebc4d774d91ae8460635809fcc10d6b7e1d112616be01a9d3,2023-12,Leicestershire Police,Leicestershire Police,-1.202693,52.651190,On or near Sandown Court,E01025622,Blaby 013A,Other theft,Investigation complete; no suspect identified,
7baee3857409453991a393a7a020ecc9ddfd70d59e8a97f00e2719335b1647c3,2023-12,Leicestershire Police,Leicestershire Police,-1.202693,52.651190,On or near Sandown Court,E01025622,Blaby 013A,Other theft,Investigation complete; no suspect identified,
522971b54e2bcd1710deea8a24dc3b9e803664c62f398a34178928b62811ac0f,2023-12,Leicestershire Police,Leicestershire Police,-1.202693,52.651190,On or near Sandown Court,E01025622,Blaby 013A,Other theft,Investigation complete; no suspect identified,
1a49cdf70c1bc4cf193be3ad37502a8d4a6a64a3ff9a17c14373687fe61f1872,2023-12,Leicestershire Police,Leicestershire Police,-1.202693,52.651190,On or near Sandown Court,E01025622,Blaby 013A,Other theft,Investigation complete; no suspect identified,
45568270dcd91de520880bcc4e975aacfc7e1aaa0a9fd8c086ff7330955f54c0,2023-12,Leicestershire Police,Leicestershire Police,-1.202693,52.651190,On or near Sandown Court,E01025622,Blaby 013A,Other theft,Investigation complete; no suspect identified,
505febcd8393be71092ae2e558c7701a3866bed32d20891a2bd0bf5182581b95,2023-12,Leicestershire Police,Leicestershire Police,-1.202693,52.651190,On or near Sandown Court,E01025622,Blaby 013A,Other theft,Unable to prosecute suspect,
2856d139744da3bbea6b5fa3ab3c6a46a6833f0a8000d3d705c890844928696f,2023-12,Leicestershire Police,Leicestershire Police,-1.202693,52.651190,On or near Sandown Court,E01025622,Blaby 013A,Other theft,Investigation complete; no suspect identified,
da7d3b91c6fe297fe0f40cfac6b6c608e5530b1f908426b8aaff7196e62389ce,2023-12,Leicestershire Police,Leicestershire Police,-1.205667,52.649430,On or near Church Road,E01025622,Blaby 013A,Public order,Investigation complete; no suspect identified,
fb2a458e880dbf0d2149ba871251a2990f4623ec61c0b0a875c438548102e72d,2023-12,Leicestershire Police,Leicestershire Police,-1.203418,52.646304,On or near Ellis Close,E01025622,Blaby 013A,Public order,Unable to prosecute suspect,
5e1ac30a4e6a7ad32a54d7b3afb8796640013cce4662948de61406f1392a7929,2023-12,Leicestershire Police,Leicestershire Police,-1.199787,52.653328,On or near Station Road,E01025622,Blaby 013A,Shoplifting,Unable to prosecute suspect,
01243773818c86e2b9dd4a826cb1611e35d02f4c1551b42123d8e92cd500172a,2023-12,Leicestershire Police,Leicestershire Police,-1.199787,52.653328,On or near Station Road,E01025622,Blaby 013A,Violence and sexual offences,Local resolution,
6da034f165e4115e1ec1635451c27cf53e8d2db11a5ac3dfc6707b0b955153ff,2023-12,Leicestershire Police,Leicestershire Police,-1.199787,52.653328,On or near Station Road,E01025622,Blaby 013A,Violence and sexual offences,Local resolution,
bfa1d7ec517043880697a3be9dbead472c01c4eeb22bae957be136bf02a08cfb,2023-12,Leicestershire Police,Leicestershire Police,-1.197758,52.651076,On or near Ledwell Drive,E01025622,Blaby 013A,Violence and sexual offences,Unable to prosecute suspect,
319df2453c9708fc1f9d5b47562c0ca4ec6e21c768dae3536bb66f4d226e7616,2023-12,Leicestershire Police,Leicestershire Police,-1.197758,52.651076,On or near Ledwell Drive,E01025622,Blaby 013A,Violence and sexual offences,Unable to prosecute suspect,
5a8d89f270af70c3e546c97808378a7e89b814b55c2b509cd851e27550f943d1,2023-12,Leicestershire Police,Leicestershire Police,-1.191095,52.658888,On or near Stelle Way,E01025623,Blaby 013B,Burglary,Investigation complete; no suspect identified,
04629a17313be3e033414bd2c363319e03091b0c32bb9ac7ef4208211311d38e,2023-12,Leicestershire Police,Leicestershire Police,-1.191095,52.658888,On or near Stelle Way,E01025623,Blaby 013B,Burglary,Investigation complete; no suspect identified,
41c247819f96cfd7e53b50ad02699eee2020419b6f6fe978d4637550c7e9a9b2,2023-12,Leicestershire Police,Leicestershire Police,-1.191095,52.658888,On or near Stelle Way,E01025623,Blaby 013B,Burglary,Investigation complete; no suspect identified,
f384727b9aef5e9422df1ee89c3baf5e2214a737401f2328b42480d7ffe1650a,2023-12,Leicestershire Police,Leicestershire Police,-1.191095,52.658888,On or near Stelle Way,E01025623,Blaby 013B,Burglary,Investigation complete; no suspect identified,
bddac7f6ed55747869c00e25d997dd536e897498e3f4cbe2368153577fa5b3d3,2023-12,Leicestershire Police,Leicestershire Police,-1.191095,52.658888,On or near Stelle Way,E01025623,Blaby 013B,Burglary,Investigation complete; no suspect identified,
24a383e5293ab7869882a47c054d78d64f25edfa5eafc3e855763a1308788840,2023-12,Leicestershire Police,Leicestershire Police,-1.209084,52.657454,On or near Overdale Close,E01025623,Blaby 013B,Vehicle crime,Investigation complete; no suspect identified,
271c9be72cb4bb1af54ee56804a3a2cb30a12276436eec797acd3aa8f92fd994,2023-12,Leicestershire Police,Leicestershire Police,-1.200046,52.652080,On or near Ilmington Close,E01025623,Blaby 013B,Violence and sexual offences,Investigation complete; no suspect identified,
71cbeaf5f4907a72912c73cf6892c2f5c756e24ee502696a846a9929657ab9dd,2023-12,Leicestershire Police,Leicestershire Police,-1.191095,52.658888,On or near Stelle Way,E01025623,Blaby 013B,Violence and sexual offences,Unable to prosecute suspect,
8356316767b39990c4b2d265595c3eb308d3e09552649a90d34f5b2881b4c94c,2023-12,Leicestershire Police,Leicestershire Police,-1.215018,52.645582,On or near Spencer Close,E01025624,Blaby 013C,Other theft,Unable to prosecute suspect,
82db944fb2c751840a6ea9f4a9291e4e5d280d01a817bfdcdff134963fb4d347,2023-12,Leicestershire Police,Leicestershire Police,-1.200834,52.641280,On or near Juno Close,E01025624,Blaby 013C,Burglary,Investigation complete; no suspect identified,
094cef7b4712ed0a9a5b496bf4b44f90f9f7ad3415fd80b579f68c7197f30e52,2023-12,Leicestershire Police,Leicestershire Police,-1.215869,52.642621,On or near Optimus Way,E01025624,Blaby 013C,Criminal damage and arson,Investigation complete; no suspect identified,
6c7130b9f16794586a05fa74b2480886ccd5f6fae1d3d07b4cb9e38ba39735c7,2023-12,Leicestershire Police,Leicestershire Police,-1.215018,52.645582,On or near Spencer Close,E01025624,Blaby 013C,Other theft,Unable to prosecute suspect,
c074a23cff60148c2f8050515bea36fd420272e28c6a2c6b0a547825184d1295,2023-12,Leicestershire Police,Leicestershire Police,-1.215018,52.645582,On or near Spencer Close,E01025624,Blaby 013C,Other theft,Unable to prosecute suspect,
f5219466571933166cad836567272efb905006c931f3013cab06e904f84ad4fb,2023-12,Leicestershire Police,Leicestershire Police,-1.200834,52.641280,On or near Juno Close,E01025624,Blaby 013C,Vehicle crime,Investigation complete; no suspect identified,
6b4a0067ab81bcf9013c0adeb9421f16d9c092dd646448db826b37780ff12dfd,2023-12,Leicestershire Police,Leicestershire Police,-1.191683,52.647070,On or near Olympic Close,E01025629,Blaby 013D,Criminal damage and arson,Investigation complete; no suspect identified,
86ecead56cbdd49cbfda2c1240c18c0f2ac79e2d6f0acbcd8849ca943ce72f9d,2023-12,Leicestershire Police,Leicestershire Police,-1.201507,52.645734,On or near Harrison Close,E01025629,Blaby 013D,Other theft,Unable to prosecute suspect,
f9c72cdf06153dbd400aa2109e34c3a4d1815d6fea839a88786d65d0e7ac2dba,2023-12,Leicestershire Police,Leicestershire Police,-1.201507,52.645734,On or near Harrison Close,E01025629,Blaby 013D,Violence and sexual offences,Unable to prosecute suspect,
4cc3af4288fe77a597d749e0ba705600ff1f7d444093cd89cb1c96949e0bd4cf,2023-12,Leicestershire Police,Leicestershire Police,-1.195462,52.649766,On or near Whitesand Close,E01025629,Blaby 013D,Criminal damage and arson,Unable to prosecute suspect,
ac93281db588c8ec1530c6d9736d9dadee23231a5ee499aa4618417875fc9a8a,2023-12,Leicestershire Police,Leicestershire Police,-1.196356,52.645340,On or near Lane Close,E01025629,Blaby 013D,Criminal damage and arson,Investigation complete; no suspect identified,
20a59525ad1b9eaf5732534424876088a3988e9626af26707bc80488613a44b2,2023-12,Leicestershire Police,Leicestershire Police,-1.200618,52.646627,On or near Fairestone Avenue,E01025629,Blaby 013D,Criminal damage and arson,Investigation complete; no suspect identified,
c67a80f17f40484def2afeaac7be74a70c37ad103dff2be789b7294c89c1263c,2023-12,Leicestershire Police,Leicestershire Police,-1.196356,52.645340,On or near Lane Close,E01025629,Blaby 013D,Criminal damage and arson,Investigation complete; no suspect identified,
934f56c0bc735171d12e585c1eed9463bd6610e1120d7475f1306cdf5e4a8991,2023-12,Leicestershire Police,Leicestershire Police,-1.201507,52.645734,On or near Harrison Close,E01025629,Blaby 013D,Other theft,Unable to prosecute suspect,
6ddbc06db5053488404f3483375fa62efe02b0730c7c25e82b5e00285a5eb7e2,2023-12,Leicestershire Police,Leicestershire Police,-1.196356,52.645340,On or near Lane Close,E01025629,Blaby 013D,Public order,Unable to prosecute suspect,
9e339ad8294a50a018009a670a1adcc373cca73ac922a8abca86e9c154234ead,2023-12,Leicestershire Police,Leicestershire Police,-1.195880,52.648726,On or near Salcombe Drive,E01025629,Blaby 013D,Violence and sexual offences,Investigation complete; no suspect identified,
c33a9f1e0ee6a03382cfb7f59ce77c6a92d5fe5697c32e20d9c2948eebd6492f,2023-12,Leicestershire Police,Leicestershire Police,-1.196356,52.645340,On or near Lane Close,E01025629,Blaby 013D,Violence and sexual offences,Investigation complete; no suspect identified,
,2023-12,Leicestershire Police,Leicestershire Police,-1.193780,52.652811,On or near Faire Road,E01025630,Blaby 013E,Anti-social behaviour,,
ca83e8881249bcdefea2af3d67a13526e72b46fe3455efdf5efbb0216a6aa936,2023-12,Leicestershire Police,Leicestershire Police,-1.191112,52.656760,On or near Sports/Recreation Area,E01025630,Blaby 013E,Burglary,Investigation complete; no suspect identified,
dd15dbd027d115a1866ae0625707a57fa74c7cbee71d42add9a9fde38e0a4bd8,2023-12,Leicestershire Police,Leicestershire Police,-1.192281,52.650724,On or near Kelvon Close,E01025630,Blaby 013E,Burglary,Investigation complete; no suspect identified,
c1fcd8eaafe19c4f5dd5b6ac48fc24ce7a31d4c34fe8d6cbc01eee9e2554ed9d,2023-12,Leicestershire Police,Leicestershire Police,-1.192281,52.650724,On or near Kelvon Close,E01025630,Blaby 013E,Burglary,Investigation complete; no suspect identified,
e98812a37be1cdae08a303bf171981012aadd7f871f74d3336978faaf56cf1e8,2023-12,Leicestershire Police,Leicestershire Police,-1.191112,52.656760,On or near Sports/Recreation Area,E01025630,Blaby 013E,Criminal damage and arson,Investigation complete; no suspect identified,
11fb75c76cb614c8282dfbf72b8ee3559af5ea6a9fde35960eaa91f658ade3ad,2023-12,Leicestershire Police,Leicestershire Police,-1.190692,52.651918,On or near Steyning Crescent,E01025630,Blaby 013E,Other theft,Investigation complete; no suspect identified,
93be98470b077179c3624c9d1774d76af304abad6871be109a6eea4b23bd0e94,2023-12,Leicestershire Police,Leicestershire Police,-1.191112,52.656760,On or near Sports/Recreation Area,E01025630,Blaby 013E,Vehicle crime,Investigation complete; no suspect identified,
4c52a75058e4488dff891eeae2311e05c71d7dad3902b1cb88d1644c1ee55fbe,2023-12,Leicestershire Police,Leicestershire Police,-1.188378,52.654725,On or near Leicester Road,E01025630,Blaby 013E,Vehicle crime,Investigation complete; no suspect identified,
4cf2fd2d0686f256b3c5ca400c7fcdbf94f5c0e8e09225507542cd5f6f1a3eb3,2023-12,Leicestershire Police,Leicestershire Police,-1.189815,52.648963,On or near Clovelly Road,E01025630,Blaby 013E,Violence and sexual offences,Unable to prosecute suspect,
9d62bd91069ad8cb52e30d650b49d8f1734dac6498d64e947f0e8e58c979ce2a,2023-12,Leicestershire Police,Leicestershire Police,-1.190692,52.651918,On or near Steyning Crescent,E01025630,Blaby 013E,Violence and sexual offences,Investigation complete; no suspect identified,
e9b743a757ac312a6a9d7460405ac1b4a79dcbde8ef2f8c12b5cc91a36aedaea,2023-12,Leicestershire Police,Leicestershire Police,-1.188378,52.654725,On or near Leicester Road,E01025630,Blaby 013E,Violence and sexual offences,Unable to prosecute suspect,
2db0b43c19157c9850f7828fbccbd90db409a34f283a4da80299361564593e3d,2023-12,Leicestershire Police,Leicestershire Police,-1.192281,52.645096,On or near Dominion Road,E01032603,Blaby 013F,Violence and sexual offences,Unable to prosecute suspect,
bf6d31138b3a39e37da6fd83a0ab775fcf6d3903dd5af0140c317b8598b1b199,2023-12,Leicestershire Police,Leicestershire Police,-1.194817,52.643828,On or near Tournament Road,E01032603,Blaby 013F,Bicycle theft,Investigation complete; no suspect identified,
5792d02b9e4f935b4fbd38cae0afda95768f24c242701c5bc15a5846aa4b335c,2023-12,Leicestershire Police,Leicestershire Police,-1.190705,52.642407,On or near Bramble Close,E01032603,Blaby 013F,Criminal damage and arson,Investigation complete; no suspect identified,
a890b4e6cf0211116429d6533758cc489fcb9c22c908977d8b12e23733fb7550,2023-12,Leicestershire Police,Leicestershire Police,-1.192694,52.645935,On or near Maple Close,E01032603,Blaby 013F,Public order,Investigation complete; no suspect identified,
f67d26b5203c803fed2e0167ddb8a2265fc71083193a07d67f39ac461231a895,2023-12,Leicestershire Police,Leicestershire Police,-1.193806,52.643327,On or near Ernee Close,E01032603,Blaby 013F,Vehicle crime,Investigation complete; no suspect identified,
7fdd3fc1d1bd5a8eb5356e96e1ec31e6e1eff5ae2f378223b5f21a335d312ab3,2023-12,Leicestershire Police,Leicestershire Police,-1.192694,52.645935,On or near Maple Close,E01032603,Blaby 013F,Violence and sexual offences,Unable to prosecute suspect,
ff0c6517244c2f6f166a31b95520eb47c276bccc536b02b820be654fd63a87a6,2023-12,Leicestershire Police,Leicestershire Police,-1.195748,52.641398,On or near Pennant Close,E01032603,Blaby 013F,Violence and sexual offences,Unable to prosecute suspect,
18aaacd7909cc3a9ca2345d7cd48e83d74b319baa25c97d00e76c22cd0d7f9f8,2023-12,Leicestershire Police,Leicestershire Police,-2.528805,53.581613,On or near Petrol Station,E01004781,Bolton 007B,Shoplifting,Action to be taken by another organisation,
471b0a38e9058c0719f0f86d720ea87ee779d47330fd3f5af54c081c257a748a,2023-12,Leicestershire Police,Leicestershire Police,-2.447465,53.558351,On or near Lynton Road,E01004878,Bolton 023E,Violence and sexual offences,Action to be taken by another organisation,
a3c7a833f06dde59aff54626760b71964718742cb50fdd4a399f8a99405a0e8c,2023-12,Leicestershire Police,Leicestershire Police,-1.249372,52.923685,On or near Hoggetts Close,E01028101,Broxtowe 013E,Violence and sexual offences,Unable to prosecute suspect,
9b96b7ebc19942fa0fa401de8b2518d71d3faecd3e4f5efe615d2618ce8cf266,2023-12,Leicestershire Police,Leicestershire Police,-1.237785,52.779508,On or near Petrol Station,E01025692,Charnwood 001B,Bicycle theft,Investigation complete; no suspect identified,
544eb09ad0dfb0ab924a71bd7926227d74a6411341fc925da0629e92e5f04869,2023-12,Leicestershire Police,Leicestershire Police,-1.246600,52.784985,On or near Pear Tree Lane,E01025692,Charnwood 001B,Burglary,Investigation complete; no suspect identified,
60502b212c6e66b46cfc1b6830f2c3beca1defc3ac84cbaa06dc64f8a9e4b17f,2023-12,Leicestershire Police,Leicestershire Police,-1.241152,52.785355,On or near Derby Road,E01025692,Charnwood 001B,Criminal damage and arson,Unable to prosecute suspect,
d7118dca0b97167af4bd257759febc2c4312ab32c9ce075af08a7d3281fa04c2,2023-12,Leicestershire Police,Leicestershire Police,-1.251968,52.790161,On or near Hathern Drive,E01025692,Charnwood 001B,Other theft,Investigation complete; no suspect identified,
fa7bb16193df96be9d28c41085ce980d33f83baf8d3ffcea30141bab5298f2aa,2023-12,Leicestershire Police,Leicestershire Police,-1.237785,52.779508,On or near Petrol Station,E01025692,Charnwood 001B,Other theft,Investigation complete; no suspect identified,
bdb8975c94cce57996291a130f8e05b1f2dc3fabe47f5c28df2ebcc465379fc2,2023-12,Leicestershire Police,Leicestershire Police,-1.240713,52.779059,On or near De Montfort Close,E01025692,Charnwood 001B,Other theft,Investigation complete; no suspect identified,
5c8235db77d61051a3e4204c5b5cc47097357ef7e08fc5f75a911fc0e6ca8e8f,2023-12,Leicestershire Police,Leicestershire Police,-1.246602,52.781488,On or near Mitchell Drive,E01025692,Charnwood 001B,Other theft,Investigation complete; no suspect identified,
b38e7434feb6eff7db2e2d55e37ddce18fbda2701174ceb2da22a2ef70c7c49c,2023-12,Leicestershire Police,Leicestershire Police,-1.237785,52.779508,On or near Petrol Station,E01025692,Charnwood 001B,Other theft,Investigation complete; no suspect identified,
c7a22f1a367525948edc87cfd8fd03e14ef5978fc0bc3e3ad3c8b65b583b302e,2023-12,Leicestershire Police,Leicestershire Police,-1.237785,52.779508,On or near Petrol Station,E01025692,Charnwood 001B,Other theft,Investigation complete; no suspect identified,
a60c98cd447979909e08cae772f0b49dbb012209ee3730e2b86d25597c1c4b79,2023-12,Leicestershire Police,Leicestershire Police,-1.237785,52.779508,On or near Petrol Station,E01025692,Charnwood 001B,Other theft,Investigation complete; no suspect identified,
39ee301b3d50e7d49afa40c5b116d21c650e17c705994d435065915c19344db6,2023-12,Leicestershire Police,Leicestershire Police,-1.237785,52.779508,On or near Petrol Station,E01025692,Charnwood 001B,Other theft,Investigation complete; no suspect identified,
59fca575a53c92a2d6586c2ceef03f4d7d4c8e78826f452e79fab9f62b1a6c8b,2023-12,Leicestershire Police,Leicestershire Police,-1.237785,52.779508,On or near Petrol Station,E01025692,Charnwood 001B,Other theft,Investigation complete; no suspect identified,
3214817aa1a24a298172dace2b31111b58f81cd6cf935b2ebb459423ee94b172,2023-12,Leicestershire Police,Leicestershire Police,-1.237785,52.779508,On or near Petrol Station,E01025692,Charnwood 001B,Shoplifting,Investigation complete; no suspect identified,
1bd6e9aab7b924fd55fe3f04ba7a3b8c58d7fed8cff28c3a29a7b63973746875,2023-12,Leicestershire Police,Leicestershire Police,-1.248810,52.781529,On or near Sharter Drive,E01025692,Charnwood 001B,Vehicle crime,Investigation complete; no suspect identified,
c7431dfc0529bb22d8adee1c8e41cb1f0b337082258bdec0257437e2f2f3cb00,2023-12,Leicestershire Police,Leicestershire Police,-1.242851,52.779765,On or near Duncan Way,E01025692,Charnwood 001B,Vehicle crime,Investigation complete; no suspect identified,
ec4346a566281722931f8bd3d1b33ee680e761eda0c1056cbe62b8a4f00616c1,2023-12,Leicestershire Police,Leicestershire Police,-1.249507,52.782387,On or near Bates Close,E01025692,Charnwood 001B,Violence and sexual offences,Investigation complete; no suspect identified,
8e8dadc14a0dd4cca3c7cb16148814a09c478bf0e32c710095849c7ac3de2c2a,2023-12,Leicestershire Police,Leicestershire Police,-1.248179,52.782028,On or near Booth End,E01025692,Charnwood 001B,Violence and sexual offences,Local resolution,
839c0f93313c193d2fa9bfa2dcc766de18f42049b99361aa26198eadeaffa61a,2023-12,Leicestershire Police,Leicestershire Police,-1.248179,52.782028,On or near Booth End,E01025692,Charnwood 001B,Violence and sexual offences,Unable to prosecute suspect,
8fd69b4580c1565c9516b1dc27b83985ec525a0d94a91a4e7d15eb0b47abb4c7,2023-12,Leicestershire Police,Leicestershire Police,-1.248810,52.781529,On or near Sharter Drive,E01025692,Charnwood 001B,Other crime,Further investigation is not in the public interest,
77283cdc8b90eabc2e0c09209c1ca0341fa900b6df9aa120f86554d0f24aa700,2023-12,Leicestershire Police,Leicestershire Police,-1.258687,52.797053,On or near Wide Lane,E01025693,Charnwood 001C,Criminal damage and arson,Unable to prosecute suspect,
049baf7a004f0f682cb43a0d4a9b40a0a447f115d737e6c3000e97786db9a10a,2023-12,Leicestershire Police,Leicestershire Police,-1.259956,52.793052,On or near Golden Square,E01025693,Charnwood 001C,Other theft,Investigation complete; no suspect identified,
4f5c81b21a39f62bee8144ea2afd0f0908df6f709589badae77776a59d778364,2023-12,Leicestershire Police,Leicestershire Police,-1.261072,52.798102,On or near Petrol Station,E01025693,Charnwood 001C,Other theft,Investigation complete; no suspect identified,
c9960b5b71fe078f294f84bdc440ea6adf3ab538d2c473b205394fccf34bd08a,2023-12,Leicestershire Police,Leicestershire Police,-1.251686,52.791894,On or near Matthew Trigge Close,E01025693,Charnwood 001C,Other theft,Investigation complete; no suspect identified,
60529d90f1a7249aa0e354b77be2584112b32bef7b43d97b937c87e97bae29d4,2023-12,Leicestershire Police,Leicestershire Police,-1.255541,52.792377,On or near Parking Area,E01025693,Charnwood 001C,Violence and sexual offences,Unable to prosecute suspect,
,2023-12,Leicestershire Police,Leicestershire Police,-1.233288,52.779811,On or near Gallico Close,E01033386,Charnwood 001E,Anti-social behaviour,,
,2023-12,Leicestershire Police,Leicestershire Police,-1.232622,52.780544,On or near Charteris Close,E01033386,Charnwood 001E,Anti-social behaviour,,
,2023-12,Leicestershire Police,Leicestershire Police,-1.233288,52.779811,On or near Gallico Close,E01033386,Charnwood 001E,Anti-social behaviour,,
,2023-12,Leicestershire Police,Leicestershire Police,-1.233288,52.779811,On or near Gallico Close,E01033386,Charnwood 001E,Anti-social behaviour,,
,2023-12,Leicestershire Police,Leicestershire Police,-1.233288,52.779811,On or near Gallico Close,E01033386,Charnwood 001E,Anti-social behaviour,,
,2023-12,Leicestershire Police,Leicestershire Police,-1.233288,52.779811,On or near Gallico Close,E01033386,Charnwood 001E,Anti-social behaviour,,
4a8c4c64ed41fa4ed117751fa1609ff5c9034c564d32c9217874f5857c9337e0,2023-12,Leicestershire Police,Leicestershire Police,-1.233288,52.779811,On or near Gallico Close,E01033386,Charnwood 001E,Burglary,Investigation complete; no suspect identified,
14324191da2cbe8a90f6b7c4402673513f1f2fb19fdd3489d8c3cb805f90f4b8,2023-12,Leicestershire Police,Leicestershire Police,-1.233288,52.779811,On or near Gallico Close,E01033386,Charnwood 001E,Criminal damage and arson,Unable to prosecute suspect,
2872dab875d086ec43500fc461e95db66e6f28b90cc82f265eeff021fb625a94,2023-12,Leicestershire Police,Leicestershire Police,-1.233288,52.779811,On or near Gallico Close,E01033386,Charnwood 001E,Criminal damage and arson,Unable to prosecute suspect,
fb1067e0c54b49677cb0ccb876a5152a6a11284da3b52bd92bb204d3adbe34f9,2023-12,Leicestershire Police,Leicestershire Police,-1.238348,52.780383,On or near Osborne Road,E01033386,Charnwood 001E,Other theft,Investigation complete; no suspect identified,
2c23667c39c749e0deb95e30f110190d4be775db331bd051d60f99ec41783ed0,2023-12,Leicestershire Police,Leicestershire Police,-1.232559,52.779959,On or near Orwell Close,E01033386,Charnwood 001E,Public order,Court result unavailable,
5f23c1972ca27d3961bfdf1168987109cba72271c027beba263dbd708ea04484,2023-12,Leicestershire Police,Leicestershire Police,-1.236141,52.781133,On or near Monsarrat Way,E01033386,Charnwood 001E,Vehicle crime,Investigation complete; no suspect identified,
48d1d56873adeb3ad2b4a4109a23784fc007ba016e12509349ce4bcb9c809750,2023-12,Leicestershire Police,Leicestershire Police,-1.235442,52.780401,On or near Fleming Close,E01033386,Charnwood 001E,Vehicle crime,Status update unavailable,
6d513ed859860cec964938beb7567f4395040a0102bb175db18b5e4eb0df4055,2023-12,Leicestershire Police,Leicestershire Police,-1.233288,52.779811,On or near Gallico Close,E01033386,Charnwood 001E,Violence and sexual offences,Investigation complete; no suspect identified,
fff75801a29c28e9c6f05befe2640b84abd356b796114c52bf6971f5db1dbe74,2023-12,Leicestershire Police,Leicestershire Police,-1.230886,52.782331,On or near Barsby Drive,E01033386,Charnwood 001E,Violence and sexual offences,Further action is not in the public interest,
048de86d48d8dd0892898c63db1b27bc4b38d19b3fda07fbf55231d53ae72c86,2023-12,Leicestershire Police,Leicestershire Police,-1.233288,52.779811,On or near Gallico Close,E01033386,Charnwood 001E,Violence and sexual offences,Investigation complete; no suspect identified,
7d2d187a21ce9b26e5c8efdd1b435688dd5751fa3121892c0b129d104bad559d,2023-12,Leicestershire Police,Leicestershire Police,-1.233288,52.779811,On or near Gallico Close,E01033386,Charnwood 001E,Violence and sexual offences,Local resolution,
fff6d0785eede5b4dc3e92fe95cd38ccc789c16740da16394bf12abc818f20cd,2023-12,Leicestershire Police,Leicestershire Police,-1.233288,52.779811,On or near Gallico Close,E01033386,Charnwood 001E,Violence and sexual offences,Unable to prosecute suspect,
81811590d394909657deb8f79085cd1e4d67d0423e635e0422bda7b261d6b3cc,2023-12,Leicestershire Police,Leicestershire Police,-1.231940,52.783102,On or near Alston Drive,E01033386,Charnwood 001E,Other crime,Further action is not in the public interest,
4570d7f52a58674199687af2f65237b9e4cbe10660029a755ed1eebdfbac66a8,2023-12,Leicestershire Police,Leicestershire Police,-1.201224,52.769073,On or near Gregory Street,E01025699,Charnwood 002A,Burglary,Awaiting court outcome,
25241aa3eeae14ad2eaf2e73c2b448e3a9aa127fcda1b2a839561557746f8b52,2023-12,Leicestershire Police,Leicestershire Police,-1.199447,52.770598,On or near Bowler Court,E01025699,Charnwood 002A,Public order,Unable to prosecute suspect,
e6c2097fc8c67f326b515156c7c2c26eb416f501f77597793e0fd4a1ab4c9105,2023-12,Leicestershire Police,Leicestershire Police,-1.202300,52.773449,On or near Sparrow Hill,E01025699,Charnwood 002A,Violence and sexual offences,Unable to prosecute suspect,
6090f42af4042bc55b3a4fb96435c96077d8a75412d4f38003ae2e0153ae1d64,2023-12,Leicestershire Police,Leicestershire Police,-1.202484,52.771518,On or near Pinfold Gate,E01025699,Charnwood 002A,Violence and sexual offences,Unable to prosecute suspect,
cde67af1add973a6bb812d4f545049b06c0712ed0181658a211977ede6090681,2023-12,Leicestershire Police,Leicestershire Police,-1.198274,52.773125,On or near Freehold Street,E01025699,Charnwood 002A,Violence and sexual offences,Unable to prosecute suspect,
b70e086db4f98a201fb6ec02664ad26bfb2113ab3e737eb21a0114cc747ac8ea,2023-12,Leicestershire Police,Leicestershire Police,-1.198902,52.772824,On or near Peel Drive,E01025699,Charnwood 002A,Violence and sexual offences,Unable to prosecute suspect,
,2023-12,Leicestershire Police,Leicestershire Police,-1.200611,52.772584,On or near Hume Street,E01025699,Charnwood 002A,Anti-social behaviour,,
,2023-12,Leicestershire Police,Leicestershire Police,-1.202300,52.773449,On or near Sparrow Hill,E01025699,Charnwood 002A,Anti-social behaviour,,
,2023-12,Leicestershire Police,Leicestershire Police,-1.198902,52.772824,On or near Peel Drive,E01025699,Charnwood 002A,Anti-social behaviour,,
,2023-12,Leicestershire Police,Leicestershire Police,-1.202557,52.770763,On or near Aumberry Gap,E01025699,Charnwood 002A,Anti-social behaviour,,
3e61e39bf4afb4465d650ea0fbd471da13f3b7a405e54a25b253dac1afb22971,2023-12,Leicestershire Police,Leicestershire Police,-1.204021,52.772571,On or near Baxter Gate,E01025699,Charnwood 002A,Bicycle theft,Investigation complete; no suspect identified,
a40d56271fdcae5520ba78ca8a6866627bd4ccf4482b0d74f9ca30b01b53ac4c,2023-12,Leicestershire Police,Leicestershire Police,-1.200287,52.771674,On or near Cobden Street,E01025699,Charnwood 002A,Burglary,Investigation complete; no suspect identified,
4c68f7845756d4105c16b539897b95720c89a64f75ec3c8ec78dfb0646a25880,2023-12,Leicestershire Police,Leicestershire Police,-1.202557,52.770763,On or near Aumberry Gap,E01025699,Charnwood 002A,Burglary,Investigation complete; no suspect identified,
6822d585a03da2f9c46cce29c42e7a098fac0ac249c61ffac2ed79618dfe272c,2023-12,Leicestershire Police,Leicestershire Police,-1.204021,52.772571,On or near Baxter Gate,E01025699,Charnwood 002A,Criminal damage and arson,Local resolution,
e1d8ea01c5e05fc72c92939a6c690e1da27f5734927e08ed478c97c232603738,2023-12,Leicestershire Police,Leicestershire Police,-1.202833,52.770252,On or near Barrow Street,E01025699,Charnwood 002A,Criminal damage and arson,Investigation complete; no suspect identified,
5478bc633d86a711c668de45e055acb8003a3f7a33aa92c74363bea48852c2bc,2023-12,Leicestershire Police,Leicestershire Police,-1.202833,52.770252,On or near Barrow Street,E01025699,Charnwood 002A,Criminal damage and arson,Investigation complete; no suspect identified,
968b9e7987a7a89276412f73bbdc3176c5eb0463de572689c5cc349e4305480f,2023-12,Leicestershire Police,Leicestershire Police,-1.201042,52.770942,On or near School Street,E01025699,Charnwood 002A,Criminal damage and arson,Investigation complete; no suspect identified,
edb7e5587887cf5077fb53e00c6580ebe150e23b17df92e9d4631d12b3eb0405,2023-12,Leicestershire Police,Leicestershire Police,-1.202833,52.770252,On or near Barrow Street,E01025699,Charnwood 002A,Drugs,Status update unavailable,
893a8c1d03a99199d333a77390825354c35789e8ede69f680dc7d88c1349ddd7,2023-12,Leicestershire Police,Leicestershire Police,-1.202300,52.773449,On or near Sparrow Hill,E01025699,Charnwood 002A,Other theft,Investigation complete; no suspect identified,
d4eaaf832b41b51798b787914dac3afa8564d831e08ab6e38d268552b7f36c70,2023-12,Leicestershire Police,Leicestershire Police,-1.198274,52.773125,On or near Freehold Street,E01025699,Charnwood 002A,Other theft,Unable to prosecute suspect,
ac508737165b852631e5359c150292ed0efa646ba41e5cb36ada09014c45da3a,2023-12,Leicestershire Police,Leicestershire Police,-1.202557,52.770763,On or near Aumberry Gap,E01025699,Charnwood 002A,Other theft,Court result unavailable,
4ea3388102ede15f0e022af82204e2d5a097cb8f684c44935e22a7c02baa356f,2023-12,Leicestershire Police,Leicestershire Police,-1.204021,52.772571,On or near Baxter Gate,E01025699,Charnwood 002A,Other theft,Court result unavailable,
d6cfb8084e5ede281a0450e713d0d8eea55d3af18e03439edc0b560331478db1,2023-12,Leicestershire Police,Leicestershire Police,-1.202300,52.773449,On or near Sparrow Hill,E01025699,Charnwood 002A,Other theft,Investigation complete; no suspect identified,
eb786ce48de5ec6540fcc59b4f5d9790180cbdc0910d3a92c3d798a881f495b2,2023-12,Leicestershire Police,Leicestershire Police,-1.202484,52.771518,On or near Pinfold Gate,E01025699,Charnwood 002A,Possession of weapons,Unable to prosecute suspect,
ca72bc4cca11b7fbd7a7ab87218b635e404c22456ee3318d9c47c66c8a1a43e9,2023-12,Leicestershire Police,Leicestershire Police,-1.200435,52.770065,On or near Holland Close,E01025699,Charnwood 002A,Possession of weapons,Court result unavailable,
ba555be267979034d245a234370926002ef6f0d9cf9f04937a5960eb518f6050,2023-12,Leicestershire Police,Leicestershire Police,-1.202484,52.771518,On or near Pinfold Gate,E01025699,Charnwood 002A,Public order,Investigation complete; no suspect identified,
e8349e7bf3f669e220b99c1230687f727f4c977c2940cc87b8b415226c812f8f,2023-12,Leicestershire Police,Leicestershire Police,-1.198262,52.771390,On or near Selbourne Street,E01025699,Charnwood 002A,Public order,Investigation complete; no suspect identified,
885d17a92b5e0907a27273d124f18da3a7af473b2ef9efe8a830e1817fc702e8,2023-12,Leicestershire Police,Leicestershire Police,-1.202300,52.773449,On or near Sparrow Hill,E01025699,Charnwood 002A,Public order,Unable to prosecute suspect,
eca50cb01c1a2d682989c7cbc7ced2476da6a52ceaa16e8999b147db77ae4198,2023-12,Leicestershire Police,Leicestershire Police,-1.204021,52.772571,On or near Baxter Gate,E01025699,Charnwood 002A,Public order,Unable to prosecute suspect,
6627db9cbc070862760c46b7fd031c19744f56524145dfeea7cc6a666b958c9b,2023-12,Leicestershire Police,Leicestershire Police,-1.198262,52.771390,On or near Selbourne Street,E01025699,Charnwood 002A,Public order,Investigation complete; no suspect identified,
131a3f44c2c585f9930bf5e5797b35ddf35d38fe3af53cadc93559e057b21a05,2023-12,Leicestershire Police,Leicestershire Police,-1.201224,52.769073,On or near Gregory Street,E01025699,Charnwood 002A,Shoplifting,Court result unavailable,
ed97cc996dc63ed898518187476bbb88f839848ec11ac37a48c4f0429dbae886,2023-12,Leicestershire Police,Leicestershire Police,-1.201224,52.769073,On or near Gregory Street,E01025699,Charnwood 002A,Shoplifting,Court result unavailable,
14763d09d79aedfb3ca8189de248136a1f9adc001a43b669044b0115dfcbf025,2023-12,Leicestershire Police,Leicestershire Police,-1.197462,52.773758,On or near Boyer Street,E01025699,Charnwood 002A,Vehicle crime,Court result unavailable,
ade37aa30eca7288721ae8039bd89e62edcb234c205152ece6d0d5e363dcd0ba,2023-12,Leicestershire Police,Leicestershire Police,-1.202300,52.773449,On or near Sparrow Hill,E01025699,Charnwood 002A,Violence and sexual offences,Unable to prosecute suspect,
02099cf75fc0089344ec19114fd3fdb24e118863443621ef361763027a68e2e4,2023-12,Leicestershire Police,Leicestershire Police,-1.198274,52.773125,On or near Freehold Street,E01025699,Charnwood 002A,Violence and sexual offences,Unable to prosecute suspect,
bb26c99a99f14de264b60cb50aad07ce00c44ad53fd67b55061e99d3912f76f8,2023-12,Leicestershire Police,Leicestershire Police,-1.200504,52.770336,On or near Rutland Street,E01025699,Charnwood 002A,Violence and sexual offences,Unable to prosecute suspect,
aafc3da9d2763f9dd426fcbe381ba37f578ae78a3ccb667f5a23d76d341ee6a4,2023-12,Leicestershire Police,Leicestershire Police,-1.204021,52.772571,On or near Baxter Gate,E01025699,Charnwood 002A,Violence and sexual offences,Unable to prosecute suspect,
952d5c6efb32614205d8f19bb9258da5eed028365bc3c320de44b62dadf76904,2023-12,Leicestershire Police,Leicestershire Police,-1.202300,52.773449,On or near Sparrow Hill,E01025699,Charnwood 002A,Violence and sexual offences,Unable to prosecute suspect,
1d8a2d599eacf73e8aaf56eebcf15444f9a6d4c17f250e0e727854f324727535,2023-12,Leicestershire Police,Leicestershire Police,-1.198262,52.771390,On or near Selbourne Street,E01025699,Charnwood 002A,Violence and sexual offences,Unable to prosecute suspect,
8fb04a0215871e9ace688b72862789b81dc667d3de0ccd4f61c92a2e762ebcaf,2023-12,Leicestershire Police,Leicestershire Police,-1.198262,52.771390,On or near Selbourne Street,E01025699,Charnwood 002A,Violence and sexual offences,Unable to prosecute suspect,
62123cdbf2ac786e262349422be3b1d4d5b75faeff99544b6b452a851dfe5113,2023-12,Leicestershire Police,Leicestershire Police,-1.200504,52.770336,On or near Rutland Street,E01025699,Charnwood 002A,Violence and sexual offences,Unable to prosecute suspect,
85a253c3ce58119ba17efc3ccc5ee725b4ff6068dd77b9a6c3850d262c102892,2023-12,Leicestershire Police,Leicestershire Police,-1.200611,52.772584,On or near Hume Street,E01025699,Charnwood 002A,Violence and sexual offences,Action to be taken by another organisation,
20f70a43eb20bba18ecc3f2e8cbeefdb159ad8a88f3da3855a306a8b65200115,2023-12,Leicestershire Police,Leicestershire Police,-1.198262,52.771390,On or near Selbourne Street,E01025699,Charnwood 002A,Violence and sexual offences,Unable to prosecute suspect,
20e992fffa344c300a9917570b2d40c652eda5414e46ddef27cc7bae3eed4d99,2023-12,Leicestershire Police,Leicestershire Police,-1.201224,52.769073,On or near Gregory Street,E01025699,Charnwood 002A,Violence and sexual offences,Court result unavailable,
04f9837cfccce1a60608136ecb419a6cec824dfad148862e5b54f09706f2d7ea,2023-12,Leicestershire Police,Leicestershire Police,-1.201224,52.769073,On or near Gregory Street,E01025699,Charnwood 002A,Violence and sexual offences,Unable to prosecute suspect,
529b14d3e7b73aa558ff6f31a7aec82dbc4379ad285038b02c7aaf62d7f5212a,2023-12,Leicestershire Police,Leicestershire Police,-1.198902,52.772824,On or near Peel Drive,E01025699,Charnwood 002A,Violence and sexual offences,Investigation complete; no suspect identified,
a716edeaf6716ee2ade5832948a9f7d85f09889bfb5533f60d8399c066ff973c,2023-12,Leicestershire Police,Leicestershire Police,-1.200611,52.772584,On or near Hume Street,E01025699,Charnwood 002A,Violence and sexual offences,Local resolution,
12ba974ebb146a67a46462d675d6368482e6d1840214bc495fdffc845f303504,2023-12,Leicestershire Police,Leicestershire Police,-1.202300,52.773449,On or near Sparrow Hill,E01025699,Charnwood 002A,Violence and sexual offences,Local resolution,
01eb34b90cc9520ed393db0fd744de70a977f3868706401457662195a02a6b1a,2023-12,Leicestershire Police,Leicestershire Police,-1.200435,52.770065,On or near Holland Close,E01025699,Charnwood 002A,Violence and sexual offences,Court result unavailable,
65b8f9a87169de641567a3a9891c65a5ba09eeaa8e745f486039a74f9c05e4a8,2023-12,Leicestershire Police,Leicestershire Police,-1.200504,52.770336,On or near Rutland Street,E01025699,Charnwood 002A,Violence and sexual offences,Unable to prosecute suspect,
2059f4431316234df34fd01ba2eeae5219a0dbc6938fdbece3fb1c1379538bd4,2023-12,Leicestershire Police,Leicestershire Police,-1.202300,52.773449,On or near Sparrow Hill,E01025699,Charnwood 002A,Violence and sexual offences,Investigation complete; no suspect identified,
3f444b7880b3f0d6f3b29976712a4d8d361edb35c2e44c9d6855d35fb2091374,2023-12,Leicestershire Police,Leicestershire Police,-1.204021,52.772571,On or near Baxter Gate,E01025699,Charnwood 002A,Violence and sexual offences,Unable to prosecute suspect,
33bd057bc41677dc875d961055140a1a528eb74c1a44cc4399b4c95271d8c974,2023-12,Leicestershire Police,Leicestershire Police,-1.199308,52.774921,On or near Bishop Street,E01025700,Charnwood 002B,Violence and sexual offences,Further action is not in the public interest,
21bbf15d70204e0557298b7de520955aff13368fd4bdca57c5f2998994cda7eb,2023-12,Leicestershire Police,Leicestershire Police,-1.196331,52.777212,On or near Morley Street,E01025700,Charnwood 002B,Burglary,Unable to prosecute suspect,
b80df6495bf6515144616fe0ec3012ed39fd82efb615f8bb71b6eb34c2306d20,2023-12,Leicestershire Police,Leicestershire Police,-1.199308,52.774921,On or near Bishop Street,E01025700,Charnwood 002B,Criminal damage and arson,Unable to prosecute suspect,
ca943f8c52e9d769848b4c46d3629b1f9987fb800abede61cb5ab1987b24e8c1,2023-12,Leicestershire Police,Leicestershire Police,-1.199694,52.774888,On or near Bromhead Street,E01025700,Charnwood 002B,Criminal damage and arson,Investigation complete; no suspect identified,
190ef04bbe6715b44683c622153660036adcbb59a19914c4b13d642dda7eebca,2023-12,Leicestershire Police,Leicestershire Police,-1.193480,52.770270,On or near Judges Street,E01025700,Charnwood 002B,Criminal damage and arson,Offender given a caution,
439dda8d6d1865e04fce56ec86af6f670685ad610839c13c6b332f4c5d95bae2,2023-12,Leicestershire Police,Leicestershire Police,-1.197608,52.774703,On or near Queen'S Road,E01025700,Charnwood 002B,Criminal damage and arson,Unable to prosecute suspect,
ba677c0119022d32639190c13762c6273ef006efb93b01764768b66da2ba4568,2023-12,Leicestershire Police,Leicestershire Police,-1.193480,52.770270,On or near Judges Street,E01025700,Charnwood 002B,Criminal damage and arson,Unable to prosecute suspect,
602647daf47bf89499fd0514514f35b0f92d1c5f0c01df72d23f42ae368e986f,2023-12,Leicestershire Police,Leicestershire Police,-1.199308,52.774921,On or near Bishop Street,E01025700,Charnwood 002B,Possession of weapons,Court result unavailable,
28a087e7c85c20346af1a60cc2e4e23320539dab3ba940ea9bac796a724a0e91,2023-12,Leicestershire Police,Leicestershire Police,-1.199308,52.774921,On or near Bishop Street,E01025700,Charnwood 002B,Public order,Unable to prosecute suspect,
70f6c6fe5b0cdecf3c630a484ec595d64d848058a3428a142d971c6fa4f852c2,2023-12,Leicestershire Police,Leicestershire Police,-1.196331,52.777212,On or near Morley Street,E01025700,Charnwood 002B,Public order,Unable to prosecute suspect,
342ba1b85e29be06a842d7b71a3bc0a8dd1cf57f530455e98133ce9ee19721b8,2023-12,Leicestershire Police,Leicestershire Police,-1.199694,52.774888,On or near Bromhead Street,E01025700,Charnwood 002B,Vehicle crime,Investigation complete; no suspect identified,
3cc6528e05290d14aec1955c4f0e45e9704f3103862330c581add17428b13d73,2023-12,Leicestershire Police,Leicestershire Police,-1.199308,52.774921,On or near Bishop Street,E01025700,Charnwood 002B,Violence and sexual offences,Investigation complete; no suspect identified,
ffc32725024a7357bb65f8bef7333e990e7f8cbbe499b69af8c4aed1dc6ec8a4,2023-12,Leicestershire Police,Leicestershire Police,-1.199308,52.774921,On or near Bishop Street,E01025700,Charnwood 002B,Violence and sexual offences,Further action is not in the public interest,
122da13146913d1ae0c57f1cec28c6f9f1ae2aa4313332b0eb4a16128cc2813a,2023-12,Leicestershire Police,Leicestershire Police,-1.196331,52.777212,On or near Morley Street,E01025700,Charnwood 002B,Violence and sexual offences,Further investigation is not in the public interest,
776e10ceaad66271645c06e7a048a919fb23db573f062332447f7ad1a71b5fdd,2023-12,Leicestershire Police,Leicestershire Police,-1.194770,52.771861,On or near Morris Close,E01025700,Charnwood 002B,Violence and sexual offences,Unable to prosecute suspect,
dbcd80248967e2c0a3915301d1aa41e947d2710d34044e3705cb72191e20883c,2023-12,Leicestershire Police,Leicestershire Police,-1.196477,52.771693,On or near Warner Place,E01025700,Charnwood 002B,Violence and sexual offences,Unable to prosecute suspect,
f5516470ebf3db467000fe2cca9b8927ee75f148a141f7c63f549aa3ccc0c9f4,2023-12,Leicestershire Police,Leicestershire Police,-1.199308,52.774921,On or near Bishop Street,E01025700,Charnwood 002B,Violence and sexual offences,Unable to prosecute suspect,
b3479b304c646d36748857a660aa0d28c11c662514dc33e789d8223a10aa7584,2023-12,Leicestershire Police,Leicestershire Police,-1.198064,52.775686,On or near Mill Lane,E01025700,Charnwood 002B,Violence and sexual offences,Investigation complete; no suspect identified,
0f23f726a9cb1dae9b8708427c5a1e0afadf9093e5b89ab62622253cc33ad293,2023-12,Leicestershire Police,Leicestershire Police,-1.200695,52.768018,On or near King Street,E01025701,Charnwood 002C,Public order,Court result unavailable,
1ac452b0cf637e67ac2d617fa5f81cdee2d2500b9f54135dabb4e66b7457ed89,2023-12,Leicestershire Police,Leicestershire Police,-1.198854,52.769003,On or near New King Street,E01025701,Charnwood 002C,Violence and sexual offences,Court result unavailable,
,2023-12,Leicestershire Police,Leicestershire Police,-1.200265,52.769615,On or near Wellington Street,E01025701,Charnwood 002C,Anti-social behaviour,,
41ad104d84c70635ac33c2c621fdd510f92c883362c65cfd7db1599f026f015e,2023-12,Leicestershire Police,Leicestershire Police,-1.198084,52.766553,On or near Albert Promenade,E01025701,Charnwood 002C,Burglary,Investigation complete; no suspect identified,
d4c56c337e0842f557d20d69d5dc4f9bc9992d75418dc0ac2db3394e7ffbf01c,2023-12,Leicestershire Police,Leicestershire Police,-1.198854,52.769003,On or near New King Street,E01025701,Charnwood 002C,Criminal damage and arson,Investigation complete; no suspect identified,
ec662e56b3a8656e951a869a9bc40857893c2edc8a06876fa48fd5e63d2e175f,2023-12,Leicestershire Police,Leicestershire Police,-1.194984,52.765866,On or near Beeches Road,E01025701,Charnwood 002C,Other theft,Unable to prosecute suspect,
9c73bf0cf0b983a9ed90dc162851c618e0595fe61ac2653f3c320ff50a247619,2023-12,Leicestershire Police,Leicestershire Police,-1.197589,52.764899,On or near Petrol Station,E01025701,Charnwood 002C,Public order,Investigation complete; no suspect identified,
52821f94be4a8251ab92648e64d831702e96ab4d42260c2a1c62ecc73c52b0b8,2023-12,Leicestershire Police,Leicestershire Police,-1.197589,52.764899,On or near Petrol Station,E01025701,Charnwood 002C,Shoplifting,Investigation complete; no suspect identified,
00f8af5f626d94d2f7d3668cd17c651a025c06512c569edc1c2fbaeaef9e55de,2023-12,Leicestershire Police,Leicestershire Police,-1.197579,52.769030,On or near Henderson Way,E01025701,Charnwood 002C,Violence and sexual offences,Investigation complete; no suspect identified,
8b8fa8ad8ca41792adb7764d1a854bede529b56921694ee240dc90d1513f405c,2023-12,Leicestershire Police,Leicestershire Police,-1.198138,52.767632,On or near Elms Grove,E01025701,Charnwood 002C,Violence and sexual offences,Unable to prosecute suspect,
c02acc430193af57ea0202fd25002584ee369b8148be6247258216fae5a4c395,2023-12,Leicestershire Police,Leicestershire Police,-1.207294,52.777627,On or near Lower Cambridge Street,E01025703,Charnwood 002D,Violence and sexual offences,Court result unavailable,
,2023-12,Leicestershire Police,Leicestershire Police,-1.208326,52.774685,On or near Bridge Street,E01025703,Charnwood 002D,Anti-social behaviour,,
,2023-12,Leicestershire Police,Leicestershire Police,-1.208326,52.774685,On or near Bridge Street,E01025703,Charnwood 002D,Anti-social behaviour,,
5e5f36ce7bd4e43734a7c78db002cabd9c0cbe130e250d23ddf42af962c00b96,2023-12,Leicestershire Police,Leicestershire Police,-1.207116,52.773719,On or near Shopping Area,E01025703,Charnwood 002D,Bicycle theft,Investigation complete; no suspect identified,
75676accf8a8819c714720c0175fd64f542a2a316be6442c9b59054e1a5fd16a,2023-12,Leicestershire Police,Leicestershire Police,-1.206170,52.773376,On or near Warner'S Lane,E01025703,Charnwood 002D,Burglary,Investigation complete; no suspect identified,
2decb0050dab35d5baa4ab6679269286bbdc3aa3c2952b221ca85e8ca4c3a612,2023-12,Leicestershire Police,Leicestershire Police,-1.206170,52.773376,On or near Warner'S Lane,E01025703,Charnwood 002D,Burglary,Investigation complete; no suspect identified,
0fb508bf891c5d827ae0d34dc87f0d54f6c50882e062f7a310ad008130a1ecd3,2023-12,Leicestershire Police,Leicestershire Police,-1.206229,52.774249,On or near Fennel Street,E01025703,Charnwood 002D,Burglary,Investigation complete; no suspect identified,
22000a12f9a33d233a2d75cb5986e9157014dbccf583991f3c6b31a8d567a83f,2023-12,Leicestershire Police,Leicestershire Police,-1.208326,52.774685,On or near Bridge Street,E01025703,Charnwood 002D,Burglary,Investigation complete; no suspect identified,
c8a6ec92a6d297fcd0a1da1126f986fccc6142d82842cf47f42e0f307aaa01d3,2023-12,Leicestershire Police,Leicestershire Police,-1.206170,52.773376,On or near Warner'S Lane,E01025703,Charnwood 002D,Burglary,Investigation complete; no suspect identified,
85b26d1b9806a749ac25d2711de6337fa0a7f86b59f2ec98a76ad7a796ff0e3c,2023-12,Leicestershire Police,Leicestershire Police,-1.206332,52.773458,On or near Biggin Street,E01025703,Charnwood 002D,Burglary,Investigation complete; no suspect identified,
450fc9fc20df259cf07fef74e0420a131f89963d7ce0b8eeafa251686da010b6,2023-12,Leicestershire Police,Leicestershire Police,-1.207979,52.773388,On or near Shakespeare Street,E01025703,Charnwood 002D,Burglary,Investigation complete; no suspect identified,
9ab28ba14dc97564190b207b3568614be640929713730130e1cb3ede7a95ecd2,2023-12,Leicestershire Police,Leicestershire Police,-1.208326,52.774685,On or near Bridge Street,E01025703,Charnwood 002D,Burglary,Investigation complete; no suspect identified,
96f1df0d6789a19258e57b81106c27061aecbdadc836c89a441a87228356e9ab,2023-12,Leicestershire Police,Leicestershire Police,-1.204894,52.773485,On or near Church Gate,E01025703,Charnwood 002D,Criminal damage and arson,Investigation complete; no suspect identified,
f603dcc69900b89758c04a4baabbb908b5f035b0bbe0dbe97a84d70d43297a41,2023-12,Leicestershire Police,Leicestershire Police,-1.204894,52.773485,On or near Church Gate,E01025703,Charnwood 002D,Criminal damage and arson,Investigation complete; no suspect identified,
72b82d54a9ebbc448a61f5beab8dab29903ec75943d25058347fc4188ba527a6,2023-12,Leicestershire Police,Leicestershire Police,-1.201498,52.774370,On or near B589,E01025703,Charnwood 002D,Drugs,Court result unavailable,
af553f62bf1bb810ac21a12d2f07a9d7c55bacb5cc4dab8ee0f41a84184c9dea,2023-12,Leicestershire Police,Leicestershire Police,-1.208319,52.774236,On or near Supermarket,E01025703,Charnwood 002D,Other theft,Court result unavailable,
3611821173879a4c2d8ca97ceff11ef486f4aa9ac48bcddb29b2f04842cc8d86,2023-12,Leicestershire Police,Leicestershire Police,-1.207116,52.773719,On or near Shopping Area,E01025703,Charnwood 002D,Other theft,Investigation complete; no suspect identified,
2c76c9b0ff2a96262f589348eb4a349b12e6b604a34e3e5ad2ac96f0906978d5,2023-12,Leicestershire Police,Leicestershire Police,-1.208326,52.774685,On or near Bridge Street,E01025703,Charnwood 002D,Other theft,Unable to prosecute suspect,
b9a62003f6322e03140a92c6c6e6840af3e612b88bb92776ca479a0c3e5ddf63,2023-12,Leicestershire Police,Leicestershire Police,-1.207979,52.773388,On or near Shakespeare Street,E01025703,Charnwood 002D,Other theft,Investigation complete; no suspect identified,
416805cb38661c0e68ab6438c6f82092dafcc15cf0a86c8a13dba8c2f5374259,2023-12,Leicestershire Police,Leicestershire Police,-1.207281,52.774247,On or near Shopping Area,E01025703,Charnwood 002D,Other theft,Investigation complete; no suspect identified,
1ab84052a124f9e9d05a942a6caaadbb8b1f4138d9e66ccf5e32c360fa93f34c,2023-12,Leicestershire Police,Leicestershire Police,-1.206332,52.773458,On or near Biggin Street,E01025703,Charnwood 002D,Other theft,Formal action is not in the public interest,
3225ed9df10be0d98469601118dd2529ae196452ffa39e6e81df6a0bb9ac2ea4,2023-12,Leicestershire Police,Leicestershire Police,-1.207979,52.773388,On or near Shakespeare Street,E01025703,Charnwood 002D,Other theft,Investigation complete; no suspect identified,
c149d1afdc99c16f246e844724e51057224b314556222f28d6fa274aba667b1f,2023-12,Leicestershire Police,Leicestershire Police,-1.208319,52.774236,On or near Supermarket,E01025703,Charnwood 002D,Shoplifting,Court result unavailable,
5dbf022f729ca5bd49a29b997cc10d30756adac9baa112ae4fc70637240175af,2023-12,Leicestershire Police,Leicestershire Police,-1.201498,52.774370,On or near B589,E01025703,Charnwood 002D,Shoplifting,Court result unavailable,
54d5b4bbd044a12c3b9a70718534c1fa8f46877d044b872045c0e6e8a7dd9e07,2023-12,Leicestershire Police,Leicestershire Police,-1.207281,52.774247,On or near Shopping Area,E01025703,Charnwood 002D,Shoplifting,Court result unavailable,
4bba4f393dd08924f05e61bc8a47b8b44a45bc9312f3c1de7b74d9d11a6fabaf,2023-12,Leicestershire Police,Leicestershire Police,-1.206332,52.773458,On or near Biggin Street,E01025703,Charnwood 002D,Shoplifting,Investigation complete; no suspect identified,
191f9952be2b87985cdb242a25efeff8f8461b6eab7fdd60aadb1654ef04bb25,2023-12,Leicestershire Police,Leicestershire Police,-1.208319,52.774236,On or near Supermarket,E01025703,Charnwood 002D,Shoplifting,Unable to prosecute suspect,
402abc6c60778e0709af4ab6f0ba647f4f90e494f331a1b986f42746934ec50b,2023-12,Leicestershire Police,Leicestershire Police,-1.206332,52.773458,On or near Biggin Street,E01025703,Charnwood 002D,Shoplifting,Investigation complete; no suspect identified,
54466d5009c1f6d80fd92d5798022380f31686476d578444c1ae5bf680d0e769,2023-12,Leicestershire Police,Leicestershire Police,-1.206332,52.773458,On or near Biggin Street,E01025703,Charnwood 002D,Shoplifting,Investigation complete; no suspect identified,
fb7eb92b4a29e889bde77b42e7f0d288445265f0f1cb21662294543f7683be5d,2023-12,Leicestershire Police,Leicestershire Police,-1.207281,52.774247,On or near Shopping Area,E01025703,Charnwood 002D,Shoplifting,Investigation complete; no suspect identified,
36915b2b30ce86334b61c9154daf97969d9a6fcdecefad2004f1f3e67fc2997b,2023-12,Leicestershire Police,Leicestershire Police,-1.207116,52.773719,On or near Shopping Area,E01025703,Charnwood 002D,Shoplifting,Unable to prosecute suspect,
b349d8e5b5cd2802be1286704c6bd309cf2fe33b3e0aa5c294d989e9300954ff,2023-12,Leicestershire Police,Leicestershire Police,-1.206332,52.773458,On or near Biggin Street,E01025703,Charnwood 002D,Shoplifting,Court result unavailable,
7486702abc5cbaa6ef5b38298cf30b0b1d07541d3a8e084cd3790e4efc249430,2023-12,Leicestershire Police,Leicestershire Police,-1.208319,52.774236,On or near Supermarket,E01025703,Charnwood 002D,Shoplifting,Court result unavailable,
e8f3e36ef86b58379e9d170e9aff9970c457859f55b0d2c9179d515e0e1e4ec9,2023-12,Leicestershire Police,Leicestershire Police,-1.201369,52.774899,On or near Barrack Row,E01025703,Charnwood 002D,Vehicle crime,Investigation complete; no suspect identified,
4dbe4c4d0179a08c953e1eaf1e87acff168aa80a94ac299944ca21d530e841e9,2023-12,Leicestershire Police,Leicestershire Police,-1.208319,52.774236,On or near Supermarket,E01025703,Charnwood 002D,Violence and sexual offences,Court result unavailable,
b747fe2d0f517fc632abace45de352067475954024ec37a1ddec81c0aed87780,2023-12,Leicestershire Police,Leicestershire Police,-1.204024,52.773209,On or near Lemyngton Street,E01025703,Charnwood 002D,Violence and sexual offences,Investigation complete; no suspect identified,
e2fe10721fe98c2162463e97d7287f82d78b39aada307c47170e2fa82e41b91d,2023-12,Leicestershire Police,Leicestershire Police,-1.208319,52.774236,On or near Supermarket,E01025703,Charnwood 002D,Violence and sexual offences,Investigation complete; no suspect identified,
73fb4c7cd39dc865dd7a1b5c75244e558e010fab692380ab52ce07bdc6638590,2023-12,Leicestershire Police,Leicestershire Police,-1.207180,52.776556,On or near Gladstone Street,E01025703,Charnwood 002D,Violence and sexual offences,Investigation complete; no suspect identified,
ecd4a2b670daaf7ac0c0ba45eea885a86e139388071dfd3cbceb841dc82a7234,2023-12,Leicestershire Police,Leicestershire Police,-1.207281,52.774247,On or near Shopping Area,E01025703,Charnwood 002D,Violence and sexual offences,Unable to prosecute suspect,
114927c86ab4496c865bb362387abdf419f2fae93907eaf46b7e95e662243993,2023-12,Leicestershire Police,Leicestershire Police,-1.208319,52.774236,On or near Supermarket,E01025703,Charnwood 002D,Violence and sexual offences,Unable to prosecute suspect,
4dacd49f3125c3beccb9f4aad56b1033b92639123260e24cc564df3188064dbb,2023-12,Leicestershire Police,Leicestershire Police,-1.204894,52.773485,On or near Church Gate,E01025703,Charnwood 002D,Violence and sexual offences,Unable to prosecute suspect,
8a490d8ac27d6d950367e0ffdda8bfc4099daddf31c7d8da241f17d402db7a0e,2023-12,Leicestershire Police,Leicestershire Police,-1.208319,52.774236,On or near Supermarket,E01025703,Charnwood 002D,Violence and sexual offences,Court result unavailable,
37c7fbc2ba971796d05ddf949c7bf0dffaca67ac244dcd93b6ac0b076fc7b9cd,2023-12,Leicestershire Police,Leicestershire Police,-1.206332,52.773458,On or near Biggin Street,E01025703,Charnwood 002D,Violence and sexual offences,Court result unavailable,
0d23e5ae4c0ab690b2f001c583d91b3a0ffd7f7b1f01af1bd6c2a94114e2b4e4,2023-12,Leicestershire Police,Leicestershire Police,-1.206332,52.773458,On or near Biggin Street,E01025703,Charnwood 002D,Violence and sexual offences,Court result unavailable,
e1ed91d4b7f363d0488c7704a8eb92c78ff7e4f9e46aa26eb3b1b4ab6a777a24,2023-12,Leicestershire Police,Leicestershire Police,-1.208326,52.774685,On or near Bridge Street,E01025703,Charnwood 002D,Violence and sexual offences,Unable to prosecute suspect,
,2023-12,Leicestershire Police,Leicestershire Police,-1.212388,52.775449,On or near Barnsdale Close,E01025704,Charnwood 002E,Anti-social behaviour,,
5759256635ad1981e15049c6ca6cdb41e69c7d9e6cb144335718ebcf96d81c57,2023-12,Leicestershire Police,Leicestershire Police,-1.212388,52.775449,On or near Barnsdale Close,E01025704,Charnwood 002E,Bicycle theft,Investigation complete; no suspect identified,
ec498b481757799570400189a58aceed328dab2336445adff7b316a562b532b4,2023-12,Leicestershire Police,Leicestershire Police,-1.213711,52.776096,On or near Regent Wharf Place,E01025704,Charnwood 002E,Bicycle theft,Investigation complete; no suspect identified,
0f4b4a72fb6ce3140179bb37518fbc346e8a7a684b78d81c71c030eda79f6b0c,2023-12,Leicestershire Police,Leicestershire Police,-1.212388,52.775449,On or near Barnsdale Close,E01025704,Charnwood 002E,Bicycle theft,Investigation complete; no suspect identified,
2170f42528dc1f32842dde8c763221a5cba1ffbd3473ce851a532414d78c92b1,2023-12,Leicestershire Police,Leicestershire Police,-1.228831,52.785365,On or near Cotton Way,E01025704,Charnwood 002E,Burglary,Investigation complete; no suspect identified,
3faa21f6d8d7cd585c9905f80a6aa7ef4d9e12b59c278a3c5803055b44185313,2023-12,Leicestershire Police,Leicestershire Police,-1.211565,52.780829,On or near Prince William Road,E01025704,Charnwood 002E,Burglary,Investigation complete; no suspect identified,
04d01c3a30f6e4ce7ae9a81e013cc0f6f648f948563fb3d584d02cf8e55c20b2,2023-12,Leicestershire Police,Leicestershire Police,-1.211565,52.780829,On or near Prince William Road,E01025704,Charnwood 002E,Burglary,Investigation complete; no suspect identified,
f265ee007532a1862ccf9cbe884f10355e7b4bb04f37aedff90bcc77e5d8bc46,2023-12,Leicestershire Police,Leicestershire Police,-1.220957,52.780414,On or near Racecourse Mews,E01025704,Charnwood 002E,Criminal damage and arson,Investigation complete; no suspect identified,
91c8506fd17f6722e16286552d012ac869d8ee91333eb42d4770a59b0a1cec73,2023-12,Leicestershire Police,Leicestershire Police,-1.213711,52.776096,On or near Regent Wharf Place,E01025704,Charnwood 002E,Other theft,Investigation complete; no suspect identified,
d06893350f6445d7e61b951760f7ecf394a225620a4e7b26c19f1ff0a4d8e70a,2023-12,Leicestershire Police,Leicestershire Police,-1.220273,52.787188,On or near Summerpool Road,E01025704,Charnwood 002E,Other theft,Investigation complete; no suspect identified,
52e0c4dd2cc1fc85bb496f6743554bf106e1df187af4356987c1e61e0f7b5ba5,2023-12,Leicestershire Police,Leicestershire Police,-1.220957,52.780414,On or near Racecourse Mews,E01025704,Charnwood 002E,Other theft,Unable to prosecute suspect,
a9953b062a5cf4edaef1b41e715b01c12dc3772fad321e37a98013416fe896b5,2023-12,Leicestershire Police,Leicestershire Police,-1.220957,52.780414,On or near Racecourse Mews,E01025704,Charnwood 002E,Public order,Unable to prosecute suspect,
68a5282813a2ee902a0c11665c34665e638a749d264448f285968490b7b3ae2d,2023-12,Leicestershire Police,Leicestershire Police,-1.228831,52.785365,On or near Cotton Way,E01025704,Charnwood 002E,Shoplifting,Investigation complete; no suspect identified,
accab4f62bea41f2405b4a1405eb433d2be997d39c8a310b097d290f0e453b92,2023-12,Leicestershire Police,Leicestershire Police,-1.212661,52.778409,On or near Chainbridge Close,E01025704,Charnwood 002E,Vehicle crime,Investigation complete; no suspect identified,
f7bcbb70f5a384c93bc3a9af5a1c28e2a08f5fe2c15e773bbd98658049aa5afe,2023-12,Leicestershire Police,Leicestershire Police,-1.220273,52.787188,On or near Summerpool Road,E01025704,Charnwood 002E,Violence and sexual offences,Unable to prosecute suspect,
ec00c79d3e327a3fafb1265c4d6606b97efa42af64139b9436f88241c5acbc6e,2023-12,Leicestershire Police,Leicestershire Police,-1.218659,52.780435,On or near Holmfield Avenue,E01025704,Charnwood 002E,Violence and sexual offences,Unable to prosecute suspect,
506c053549640829fd1be6663fb82634a40ed0da1fdd52f8f186b2a3ce00932b,2023-12,Leicestershire Police,Leicestershire Police,-1.211707,52.779508,On or near Petrol Station,E01025704,Charnwood 002E,Violence and sexual offences,Unable to prosecute suspect,
121bebc9d2dcf99d9fc3519dd343e202d1410aa76b57eae6054baa599b5c07e4,2023-12,Leicestershire Police,Leicestershire Police,-1.220957,52.780414,On or near Racecourse Mews,E01025704,Charnwood 002E,Violence and sexual offences,Unable to prosecute suspect,
d8519b39fad8256884406a0c33add3f29c30cf081a745ac3f8632f90c2b115b7,2023-12,Leicestershire Police,Leicestershire Police,-1.220957,52.780414,On or near Racecourse Mews,E01025704,Charnwood 002E,Violence and sexual offences,Unable to prosecute suspect,
77519978d2eebf0f6c665b8b8f13e7d1e36f12a1eb76eca1c87de05a033c0425,2023-12,Leicestershire Police,Leicestershire Police,-1.199249,52.779793,On or near Thomas Cook Place,E01025705,Charnwood 002F,Violence and sexual offences,Investigation complete; no suspect identified,
e0cab06d0cfd5e317e9ffbe93ad600f690ca98ee07f345d5320b5788d3e8a33d,2023-12,Leicestershire Police,Leicestershire Police,-1.198035,52.779659,On or near Station Boulevard,E01025705,Charnwood 002F,Other crime,Action to be taken by another organisation,
,2023-12,Leicestershire Police,Leicestershire Police,-1.199466,52.778446,On or near Ratcliffe Road,E01025705,Charnwood 002F,Anti-social behaviour,,
,2023-12,Leicestershire Police,Leicestershire Police,-1.196125,52.778729,On or near Loughborough,E01025705,Charnwood 002F,Anti-social behaviour,,
,2023-12,Leicestershire Police,Leicestershire Police,-1.198091,52.776621,On or near Whitegate,E01025705,Charnwood 002F,Anti-social behaviour,,
565b2b84127c56d09a28e4c2aea8dcbb386f164036ca3f622c1f869273f69df6,2023-12,Leicestershire Police,Leicestershire Police,-1.199249,52.779793,On or near Thomas Cook Place,E01025705,Charnwood 002F,Criminal damage and arson,Investigation complete; no suspect identified,
2153bf5a24d8190d74576fe481b555abe8a799a5fc5a4a4510e929fa6240f55a,2023-12,Leicestershire Police,Leicestershire Police,-1.197546,52.777256,On or near Towpath Close,E01025705,Charnwood 002F,Criminal damage and arson,Investigation complete; no suspect identified,
165ba581243f7af19e0d264ba95e7bde3f788d6851fe1f33e08538e4b3b1168d,2023-12,Leicestershire Police,Leicestershire Police,-1.198969,52.778857,On or near Burder Street,E01025705,Charnwood 002F,Criminal damage and arson,Investigation complete; no suspect identified,
f95a973adb1abef87c48f2797c887bfc0cf2c93ce9fade627728bc3234590b1a,2023-12,Leicestershire Police,Leicestershire Police,-1.197546,52.777256,On or near Towpath Close,E01025705,Charnwood 002F,Criminal damage and arson,Local resolution,
6a09845aba434d1eb4b511b08473779c3fca9c387f866992ed3f73e9b54c591a,2023-12,Leicestershire Police,Leicestershire Police,-1.196125,52.778729,On or near Loughborough,E01025705,Charnwood 002F,Public order,Unable to prosecute suspect,
94223676c5c9a8f03dfdd0448854f936b22fcca0c625c6002a42663ddfaffb22,2023-12,Leicestershire Police,Leicestershire Police,-1.199466,52.778446,On or near Ratcliffe Road,E01025705,Charnwood 002F,Violence and sexual offences,Unable to prosecute suspect,
0d7bd61c0c8785ec13e731814c94dcc358cea3c2f51fedd0444d32d3b7902270,2023-12,Leicestershire Police,Leicestershire Police,-1.204363,52.775728,On or near Rectory Road,E01025705,Charnwood 002F,Violence and sexual offences,Unable to prosecute suspect,
8d96b86e49ce917f5fb3bdd163668427b3ce0a679b9c9780eae88a65d7f429d0,2023-12,Leicestershire Police,Leicestershire Police,-1.199249,52.779793,On or near Thomas Cook Place,E01025705,Charnwood 002F,Violence and sexual offences,Action to be taken by another organisation,
bd28c17b5aa28b0a6f63ab516d5420454bd037ab01667dbb5528b63b3ac2cbc1,2023-12,Leicestershire Police,Leicestershire Police,-1.200903,52.778492,On or near Cartwright Street,E01025705,Charnwood 002F,Violence and sexual offences,Unable to prosecute suspect,
1e722ebfd74c79a5f2919acfc07993bacc42b6f0fbb002848509b3217799eaf1,2023-12,Leicestershire Police,Leicestershire Police,-1.198035,52.779659,On or near Station Boulevard,E01025705,Charnwood 002F,Violence and sexual offences,Unable to prosecute suspect,
fb59ade48d3ebf6009d0309cecf92bde07add72df3b2b5f1b99e6044899fcb6b,2023-12,Leicestershire Police,Leicestershire Police,-1.197546,52.777256,On or near Towpath Close,E01025705,Charnwood 002F,Violence and sexual offences,Unable to prosecute suspect,
0aad3d9c69ac452d0fd87b4bae4a8f8ed229fd49dfe60ee8602e5d0db1bf5176,2023-12,Leicestershire Police,Leicestershire Police,-1.202161,52.781890,On or near Engineers Court,E01025706,Charnwood 002G,Vehicle crime,Investigation complete; no suspect identified,
6cafba2a0debdf72a7775bc7e9af1512820d58ce30cdf1b5ec78b4d24f40ccf5,2023-12,Leicestershire Police,Leicestershire Police,-1.202453,52.778889,On or near Waterside Close,E01025706,Charnwood 002G,Violence and sexual offences,Unable to prosecute suspect,
fb81dd899a3680a9047d7d7e3bb191002c0e1c400662b1ed5d2a3dd8766ccb5e,2023-12,Leicestershire Police,Leicestershire Police,-1.206123,52.781682,On or near Normanton Drive,E01025706,Charnwood 002G,Violence and sexual offences,Unable to prosecute suspect,
647a5e64383d0cdc3e4b35ce602b79a460dcc64fa0a766217071d48d762652b2,2023-12,Leicestershire Police,Leicestershire Police,-1.203788,52.777999,On or near Rendell Street,E01025706,Charnwood 002G,Violence and sexual offences,Awaiting court outcome,
,2023-12,Leicestershire Police,Leicestershire Police,-1.206944,52.780537,On or near Deer Acre,E01025706,Charnwood 002G,Anti-social behaviour,,
ba79b3a8d46c0d980826242de521cc95e9b7d04b73a452a7a01ccef85b4e731a,2023-12,Leicestershire Police,Leicestershire Police,-1.212021,52.783502,On or near Monarch Way,E01025706,Charnwood 002G,Burglary,Investigation complete; no suspect identified,
339eefce9edcdc78b4b74c5adedecbab34fb040c0cfcfe3498c03c7328af1f6d,2023-12,Leicestershire Police,Leicestershire Police,-1.201328,52.783655,On or near Meadow Lane,E01025706,Charnwood 002G,Burglary,Investigation complete; no suspect identified,
0a34d37c3b66d7d3274132848183b7de0553c6f0025ba1ec3ded955e4b8e8d35,2023-12,Leicestershire Police,Leicestershire Police,-1.201814,52.779793,On or near Meadow Lane,E01025706,Charnwood 002G,Criminal damage and arson,Investigation complete; no suspect identified,
ef5c9c27ab5b3d3144fed44ab33e3da0c303612992c383629cc6544f7bcd0c25,2023-12,Leicestershire Police,Leicestershire Police,-1.205902,52.779991,On or near Churchlands,E01025706,Charnwood 002G,Criminal damage and arson,Unable to prosecute suspect,
18cc5db810bd84423cff48a09bdb6ae14dc1b944ea4e58695072b08e869b0929,2023-12,Leicestershire Police,Leicestershire Police,-1.207011,52.782560,On or near Brush Drive,E01025706,Charnwood 002G,Other theft,Investigation complete; no suspect identified,
977575f741ffaf2541283e03ee5eae214c569ce9ad7b5ca0d1e394ad5c90b6d7,2023-12,Leicestershire Police,Leicestershire Police,-1.202453,52.778889,On or near Waterside Close,E01025706,Charnwood 002G,Robbery,Unable to prosecute suspect,
91e647bc7bb9499ea6ebf4d94b2d15e014bd33da5a52835bc028ea1334d9bf13,2023-12,Leicestershire Police,Leicestershire Police,-1.205333,52.779484,On or near Fox Covert,E01025706,Charnwood 002G,Vehicle crime,Investigation complete; no suspect identified,
d99eed7f4e5b58fa50f47a7ae7f8cd4c2050e0cfac0ea1c8a06a41dd57c7dfe8,2023-12,Leicestershire Police,Leicestershire Police,-1.206944,52.780537,On or near Deer Acre,E01025706,Charnwood 002G,Violence and sexual offences,Unable to prosecute suspect,
eccfe84955666abe03be955f08e0acb94cf53795ce530f81a4ba8ef829032527,2023-12,Leicestershire Police,Leicestershire Police,-1.201814,52.779793,On or near Meadow Lane,E01025706,Charnwood 002G,Violence and sexual offences,Unable to prosecute suspect,
c414ea4582a905a537f3675361cb534f7c7e99a5a69438cac82c51543d3432e3,2023-12,Leicestershire Police,Leicestershire Police,-1.205333,52.779484,On or near Fox Covert,E01025706,Charnwood 002G,Violence and sexual offences,Unable to prosecute suspect,
e3516d8defc49275be23ccfde1990ba7778e3f73b156d2133c755fb2edbf977f,2023-12,Leicestershire Police,Leicestershire Police,-1.203286,52.780333,On or near Meadow Avenue,E01025706,Charnwood 002G,Violence and sexual offences,Unable to prosecute suspect,
fc0a3b519da400aa19d84f31d7a9d4b4511f19cdbe35d36653899c47b72992b1,2023-12,Leicestershire Police,Leicestershire Police,-1.206887,52.772275,On or near Swan Street,E01025720,Charnwood 003A,Bicycle theft,Court result unavailable,
607516125584264dd8a8d9efaf805c2660db40e560ea15b780645f237b0f9f9e,2023-12,Leicestershire Police,Leicestershire Police,-1.211784,52.771130,On or near Heathcoat Street,E01025720,Charnwood 003A,Burglary,Investigation complete; no suspect identified,
fea43d3de1c8a35741a29fb22cdc00c6a53f602593490bf08964770cb9c52ffb,2023-12,Leicestershire Police,Leicestershire Police,-1.209047,52.772487,On or near Orchard Street,E01025720,Charnwood 003A,Burglary,Investigation complete; no suspect identified,
64c2167cfcba7d22e43775b352e0444b11ed28a934e53f0bef9308453c89e8f1,2023-12,Leicestershire Police,Leicestershire Police,-1.209430,52.773461,On or near The Rushes,E01025720,Charnwood 003A,Criminal damage and arson,Offender given a caution,
f53f4f365179ed733ba77470235be5f278f14486f6023d110f5568ccc90c88d9,2023-12,Leicestershire Police,Leicestershire Police,-1.211682,52.772676,On or near Petrol Station,E01025720,Charnwood 003A,Criminal damage and arson,Investigation complete; no suspect identified,
44a07e1194f64d679005a162c640b3df3e4e7d3e64c3f937bb81899325681c14,2023-12,Leicestershire Police,Leicestershire Police,-1.206887,52.772275,On or near Swan Street,E01025720,Charnwood 003A,Drugs,Court result unavailable,
069835f84232a1c457121616c40455ad79b249d8a0a1a7abf3495cdf2424eb85,2023-12,Leicestershire Police,Leicestershire Police,-1.206764,52.771516,On or near Shopping Area,E01025720,Charnwood 003A,Robbery,Court result unavailable,
1a64c94ca07038baca1dc09390c4b7ca7374fd211b3d89f2001fa593c2915668,2023-12,Leicestershire Police,Leicestershire Police,-1.206472,52.771445,On or near Market Place,E01025720,Charnwood 003A,Robbery,Court result unavailable,
be411b172c7ad4f74042ba6f5a16d2c7c550269a3afe0b6b940e382ecd16d649,2023-12,Leicestershire Police,Leicestershire Police,-1.209430,52.773461,On or near The Rushes,E01025720,Charnwood 003A,Violence and sexual offences,Awaiting court outcome,
3adb0b702323c250be35235137d6c3e67d5c4e4a31f3ef8a6c1f21c352c2ae61,2023-12,Leicestershire Police,Leicestershire Police,-1.206887,52.772275,On or near Swan Street,E01025720,Charnwood 003A,Violence and sexual offences,Court result unavailable,
,2023-12,Leicestershire Police,Leicestershire Police,-1.209430,52.773461,On or near The Rushes,E01025720,Charnwood 003A,Anti-social behaviour,,
,2023-12,Leicestershire Police,Leicestershire Police,-1.206472,52.771445,On or near Market Place,E01025720,Charnwood 003A,Anti-social behaviour,,
,2023-12,Leicestershire Police,Leicestershire Police,-1.205065,52.771373,On or near High Street,E01025720,Charnwood 003A,Anti-social behaviour,,
,2023-12,Leicestershire Police,Leicestershire Police,-1.206887,52.772275,On or near Swan Street,E01025720,Charnwood 003A,Anti-social behaviour,,
7c3b07543700ab674521f4148de200d17ebba1551c8f3c96c77f8ee27cf9907e,2023-12,Leicestershire Police,Leicestershire Police,-1.220328,52.767492,On or near Further/Higher Educational Building,E01025720,Charnwood 003A,Bicycle theft,Investigation complete; no suspect identified,
5d05544d1f47fc218c807ab034cd47bf0467f8848868fb70be95b0cfaa64ca30,2023-12,Leicestershire Police,Leicestershire Police,-1.208022,52.770970,On or near Parking Area,E01025720,Charnwood 003A,Burglary,Court result unavailable,
8455a00f5264663d841d9b4c7f4035b856f475e7ec689787bfc36aa5bdff336d,2023-12,Leicestershire Police,Leicestershire Police,-1.211316,52.771604,On or near Caldwell Street,E01025720,Charnwood 003A,Burglary,Investigation complete; no suspect identified,
5ad0da75f4e971a676d7e48c770b70cee1f286a3c2644b9d13bee9ef1a013575,2023-12,Leicestershire Police,Leicestershire Police,-1.209753,52.767053,On or near B5350,E01025720,Charnwood 003A,Burglary,Investigation complete; no suspect identified,
16d163c7ca3844703f2c174ee75104f8ce8e4a719dc8908da3d33c2ec61975b6,2023-12,Leicestershire Police,Leicestershire Police,-1.209047,52.772487,On or near Orchard Street,E01025720,Charnwood 003A,Criminal damage and arson,Local resolution,
efc6fc8a3673e3fe24913e65687d653cf0a5c3e4485d4d0312806e9461d4c033,2023-12,Leicestershire Police,Leicestershire Police,-1.206363,52.770846,On or near Theatre/Concert Hall,E01025720,Charnwood 003A,Criminal damage and arson,Investigation complete; no suspect identified,
2437d8f35ff8cd0fbbcbd254db41009f8be7c490e7ad3ceb96669d464136b3bf,2023-12,Leicestershire Police,Leicestershire Police,-1.209304,52.772220,On or near Ashby Square,E01025720,Charnwood 003A,Criminal damage and arson,Investigation complete; no suspect identified,
f73af7fa9496301b093227b79d5d25c2b2f4b7d1be26e98f8e2f4b2044c238db,2023-12,Leicestershire Police,Leicestershire Police,-1.206472,52.771445,On or near Market Place,E01025720,Charnwood 003A,Criminal damage and arson,Investigation complete; no suspect identified,
bf75631e25ba70dc906ad3478a35845fb8ee2fdd9a3c03467f9f279b11712500,2023-12,Leicestershire Police,Leicestershire Police,-1.208442,52.771540,On or near Market Street,E01025720,Charnwood 003A,Criminal damage and arson,Court result unavailable,
78b13e2a72bb5c0ff37b7ef990c712ede4f4c978a5c7c6194339b2c6dd132bb7,2023-12,Leicestershire Police,Leicestershire Police,-1.207261,52.767172,On or near Garton Road,E01025720,Charnwood 003A,Criminal damage and arson,Investigation complete; no suspect identified,
6030312dee7c59a2f23053674e885d65867ba55144c3c258472285f441b3b205,2023-12,Leicestershire Police,Leicestershire Police,-1.209047,52.772487,On or near Orchard Street,E01025720,Charnwood 003A,Drugs,Local resolution,
208afbf32a2187159db8567946b507f07de31c86ae1687af0ded15e59b251382,2023-12,Leicestershire Police,Leicestershire Police,-1.206887,52.772275,On or near Swan Street,E01025720,Charnwood 003A,Drugs,Local resolution,
ad735df190fa12f455768208652eb78d2664d3d2e9a3bc431e640d0628b35128,2023-12,Leicestershire Police,Leicestershire Police,-1.209430,52.773461,On or near The Rushes,E01025720,Charnwood 003A,Other theft,Investigation complete; no suspect identified,
1258960aaf3206a459133846f4e1b79ad64477b787d8e0fcf558a82f1c8df6e5,2023-12,Leicestershire Police,Leicestershire Police,-1.210038,52.768548,On or near Browns Lane,E01025720,Charnwood 003A,Other theft,Investigation complete; no suspect identified,
14dcc2e96533e50f28d463352a06c93ca4711a0245406a278a503731d7230895,2023-12,Leicestershire Police,Leicestershire Police,-1.206887,52.772275,On or near Swan Street,E01025720,Charnwood 003A,Other theft,Investigation complete; no suspect identified,
6b5a7d3ee559bd9aebdf1132f1bf7e0a877509c31b59264c643c1aafbaff6621,2023-12,Leicestershire Police,Leicestershire Police,-1.208442,52.771540,On or near Market Street,E01025720,Charnwood 003A,Other theft,Investigation complete; no suspect identified,
27d58d5aef6e4a3eb8f1af1939c6317bc6edd91564ce8be5872c4202f6d56704,2023-12,Leicestershire Police,Leicestershire Police,-1.206764,52.771516,On or near Shopping Area,E01025720,Charnwood 003A,Other theft,Investigation complete; no suspect identified,
bc88f08e3ffcd8a30758e312d2e6044428ef6cb1bf8fa33c9f63347e029a527a,2023-12,Leicestershire Police,Leicestershire Police,-1.206887,52.772275,On or near Swan Street,E01025720,Charnwood 003A,Other theft,Investigation complete; no suspect identified,
1f64e6df840f17bf9263d0d216af008384da9b3b9f37058e8c1514b903279869,2023-12,Leicestershire Police,Leicestershire Police,-1.206472,52.771445,On or near Market Place,E01025720,Charnwood 003A,Other theft,Investigation complete; no suspect identified,
d44e84f819879a21feb6a5e05a31ca44f6d290d17ca406b463cae8faad324736,2023-12,Leicestershire Police,Leicestershire Police,-1.215887,52.767175,On or near Adam Dale,E01025720,Charnwood 003A,Other theft,Investigation complete; no suspect identified,
74e50d497d7309386b0a6135614abaa12078d54eeeb81164e85607867f208d5d,2023-12,Leicestershire Police,Leicestershire Police,-1.216508,52.765642,On or near Kingfisher Way,E01025720,Charnwood 003A,Possession of weapons,Unable to prosecute suspect,
fe5a93f8c46c891bfdc3a93e69ccf7050d1aaa76eced0572c5c4cbf039c68f6d,2023-12,Leicestershire Police,Leicestershire Police,-1.206887,52.772275,On or near Swan Street,E01025720,Charnwood 003A,Public order,Investigation complete; no suspect identified,
7fa0deb413546c8e3ac09f562b84d9ec64ef14ef00ef2b3193cf3c36c8032803,2023-12,Leicestershire Police,Leicestershire Police,-1.206887,52.772275,On or near Swan Street,E01025720,Charnwood 003A,Public order,Investigation complete; no suspect identified,
808d225092120b2bef17e0ad33c2b9dfa926704a08c078fdac9ea2abe7221fb6,2023-12,Leicestershire Police,Leicestershire Police,-1.211682,52.772676,On or near Petrol Station,E01025720,Charnwood 003A,Public order,Unable to prosecute suspect,
27074e67ef77e8d3856da40f29117d02acb4fc53678bdf9b488f368e4833eb5d,2023-12,Leicestershire Police,Leicestershire Police,-1.206887,52.772275,On or near Swan Street,E01025720,Charnwood 003A,Public order,Court result unavailable,
576e85ebc90333dc258e0ce23a644c9106994d341599ec5c6f41564552c1c11f,2023-12,Leicestershire Police,Leicestershire Police,-1.211682,52.772676,On or near Petrol Station,E01025720,Charnwood 003A,Public order,Investigation complete; no suspect identified,
04daf7ab835a4b9ef51ec4198170ade39e870509f34800a5d1d6a016a8409114,2023-12,Leicestershire Police,Leicestershire Police,-1.206887,52.772275,On or near Swan Street,E01025720,Charnwood 003A,Public order,Unable to prosecute suspect,
e2775c16db5b1077db7017f69d7d3f404ffbd15dfadef67e9339e359806e2b4c,2023-12,Leicestershire Police,Leicestershire Police,-1.211682,52.772676,On or near Petrol Station,E01025720,Charnwood 003A,Public order,Investigation complete; no suspect identified,
2eb7757507b12069a9906263381df39b348a548cbd2c9774560b32e3101f111a,2023-12,Leicestershire Police,Leicestershire Police,-1.209304,52.772220,On or near Ashby Square,E01025720,Charnwood 003A,Robbery,Investigation complete; no suspect identified,
2f8e62d246db71ddb8609f0e2c534f26233ccf75ab9d344ec3b16e6449c0d6a4,2023-12,Leicestershire Police,Leicestershire Police,-1.208022,52.770970,On or near Parking Area,E01025720,Charnwood 003A,Shoplifting,Unable to prosecute suspect,
48beab067d830db6889fcec3f721079a7bbed02f3b33a99dc939653c4eea703c,2023-12,Leicestershire Police,Leicestershire Police,-1.208022,52.770970,On or near Parking Area,E01025720,Charnwood 003A,Shoplifting,Court result unavailable,
4afa0c33932ab047dbd2eca87a41214668faca47adfe20df5926d513dbef824a,2023-12,Leicestershire Police,Leicestershire Police,-1.206363,52.770846,On or near Theatre/Concert Hall,E01025720,Charnwood 003A,Shoplifting,Investigation complete; no suspect identified,
a6b29e3c3ae43a5168366800ab6c38ffcc05076e6ce7c4950a18c67efffb69ba,2023-12,Leicestershire Police,Leicestershire Police,-1.211682,52.772676,On or near Petrol Station,E01025720,Charnwood 003A,Shoplifting,Unable to prosecute suspect,
fb4b38058677e5f591366e13ec4e16edc5c108452864ea6109f9f32025d49c79,2023-12,Leicestershire Police,Leicestershire Police,-1.206764,52.771516,On or near Shopping Area,E01025720,Charnwood 003A,Shoplifting,Investigation complete; no suspect identified,
1830e30057634e3292b99d6b5fd8e0504ac5b3459b7a68abb5139cdf5ed5fa0b,2023-12,Leicestershire Police,Leicestershire Police,-1.208442,52.771540,On or near Market Street,E01025720,Charnwood 003A,Shoplifting,Investigation complete; no suspect identified,
5f9f5825e0c5121ee3ca3b365b2b6dbf3cee709180a91bb80cf5a04d4675a454,2023-12,Leicestershire Police,Leicestershire Police,-1.206363,52.770846,On or near Theatre/Concert Hall,E01025720,Charnwood 003A,Theft from the person,Investigation complete; no suspect identified,
a5100a88be02ffb6a4ef7b8ed0c749422d9ca0b3144fc057b70fd26d7af318a1,2023-12,Leicestershire Police,Leicestershire Police,-1.214863,52.768912,On or near Burfield Avenue,E01025720,Charnwood 003A,Vehicle crime,Investigation complete; no suspect identified,
0e527ec9e84f4101c331a5d5b495ca8dd244c8362f9cfb762f896f6c71297c94,2023-12,Leicestershire Police,Leicestershire Police,-1.209430,52.773461,On or near The Rushes,E01025720,Charnwood 003A,Vehicle crime,Investigation complete; no suspect identified,
4487a2b1057fe55e0a4dd6163ef40a59e6f391c79bd8b3e20eba312588682918,2023-12,Leicestershire Police,Leicestershire Police,-1.207554,52.768216,On or near Bedford Street,E01025720,Charnwood 003A,Vehicle crime,Investigation complete; no suspect identified,
8194839f608fb4e9514fabfdb01a2e0be8ed7b958e6459dfbd4b26e854123dee,2023-12,Leicestershire Police,Leicestershire Police,-1.214863,52.768912,On or near Burfield Avenue,E01025720,Charnwood 003A,Vehicle crime,Investigation complete; no suspect identified,
12b96c2488a41a445ef57e011b06f9bab8f75019632dfa7b38ecf79fa7fcd0ce,2023-12,Leicestershire Police,Leicestershire Police,-1.210490,52.772200,On or near A5125,E01025720,Charnwood 003A,Violence and sexual offences,Court result unavailable,
5d3751a9f16a178fab6baccf81e12f45425c372cb09f0c2763785664070b2aa4,2023-12,Leicestershire Police,Leicestershire Police,-1.206887,52.772275,On or near Swan Street,E01025720,Charnwood 003A,Violence and sexual offences,Unable to prosecute suspect,
18c4bc801d78d8cb1a1d3b68b93472df4a734e02373ecfd7a257f44268bc58cf,2023-12,Leicestershire Police,Leicestershire Police,-1.208668,52.771504,On or near Shopping Area,E01025720,Charnwood 003A,Violence and sexual offences,Investigation complete; no suspect identified,
2b0bbed8babfc61df4528f77e0e852886300d2a33c17cb061244dea2ce325108,2023-12,Leicestershire Police,Leicestershire Police,-1.206887,52.772275,On or near Swan Street,E01025720,Charnwood 003A,Violence and sexual offences,Unable to prosecute suspect,
fe00c2babc356b5e7285455c0e717d3e7e1d6da8a3f000159be8e477614bf0f9,2023-12,Leicestershire Police,Leicestershire Police,-1.210490,52.772200,On or near A5125,E01025720,Charnwood 003A,Violence and sexual offences,Court result unavailable,
902ff77463e97c4ac202e35ebce16f98101c780d811e11e7b24ff1b04c11d66a,2023-12,Leicestershire Police,Leicestershire Police,-1.209619,52.772860,On or near Greenclose Lane,E01025720,Charnwood 003A,Violence and sexual offences,Unable to prosecute suspect,
1e8e21b9768fe91a402b931bc20887ebb423572b93f498a2ddff4a6f559978d0,2023-12,Leicestershire Police,Leicestershire Police,-1.209430,52.773461,On or near The Rushes,E01025720,Charnwood 003A,Violence and sexual offences,Investigation complete; no suspect identified,
32d4b16be6b7c37e13c1ba2bec7dc6be1903c0b3bc2923f4cd3b579e78b5efd5,2023-12,Leicestershire Police,Leicestershire Police,-1.209047,52.772487,On or near Orchard Street,E01025720,Charnwood 003A,Violence and sexual offences,Local resolution,
147d409871567cc4926e8e36401acbc5c59cf5f845c4070b7e24f2a308087e3a,2023-12,Leicestershire Police,Leicestershire Police,-1.206887,52.772275,On or near Swan Street,E01025720,Charnwood 003A,Violence and sexual offences,Formal action is not in the public interest,
e433852982f0cbcd5143b05779743269d1dcdf4691bda8f5a29cb1d8576032aa,2023-12,Leicestershire Police,Leicestershire Police,-1.206472,52.771445,On or near Market Place,E01025720,Charnwood 003A,Violence and sexual offences,Investigation complete; no suspect identified,
ab92f62328297603b65519977f4bf6d41bc957b66e1066e1d96cf3dac5cab90a,2023-12,Leicestershire Police,Leicestershire Police,-1.206887,52.772275,On or near Swan Street,E01025720,Charnwood 003A,Violence and sexual offences,Investigation complete; no suspect identified,
0681ff81c79ad06a6511154add6842660c7f84e0cc37f9862a3dd6f29f38429b,2023-12,Leicestershire Police,Leicestershire Police,-1.209619,52.772860,On or near Greenclose Lane,E01025720,Charnwood 003A,Violence and sexual offences,Investigation complete; no suspect identified,
18438cc89ec523384fba99ab3c624592185caa840f2f1e2feaa31c2e9b3cf85c,2023-12,Leicestershire Police,Leicestershire Police,-1.214863,52.768912,On or near Burfield Avenue,E01025720,Charnwood 003A,Violence and sexual offences,Unable to prosecute suspect,
75571767ea7e4bbf5e3a1bb4b9920a5fd436c20caaacf071fdf5e4ef46c9d5b6,2023-12,Leicestershire Police,Leicestershire Police,-1.208022,52.770970,On or near Parking Area,E01025720,Charnwood 003A,Violence and sexual offences,Court result unavailable,
11340887b365803f4b957ef13c8df472649e8d09afd7b7908954d4f46a357857,2023-12,Leicestershire Police,Leicestershire Police,-1.209047,52.772487,On or near Orchard Street,E01025720,Charnwood 003A,Violence and sexual offences,Unable to prosecute suspect,
4e26499f51a42e4e8d2419b792bfc2ae42f11dc4f41afb382354742f80d645ed,2023-12,Leicestershire Police,Leicestershire Police,-1.208022,52.770970,On or near Parking Area,E01025720,Charnwood 003A,Violence and sexual offences,Unable to prosecute suspect,
35424d33733f078b48aa1201c617259b7813fc0992085aef7416804a85638ec1,2023-12,Leicestershire Police,Leicestershire Police,-1.209430,52.773461,On or near The Rushes,E01025720,Charnwood 003A,Violence and sexual offences,Investigation complete; no suspect identified,
c78fe327832310351a5be186664c7e3eafa4905d2b7f45971d51f9a4dd740b46,2023-12,Leicestershire Police,Leicestershire Police,-1.209430,52.773461,On or near The Rushes,E01025720,Charnwood 003A,Violence and sexual offences,Unable to prosecute suspect,
f0a842cdc4e4aa89166de16fb0621ba3c54ec0f8bdbfdd1a77d46a08465a6aca,2023-12,Leicestershire Police,Leicestershire Police,-1.209304,52.772220,On or near Ashby Square,E01025720,Charnwood 003A,Violence and sexual offences,Investigation complete; no suspect identified,
258fd8944d40047767afd6e40114632a2eedf38d3b6d46b047cecb553b2cb0ef,2023-12,Leicestershire Police,Leicestershire Police,-1.211316,52.771604,On or near Caldwell Street,E01025720,Charnwood 003A,Violence and sexual offences,Unable to prosecute suspect,
de3d7f9590b0b5cda4978102952357ccdc4ac744d9353351dda13a5493d22db6,2023-12,Leicestershire Police,Leicestershire Police,-1.206472,52.771445,On or near Market Place,E01025720,Charnwood 003A,Violence and sexual offences,Unable to prosecute suspect,
f40827888287971d1ea64501b7098e1d46d83df1c1db4bfcc98f003d2df94886,2023-12,Leicestershire Police,Leicestershire Police,-1.209430,52.773461,On or near The Rushes,E01025720,Charnwood 003A,Violence and sexual offences,Local resolution,
1b08eb047ff9cb2bcdd33d9b9c7ffa15eff153b5ad3176dd39e032db94fe0f25,2023-12,Leicestershire Police,Leicestershire Police,-1.211682,52.772676,On or near Petrol Station,E01025720,Charnwood 003A,Violence and sexual offences,Investigation complete; no suspect identified,
420b2874c8b79debd74b6171a447f7457a2a9c6d4d9e7494fb224438e9837d22,2023-12,Leicestershire Police,Leicestershire Police,-1.210490,52.772200,On or near A5125,E01025720,Charnwood 003A,Violence and sexual offences,Local resolution,
83d3d1a5eb36b310a07c62fafb22a20eeb9ea0d1d76864ff8eac23e2a360503a,2023-12,Leicestershire Police,Leicestershire Police,-1.206887,52.772275,On or near Swan Street,E01025720,Charnwood 003A,Violence and sexual offences,Unable to prosecute suspect,
4546549601fdc2a889ac00f210992d1935a554ca511ed4c022879503f62decb5,2023-12,Leicestershire Police,Leicestershire Police,-1.206887,52.772275,On or near Swan Street,E01025720,Charnwood 003A,Violence and sexual offences,Investigation complete; no suspect identified,
8fe73fa48a0efee9bfecd042b9b219ddd5b6a365b0cf8b7ab2ce8d864081ad93,2023-12,Leicestershire Police,Leicestershire Police,-1.206887,52.772275,On or near Swan Street,E01025720,Charnwood 003A,Violence and sexual offences,Unable to prosecute suspect,
2df153b70070f097e995a02b484c02b1153e589d3257a18b15a19d5ba38c334d,2023-12,Leicestershire Police,Leicestershire Police,-1.218253,52.769220,On or near Further/Higher Educational Building,E01025721,Charnwood 003B,Robbery,Investigation complete; no suspect identified,
dd734a83f8718a81d2a1b40729e29bcbd0b88e4897bd449dc9c3747b0f52aecb,2023-12,Leicestershire Police,Leicestershire Police,-1.220730,52.768223,On or near Further/Higher Educational Building,E01025721,Charnwood 003B,Vehicle crime,Investigation complete; no suspect identified,
b678f212dc1cb0e0f8cf73e85e7c42b1eba398a145c78042b64b39243d0df15d,2023-12,Leicestershire Police,Leicestershire Police,-1.219784,52.770545,On or near Brockington Place,E01025721,Charnwood 003B,Violence and sexual offences,Investigation complete; no suspect identified,
e20f9f3027e9f7edb491c13d0b801104858572a133d51f2e425f36371648c8de,2023-12,Leicestershire Police,Leicestershire Police,-1.214611,52.771401,On or near Burleigh Road,E01025721,Charnwood 003B,Violence and sexual offences,Investigation complete; no suspect identified,
d4216a6e6439893ac901598f2f26ec8cac5a863f1e0a2a90fb0d01cfdea19f98,2023-12,Leicestershire Police,Leicestershire Police,-1.214831,52.770674,On or near York Road,E01025721,Charnwood 003B,Violence and sexual offences,Unable to prosecute suspect,
b0c699f78310d52acfeb6dc4a447461c8da31b71b3571e7b62a5688ea515c74b,2023-12,Leicestershire Police,Leicestershire Police,-1.220265,52.776796,On or near Tyler Avenue,E01025722,Charnwood 003C,Burglary,Investigation complete; no suspect identified,
38fe57fec6f3b6af9734558318c428ab208b90b81c63466552450e19a333a28f,2023-12,Leicestershire Police,Leicestershire Police,-1.228952,52.776826,On or near Knightthorpe Road,E01025722,Charnwood 003C,Drugs,Local resolution,
95bcaeaeaa9451862203cd7aba488cf9ddd9b003a3aeb2e2cb0400d160679eb4,2023-12,Leicestershire Police,Leicestershire Police,-1.222184,52.777285,On or near Carington Street,E01025722,Charnwood 003C,Other theft,Investigation complete; no suspect identified,
d01f7a052861c80f2f9f2271e8f64f88b4940a1388acfc9533736b020bf09767,2023-12,Leicestershire Police,Leicestershire Police,-1.223128,52.779215,On or near Byron Street Extension,E01025722,Charnwood 003C,Other theft,Investigation complete; no suspect identified,
12fa28c8b22b8db7cd6058b6b25094655ac455f1c74d52b7d44e3401fb266980,2023-12,Leicestershire Police,Leicestershire Police,-1.222184,52.777285,On or near Carington Street,E01025722,Charnwood 003C,Vehicle crime,Investigation complete; no suspect identified,
fbbc594ec30a61fb97a94eb25c3fad91e6fcbcead24a58950a0da637a1eebdb4,2023-12,Leicestershire Police,Leicestershire Police,-1.223128,52.779215,On or near Byron Street Extension,E01025722,Charnwood 003C,Violence and sexual offences,Unable to prosecute suspect,
b31a2a67de7048599f1df48b40bdb5f16017491f3a7b86de61e8521c496d6487,2023-12,Leicestershire Police,Leicestershire Police,-1.223467,52.775972,On or near Bramble Close,E01025723,Charnwood 003D,Violence and sexual offences,Court result unavailable,
effa2a865beb4fc918aec90b73fcb4e16381cc1a714c23571ef4da71562b239e,2023-12,Leicestershire Police,Leicestershire Police,-1.221321,52.774151,On or near Rosebery Street,E01025723,Charnwood 003D,Bicycle theft,Investigation complete; no suspect identified,
60918146872fe978072d2d42aef34abe27a2ee5f73bad1c1c4f5d161dee6adce,2023-12,Leicestershire Police,Leicestershire Police,-1.218076,52.775739,On or near Station Avenue,E01025723,Charnwood 003D,Burglary,Investigation complete; no suspect identified,
0ea679bafaf0e7a4c47cdb02be177d3c8e4302ae1751cff3d1e9d85f9e717367,2023-12,Leicestershire Police,Leicestershire Police,-1.222653,52.773231,On or near Sports/Recreation Area,E01025723,Charnwood 003D,Burglary,Investigation complete; no suspect identified,
3d4859c377ebbcdd1ef82093871e72aa5b09d22c7184a4106c673d317946d784,2023-12,Leicestershire Police,Leicestershire Police,-1.218369,52.773448,On or near Storer Road,E01025723,Charnwood 003D,Criminal damage and arson,Investigation complete; no suspect identified,
4f812004172ccab8316d6221372e61401d36ebf9048df483a8c8886ede703508,2023-12,Leicestershire Police,Leicestershire Police,-1.226841,52.773809,On or near Hospital Way,E01025723,Charnwood 003D,Criminal damage and arson,Local resolution,
54625d7a6e1d15180426bcac836daed18a6114dda9c587e095901d47a669688f,2023-12,Leicestershire Police,Leicestershire Police,-1.220878,52.773222,On or near Cumberland Road,E01025723,Charnwood 003D,Other theft,Investigation complete; no suspect identified,
8d023684fa39d11845d86dc6ed6ed26854f9e6f14004062d3c1a657d96bc0d32,2023-12,Leicestershire Police,Leicestershire Police,-1.219218,52.777337,On or near Clifford Road,E01025723,Charnwood 003D,Other theft,Investigation complete; no suspect identified,
e45f9ed0370ab985e5c0b30defc51ff1791ba60a5200c19eb6b5075d86f4d0f4,2023-12,Leicestershire Police,Leicestershire Police,-1.220064,52.778134,On or near Palmer Avenue,E01025723,Charnwood 003D,Other theft,Unable to prosecute suspect,
242f6988ad3fc6a2e50f491f21ee35a27bd3c2dcf64eafc9a0c439b5546fbf93,2023-12,Leicestershire Police,Leicestershire Police,-1.221321,52.774151,On or near Rosebery Street,E01025723,Charnwood 003D,Public order,Unable to prosecute suspect,
75d17b38d33cb85682ddffb0504ae33bbe4a2b73a66fd4dff7edc3038cb04856,2023-12,Leicestershire Police,Leicestershire Police,-1.216427,52.776762,On or near A6,E01025723,Charnwood 003D,Public order,Unable to prosecute suspect,
21b89f1aa04a5886e44e8aa752867b9ab43d792ae09d02b99a5113dc084f5b7f,2023-12,Leicestershire Police,Leicestershire Police,-1.220878,52.773222,On or near Cumberland Road,E01025723,Charnwood 003D,Vehicle crime,Investigation complete; no suspect identified,
b341675023fa6efcc1935e1f09f5c88e6c8a4c1116446fdff52f1164531dafe7,2023-12,Leicestershire Police,Leicestershire Police,-1.218369,52.773448,On or near Storer Road,E01025723,Charnwood 003D,Vehicle crime,Investigation complete; no suspect identified,
8ff3fac1d85b482f4c93a7673b1575dd19acf5c07ba3225593dc138fd7bec70d,2023-12,Leicestershire Police,Leicestershire Police,-1.221863,52.775350,On or near Charnwood Forester End,E01025723,Charnwood 003D,Vehicle crime,Investigation complete; no suspect identified,
53e6355de1261eb3dde0253b7202d8c581f79ee3d5b984b0bfc812367fe6503d,2023-12,Leicestershire Police,Leicestershire Police,-1.221863,52.775350,On or near Charnwood Forester End,E01025723,Charnwood 003D,Vehicle crime,Investigation complete; no suspect identified,
b84e28e8e4aa826083eb97f5e76ba677b3101beac8b1fcfa04b7c44a0ba13cc7,2023-12,Leicestershire Police,Leicestershire Police,-1.220878,52.773222,On or near Cumberland Road,E01025723,Charnwood 003D,Vehicle crime,Investigation complete; no suspect identified,
7d426c0354ce7a703a907a8b1f146ecfbc9cb46f73e517f369c488fbea277118,2023-12,Leicestershire Police,Leicestershire Police,-1.215818,52.773494,On or near St Mary'S Close,E01025723,Charnwood 003D,Violence and sexual offences,Unable to prosecute suspect,
de367ee714c427a5d400d95c02b15498f4cdd78b5613191cccaeafeb9e0c2681,2023-12,Leicestershire Police,Leicestershire Police,-1.216427,52.776762,On or near A6,E01025723,Charnwood 003D,Violence and sexual offences,Unable to prosecute suspect,
8fcb0fd4f269aff830028db974546a1d3a036b4dd9dae9569873c5e7aa7fdb5e,2023-12,Leicestershire Police,Leicestershire Police,-1.218800,52.775015,On or near Havelock Street,E01025723,Charnwood 003D,Violence and sexual offences,Unable to prosecute suspect,
67b6a4a4d1352836be46fe07d1f3a29d42b3ec3bffadc6a5057c2693c556d6a0,2023-12,Leicestershire Police,Leicestershire Police,-1.215818,52.773494,On or near St Mary'S Close,E01025723,Charnwood 003D,Violence and sexual offences,Unable to prosecute suspect,
d0aff9721d412a0194249acbbbeb4db84ae5019da215f25c60667c710a011321,2023-12,Leicestershire Police,Leicestershire Police,-1.221863,52.775350,On or near Charnwood Forester End,E01025723,Charnwood 003D,Violence and sexual offences,Unable to prosecute suspect,
bf60d4843f009bf51826e45a925944e0c8e8ebb40aa9396046b6c29e944cc956,2023-12,Leicestershire Police,Leicestershire Police,-1.221321,52.774151,On or near Rosebery Street,E01025723,Charnwood 003D,Other crime,Unable to prosecute suspect,
5fc3e82b59a00d93bf90971678d72190643f6dd730106c42174747159510cd58,2023-12,Leicestershire Police,Leicestershire Police,-1.217629,52.775008,On or near Station Street,E01025724,Charnwood 003E,Burglary,Investigation complete; no suspect identified,
cef37d8e0d5473b24deb5639e2472176fe6d0aaae46cb82ca7efe5474a7002b8,2023-12,Leicestershire Police,Leicestershire Police,-1.214209,52.773951,On or near Armitage Close,E01025724,Charnwood 003E,Burglary,Investigation complete; no suspect identified,
a82661a062372f7ef5d9a40083d16b8548971c4cc70f72a87c518f54e33f9c9a,2023-12,Leicestershire Police,Leicestershire Police,-1.214209,52.773951,On or near Armitage Close,E01025724,Charnwood 003E,Shoplifting,Investigation complete; no suspect identified,
88fdf668cd7a8bf45da25f5991b4ee8b6de6ea2a8fff109d9cb35d96f7d9d23b,2023-12,Leicestershire Police,Leicestershire Police,-1.214209,52.773951,On or near Armitage Close,E01025724,Charnwood 003E,Shoplifting,Investigation complete; no suspect identified,
c9e5123ac89b542610a69675ac026ac8123e0e34c42cfb2a441cd6057c873c81,2023-12,Leicestershire Police,Leicestershire Police,-1.215358,52.772691,On or near Hastings Street,E01025724,Charnwood 003E,Vehicle crime,Investigation complete; no suspect identified,
9756bf68b1ff8f07d433b5df85a225dfb52f2be72d0aa4148494392b317deef8,2023-12,Leicestershire Police,Leicestershire Police,-1.215358,52.772691,On or near Hastings Street,E01025724,Charnwood 003E,Violence and sexual offences,Investigation complete; no suspect identified,
5317542757c60a97d0627dbb22ef18b8f8c12558987c2db481265633cc9f7ef7,2023-12,Leicestershire Police,Leicestershire Police,-1.215358,52.772691,On or near Hastings Street,E01025724,Charnwood 003E,Violence and sexual offences,Investigation complete; no suspect identified,
b22b43873d28eca126f4bd4314c4101e3cebf636117ccb2587b623c2f79208bf,2023-12,Leicestershire Police,Leicestershire Police,-1.214209,52.773951,On or near Armitage Close,E01025724,Charnwood 003E,Violence and sexual offences,Investigation complete; no suspect identified,
77b0203244dc2d254017fce1133be3afeeb0512e3d59c27520efedaf2616709e,2023-12,Leicestershire Police,Leicestershire Police,-1.216384,52.774999,On or near Paget Street,E01025724,Charnwood 003E,Violence and sexual offences,Unable to prosecute suspect,
9f4a6db6aaef28b6575972258f490b042815e1972968534069f083a6f98552ac,2023-12,Leicestershire Police,Leicestershire Police,-1.215358,52.772691,On or near Hastings Street,E01025724,Charnwood 003E,Violence and sexual offences,Unable to prosecute suspect,
650790acbefccd87dc8c9c46b45cc9b30d57f5b15561f58e25d288bfa952899d,2023-12,Leicestershire Police,Leicestershire Police,-1.215358,52.772691,On or near Hastings Street,E01025724,Charnwood 003E,Other crime,Investigation complete; no suspect identified,
,2023-12,Leicestershire Police,Leicestershire Police,-1.227172,52.781920,On or near Derby Road,E01025725,Charnwood 003F,Anti-social behaviour,,
,2023-12,Leicestershire Police,Leicestershire Police,-1.225960,52.780042,On or near Pevensey Road,E01025725,Charnwood 003F,Anti-social behaviour,,
,2023-12,Leicestershire Police,Leicestershire Police,-1.231138,52.778970,On or near Lewis Road,E01025725,Charnwood 003F,Anti-social behaviour,,
,2023-12,Leicestershire Police,Leicestershire Police,-1.227172,52.781920,On or near Derby Road,E01025725,Charnwood 003F,Anti-social behaviour,,
677d9c7a416a092c7767ced760f151cfa5e71a8d1249be767a40c72b3c7fb90f,2023-12,Leicestershire Police,Leicestershire Police,-1.223779,52.780428,On or near Shopping Area,E01025725,Charnwood 003F,Bicycle theft,Investigation complete; no suspect identified,
3ad52ff1762c19568575ab19e675cfdfca6411a0d9fb858198c9950fcfe46f05,2023-12,Leicestershire Police,Leicestershire Police,-1.231843,52.777671,On or near Copeland Crescent,E01025725,Charnwood 003F,Bicycle theft,Unable to prosecute suspect,
4c9ca96dc1205befb839716497c70afa52d4214744774c71963ccbc47e76155b,2023-12,Leicestershire Police,Leicestershire Police,-1.231138,52.778970,On or near Lewis Road,E01025725,Charnwood 003F,Burglary,Investigation complete; no suspect identified,
72900214810e33c9961cf2a65d296c516d347b4c7badd6e2642a1c85cfd9c82f,2023-12,Leicestershire Police,Leicestershire Police,-1.227172,52.781920,On or near Derby Road,E01025725,Charnwood 003F,Drugs,Local resolution,
60596ab5dcb1e94e9a2ad265a83054dc8c38f07269de3e8a42f8d7c1862ff3be,2023-12,Leicestershire Police,Leicestershire Police,-1.231138,52.778970,On or near Lewis Road,E01025725,Charnwood 003F,Drugs,Local resolution,
aeb28963d15a8ca3424030398d5344399b119c0c096f07eb54c7f6dacf4148fd,2023-12,Leicestershire Police,Leicestershire Police,-1.231843,52.777671,On or near Copeland Crescent,E01025725,Charnwood 003F,Other theft,Investigation complete; no suspect identified,
93b2a01fee0742ecf3f38d901ebffc898ab4a89a61c75b5ee81d96306899d105,2023-12,Leicestershire Police,Leicestershire Police,-1.231138,52.778970,On or near Lewis Road,E01025725,Charnwood 003F,Other theft,Investigation complete; no suspect identified,
6d1370b496fe306f0b6453e31c78656397b52c1cd131039af983153b6f136a9f,2023-12,Leicestershire Police,Leicestershire Police,-1.223779,52.780428,On or near Shopping Area,E01025725,Charnwood 003F,Public order,Unable to prosecute suspect,
08f174c860dff54599fb77f0203bdfa82b2b7a033e079530836e5af9044b7dde,2023-12,Leicestershire Police,Leicestershire Police,-1.223779,52.780428,On or near Shopping Area,E01025725,Charnwood 003F,Public order,Investigation complete; no suspect identified,
59558e70bc33898f549e97b9169dc9ad6fbb40a049138e4d9eacb009ace7a019,2023-12,Leicestershire Police,Leicestershire Police,-1.223779,52.780428,On or near Shopping Area,E01025725,Charnwood 003F,Shoplifting,Investigation complete; no suspect identified,
d85ba6e2384fc60e3167533c5461a4309bf93451d73de1c90468238116ece473,2023-12,Leicestershire Police,Leicestershire Police,-1.223779,52.780428,On or near Shopping Area,E01025725,Charnwood 003F,Shoplifting,Unable to prosecute suspect,
3096224055307bb206a4ce32dfd21e5d198e2b67a4741c2361d1c0e05edac155,2023-12,Leicestershire Police,Leicestershire Police,-1.223779,52.780428,On or near Shopping Area,E01025725,Charnwood 003F,Shoplifting,Unable to prosecute suspect,
6b58acc0ea7e80cfd289adc0da7f0c1c8ff2f6f391a8005ee0ede081f0f9bad4,2023-12,Leicestershire Police,Leicestershire Police,-1.223779,52.780428,On or near Shopping Area,E01025725,Charnwood 003F,Shoplifting,Unable to prosecute suspect,
83e0c24db6b7f24662188274df1d7145b25a4f9dff03245ecc389daa7080c778,2023-12,Leicestershire Police,Leicestershire Police,-1.230539,52.780144,On or near Warwick Way,E01025725,Charnwood 003F,Vehicle crime,Investigation complete; no suspect identified,
60de00133e90151a482ee27626e136f6300b1fde6b74e949987d9b83e345d128,2023-12,Leicestershire Police,Leicestershire Police,-1.225960,52.780042,On or near Pevensey Road,E01025725,Charnwood 003F,Vehicle crime,Investigation complete; no suspect identified,
8e7362543f6190fd2a0113a46fd4c90147fe32fc89356c5df75ab8cef3844ba0,2023-12,Leicestershire Police,Leicestershire Police,-1.227172,52.781920,On or near Derby Road,E01025725,Charnwood 003F,Vehicle crime,Investigation complete; no suspect identified,
3bd58b79de195f9128985265f9eaee93367973c8b0dbc811b0a0bce75fdb5cd6,2023-12,Leicestershire Police,Leicestershire Police,-1.231138,52.778970,On or near Lewis Road,E01025725,Charnwood 003F,Violence and sexual offences,Unable to prosecute suspect,
52ffeea418d863dd2737a32ccd6166c1bfaedebd46e15080a9563fc29dd7eb76,2023-12,Leicestershire Police,Leicestershire Police,-1.226473,52.781179,On or near Durham Road,E01025725,Charnwood 003F,Violence and sexual offences,Investigation complete; no suspect identified,
ab90ff209233c8ad7c78de2a981bb93354a756a2cc9ed53f19334255798a0ffe,2023-12,Leicestershire Police,Leicestershire Police,-1.223779,52.780428,On or near Shopping Area,E01025725,Charnwood 003F,Violence and sexual offences,Investigation complete; no suspect identified,
7211e77210a7b4b3f53381ce7f1b3234477a1724e7596652d4f6f7850997ca04,2023-12,Leicestershire Police,Leicestershire Police,-1.223779,52.780428,On or near Shopping Area,E01025725,Charnwood 003F,Violence and sexual offences,Unable to prosecute suspect,
976be09db4e3318de00fc80e717b475b9e73fb0c858e80118e8d0e2397907248,2023-12,Leicestershire Police,Leicestershire Police,-1.228079,52.780101,On or near Oakham Close,E01025725,Charnwood 003F,Violence and sexual offences,Action to be taken by another organisation,
e168c426c19d209a316116ac1d0c6e3041c6745c52baf17fc7a9c3e535d87375,2023-12,Leicestershire Police,Leicestershire Police,-1.231138,52.778970,On or near Lewis Road,E01025725,Charnwood 003F,Violence and sexual offences,Unable to prosecute suspect,
fcb8ad7f9278c03c6623b030de15437aba37f763998dc0fa4c5ee169e123cbc9,2023-12,Leicestershire Police,Leicestershire Police,-1.231138,52.778970,On or near Lewis Road,E01025725,Charnwood 003F,Other crime,Unable to prosecute suspect,
6e3924db67c2edf9a825bcf7607f1c106759678b1130dedd841da5347123ff1e,2023-12,Leicestershire Police,Leicestershire Police,-1.256292,52.762662,On or near Foxcote Drive,E01025695,Charnwood 004A,Violence and sexual offences,Unable to prosecute suspect,
75ffc5db2e432b9d05d4df15bb37b9c974510a73614bf1008f4f8c3e5602d6a7,2023-12,Leicestershire Police,Leicestershire Police,-1.251742,52.764431,On or near Cropston Avenue,E01025695,Charnwood 004A,Violence and sexual offences,Investigation complete; no suspect identified,
29dbe641c23c7a104d066bec99f8d73a4ef7f8d25a3e5f68254e01dd760460e9,2023-12,Leicestershire Police,Leicestershire Police,-1.257169,52.762532,On or near Belmont Way,E01025695,Charnwood 004A,Violence and sexual offences,Unable to prosecute suspect,
,2023-12,Leicestershire Police,Leicestershire Police,-1.243982,52.776104,On or near Petworth Drive,E01025696,Charnwood 004B,Anti-social behaviour,,
ec6d76f3c992467d8d40433cb2e6d8b2b030c596171089538060b8a9bd88a5f0,2023-12,Leicestershire Police,Leicestershire Police,-1.253096,52.778823,On or near Kingswood Avenue,E01025696,Charnwood 004B,Criminal damage and arson,Investigation complete; no suspect identified,
d08b0cae4cff4e9528c2874202dc52622b7cc9792e869737e89a65ee85651af1,2023-12,Leicestershire Police,Leicestershire Police,-1.252176,52.778044,On or near Gisborough Way,E01025696,Charnwood 004B,Other theft,Investigation complete; no suspect identified,
d60024c87c824ff5c83da565d1b4949a23e8f5b411a8692f22dc9d113c8a425e,2023-12,Leicestershire Police,Leicestershire Police,-1.251179,52.778271,On or near Byland Way,E01025696,Charnwood 004B,Vehicle crime,Investigation complete; no suspect identified,
fa635d02a41bdedc4818dc4df51f86915a28304108894f3d3f447348f63e2696,2023-12,Leicestershire Police,Leicestershire Police,-1.250960,52.777209,On or near Waverley Close,E01025696,Charnwood 004B,Violence and sexual offences,Unable to prosecute suspect,
4a6c735023ce40cb90f1998e8b2ea58ad8118abc1514466caf163308637b26ec,2023-12,Leicestershire Police,Leicestershire Police,-1.253096,52.778823,On or near Kingswood Avenue,E01025696,Charnwood 004B,Violence and sexual offences,Investigation complete; no suspect identified,
46b07d48ef1eb50605630e225a289953e8da91989504939e5a92c6d94869df25,2023-12,Leicestershire Police,Leicestershire Police,-1.234928,52.775866,On or near Stirling Avenue,E01025697,Charnwood 004C,Burglary,Investigation complete; no suspect identified,
1b2bad17f53bf979b4c7b17db7678a2ff5d747f750291c0e000f7e25ee0aff78,2023-12,Leicestershire Police,Leicestershire Police,-1.236487,52.776605,On or near Hawker Close,E01025697,Charnwood 004C,Public order,Investigation complete; no suspect identified,
a34c379de21a97c279cea0d7dcb5557be4da06cf8c4b44f52ec71cde81bfbd6f,2023-12,Leicestershire Police,Leicestershire Police,-1.233981,52.777452,On or near Windsor Road,E01025697,Charnwood 004C,Public order,Unable to prosecute suspect,
98a6813547b0dfd166d5232b6f9168b3dcb7af566701d4d1feea7b7396c2cdf9,2023-12,Leicestershire Police,Leicestershire Police,-1.231681,52.775901,On or near Supermarket,E01025697,Charnwood 004C,Vehicle crime,Investigation complete; no suspect identified,
7c8ace5e985d7e6b75d1e9126a926ea795302ec725c1e7f99405b060c9148b61,2023-12,Leicestershire Police,Leicestershire Police,-1.233981,52.777452,On or near Windsor Road,E01025697,Charnwood 004C,Vehicle crime,Investigation complete; no suspect identified,
01dbeac2294b5bda665be8251888893782c2189256fa354a43fd184512c44b61,2023-12,Leicestershire Police,Leicestershire Police,-1.239585,52.777479,On or near Kensington Avenue,E01025697,Charnwood 004C,Violence and sexual offences,Investigation complete; no suspect identified,
0ad131e4d060bc7c1c72f54ad86ff9bc76097c60f53eb0068bad4b7ab5c9a5f2,2023-12,Leicestershire Police,Leicestershire Police,-1.233981,52.777452,On or near Windsor Road,E01025697,Charnwood 004C,Violence and sexual offences,Action to be taken by another organisation,
1629699af7a7689914b89b5765700acc2a1184ed842fdc62ed226304fca93389,2023-12,Leicestershire Police,Leicestershire Police,-1.239585,52.777479,On or near Kensington Avenue,E01025697,Charnwood 004C,Violence and sexual offences,Unable to prosecute suspect,
08c18a735f1adbb6be75c2cee47cc2566c96dc8e5a90c9465fbdf990e4754e22,2023-12,Leicestershire Police,Leicestershire Police,-1.245036,52.766564,On or near Knipton Drive,E01025698,Charnwood 004D,Violence and sexual offences,Unable to prosecute suspect,
8c04375a8550b438a7317ea28b034b644db46e0751b8f6b088dc16baf9daf478,2023-12,Leicestershire Police,Leicestershire Police,-1.245036,52.766564,On or near Knipton Drive,E01025698,Charnwood 004D,Violence and sexual offences,Unable to prosecute suspect,
f403b224489b829344effa21c5b9b39bc22e975dddff5dd66ff76df67790b206,2023-12,Leicestershire Police,Leicestershire Police,-1.243714,52.774448,On or near Leckhampton Road,E01025698,Charnwood 004D,Criminal damage and arson,Offender given a caution,
aeda515ad1ae263065ff4fae847702f63d87cf9e7e180381ae97868aae8bb261,2023-12,Leicestershire Police,Leicestershire Police,-1.239930,52.770406,On or near Further/Higher Educational Building,E01025698,Charnwood 004D,Public order,Investigation complete; no suspect identified,
810e28ce924a33b2439e37015afba3fa44fca8819a51f716d24fe68ebb37fa91,2023-12,Leicestershire Police,Leicestershire Police,-1.240895,52.772884,On or near Oakhurst Court,E01025698,Charnwood 004D,Vehicle crime,Investigation complete; no suspect identified,
e791f2e57eb70ef9774f818f7e8262dc41d79aa169d15f2959e19b1b4d3a3013,2023-12,Leicestershire Police,Leicestershire Police,-1.243714,52.774448,On or near Leckhampton Road,E01025698,Charnwood 004D,Violence and sexual offences,Unable to prosecute suspect,
6c198144812a0185ff58c037e464c90070624f7687add008944825b593b2d584,2023-12,Leicestershire Police,Leicestershire Police,-1.242056,52.773440,On or near Althorpe Drive,E01025698,Charnwood 004D,Violence and sexual offences,Unable to prosecute suspect,
c9a47454832101e44d100496aca0ac27171d275e693aafd7b21aae24e4f38ee0,2023-12,Leicestershire Police,Leicestershire Police,-1.242056,52.773440,On or near Althorpe Drive,E01025698,Charnwood 004D,Violence and sexual offences,Court result unavailable,
c97ce31e1054727e98a2c097afd02cb8120b872ec1bd440c55a438f99c2df14d,2023-12,Leicestershire Police,Leicestershire Police,-1.239859,52.773651,On or near Osterley Close,E01025698,Charnwood 004D,Violence and sexual offences,Unable to prosecute suspect,
0eec1c0e09e0897fae8eb9d2b1110c7cd928b893096c0292c41bb4a45c0af3c1,2023-12,Leicestershire Police,Leicestershire Police,-1.308705,52.766691,On or near Poppy Court,E01025744,Charnwood 005A,Possession of weapons,Offender given a caution,
c3a741cff1cb23c1eac934372dbbaf65dadc1d9a332a88b57d34829da5febc36,2023-12,Leicestershire Police,Leicestershire Police,-1.306537,52.768809,On or near Primrose Close,E01025744,Charnwood 005A,Vehicle crime,Court result unavailable,
a1a12dc41cb053b277dc99bc955f9c384cee3c4358971de69d4846fb26010d02,2023-12,Leicestershire Police,Leicestershire Police,-1.307391,52.767286,On or near Clover Road,E01025744,Charnwood 005A,Violence and sexual offences,Unable to prosecute suspect,
5745005c9158e729f341b13be9341abc41c2300587b1312120e6e833e03fab4c,2023-12,Leicestershire Police,Leicestershire Police,-1.308733,52.765819,On or near Marigold Crescent,E01025744,Charnwood 005A,Burglary,Investigation complete; no suspect identified,
5be67f42acc1b41cb39d496f43be832d6fa5ce3d5f7ad995857386caf1165935,2023-12,Leicestershire Police,Leicestershire Police,-1.306498,52.764745,On or near Penrith Avenue,E01025744,Charnwood 005A,Burglary,Unable to prosecute suspect,
5d96b140a2a810f9dc08b6828a2814f0fae6c77e709bf12bb546f30dcc7ac4b6,2023-12,Leicestershire Police,Leicestershire Police,-1.308229,52.767704,On or near Heather Close,E01025744,Charnwood 005A,Burglary,Investigation complete; no suspect identified,
567ac589c314e8bd0e0e3e089102d02ce34c242831155f499e67fb57dbb2885c,2023-12,Leicestershire Police,Leicestershire Police,-1.304594,52.766119,On or near Norwich Close,E01025744,Charnwood 005A,Criminal damage and arson,Unable to prosecute suspect,
56f10d56cc7c88588a34533ee3cc6be0ba1ded95fde8631984097851b84fbc3c,2023-12,Leicestershire Police,Leicestershire Police,-1.304594,52.766119,On or near Norwich Close,E01025744,Charnwood 005A,Criminal damage and arson,Unable to prosecute suspect,
42d523a17985c301dfa14e835f0d3cf2e1f88b7304f748530e06f0bf53c68777,2023-12,Leicestershire Police,Leicestershire Police,-1.308733,52.765819,On or near Marigold Crescent,E01025744,Charnwood 005A,Other theft,Unable to prosecute suspect,
673340dbf141eaa895242d28146a33b745cdab10fb2813d5157a1d1256b972cb,2023-12,Leicestershire Police,Leicestershire Police,-1.308705,52.766691,On or near Poppy Court,E01025744,Charnwood 005A,Public order,Unable to prosecute suspect,
0d3e63e05fe5473fe02482a9e06adefa93b3dfe6f73bb302d4121a58cf76eb82,2023-12,Leicestershire Police,Leicestershire Police,-1.304594,52.766119,On or near Norwich Close,E01025744,Charnwood 005A,Public order,Unable to prosecute suspect,
2931408a18041f6a3f4d688ad2b1498478c78669d0ed5ad864f661e1b3ccb33a,2023-12,Leicestershire Police,Leicestershire Police,-1.307518,52.763933,On or near Tamworth Close,E01025744,Charnwood 005A,Theft from the person,Unable to prosecute suspect,
4a9ef9bb9349e9a1c51fe9294e40f81e526af4f45b0455c9bcb11e7365f03f56,2023-12,Leicestershire Police,Leicestershire Police,-1.298458,52.759637,On or near Toon Close,E01025744,Charnwood 005A,Vehicle crime,Investigation complete; no suspect identified,
09f480ad7ed9dbdd1d2192db0806854e6be0c8e65aa46bd227fbf81fc5d0b03e,2023-12,Leicestershire Police,Leicestershire Police,-1.298458,52.759637,On or near Toon Close,E01025744,Charnwood 005A,Violence and sexual offences,Formal action is not in the public interest,
b7dfb7f89e709ed441c38e20bce9591d26b12328b05c2afcf523353308d7ea58,2023-12,Leicestershire Police,Leicestershire Police,-1.298458,52.759637,On or near Toon Close,E01025744,Charnwood 005A,Violence and sexual offences,Unable to prosecute suspect,
171f149768d76c0421321f72bcd596a3531356608f2a39573a3b39acb63eb00a,2023-12,Leicestershire Police,Leicestershire Police,-1.308733,52.765819,On or near Marigold Crescent,E01025744,Charnwood 005A,Violence and sexual offences,Unable to prosecute suspect,
364910cd90a6a42c5283f87c7cecd38dcb52daf8740206c53cd631c7e7e5bfa9,2023-12,Leicestershire Police,Leicestershire Police,-1.299802,52.764571,On or near Caernarvon Close,E01025744,Charnwood 005A,Violence and sexual offences,Investigation complete; no suspect identified,
c9e53aae7902e97a6e09b80a4d23d821187b02ba12a1edfc46e61cfe6b53494a,2023-12,Leicestershire Police,Leicestershire Police,-1.301410,52.754836,On or near Monastery Gardens,E01025744,Charnwood 005A,Violence and sexual offences,Unable to prosecute suspect,
6731bb9c1e8c4a5f78fc1d975842b6373a1ae7ef4508348cbddab86053bd78d7,2023-12,Leicestershire Police,Leicestershire Police,-1.307518,52.763933,On or near Tamworth Close,E01025744,Charnwood 005A,Violence and sexual offences,Status update unavailable,
19b2041ed51203a39a14e79ffe8462e5746b6dcd90e65244ab1f56b6c2a060f3,2023-12,Leicestershire Police,Leicestershire Police,-1.306498,52.764745,On or near Penrith Avenue,E01025744,Charnwood 005A,Violence and sexual offences,Unable to prosecute suspect,
9ac88b74bd9a8179e3c4a64ba3375e41fbd309dbfcba3d98c2c203773d78bf68,2023-12,Leicestershire Police,Leicestershire Police,-1.298458,52.759637,On or near Toon Close,E01025744,Charnwood 005A,Violence and sexual offences,Local resolution,
07365a70ddeaf88ceae470d303a6b845a6f074ae5a3ef3cf627eacf3ddd8f09d,2023-12,Leicestershire Police,Leicestershire Police,-1.307518,52.763933,On or near Tamworth Close,E01025744,Charnwood 005A,Violence and sexual offences,Status update unavailable,
d3b9370965485db025017ee4aeb35b907d771288e541ea67b47aa0862371b3a6,2023-12,Leicestershire Police,Leicestershire Police,-1.307518,52.763933,On or near Tamworth Close,E01025744,Charnwood 005A,Violence and sexual offences,Status update unavailable,
d5cd7a82161cc0aeca34e7b87519a003a87afe61f9a9c268df2d8c5b0e0834e0,2023-12,Leicestershire Police,Leicestershire Police,-1.287917,52.778102,On or near Lawrence Heyhoe Place,E01025745,Charnwood 005B,Violence and sexual offences,Unable to prosecute suspect,
b2963d8416ec3b9432d639ac856e13e55311597d1c15c65a660658848e0083cb,2023-12,Leicestershire Police,Leicestershire Police,-1.289396,52.781060,On or near Field Avenue,E01025745,Charnwood 005B,Violence and sexual offences,Unable to prosecute suspect,
3d0f8e1275174b6941b3978cd9d3c89092c983cea328b91c18efc8fb526f0c7a,2023-12,Leicestershire Police,Leicestershire Police,-1.287917,52.778102,On or near Lawrence Heyhoe Place,E01025745,Charnwood 005B,Violence and sexual offences,Unable to prosecute suspect,
,2023-12,Leicestershire Police,Leicestershire Police,-1.292038,52.772670,On or near Britannia Street,E01025746,Charnwood 005C,Anti-social behaviour,,
,2023-12,Leicestershire Police,Leicestershire Police,-1.295923,52.773529,On or near Stableford Close,E01025746,Charnwood 005C,Anti-social behaviour,,
,2023-12,Leicestershire Police,Leicestershire Police,-1.291059,52.771792,On or near Field Street,E01025746,Charnwood 005C,Anti-social behaviour,,
,2023-12,Leicestershire Police,Leicestershire Police,-1.296844,52.771539,On or near Glenmore Avenue,E01025746,Charnwood 005C,Anti-social behaviour,,
693fe7c813978a050a6c86dca7eef4885d833c5de2217d86542327730ebdfc9c,2023-12,Leicestershire Police,Leicestershire Police,-1.292038,52.772670,On or near Britannia Street,E01025746,Charnwood 005C,Burglary,Investigation complete; no suspect identified,
426089f3a3ad735a4ffdef7e15ac1430b44d6e429fa5bebfd24933cb1eaebc8c,2023-12,Leicestershire Police,Leicestershire Police,-1.291059,52.771792,On or near Field Street,E01025746,Charnwood 005C,Criminal damage and arson,Investigation complete; no suspect identified,
0b3ad086d850f07cae5a60da04d151610c2764d5d8c51e2e0e7c79868088e708,2023-12,Leicestershire Police,Leicestershire Police,-1.296883,52.772816,On or near Neville Close,E01025746,Charnwood 005C,Criminal damage and arson,Investigation complete; no suspect identified,
4ac8534f9a9a71fc2c49d210b774e44ed061a2ee773d9eaf0c5ae26ecf7fef03,2023-12,Leicestershire Police,Leicestershire Police,-1.291059,52.771792,On or near Field Street,E01025746,Charnwood 005C,Criminal damage and arson,Investigation complete; no suspect identified,
8157ab2dd02def6b4db6864d0c76598063c98e80ca20e2dad546767eb9ee3902,2023-12,Leicestershire Police,Leicestershire Police,-1.291059,52.771792,On or near Field Street,E01025746,Charnwood 005C,Other theft,Investigation complete; no suspect identified,
2b91bb230139f5f157575a589db052a841e9ec1ebc41f7407ec74805c8f18cb3,2023-12,Leicestershire Police,Leicestershire Police,-1.313941,52.764483,On or near Iris Close,E01025746,Charnwood 005C,Public order,Investigation complete; no suspect identified,
50794bdba86df8ab9a7c852649187909ca1705eca859c2831f2ebc1b9344034b,2023-12,Leicestershire Police,Leicestershire Police,-1.292064,52.770810,On or near Supermarket,E01025746,Charnwood 005C,Robbery,Court result unavailable,
7a50f3a13c3689be6a118ef7a9454c920756369f79dfa3f48315985e8bd5aac7,2023-12,Leicestershire Police,Leicestershire Police,-1.290892,52.772978,On or near Hall Croft,E01025746,Charnwood 005C,Shoplifting,Court result unavailable,
366214ed50ff8f7f35a5c3e2944daf6d37fed2021b35452329187935bbfac33e,2023-12,Leicestershire Police,Leicestershire Police,-1.290892,52.772978,On or near Hall Croft,E01025746,Charnwood 005C,Shoplifting,Investigation complete; no suspect identified,
7592017a3ab02e5f01f1138d8d5967f67a39a472ec800866f0cfb9afeae0682e,2023-12,Leicestershire Police,Leicestershire Police,-1.292064,52.770810,On or near Supermarket,E01025746,Charnwood 005C,Shoplifting,Investigation complete; no suspect identified,
934e3394d795db9b0ca9b452dc188239f1beef562fc12af85411ba825cb7a1d0,2023-12,Leicestershire Police,Leicestershire Police,-1.290892,52.772978,On or near Hall Croft,E01025746,Charnwood 005C,Shoplifting,Formal action is not in the public interest,
e462a5fe06ec6a0fb7380bfc376e08f9216295492efba762e8344bb0c3b6b407,2023-12,Leicestershire Police,Leicestershire Police,-1.290892,52.772978,On or near Hall Croft,E01025746,Charnwood 005C,Shoplifting,Court result unavailable,
59aa28c28e34f3c4d92d2492c3adc78acf4038e52809efd5a371ffde575df232,2023-12,Leicestershire Police,Leicestershire Police,-1.292064,52.770810,On or near Supermarket,E01025746,Charnwood 005C,Shoplifting,Investigation complete; no suspect identified,
71580c106ddfba3d7defbfbfa1b26a50f98a47d208a5818ae2fc6ae4f0f81e04,2023-12,Leicestershire Police,Leicestershire Police,-1.292064,52.770810,On or near Supermarket,E01025746,Charnwood 005C,Shoplifting,Investigation complete; no suspect identified,
536b73f56c3d57e1374910df3dc95c5b1bea1da12c24d200ba4222789bca7099,2023-12,Leicestershire Police,Leicestershire Police,-1.292064,52.770810,On or near Supermarket,E01025746,Charnwood 005C,Shoplifting,Investigation complete; no suspect identified,
ed8f04bb0d865268e6db8408ff03b28d4d16c247d69c4ddfe054bc9c8f8fd8e8,2023-12,Leicestershire Police,Leicestershire Police,-1.291417,52.774383,On or near Bridge Street,E01025746,Charnwood 005C,Violence and sexual offences,Investigation complete; no suspect identified,
83b1eace51ed5b3117ae10c083ca39b536631fc3ba0f5b6cd63a32b76bcff77c,2023-12,Leicestershire Police,Leicestershire Police,-1.290682,52.774936,On or near Harriman Close,E01025746,Charnwood 005C,Violence and sexual offences,Unable to prosecute suspect,
6cb73eaffde87aa0288a6e7558b1a2d8362c90e93eedc426b8693d2d5cd682e9,2023-12,Leicestershire Police,Leicestershire Police,-1.291417,52.774383,On or near Bridge Street,E01025746,Charnwood 005C,Violence and sexual offences,Investigation complete; no suspect identified,
38aca678c1ce9b0e1bdfedd0cf8982b399111386c53f0cce6d3054001650fc92,2023-12,Leicestershire Police,Leicestershire Police,-1.293846,52.772672,On or near Park Close,E01025746,Charnwood 005C,Violence and sexual offences,Unable to prosecute suspect,
6a26ca5fd6e967cb74fcf99718619655aed3aab61e8f5f271e74c2b631deca6f,2023-12,Leicestershire Police,Leicestershire Police,-1.296844,52.771539,On or near Glenmore Avenue,E01025746,Charnwood 005C,Violence and sexual offences,Unable to prosecute suspect,
e564e54bff3d57aaadf3155da7ea79a066056e76852ad211c4669e81ce24516a,2023-12,Leicestershire Police,Leicestershire Police,-1.299237,52.771148,On or near Mc Carthy Road,E01025746,Charnwood 005C,Violence and sexual offences,Unable to prosecute suspect,
88d613a63925f976fafe23b641994903a67bd13944f1cbce2cc13946e4f16522,2023-12,Leicestershire Police,Leicestershire Police,-1.291417,52.774383,On or near Bridge Street,E01025746,Charnwood 005C,Violence and sexual offences,Investigation complete; no suspect identified,
7cecbc6905c408d78239f072361edbd8eae934f599c4a4c824414c05fbf1c3de,2023-12,Leicestershire Police,Leicestershire Police,-1.295703,52.774283,On or near Manor Gardens,E01025746,Charnwood 005C,Violence and sexual offences,Local resolution,
,2023-12,Leicestershire Police,Leicestershire Police,-1.301906,52.766418,On or near Supermarket,E01025747,Charnwood 005D,Anti-social behaviour,,
,2023-12,Leicestershire Police,Leicestershire Police,-1.303044,52.768510,On or near Blackbrook Close,E01025747,Charnwood 005D,Anti-social behaviour,,
5a704f130b26eff7f1dfe83ae568d268a9aab8d13fce2eef5965b69c0d5ca41b,2023-12,Leicestershire Police,Leicestershire Police,-1.294654,52.769485,On or near Spinners Way,E01025747,Charnwood 005D,Criminal damage and arson,Investigation complete; no suspect identified,
436eba0a9337c7f75e86f1b7dbe052605d2887092586851f89f72ce39803cae4,2023-12,Leicestershire Police,Leicestershire Police,-1.294654,52.769485,On or near Spinners Way,E01025747,Charnwood 005D,Criminal damage and arson,Investigation complete; no suspect identified,
37a06bcf2f3ce80bf58e0f98a4648fc93422feedddd198850a2f7a4e6d41e2d1,2023-12,Leicestershire Police,Leicestershire Police,-1.297216,52.767738,On or near Springfield Road,E01025747,Charnwood 005D,Public order,Investigation complete; no suspect identified,
83293500e839bb6811c4ec32b7de06a36aea6a455de928a7e2090eed22096b07,2023-12,Leicestershire Police,Leicestershire Police,-1.301906,52.766418,On or near Supermarket,E01025747,Charnwood 005D,Shoplifting,Investigation complete; no suspect identified,
a33fee5c4ce26193bd55464e393a85c5ea40caf616ff8cf0e083bafe7dbe1a0c,2023-12,Leicestershire Police,Leicestershire Police,-1.301377,52.767988,On or near Grange Road,E01025747,Charnwood 005D,Vehicle crime,Investigation complete; no suspect identified,
adabd01a58053114fd25f37a65dc630aef334457bd8a126e04d688e179399dfd,2023-12,Leicestershire Police,Leicestershire Police,-1.300284,52.767783,On or near Oxley Close,E01025747,Charnwood 005D,Violence and sexual offences,Action to be taken by another organisation,
e3f85e07df5cf9526723b3a5e46821ef87e46309ec724dfb1384766243a63ea6,2023-12,Leicestershire Police,Leicestershire Police,-1.295051,52.768759,On or near Threadcutters Way,E01025747,Charnwood 005D,Violence and sexual offences,Unable to prosecute suspect,
c9cdd5bd20e980257e011552b163dd71483e5a61bfe3c729b613ecff1b5891b9,2023-12,Leicestershire Police,Leicestershire Police,-1.294654,52.769485,On or near Spinners Way,E01025747,Charnwood 005D,Violence and sexual offences,Investigation complete; no suspect identified,
,2023-12,Leicestershire Police,Leicestershire Police,-1.292733,52.764520,On or near Spring Lane,E01025740,Charnwood 006A,Anti-social behaviour,,
,2023-12,Leicestershire Police,Leicestershire Police,-1.292733,52.764520,On or near Spring Lane,E01025740,Charnwood 006A,Anti-social behaviour,,
c0c952487aa8d7d06ef9878a90e313bf1cc8d129f14adab920a7bcd47d3b9f2d,2023-12,Leicestershire Police,Leicestershire Police,-1.284196,52.761880,On or near Fairway Road South,E01025740,Charnwood 006A,Criminal damage and arson,Investigation complete; no suspect identified,
26905f0c6df1617e88dcaccb1b747fc3ec66fae11756c3fcb7f53840c24d4441,2023-12,Leicestershire Police,Leicestershire Police,-1.283104,52.763375,On or near Pennine Close,E01025740,Charnwood 006A,Public order,Unable to prosecute suspect,
943ded8e9b00702a2ff4f145ffdd4a89a11ce9bcb0619db69f8793acff3dd073,2023-12,Leicestershire Police,Leicestershire Police,-1.296224,52.759444,On or near Crowson Close,E01025740,Charnwood 006A,Vehicle crime,Investigation complete; no suspect identified,
ca48cb6f22ed7c72e1d66aa1c8faa774f7a5065440e9ff0390949943617b8c25,2023-12,Leicestershire Police,Leicestershire Police,-1.296224,52.759444,On or near Crowson Close,E01025740,Charnwood 006A,Violence and sexual offences,Unable to prosecute suspect,
9d80530f3febd0da628e7e7edb542432085976d3561ea77ed25136cc029aeed6,2023-12,Leicestershire Police,Leicestershire Police,-1.296224,52.759444,On or near Crowson Close,E01025740,Charnwood 006A,Violence and sexual offences,Unable to prosecute suspect,
b4bc1f048c001d3ad94b042d3f5a8e92326ab74fc9d457c8d3dc818f24e0cf90,2023-12,Leicestershire Police,Leicestershire Police,-1.284447,52.762844,On or near Polden Close,E01025740,Charnwood 006A,Violence and sexual offences,Investigation complete; no suspect identified,
43c962f01c4da7abc616627ad31d5b259305e412574ffae8c8b6f2ef523ee721,2023-12,Leicestershire Police,Leicestershire Police,-1.284447,52.762844,On or near Polden Close,E01025740,Charnwood 006A,Violence and sexual offences,Unable to prosecute suspect,
c6a3f0f148b6f2401595fb8801f2623cba683174d9f3002256a0536201aff087,2023-12,Leicestershire Police,Leicestershire Police,-1.285507,52.761430,On or near Temple Close,E01025740,Charnwood 006A,Violence and sexual offences,Unable to prosecute suspect,
f7feb433f92f17a95c6b89a456f93440de99f1bb487f2644d490586b8348b1cd,2023-12,Leicestershire Police,Leicestershire Police,-1.295439,52.765813,On or near Charnwood Road,E01025740,Charnwood 006A,Violence and sexual offences,Investigation complete; no suspect identified,
4e0754382917ba7e7cc173b732937dbfc4d80c19f10a974482245d88c25aca9b,2023-12,Leicestershire Police,Leicestershire Police,-1.295439,52.765813,On or near Charnwood Road,E01025740,Charnwood 006A,Violence and sexual offences,Unable to prosecute suspect,
1cca9f534fe499323120eef5b0187f063ac5cd41cda6d1f47779a167621d9d47,2023-12,Leicestershire Police,Leicestershire Police,-1.296224,52.759444,On or near Crowson Close,E01025740,Charnwood 006A,Violence and sexual offences,Investigation complete; no suspect identified,
b039982b6e05e014992dfa388a21c65c28d86c352f6fedbbb1d20837aef85a7f,2023-12,Leicestershire Police,Leicestershire Police,-1.296224,52.759444,On or near Crowson Close,E01025740,Charnwood 006A,Violence and sexual offences,Unable to prosecute suspect,
b4c26a3d14e8cf9e72ba72b80d67a4f81d3a63d2f96fbd34b5e20794989fbf31,2023-12,Leicestershire Police,Leicestershire Police,-1.285902,52.768075,On or near Romway Close,E01025741,Charnwood 006B,Burglary,Investigation complete; no suspect identified,
b7365f31e5e41bcf7da5256c53b414c1657b9337f0b4c94b0bf5adebeffd1b08,2023-12,Leicestershire Police,Leicestershire Police,-1.285902,52.768075,On or near Romway Close,E01025741,Charnwood 006B,Burglary,Investigation complete; no suspect identified,
659f7acd34108066e625fdd905658c4c6de2ea93aba5c099465082e83e4217fd,2023-12,Leicestershire Police,Leicestershire Police,-1.287214,52.764892,On or near Leicester Road,E01025741,Charnwood 006B,Burglary,Investigation complete; no suspect identified,
65e09c89c35193cfc83f1d878116a06b1d13d9c702c72421f8ba406c82b37f64,2023-12,Leicestershire Police,Leicestershire Police,-1.287214,52.764892,On or near Leicester Road,E01025741,Charnwood 006B,Criminal damage and arson,Investigation complete; no suspect identified,
5dc318a21d6391bff7d765b8e517168d4f910358bac6c60d7f83d4dda655cf34,2023-12,Leicestershire Police,Leicestershire Police,-1.285902,52.768075,On or near Romway Close,E01025741,Charnwood 006B,Criminal damage and arson,Investigation complete; no suspect identified,
be4217705a4bde10749e03cbea8208e9ddf6f304b6b26a996f63769f30f4ed94,2023-12,Leicestershire Police,Leicestershire Police,-1.286638,52.769338,On or near Petrol Station,E01025741,Charnwood 006B,Criminal damage and arson,Investigation complete; no suspect identified,
1e58e29b633ab403c6f891447c31989007affbb2a4653ed74ccbf463eb2a5759,2023-12,Leicestershire Police,Leicestershire Police,-1.286638,52.769338,On or near Petrol Station,E01025741,Charnwood 006B,Public order,Investigation complete; no suspect identified,
54ae145dbe71e7a63e5a9bc9eea6d5428c7021b31ec2ca6b69e27ee9653129d2,2023-12,Leicestershire Police,Leicestershire Police,-1.285665,52.765386,On or near Malvern Avenue,E01025741,Charnwood 006B,Public order,Local resolution,
e45b36eb9bf6720b730af74e5d6f19d8cc2979dd9508872d8452c6d08ba8dde2,2023-12,Leicestershire Police,Leicestershire Police,-1.285902,52.768075,On or near Romway Close,E01025741,Charnwood 006B,Violence and sexual offences,Unable to prosecute suspect,
0528bf962ea2e3e4bc9c131861dc2d178945890578fe4755d4b6ab767aba854b,2023-12,Leicestershire Police,Leicestershire Police,-1.286638,52.769338,On or near Petrol Station,E01025741,Charnwood 006B,Violence and sexual offences,Investigation complete; no suspect identified,
ed9e191b4e8e5dfb79edb6adb90efe8895ca88d11cdab2fe929e7560e8d1e357,2023-12,Leicestershire Police,Leicestershire Police,-1.285902,52.768075,On or near Romway Close,E01025741,Charnwood 006B,Violence and sexual offences,Unable to prosecute suspect,
4cdd647e28bf43e71c29feab0c96bebac426cd7b2a35f21983f77edf199fabbc,2023-12,Leicestershire Police,Leicestershire Police,-1.281836,52.770172,On or near Peartree Avenue,E01025741,Charnwood 006B,Violence and sexual offences,Unable to prosecute suspect,
,2023-12,Leicestershire Police,Leicestershire Police,-1.291935,52.768031,On or near Saint Winefride Road,E01025742,Charnwood 006C,Anti-social behaviour,,
,2023-12,Leicestershire Police,Leicestershire Police,-1.285120,52.762452,On or near Nook Close,E01025742,Charnwood 006C,Anti-social behaviour,,
2b5caa433e81cc54483bcebc0282e09b1f619c4a54e116e19a4f80c3dfcc04a7,2023-12,Leicestershire Police,Leicestershire Police,-1.292973,52.767093,On or near St James Road,E01025742,Charnwood 006C,Criminal damage and arson,Investigation complete; no suspect identified,
1977561e52d02882571fc380d3cc2d0b64dd10ab5ea0915627f9569b202a5682,2023-12,Leicestershire Police,Leicestershire Police,-1.292973,52.767093,On or near St James Road,E01025742,Charnwood 006C,Criminal damage and arson,Investigation complete; no suspect identified,
e89b54576e95c5105a30eac615490d0952eb62617a9edf370fe2895e14275212,2023-12,Leicestershire Police,Leicestershire Police,-1.290005,52.769152,On or near Garendon Road,E01025742,Charnwood 006C,Other theft,Investigation complete; no suspect identified,
51afc0514eff50c84173a60477ae2ade479ca9744cb422dcedfc9eb32f96bd1a,2023-12,Leicestershire Police,Leicestershire Police,-1.291905,52.769927,On or near Lacey Court,E01025742,Charnwood 006C,Public order,Unable to prosecute suspect,
1f539cfa131a1be3c5c86a9e1f7508cb1a5e565afaae93fda09b778b483ccb6b,2023-12,Leicestershire Police,Leicestershire Police,-1.292767,52.766103,On or near St James Close,E01025742,Charnwood 006C,Public order,Formal action is not in the public interest,
995feed9dee1ede7631c31556477efb7ad170035254fad405aa356ee2813a9e5,2023-12,Leicestershire Police,Leicestershire Police,-1.291905,52.769927,On or near Lacey Court,E01025742,Charnwood 006C,Shoplifting,Unable to prosecute suspect,
51ea0f70806a68cba83839bda7fa150cdae95d082b4f1dec9036281e35b4156d,2023-12,Leicestershire Police,Leicestershire Police,-1.291905,52.769927,On or near Lacey Court,E01025742,Charnwood 006C,Vehicle crime,Investigation complete; no suspect identified,
f61635ef8e8f6c0342b1e0ede8b56b31d02957bf3073109291976887b99893d4,2023-12,Leicestershire Police,Leicestershire Police,-1.285120,52.762452,On or near Nook Close,E01025742,Charnwood 006C,Violence and sexual offences,Unable to prosecute suspect,
9e7277f993f095570deed428b89d13684d9bd4c57b6a5dc69f955a3e8a43a048,2023-12,Leicestershire Police,Leicestershire Police,-1.285120,52.762452,On or near Nook Close,E01025742,Charnwood 006C,Violence and sexual offences,Unable to prosecute suspect,
,2023-12,Leicestershire Police,Leicestershire Police,-1.283201,52.779116,On or near Swift Avenue,E01025743,Charnwood 006D,Anti-social behaviour,,
c25340ff3b1429f86ec3a513888914c4c56a25318df42889180715bb57f5acc5,2023-12,Leicestershire Police,Leicestershire Police,-1.287641,52.770540,On or near Freehold Street,E01025743,Charnwood 006D,Criminal damage and arson,Investigation complete; no suspect identified,
ceb1052b1172e04a64a709a02f6fd7e547dbbbbb364c4787146e775d7314e768,2023-12,Leicestershire Police,Leicestershire Police,-1.288543,52.772442,On or near Church Side,E01025743,Charnwood 006D,Criminal damage and arson,Investigation complete; no suspect identified,
529dab1e688c00500df982b0e4512545cf146ca998caaf06ad2822202f5b00ce,2023-12,Leicestershire Police,Leicestershire Police,-1.279614,52.776398,On or near Butthole Lane,E01025743,Charnwood 006D,Criminal damage and arson,Unable to prosecute suspect,
dc80f601773568ec4d0b24a4d78075b70a6697192db6127513266b7d219c3c3c,2023-12,Leicestershire Police,Leicestershire Police,-1.288633,52.776030,On or near Watts Drive,E01025743,Charnwood 006D,Criminal damage and arson,Unable to prosecute suspect,
fc121e143db6d0088095a0471993ee669ab16d4bf33f91e47ea797b1e92537c2,2023-12,Leicestershire Police,Leicestershire Police,-1.288615,52.770771,On or near Kirkhill,E01025743,Charnwood 006D,Criminal damage and arson,Unable to prosecute suspect,
7ab28a010631671c5e26a620faf35b751215600e1034360447b511cb878e5708,2023-12,Leicestershire Police,Leicestershire Police,-1.287641,52.770540,On or near Freehold Street,E01025743,Charnwood 006D,Criminal damage and arson,Investigation complete; no suspect identified,
f4bc74dc85d39da2e23637dd0d641105906f4e3053a7b58de04c7309e267f22c,2023-12,Leicestershire Police,Leicestershire Police,-1.290224,52.773909,On or near Market Place,E01025743,Charnwood 006D,Drugs,Local resolution,
f6b63871f9be2f30e37bfd128e60b36671b58751c6dee566bd459c747e1c0649,2023-12,Leicestershire Police,Leicestershire Police,-1.279614,52.776398,On or near Butthole Lane,E01025743,Charnwood 006D,Other theft,Investigation complete; no suspect identified,
f5ae7201265e9c0700d6ad3b054deb30587941bd56c71bad8aef34088731af80,2023-12,Leicestershire Police,Leicestershire Police,-1.286518,52.772106,On or near Kidger Close,E01025743,Charnwood 006D,Other theft,Investigation complete; no suspect identified,
479b7d076c3f274f8f1b2cf331960b546be8f8c9bcd594aa93df1c550d9b7636,2023-12,Leicestershire Police,Leicestershire Police,-1.289146,52.774585,On or near Gibson Close,E01025743,Charnwood 006D,Public order,Unable to prosecute suspect,
68632379e3f759edbf84391b5e727c3bcd9a36564358862f8c9b592465849fc9,2023-12,Leicestershire Police,Leicestershire Police,-1.281902,52.778794,On or near Starling Close,E01025743,Charnwood 006D,Violence and sexual offences,Unable to prosecute suspect,
2cfde108ccf9b4e8bca8194bbe016f942afb8a1bebd274df0d13d1bf87157bc2,2023-12,Leicestershire Police,Leicestershire Police,-1.282237,52.771065,On or near Westoby Close,E01025743,Charnwood 006D,Violence and sexual offences,Unable to prosecute suspect,
7294c97d956af7d3ddcb94a7efac85a60734a1c8db29eb6f6cb8b2076d7667a0,2023-12,Leicestershire Police,Leicestershire Police,-1.284148,52.779257,On or near Woodpecker Way,E01025743,Charnwood 006D,Violence and sexual offences,Investigation complete; no suspect identified,
32c159e0bbcca328e089beb007c621be63952047fc0bda05469e33cf1e2c0b14,2023-12,Leicestershire Police,Leicestershire Police,-1.286853,52.777044,On or near Shepherds Close,E01025743,Charnwood 006D,Violence and sexual offences,Unable to prosecute suspect,
7c41d2631bd7bc64f10c035b78422b3b6f0d429a983d84275f32bb797a8888f1,2023-12,Leicestershire Police,Leicestershire Police,-1.290003,52.772020,On or near Queen Street,E01025743,Charnwood 006D,Violence and sexual offences,Unable to prosecute suspect,
0f9149e7664d1f6ce091bd52b3e74395a31c4ba2ef43bd023b7483b4b781e72d,2023-12,Leicestershire Police,Leicestershire Police,-1.281552,52.771223,On or near Nelson Close,E01025743,Charnwood 006D,Violence and sexual offences,Unable to prosecute suspect,
d8d99796ac35008893e66da94818924c9de5197b2c17a1c03b510ed9c0d6eeba,2023-12,Leicestershire Police,Leicestershire Police,-1.285169,52.776638,On or near Blacksmiths Avenue,E01025743,Charnwood 006D,Violence and sexual offences,Unable to prosecute suspect,
5ca0cbaeed7a505f52f36910834c130397f2840d9ad4c32a572624da90dd137a,2023-12,Leicestershire Police,Leicestershire Police,-1.281902,52.778794,On or near Starling Close,E01025743,Charnwood 006D,Violence and sexual offences,Unable to prosecute suspect,
a6a5572a1d0e21c81bfae9cf848cbeff09b5d9ced7c38fd53dbcfb458e2470b1,2023-12,Leicestershire Police,Leicestershire Police,-1.279614,52.776398,On or near Butthole Lane,E01025743,Charnwood 006D,Violence and sexual offences,Unable to prosecute suspect,
43e3407ed2eef6c296375f5f0c66aa1d1624a09817a1b4eb606a471a448e89f8,2023-12,Leicestershire Police,Leicestershire Police,-1.235843,52.769328,On or near Gracedieu Road,E01025689,Charnwood 007A,Robbery,Investigation complete; no suspect identified,
e1dac14773cc2afd72001fda47d3c9b117c0cdc28d7e66ba133b9bb56f4ca809,2023-12,Leicestershire Police,Leicestershire Police,-1.232957,52.771647,On or near Trackside Close,E01025689,Charnwood 007A,Violence and sexual offences,Court result unavailable,
,2023-12,Leicestershire Police,Leicestershire Police,-1.235391,52.773991,On or near Browning Road,E01025689,Charnwood 007A,Anti-social behaviour,,
f12533e85f7ca751f56a8f2a905d9c9554c82661dd68d6f98951abd617903119,2023-12,Leicestershire Police,Leicestershire Police,-1.228282,52.768605,On or near Union Way,E01025689,Charnwood 007A,Bicycle theft,Investigation complete; no suspect identified,
a673f52accb765645ae04dbbe8dcebb3522f056e1a10a90e9276b6c823120418,2023-12,Leicestershire Police,Leicestershire Police,-1.229721,52.771050,On or near Newbon Close,E01025689,Charnwood 007A,Bicycle theft,Investigation complete; no suspect identified,
0c8fe02787c585fc4f27ae474762047f759d4ae23a44141da517f132f7c1de9f,2023-12,Leicestershire Police,Leicestershire Police,-1.228282,52.768605,On or near Union Way,E01025689,Charnwood 007A,Bicycle theft,Investigation complete; no suspect identified,
6266c725b686215b717c4b567d6ee42b7c152ade6950fa6a6a13cf4ec45e6a52,2023-12,Leicestershire Police,Leicestershire Police,-1.230661,52.772360,On or near Garendon Road,E01025689,Charnwood 007A,Bicycle theft,Investigation complete; no suspect identified,
dfa55e6fb1eed1d8b8610dc73ce067f68cb7e329399274a2afec09fbda38f1f5,2023-12,Leicestershire Police,Leicestershire Police,-1.230661,52.772360,On or near Garendon Road,E01025689,Charnwood 007A,Burglary,Investigation complete; no suspect identified,
c83e1065461e3699e98bfd22a6e169b9c4a67de7ede8a24b7789c89b8520cf90,2023-12,Leicestershire Police,Leicestershire Police,-1.229721,52.771050,On or near Newbon Close,E01025689,Charnwood 007A,Burglary,Investigation complete; no suspect identified,
e74d96b058550a84bdee1d7cf50b7b03e7efb94ca7b4b4e2e24db5dae0f13605,2023-12,Leicestershire Police,Leicestershire Police,-1.239309,52.766932,On or near Schofield Road,E01025689,Charnwood 007A,Criminal damage and arson,Unable to prosecute suspect,
124bc092922fe4ae56eb816939de9a98fd0f4e43d3ae6c866fe3779adcaa8795,2023-12,Leicestershire Police,Leicestershire Police,-1.239309,52.766932,On or near Schofield Road,E01025689,Charnwood 007A,Criminal damage and arson,Unable to prosecute suspect,
a3e8ede1d1b5372fbee7537e980bd23f87dc5ec10b124997c55c15c414d6be3f,2023-12,Leicestershire Police,Leicestershire Police,-1.227407,52.771961,On or near John Phillips Close,E01025689,Charnwood 007A,Robbery,Investigation complete; no suspect identified,
bb42c921c5b2d1e08a906b6f2f756fe7565de2424ede141dd9a8a602a5522bad,2023-12,Leicestershire Police,Leicestershire Police,-1.235391,52.773991,On or near Browning Road,E01025689,Charnwood 007A,Violence and sexual offences,Investigation complete; no suspect identified,
ed854d63b6541ba827cc0ab9eeb64c621b0bcd625f40ddf784b2e0991c5c2e49,2023-12,Leicestershire Police,Leicestershire Police,-1.230661,52.772360,On or near Garendon Road,E01025689,Charnwood 007A,Violence and sexual offences,Unable to prosecute suspect,
6c6713e2fe94686e5fe6972281255ad0f8ee9403fa570bd8bd9f3a44bd7ffb11,2023-12,Leicestershire Police,Leicestershire Police,-1.235391,52.773991,On or near Browning Road,E01025689,Charnwood 007A,Violence and sexual offences,Unable to prosecute suspect,
372ccba470ce7d1606820019160d4af634da048b15f7ed1aa960a2a7a95741f9,2023-12,Leicestershire Police,Leicestershire Police,-1.235391,52.773991,On or near Browning Road,E01025689,Charnwood 007A,Violence and sexual offences,Investigation complete; no suspect identified,
91fb7bb1d67cad914601ccb5a4f8f919011172ee86254deece3cdde445a1b3e5,2023-12,Leicestershire Police,Leicestershire Police,-1.233781,52.766060,On or near University Road,E01025690,Charnwood 007B,Bicycle theft,Investigation complete; no suspect identified,
6181a58a133fe4f13008752ccbe68eeb69b79849d086392f3c363785771883b0,2023-12,Leicestershire Police,Leicestershire Police,-1.235542,52.764525,On or near Elvyn Way,E01025690,Charnwood 007B,Bicycle theft,Investigation complete; no suspect identified,
88775d9bb52f17ea89ad0060bae33745ef12b8d1fada8d7c01de04ab0763a3ad,2023-12,Leicestershire Police,Leicestershire Police,-1.244491,52.764637,On or near Hermitage Road,E01025690,Charnwood 007B,Burglary,Unable to prosecute suspect,
84ac48b25a7a061c59181abdafbaf82eb484734173ac3d4d004057a6f782269c,2023-12,Leicestershire Police,Leicestershire Police,-1.240498,52.765870,On or near Hermitage Way,E01025690,Charnwood 007B,Other theft,Unable to prosecute suspect,
806a77ac2b4342819dc3471bafad28eb4651b78395a919553c65ff4188112b2c,2023-12,Leicestershire Police,Leicestershire Police,-1.233781,52.766060,On or near University Road,E01025690,Charnwood 007B,Public order,Investigation complete; no suspect identified,
87347f1bdcabbbda66f78e411c650dc113e4b263aef20151999bfd08fbc6cd5d,2023-12,Leicestershire Police,Leicestershire Police,-1.247183,52.764977,On or near Old Ashby Road,E01025690,Charnwood 007B,Violence and sexual offences,Unable to prosecute suspect,
278fc120854af67d7e1167dfd51f413ad54d2d3c4af6a1e55ee5cd70e2623e1d,2023-12,Leicestershire Police,Leicestershire Police,-1.236871,52.760560,On or near Derwent Drive,E01025707,Charnwood 007C,Burglary,Investigation complete; no suspect identified,
558e2ac15bef1f0f696ddc6c62799e16399cb653dbae16cb0cca342e27a1556e,2023-12,Leicestershire Police,Leicestershire Police,-1.234906,52.760233,On or near Rydal Avenue,E01025707,Charnwood 007C,Other theft,Investigation complete; no suspect identified,
45b3d111b80e6d1f5e92e414515d5d2c7d333539f1b9671fa391d63ffb7b1d68,2023-12,Leicestershire Police,Leicestershire Police,-1.236862,52.757693,On or near Wythburn Close,E01025707,Charnwood 007C,Violence and sexual offences,Unable to prosecute suspect,
494c103b3f57ad7856c63750b75aad9fff2821d64914b1ec61d537e75c711e81,2023-12,Leicestershire Police,Leicestershire Police,-1.221937,52.767035,On or near Towers Way,E01025709,Charnwood 007D,Bicycle theft,Investigation complete; no suspect identified,
2c0d4e0bb4a90ca94cfb3e08324ef6827e3e442cdd61f4596f781445c051f775,2023-12,Leicestershire Police,Leicestershire Police,-1.229517,52.764832,On or near Further/Higher Educational Building,E01025709,Charnwood 007D,Bicycle theft,Investigation complete; no suspect identified,
cba34a2928931c61cf04382918c2bb10d9488442ad2f6a5892d80ee139ffedab,2023-12,Leicestershire Police,Leicestershire Police,-1.229517,52.764832,On or near Further/Higher Educational Building,E01025709,Charnwood 007D,Criminal damage and arson,Unable to prosecute suspect,
645c7f59b157b396d577938391bd005ed9eacc79d36f363dbf9ff77d4b79ab4f,2023-12,Leicestershire Police,Leicestershire Police,-1.225212,52.763712,On or near Ashleigh Drive,E01025709,Charnwood 007D,Other theft,Investigation complete; no suspect identified,
e0153b9da5a8ed795aa5a9bc0bdeca51b8215380d6ca748dbe1695d84820b62a,2023-12,Leicestershire Police,Leicestershire Police,-1.229517,52.764832,On or near Further/Higher Educational Building,E01025709,Charnwood 007D,Other theft,Investigation complete; no suspect identified,
6d514a5931c28da875daf3aae75c88ae1e18af7d0dc43a6fcea92cd6ee10dc10,2023-12,Leicestershire Police,Leicestershire Police,-1.222911,52.768066,On or near Epinal Way,E01025709,Charnwood 007D,Other theft,Investigation complete; no suspect identified,
63ce606f28695b0acea9328fc4484f882846f79e4e39565b279bae77dc131fe5,2023-12,Leicestershire Police,Leicestershire Police,-1.234457,52.761318,On or near Holywell Drive,E01025709,Charnwood 007D,Violence and sexual offences,Action to be taken by another organisation,
6747c73b84049a8f0103fe302b5de256430799325b236cbfbba9224f907be3ea,2023-12,Leicestershire Police,Leicestershire Police,-1.234457,52.761318,On or near Holywell Drive,E01025709,Charnwood 007D,Violence and sexual offences,Action to be taken by another organisation,
,2023-12,Leicestershire Police,Leicestershire Police,-1.128886,52.785770,On or near Mundy Close,E01025760,Charnwood 008A,Anti-social behaviour,,
,2023-12,Leicestershire Police,Leicestershire Police,-1.128886,52.785770,On or near Mundy Close,E01025760,Charnwood 008A,Anti-social behaviour,,
,2023-12,Leicestershire Police,Leicestershire Police,-1.128886,52.785770,On or near Mundy Close,E01025760,Charnwood 008A,Anti-social behaviour,,
,2023-12,Leicestershire Police,Leicestershire Police,-1.128886,52.785770,On or near Mundy Close,E01025760,Charnwood 008A,Anti-social behaviour,,
,2023-12,Leicestershire Police,Leicestershire Police,-1.128886,52.785770,On or near Mundy Close,E01025760,Charnwood 008A,Anti-social behaviour,,
f58456ce7218facb09756db8625e611bdcf095687c5c39e1d350f028d58574e4,2023-12,Leicestershire Police,Leicestershire Police,-1.176722,52.780143,On or near Barrow Road,E01025760,Charnwood 008A,Burglary,Investigation complete; no suspect identified,
321877d5689f2098ed23e6a9333e74fb4645d4b70afed3d941d91675f3f6c221,2023-12,Leicestershire Police,Leicestershire Police,-1.150301,52.797774,On or near Loughborough Road,E01025760,Charnwood 008A,Other theft,Investigation complete; no suspect identified,
99160dc6da2b36fa6420a81512b7169f3139164b2c9de970c4092c616afc27a6,2023-12,Leicestershire Police,Leicestershire Police,-1.150301,52.797774,On or near Loughborough Road,E01025760,Charnwood 008A,Violence and sexual offences,Unable to prosecute suspect,
c20bc6aac1145ed3993fe8cd0c03bb4efd7b1efbf6def7a8a98492693b5da810,2023-12,Leicestershire Police,Leicestershire Police,-1.109000,52.806236,On or near Far Street,E01025761,Charnwood 008B,Burglary,Unable to prosecute suspect,
c2286edae6f96a6ebe5d63f179d83b0746aad7d50ea63fbb3710ece8c4a22439,2023-12,Leicestershire Police,Leicestershire Police,-1.112844,52.805420,On or near Appleton Drive,E01025761,Charnwood 008B,Burglary,Investigation complete; no suspect identified,
2ea734e2c55275d04d6e5203a379322c534fe98c85e6baccfd40eb44262168af,2023-12,Leicestershire Police,Leicestershire Police,-1.106040,52.805153,On or near Church Street,E01025761,Charnwood 008B,Burglary,Investigation complete; no suspect identified,
11c177e0f71c99a15f86098dc393d41e73c929834042d51e44e7c2fe88b63ff2,2023-12,Leicestershire Police,Leicestershire Police,-1.112011,52.803346,On or near Hoton Road,E01025761,Charnwood 008B,Burglary,Court result unavailable,
b6e344545d1bf38a91cdad75b2e0ebb8a0ee7e3c1675d3c44ff6aba1d2a4dd58,2023-12,Leicestershire Police,Leicestershire Police,-1.104194,52.807621,On or near Waydale,E01025761,Charnwood 008B,Violence and sexual offences,Unable to prosecute suspect,
0e5ee52325ef51e0ce91ea783e83df1d12ce85e926825aa2bcf146e24e3d254d,2023-12,Leicestershire Police,Leicestershire Police,-1.104194,52.807621,On or near Waydale,E01025761,Charnwood 008B,Violence and sexual offences,Further action is not in the public interest,
ce6db9996d2032200ff656fc45e5fea46261d91e060d1f4e6a7cae025731d104,2023-12,Leicestershire Police,Leicestershire Police,-1.034102,52.727070,On or near Station Road,E01025768,Charnwood 008C,Other theft,Investigation complete; no suspect identified,
7925e67c576b8b7459840c0f7bd927e6b3876d4ffb19db87b6ca8ac98b91b4b1,2023-12,Leicestershire Police,Leicestershire Police,-1.059329,52.754198,On or near Parking Area,E01025768,Charnwood 008C,Other theft,Further investigation is not in the public interest,
b17b5c5a1c74d194e5418190f951e367dceaf841ed8cfe4d2804cdd015a65a92,2023-12,Leicestershire Police,Leicestershire Police,-1.033118,52.728752,On or near Bleakmoor Close,E01025768,Charnwood 008C,Violence and sexual offences,Unable to prosecute suspect,
6bba4043914c701fd65dbfa26fb17dfa5d003c338cfd8ef7187045f450fcf8e3,2023-12,Leicestershire Police,Leicestershire Police,-1.115244,52.758026,On or near Quorn Park,E01025768,Charnwood 008C,Violence and sexual offences,Investigation complete; no suspect identified,
a436a2175f581c90c9427d7acec258a4fb23a145283e42f54afc2053bcfbef01,2023-12,Leicestershire Police,Leicestershire Police,-1.115244,52.758026,On or near Quorn Park,E01025768,Charnwood 008C,Other crime,Unable to prosecute suspect,
4a44c864f2a743fef74e155bf72a086f0f65b30ec51f1c07fc5fc75d0a9ecc03,2023-12,Leicestershire Police,Leicestershire Police,-1.090127,52.718892,On or near Humble Lane,E01025769,Charnwood 008D,Criminal damage and arson,Investigation complete; no suspect identified,
3b7b360c28d5a43c66851e7829dba95287d568f83abf6a8b032b878d1159fc47,2023-12,Leicestershire Police,Leicestershire Police,-1.059010,52.729086,On or near Thrussington Road,E01025769,Charnwood 008D,Criminal damage and arson,Investigation complete; no suspect identified,
292ef861df6c4cadb5e75a39a43cf683a6576d201b577512269fb66977483272,2023-12,Leicestershire Police,Leicestershire Police,-1.090127,52.718892,On or near Humble Lane,E01025769,Charnwood 008D,Other theft,Investigation complete; no suspect identified,
,2023-12,Leicestershire Police,Leicestershire Police,-1.195689,52.763804,On or near Whitehouse Avenue,E01025702,Charnwood 009A,Anti-social behaviour,,
7bc566820f4c5452acf3a03866c44b8cada0c65f873828909480f5fdc2f39430,2023-12,Leicestershire Police,Leicestershire Police,-1.191931,52.762654,On or near Parking Area,E01025702,Charnwood 009A,Violence and sexual offences,Unable to prosecute suspect,
c484ef0f40b14526f15af8b4787f1ce7bacc9debe4d13d7b453a2fb6abcf60ac,2023-12,Leicestershire Police,Leicestershire Police,-1.193161,52.765854,On or near King George Avenue,E01025702,Charnwood 009A,Violence and sexual offences,Court result unavailable,
c37914d15ab37be8892451afb718a959c5329ddd9cecd08c74cb0326d46fc7a2,2023-12,Leicestershire Police,Leicestershire Police,-1.193161,52.765854,On or near King George Avenue,E01025702,Charnwood 009A,Violence and sexual offences,Unable to prosecute suspect,
92cb1f3f2c9f4b84823fdcc22dbe1fc7fbb35b788d5ad78d861a7b083f085151,2023-12,Leicestershire Police,Leicestershire Police,-1.193161,52.765854,On or near King George Avenue,E01025702,Charnwood 009A,Violence and sexual offences,Unable to prosecute suspect,
de8d2efcf2cc1ea041d240219380eb4a8e8c3bf8e0371930f64c5f0368cd4a35,2023-12,Leicestershire Police,Leicestershire Police,-1.195689,52.763804,On or near Whitehouse Avenue,E01025702,Charnwood 009A,Violence and sexual offences,Investigation complete; no suspect identified,
099e40681d6ceb3ad4b801def10b8b3ca0260000c666d94681752fc0d243b88a,2023-12,Leicestershire Police,Leicestershire Police,-1.192264,52.763070,On or near Naylor Avenue,E01025702,Charnwood 009A,Violence and sexual offences,Unable to prosecute suspect,
4a53a8325319d5b9de622d7b2c97638df35de72a8922069d39c62e47d32accf3,2023-12,Leicestershire Police,Leicestershire Police,-1.193161,52.765854,On or near King George Avenue,E01025702,Charnwood 009A,Violence and sexual offences,Unable to prosecute suspect,
5db32e658cb3f0bb85430a56986ecf5f25befa076b69ffc12e07a1f83b491aff,2023-12,Leicestershire Police,Leicestershire Police,-1.204971,52.759470,On or near Park Avenue,E01025715,Charnwood 009B,Drugs,Offender given a caution,
,2023-12,Leicestershire Police,Leicestershire Police,-1.204971,52.759470,On or near Park Avenue,E01025715,Charnwood 009B,Anti-social behaviour,,
082158dbf3fa7c6b813b75e8538faa6c6ad69761bde9ec892d0d5299123bc22a,2023-12,Leicestershire Police,Leicestershire Police,-1.204971,52.759470,On or near Park Avenue,E01025715,Charnwood 009B,Burglary,Investigation complete; no suspect identified,
b002b81cf2d25901db0606b69fac848f1bf9cdde7e4572053ca706dfa24c5c24,2023-12,Leicestershire Police,Leicestershire Police,-1.204971,52.759470,On or near Park Avenue,E01025715,Charnwood 009B,Criminal damage and arson,Investigation complete; no suspect identified,
ab937382af670eb283e3457637c89fbfc2250066ff004c3a8816c9dab223eaf1,2023-12,Leicestershire Police,Leicestershire Police,-1.203443,52.758759,On or near Woodthorpe Avenue,E01025715,Charnwood 009B,Criminal damage and arson,Unable to prosecute suspect,
398f7b7e8c190e732414e76895d2092bd8f7f5272ac7e5686e70621268226df5,2023-12,Leicestershire Police,Leicestershire Police,-1.204971,52.759470,On or near Park Avenue,E01025715,Charnwood 009B,Possession of weapons,Unable to prosecute suspect,
73f0709a6e870e03379e4eb87efa97367ac1aa6ffb3c65ba1a9045504f05a3aa,2023-12,Leicestershire Police,Leicestershire Police,-1.204971,52.759470,On or near Park Avenue,E01025715,Charnwood 009B,Vehicle crime,Unable to prosecute suspect,
b6436bc9a0c2a4a785fb1424bddb4471076ec8d16ce989edb0590021d312e691,2023-12,Leicestershire Police,Leicestershire Police,-1.204971,52.759470,On or near Park Avenue,E01025715,Charnwood 009B,Vehicle crime,Unable to prosecute suspect,
bc09462877dde56c69e81cae5834742f4727a01904f03ddbffb4d2847aa8d78b,2023-12,Leicestershire Police,Leicestershire Police,-1.198324,52.761556,On or near Wheatland Drive,E01025715,Charnwood 009B,Vehicle crime,Formal action is not in the public interest,
22c041f9d4ba5b94422fcbe2b2c3baa4886ce1c88d8c489752c03a8e7d5c7498,2023-12,Leicestershire Police,Leicestershire Police,-1.201211,52.761656,On or near Shelthorpe Road,E01025715,Charnwood 009B,Vehicle crime,Investigation complete; no suspect identified,
ecddbf1927b9764f4856e4935cede12922e279fccb60eff34afaa6d73b789cd9,2023-12,Leicestershire Police,Leicestershire Police,-1.203443,52.758759,On or near Woodthorpe Avenue,E01025715,Charnwood 009B,Violence and sexual offences,Unable to prosecute suspect,
3de43f7f38337b4b76f6dc05c77b056cd2dde7c6e6ef1c1ea7cc092ce192edf1,2023-12,Leicestershire Police,Leicestershire Police,-1.196504,52.761382,On or near Wilton Avenue,E01025715,Charnwood 009B,Violence and sexual offences,Unable to prosecute suspect,
c02d55d1fdf214635cd358854c3203cc7572445e388a90c4b0d796fbe564985d,2023-12,Leicestershire Police,Leicestershire Police,-1.198324,52.761556,On or near Wheatland Drive,E01025715,Charnwood 009B,Violence and sexual offences,Unable to prosecute suspect,
cf715d1a995c308bfd7aa4425c968afad86cc491eb24a1ad0d7bc41a693b086a,2023-12,Leicestershire Police,Leicestershire Police,-1.203443,52.758759,On or near Woodthorpe Avenue,E01025715,Charnwood 009B,Violence and sexual offences,Unable to prosecute suspect,
8a818c6f5e5cb682416f783b1cebb1e8a134a77ef77a05cabfda0602a988e92d,2023-12,Leicestershire Police,Leicestershire Police,-1.198324,52.761556,On or near Wheatland Drive,E01025715,Charnwood 009B,Violence and sexual offences,Action to be taken by another organisation,
53f96f601263c72272e9a5ffeb8f5f89141d19ae9f1eafd63b89b9eeed005f9d,2023-12,Leicestershire Police,Leicestershire Police,-1.204109,52.757172,On or near Lingdale Close,E01025715,Charnwood 009B,Violence and sexual offences,Investigation complete; no suspect identified,
16e93ed0e5db1f0b6c55dc7e7050e25003d2834fe7220cccf4b8997cd93eb489,2023-12,Leicestershire Police,Leicestershire Police,-1.204109,52.757172,On or near Lingdale Close,E01025715,Charnwood 009B,Violence and sexual offences,Unable to prosecute suspect,
dae108cf58246edc4edc9b7737eb8e59064be2596e003553d0b4de89378b7128,2023-12,Leicestershire Police,Leicestershire Police,-1.203443,52.758759,On or near Woodthorpe Avenue,E01025715,Charnwood 009B,Other crime,Unable to prosecute suspect,
015c18aa71cbfd1a0f4f484e0f0f148955c2fd1131efe3dfbd1ab305dcb5a9b6,2023-12,Leicestershire Police,Leicestershire Police,-1.208652,52.759953,On or near Lansdowne Drive,E01025716,Charnwood 009C,Burglary,Investigation complete; no suspect identified,
,2023-12,Leicestershire Police,Leicestershire Police,-1.207931,52.758060,On or near Park Road,E01025716,Charnwood 009C,Anti-social behaviour,,
520c2e8e50b8f26b35f7c21093ebe28f225923552a7fb2540d77721e40116787,2023-12,Leicestershire Police,Leicestershire Police,-1.208652,52.759953,On or near Lansdowne Drive,E01025716,Charnwood 009C,Burglary,Investigation complete; no suspect identified,
2cf7c48bf29cc432fbe220f84624fc3d095d394686b44321deb1e65cf49db1ab,2023-12,Leicestershire Police,Leicestershire Police,-1.207931,52.758060,On or near Park Road,E01025716,Charnwood 009C,Burglary,Investigation complete; no suspect identified,
2b6547677852491cb71cd1b97dba222480967b50060582c87e4398422e197f38,2023-12,Leicestershire Police,Leicestershire Police,-1.207931,52.758060,On or near Park Road,E01025716,Charnwood 009C,Criminal damage and arson,Investigation complete; no suspect identified,
fc82a17818a501b7d0012a2a28e70eb4b9c6f22b1e3f271bdc7197e5dfeb04e8,2023-12,Leicestershire Police,Leicestershire Police,-1.207931,52.758060,On or near Park Road,E01025716,Charnwood 009C,Criminal damage and arson,Investigation complete; no suspect identified,
82d747d6d9cc6360a2c72af6e1f3a0c6fda495cbedad056ba695640f25c5c34b,2023-12,Leicestershire Police,Leicestershire Police,-1.207931,52.758060,On or near Park Road,E01025716,Charnwood 009C,Shoplifting,Investigation complete; no suspect identified,
c5bde957b3fcbd6a86971319390f39853a332a91928e4657b4ec5885d4624938,2023-12,Leicestershire Police,Leicestershire Police,-1.207931,52.758060,On or near Park Road,E01025716,Charnwood 009C,Shoplifting,Investigation complete; no suspect identified,
6ad230aa73a5d39691bbe99cdf0042d21bcf849ad112e7e879e351ac93268ae4,2023-12,Leicestershire Police,Leicestershire Police,-1.207931,52.758060,On or near Park Road,E01025716,Charnwood 009C,Shoplifting,Investigation complete; no suspect identified,
b15fa9db88ab2f5c1263c326c634becef34722b2edec8f094b623695283d9908,2023-12,Leicestershire Police,Leicestershire Police,-1.207931,52.758060,On or near Park Road,E01025716,Charnwood 009C,Shoplifting,Investigation complete; no suspect identified,
2985db3926e9134384e9121adbe3c6dc81cdbab98a225104bbed8ac35e79acf1,2023-12,Leicestershire Police,Leicestershire Police,-1.207931,52.758060,On or near Park Road,E01025716,Charnwood 009C,Shoplifting,Unable to prosecute suspect,
76a0b9396b225254e1f8dc00b38830e6f5d5c2e7b7341ab3a6e99ff86f602fa1,2023-12,Leicestershire Police,Leicestershire Police,-1.207931,52.758060,On or near Park Road,E01025716,Charnwood 009C,Shoplifting,Investigation complete; no suspect identified,
b386c1e610aaa913193d8a51600f53e8b09b2abc4555403be394be39d8245f1e,2023-12,Leicestershire Police,Leicestershire Police,-1.207931,52.758060,On or near Park Road,E01025716,Charnwood 009C,Shoplifting,Investigation complete; no suspect identified,
c99fe5a5af580e18a5d556adef5744ba561852d84e3ac19ba48801c5c4abf91f,2023-12,Leicestershire Police,Leicestershire Police,-1.208007,52.753854,On or near Broadway,E01025716,Charnwood 009C,Violence and sexual offences,Investigation complete; no suspect identified,
e0a4c42302871175a86eeb96262ef82ca444c957d82e0085185e8599cdcc8fc2,2023-12,Leicestershire Police,Leicestershire Police,-1.206923,52.757245,On or near Howe Road,E01025716,Charnwood 009C,Violence and sexual offences,Unable to prosecute suspect,
beee7f5b01b6585f1daca2e21b37e16cce8d48795239cea421fc94f5e56527dc,2023-12,Leicestershire Police,Leicestershire Police,-1.206923,52.757245,On or near Howe Road,E01025716,Charnwood 009C,Violence and sexual offences,Action to be taken by another organisation,
,2023-12,Leicestershire Police,Leicestershire Police,-1.204464,52.770218,On or near Pack Horse Lane,E01025718,Charnwood 009E,Anti-social behaviour,,
2fc6e8f25140263a8a692b23156a8a300205e487730a6b28d79e75e802134297,2023-12,Leicestershire Police,Leicestershire Police,-1.206927,52.770091,On or near Mills Yard,E01025718,Charnwood 009E,Burglary,Investigation complete; no suspect identified,
9c1611c53f96020f0da6bddf25e3f2cf1c50f3c58ba2da492c51f3485778417a,2023-12,Leicestershire Police,Leicestershire Police,-1.208056,52.765019,On or near Lanesborough Court,E01025718,Charnwood 009E,Burglary,Investigation complete; no suspect identified,
5a4a86bbf9068a10fcb848400f057731b2a4e2324a027f7e6f8680b61ef65b86,2023-12,Leicestershire Police,Leicestershire Police,-1.207745,52.769126,On or near Old Bleach Yard,E01025718,Charnwood 009E,Burglary,Investigation complete; no suspect identified,
22ae46b790b00fc8e770d831fa424303609c20495a056d09a1e17a68e4fd5d00,2023-12,Leicestershire Police,Leicestershire Police,-1.207745,52.769126,On or near Old Bleach Yard,E01025718,Charnwood 009E,Burglary,Court result unavailable,
81611d2da573c2bb94529de21a57c58b2772a1ab84c9d0e1661a984a995b971d,2023-12,Leicestershire Police,Leicestershire Police,-1.203557,52.762228,On or near Sports/Recreation Area,E01025718,Charnwood 009E,Burglary,Investigation complete; no suspect identified,
cb2d4bb3ba6671443d112f81dc61e68a9f7962ae5fb4b97fa5c14a097f9098ff,2023-12,Leicestershire Police,Leicestershire Police,-1.207745,52.769126,On or near Old Bleach Yard,E01025718,Charnwood 009E,Criminal damage and arson,Investigation complete; no suspect identified,
0426948ced465271a1f091e73a1ad8b73116089bdf28c38e6462fd99842f0cb1,2023-12,Leicestershire Police,Leicestershire Police,-1.206927,52.770091,On or near Mills Yard,E01025718,Charnwood 009E,Criminal damage and arson,Unable to prosecute suspect,
40c15b06db15e3e832b753bac8a1d5f04787f1de60e2ac1d5220973bda06db27,2023-12,Leicestershire Police,Leicestershire Police,-1.207616,52.769655,On or near Devonshire Lane,E01025718,Charnwood 009E,Criminal damage and arson,Investigation complete; no suspect identified,
5527691fa20312aa07cd6030d8c02233ebb4bb3dbb57f4bb7e2fa24b056f260a,2023-12,Leicestershire Police,Leicestershire Police,-1.204464,52.770218,On or near Pack Horse Lane,E01025718,Charnwood 009E,Drugs,Local resolution,
d2ee919a912124dd77168e50ada9ff7a9c02707b10337f694634ed66a1889b09,2023-12,Leicestershire Police,Leicestershire Police,-1.204464,52.770218,On or near Pack Horse Lane,E01025718,Charnwood 009E,Other theft,Investigation complete; no suspect identified,
38cf70cfe505f47bc6945f2ab1e861c2da4e6c9806b6279d965b351bb2fab459,2023-12,Leicestershire Police,Leicestershire Police,-1.205849,52.767414,On or near Victoria Street,E01025718,Charnwood 009E,Public order,Investigation complete; no suspect identified,
dc8fff1126bf657e4368d6e36799577c8ae75beca994ed643120386135275e65,2023-12,Leicestershire Police,Leicestershire Police,-1.204464,52.770218,On or near Pack Horse Lane,E01025718,Charnwood 009E,Public order,Investigation complete; no suspect identified,
cc66ae5f7e40338271adefd3ac1db3d4c12196e753fa6a3d3b1ed4ed952cf0e8,2023-12,Leicestershire Police,Leicestershire Police,-1.205849,52.767414,On or near Victoria Street,E01025718,Charnwood 009E,Public order,Unable to prosecute suspect,
90a03b87d6efcf594fc6892b8a88fa6444d61694036a61f7c824d4f4f903bd54,2023-12,Leicestershire Police,Leicestershire Police,-1.206927,52.770091,On or near Mills Yard,E01025718,Charnwood 009E,Public order,Investigation complete; no suspect identified,
cdd8e7a4e73531d1f1afa1c53a36285118ef8e8ec6462f1793244c6682d49b2c,2023-12,Leicestershire Police,Leicestershire Police,-1.207616,52.769655,On or near Devonshire Lane,E01025718,Charnwood 009E,Shoplifting,Investigation complete; no suspect identified,
de01475e57c468a09bb129b471736c731b16fcd4b775aac812c5dc58b0f800e4,2023-12,Leicestershire Police,Leicestershire Police,-1.206927,52.770091,On or near Mills Yard,E01025718,Charnwood 009E,Shoplifting,Investigation complete; no suspect identified,
c720d8c0cebb0af0728f8913d5f62bd63601a25776364b420a76f94fd76d7ed6,2023-12,Leicestershire Police,Leicestershire Police,-1.206927,52.770091,On or near Mills Yard,E01025718,Charnwood 009E,Shoplifting,Investigation complete; no suspect identified,
9b5d69f49c4e55c724abe9dcf8c34315285596cbb2c4a499c47d03478e2abd2f,2023-12,Leicestershire Police,Leicestershire Police,-1.206927,52.770091,On or near Mills Yard,E01025718,Charnwood 009E,Shoplifting,Investigation complete; no suspect identified,
cd883563414db00df9a4393dccf2c349a1b1a53361fad5a1c17026c12792f29a,2023-12,Leicestershire Police,Leicestershire Police,-1.207616,52.769655,On or near Devonshire Lane,E01025718,Charnwood 009E,Shoplifting,Court result unavailable,
f07272d057e7bac1be126b83e9761b6940d82a855f197befc8444f3491f48fff,2023-12,Leicestershire Police,Leicestershire Police,-1.207616,52.769655,On or near Devonshire Lane,E01025718,Charnwood 009E,Shoplifting,Investigation complete; no suspect identified,
62c53c5aa4618fabfc8f1b4f01f93c8966b950286016592ed8380c6b01b75184,2023-12,Leicestershire Police,Leicestershire Police,-1.204272,52.769372,On or near Parking Area,E01025718,Charnwood 009E,Theft from the person,Investigation complete; no suspect identified,
a8ff07eba7eda6838cbe134dd729922b63cdc575c32c485b926ffffdc2a470e5,2023-12,Leicestershire Police,Leicestershire Police,-1.204581,52.767627,On or near Police Station,E01025718,Charnwood 009E,Violence and sexual offences,Unable to prosecute suspect,
04ee03a75c5abedfb96a4817abd7963e341f2200b452a1a59f08183e08bfd2bc,2023-12,Leicestershire Police,Leicestershire Police,-1.205849,52.767414,On or near Victoria Street,E01025718,Charnwood 009E,Violence and sexual offences,Unable to prosecute suspect,
6fcfda9be2a39f9ed5503f2f2bc709a6480121c85c7c00b1d4b6e14dab81e77d,2023-12,Leicestershire Police,Leicestershire Police,-1.208056,52.765019,On or near Lanesborough Court,E01025718,Charnwood 009E,Violence and sexual offences,Investigation complete; no suspect identified,
996b1810078c2dd9165d1df1fb85bbc1e146594682d17ce3ac385b003708e7e0,2023-12,Leicestershire Police,Leicestershire Police,-1.206927,52.770091,On or near Mills Yard,E01025718,Charnwood 009E,Violence and sexual offences,Investigation complete; no suspect identified,
6f17887a38647243806810bfa1f6a397071a989bd0bc436ce323770e4d879000,2023-12,Leicestershire Police,Leicestershire Police,-1.205849,52.767414,On or near Victoria Street,E01025718,Charnwood 009E,Violence and sexual offences,Unable to prosecute suspect,
,2023-12,Leicestershire Police,Leicestershire Police,-1.207217,52.759800,On or near Petrol Station,E01025719,Charnwood 009F,Anti-social behaviour,,
e7b7ac10d8b98425431cc81822f703a2f43e49a25a8be156a7a2e101a844924e,2023-12,Leicestershire Police,Leicestershire Police,-1.203567,52.764108,On or near Castledine Street,E01025719,Charnwood 009F,Burglary,Investigation complete; no suspect identified,
180e9033233e82ecbdbd91f2ef6875101b7aeb7db0dcfd734668a60e82c27bc7,2023-12,Leicestershire Police,Leicestershire Police,-1.210243,52.761285,On or near Cowdray Close,E01025719,Charnwood 009F,Burglary,Investigation complete; no suspect identified,
ff0cbe7d5836b59ab947f0fd3fbf0dc2bf574d60bdf17c7ffe85c34e4779ddae,2023-12,Leicestershire Police,Leicestershire Police,-1.207217,52.759800,On or near Petrol Station,E01025719,Charnwood 009F,Criminal damage and arson,Investigation complete; no suspect identified,
00ced8c21179e07bc5e18468673ca51a19432840179d76cb237370aa3bb05595,2023-12,Leicestershire Police,Leicestershire Police,-1.213945,52.763926,On or near Wallace Road,E01025719,Charnwood 009F,Vehicle crime,Investigation complete; no suspect identified,
1f266b70fddfd37265397d3f0108d7cb35195b1f55702c196e21cf4b58ca97fc,2023-12,Leicestershire Police,Leicestershire Police,-1.207576,52.762877,On or near Oliver Road,E01025719,Charnwood 009F,Vehicle crime,Investigation complete; no suspect identified,
26e4e95951fa88e0357e9dcf0b7a8b0423a1a0e22531bd5c3b6b53ea9ca9f29d,2023-12,Leicestershire Police,Leicestershire Police,-1.211019,52.765111,On or near Wicket Close,E01025719,Charnwood 009F,Violence and sexual offences,Unable to prosecute suspect,
5036b64e404f0c87d438d34531397b0227d8cb93596d3f8e427976d7e3660c76,2023-12,Leicestershire Police,Leicestershire Police,-1.204719,52.756214,On or near Pulteney Road,E01034002,Charnwood 009G,Violence and sexual offences,Unable to prosecute suspect,
,2023-12,Leicestershire Police,Leicestershire Police,-1.200472,52.755907,On or near Ling Avenue,E01034002,Charnwood 009G,Anti-social behaviour,,
e6b8677688f99c4acb909e7d85cc3369e6315f997538d8538cac53c41c8dc611,2023-12,Leicestershire Police,Leicestershire Police,-1.205733,52.752616,On or near Maple Road South,E01034002,Charnwood 009G,Criminal damage and arson,Investigation complete; no suspect identified,
e2461f81a5ed322566ed74f87143f84bef025f980aa28aa66cd324ca8a33bb50,2023-12,Leicestershire Police,Leicestershire Police,-1.202903,52.754233,On or near Manor Road,E01034002,Charnwood 009G,Public order,Unable to prosecute suspect,
883b2089a93fccd9655d16e086405267eee74909305081f6285171c5cb950f79,2023-12,Leicestershire Police,Leicestershire Police,-1.206432,52.751623,On or near Poplar Road,E01034002,Charnwood 009G,Vehicle crime,Investigation complete; no suspect identified,
249c2ae27f70e8f48d762cdf33d23f9ee50997f6b9b596f09f37d47b1c80a909,2023-12,Leicestershire Police,Leicestershire Police,-1.203940,52.755894,On or near Pulteney Avenue,E01034002,Charnwood 009G,Vehicle crime,Investigation complete; no suspect identified,
eb0dbe894ad210527df450d2b00bcf6f81ab3a6a93d10272071e6b89a96404d0,2023-12,Leicestershire Police,Leicestershire Police,-1.205733,52.752616,On or near Maple Road South,E01034002,Charnwood 009G,Vehicle crime,Investigation complete; no suspect identified,
9949b4e5d4df61186ea723c63e785d69339523be4a23353c8b3c241840bc039b,2023-12,Leicestershire Police,Leicestershire Police,-1.202903,52.754233,On or near Manor Road,E01034002,Charnwood 009G,Violence and sexual offences,Unable to prosecute suspect,
2dab8c328289ec6243d71598854b4b35d6acd3e0a8d985fa73a21d171bc1a47a,2023-12,Leicestershire Police,Leicestershire Police,-1.205733,52.752616,On or near Maple Road South,E01034002,Charnwood 009G,Violence and sexual offences,Local resolution,
79e11b732243704aed9c48eb35285b15fbc76b1bddcad91f483218cb42ae4c0e,2023-12,Leicestershire Police,Leicestershire Police,-1.202903,52.754233,On or near Manor Road,E01034002,Charnwood 009G,Violence and sexual offences,Unable to prosecute suspect,
7924063d19d80b68a112f91c018ec42524d0b498f526617f267741f68e92eea0,2023-12,Leicestershire Police,Leicestershire Police,-1.205733,52.752616,On or near Maple Road South,E01034002,Charnwood 009G,Violence and sexual offences,Unable to prosecute suspect,
103cb630376d3e7788d5ffc5bc528211858a01cbeb40ddeff8c89cc63c4b813f,2023-12,Leicestershire Police,Leicestershire Police,-1.201572,52.754107,On or near Manor Drive,E01034002,Charnwood 009G,Violence and sexual offences,Unable to prosecute suspect,
025ea2dab165d3f4fc1fc78fab707f2b7fc71e712dd3ad433cefe0bec45f6a26,2023-12,Leicestershire Police,Leicestershire Police,-1.204235,52.748641,On or near Caincross Close,E01034003,Charnwood 009H,Violence and sexual offences,Investigation complete; no suspect identified,
64be0b3aea543ed77ad03680b0a81721dab0dca6af6dc84813b3bffb0ed2b6d9,2023-12,Leicestershire Police,Leicestershire Police,-1.201644,52.752598,On or near Bobbin Drive,E01034003,Charnwood 009H,Violence and sexual offences,Court result unavailable,
57137d6c9c15d3050304004dde9a482cfa80c65778b7ae0e04f02af8e156f384,2023-12,Leicestershire Police,Leicestershire Police,-1.196460,52.755736,On or near Tulip Crescent,E01034003,Charnwood 009H,Criminal damage and arson,Unable to prosecute suspect,
cb6fb4f4c5c0c537a934fc7095c1438a75e51dc71d2fc647e1ae3227669e9f59,2023-12,Leicestershire Police,Leicestershire Police,-1.194344,52.758451,On or near Sports/Recreation Area,E01034003,Charnwood 009H,Criminal damage and arson,Unable to prosecute suspect,
332270a59c6912713ed8a74dcc6ee51cafc0934c40f2a74d45486b2797ab51c2,2023-12,Leicestershire Police,Leicestershire Police,-1.198987,52.752849,On or near John Boden Way,E01034003,Charnwood 009H,Other theft,Unable to prosecute suspect,
32b2a9cafbf6647f31ab082c04229dd7ceac0864894127e58cb157c7157c44cc,2023-12,Leicestershire Police,Leicestershire Police,-1.194890,52.754880,On or near Cornflower Road,E01034003,Charnwood 009H,Public order,Investigation complete; no suspect identified,
9ba77a6d47341fe4942d6d41da90ef89329d1e541d3ed273314870322959c370,2023-12,Leicestershire Police,Leicestershire Police,-1.204235,52.748641,On or near Caincross Close,E01034003,Charnwood 009H,Public order,Unable to prosecute suspect,
fb1cd7a00cc4507d9b2b3d5ba02b22cb0e654e6db65d4d8e8e59cca099340c0d,2023-12,Leicestershire Police,Leicestershire Police,-1.201915,52.748284,On or near Lea Drive,E01034003,Charnwood 009H,Vehicle crime,Investigation complete; no suspect identified,
8c3eff3c7820e0bdc01b170106933e35cf20959e338272b73b26f4c0eff922c1,2023-12,Leicestershire Police,Leicestershire Police,-1.201915,52.748284,On or near Lea Drive,E01034003,Charnwood 009H,Vehicle crime,Investigation complete; no suspect identified,
6d26b61ddef4f1392adde8935f04c99d1836d2f4c0df16979966bab9428d83f1,2023-12,Leicestershire Police,Leicestershire Police,-1.202039,52.748006,On or near Hillcrest Drive,E01034003,Charnwood 009H,Vehicle crime,Unable to prosecute suspect,
0d647d5cb88e5315933c8b1e4dbcb5a1639a4633b246cfc34ab77f0425403d18,2023-12,Leicestershire Police,Leicestershire Police,-1.258470,52.760994,On or near Petrol Station,E01025708,Charnwood 010A,Burglary,Unable to prosecute suspect,
ce2ef53a3e6815228cb27a028da21220536fa777b5799998ee6bc65db1cb98cc,2023-12,Leicestershire Police,Leicestershire Police,-1.242073,52.755425,On or near Nicolson Road,E01025708,Charnwood 010A,Vehicle crime,Investigation complete; no suspect identified,
8c2c64de4fd98d47e0d05512616f00eee35fbb05d862969fc32477a84501956d,2023-12,Leicestershire Police,Leicestershire Police,-1.244416,52.762137,On or near Holywell Way,E01025708,Charnwood 010A,Vehicle crime,Investigation complete; no suspect identified,
fe58ad562f9e4bd98f63f1415ea5df6d8e0854d4c642ba06313ae98b6881cb5c,2023-12,Leicestershire Police,Leicestershire Police,-1.239545,52.754204,On or near Ludlow Close,E01025708,Charnwood 010A,Violence and sexual offences,Unable to prosecute suspect,
4f2e823344e17364cccb919706ea42d8d6cc691be2fafde0c778154b2d848256,2023-12,Leicestershire Police,Leicestershire Police,-1.244416,52.762137,On or near Holywell Way,E01025708,Charnwood 010A,Violence and sexual offences,Unable to prosecute suspect,
c3bd58233ce75403892b204850765cb794c2bd8bc5ed956a26e7962ddbb6b852,2023-12,Leicestershire Police,Leicestershire Police,-1.258470,52.760994,On or near Petrol Station,E01025708,Charnwood 010A,Other crime,Action to be taken by another organisation,
eb45e86fdced72b6033f324d11b4added3f3bf87439d52695e3ab1f530b9fc1a,2023-12,Leicestershire Police,Leicestershire Police,-1.231451,52.756148,On or near Brookside Road,E01025710,Charnwood 010B,Burglary,Investigation complete; no suspect identified,
fcbd5ea89643a2ee2ea6b6ec3caf64cc3af2ccd610742f7faf81d3865fbb4549,2023-12,Leicestershire Police,Leicestershire Police,-1.231451,52.756148,On or near Brookside Road,E01025710,Charnwood 010B,Burglary,Investigation complete; no suspect identified,
fca6d856dca3e2db678fedc42dafb5dfd7b48993bf8d8986864714721cd12740,2023-12,Leicestershire Police,Leicestershire Police,-1.224252,52.755993,On or near Springfield Close,E01025710,Charnwood 010B,Vehicle crime,Investigation complete; no suspect identified,
91ec684046f1049d6d421b53e29bfc56aad19931ef7f12799d102de30df120e7,2023-12,Leicestershire Police,Leicestershire Police,-1.230845,52.753510,On or near Cricket Lane,E01025710,Charnwood 010B,Vehicle crime,Investigation complete; no suspect identified,
7bc5cb7962d7003e20b8b5b5bc0d25e2910e0163497835354f88ce80013d6c4b,2023-12,Leicestershire Police,Leicestershire Police,-1.222165,52.757534,On or near Sunnyhill Road,E01025711,Charnwood 010C,Burglary,Investigation complete; no suspect identified,
c0040b9920cde547e405145fb13aa2cbe0eae6aab2463080f01f7aeb78a3fa79,2023-12,Leicestershire Police,Leicestershire Police,-1.215108,52.755267,On or near Beaufort Avenue,E01025711,Charnwood 010C,Burglary,Investigation complete; no suspect identified,
6a6859a7be9d232a7bd7c84c8afd041801b58b9c65fdebd5870bd735034437a1,2023-12,Leicestershire Police,Leicestershire Police,-1.219096,52.753496,On or near Pytchley Drive,E01025711,Charnwood 010C,Public order,Investigation complete; no suspect identified,
9f4ec8bbc0bb9323bcb76bea7eeced016fd9e032dece34c3454f2ad53c053645,2023-12,Leicestershire Police,Leicestershire Police,-1.220658,52.752301,On or near Belvoir Drive,E01025711,Charnwood 010C,Vehicle crime,Investigation complete; no suspect identified,
,2023-12,Leicestershire Police,Leicestershire Police,-1.220872,52.750289,On or near Tiverton Road,E01025712,Charnwood 010D,Anti-social behaviour,,
827577fe0225f27f7ffdb73e6a7560042756bc53f410ea9f2681e406da1ab15e,2023-12,Leicestershire Police,Leicestershire Police,-1.227408,52.755168,On or near Priory Road,E01025712,Charnwood 010D,Vehicle crime,Investigation complete; no suspect identified,
6b9c4d28b11af13f8aa2d133544faa51415ab1f1de23535fbc6725d5b59a89ea,2023-12,Leicestershire Police,Leicestershire Police,-1.239209,52.738623,On or near Parking Area,E01025712,Charnwood 010D,Violence and sexual offences,Investigation complete; no suspect identified,
631f1a422ba2e5af2ae6ba6cd4478202812b2dc311bd2c041ccd3e93ea47e332,2023-12,Leicestershire Police,Leicestershire Police,-1.229325,52.757401,On or near Linford Road,E01025713,Charnwood 010E,Burglary,Investigation complete; no suspect identified,
d9f4b143ee02cbf30a19394acbb8ee155f9b022438b6fd0d597bbbd149c6b9b6,2023-12,Leicestershire Police,Leicestershire Police,-1.229325,52.757401,On or near Linford Road,E01025713,Charnwood 010E,Burglary,Investigation complete; no suspect identified,
f9792e15c7d1c0a96ef746434afd02bfe71ade0198eee58b7dc6a9084955da3a,2023-12,Leicestershire Police,Leicestershire Police,-1.227788,52.760493,On or near Paddock Close,E01025713,Charnwood 010E,Burglary,Investigation complete; no suspect identified,
5180dd22804dde4cf309c041a077d1f24bc2ad135752b7539f37bc6e53c61f32,2023-12,Leicestershire Police,Leicestershire Police,-1.218318,52.759694,On or near Outwoods Avenue,E01025713,Charnwood 010E,Vehicle crime,Investigation complete; no suspect identified,
be988f4ebbf43051c8026a6d781f30f8cebfae1b66ecd37480097200a64a15fa,2023-12,Leicestershire Police,Leicestershire Police,-1.218088,52.760978,On or near Holt Drive,E01025713,Charnwood 010E,Vehicle crime,Investigation complete; no suspect identified,
b3c4a50fa180512bad047f7bcb912c2e8ee2565cb7907816482acce1f1f78382,2023-12,Leicestershire Police,Leicestershire Police,-1.229325,52.757401,On or near Linford Road,E01025713,Charnwood 010E,Violence and sexual offences,Unable to prosecute suspect,
,2023-12,Leicestershire Police,Leicestershire Police,-1.209513,52.744290,On or near Kelham Close,E01034004,Charnwood 010G,Anti-social behaviour,,
,2023-12,Leicestershire Police,Leicestershire Police,-1.209513,52.744290,On or near Kelham Close,E01034004,Charnwood 010G,Anti-social behaviour,,
4414ae33a591bb52bbc64cb076c4125f6d143f9d7fed01c329095ef35567810d,2023-12,Leicestershire Police,Leicestershire Police,-1.205872,52.749048,On or near Glen Road,E01034004,Charnwood 010G,Criminal damage and arson,Unable to prosecute suspect,
5567f7cdac12879f06fbf41f06ff8f3681fd0cfadae5a9170ccbb0377889ecd6,2023-12,Leicestershire Police,Leicestershire Police,-1.208396,52.747114,On or near Welchman Close,E01034004,Charnwood 010G,Violence and sexual offences,Action to be taken by another organisation,
26846231d0b705cdde622dd007cf1cb970047ad03c911d31a96747b614730615,2023-12,Leicestershire Police,Leicestershire Police,-1.205872,52.749048,On or near Glen Road,E01034004,Charnwood 010G,Violence and sexual offences,Unable to prosecute suspect,
47390e4d12d233c140cc02d8a7eb8cd02020311d56f86ad5baab25276d097254,2023-12,Leicestershire Police,Leicestershire Police,-1.210333,52.748134,On or near Hornbeam Close,E01034005,Charnwood 010H,Burglary,Investigation complete; no suspect identified,
01f596d5d4f070c4973c0ecc670d91ff9149e852a88bba1b86f931b77f7e511a,2023-12,Leicestershire Police,Leicestershire Police,-1.210033,52.748339,On or near Magnolia Avenue,E01034005,Charnwood 010H,Criminal damage and arson,Investigation complete; no suspect identified,
891bd6683c984f0688b64c329779daecc4d302a222edfe3027bb803e8395149c,2023-12,Leicestershire Police,Leicestershire Police,-1.210647,52.748801,On or near Laurel Road,E01034005,Charnwood 010H,Criminal damage and arson,Investigation complete; no suspect identified,
17f3b663de009e863e75a29da96afb50e143bf4a5e3cf497f3bbbb5648637084,2023-12,Leicestershire Police,Leicestershire Police,-1.213534,52.745593,On or near Laburnum Way,E01034005,Charnwood 010H,Other theft,Investigation complete; no suspect identified,
5f58fd870367778c9618dfa62023f6ea2fc148900147a38cb5f915785e72a9fe,2023-12,Leicestershire Police,Leicestershire Police,-1.214051,52.750604,On or near Japonica Close,E01034005,Charnwood 010H,Public order,Local resolution,
a51ec0e316ce9943d38fd4caecb73b84f55fa8e91b0029555ac523db7e1229bf,2023-12,Leicestershire Police,Leicestershire Police,-1.214051,52.750604,On or near Japonica Close,E01034005,Charnwood 010H,Public order,Local resolution,
c0d3978e34bb3c97b613ec2703da61d793ad80a8bd1e9ebe9ab849a1e409cec2,2023-12,Leicestershire Police,Leicestershire Police,-1.210033,52.748339,On or near Magnolia Avenue,E01034005,Charnwood 010H,Vehicle crime,Investigation complete; no suspect identified,
13337ba52b7e70614455c1c5876b08280442f96dccab7b2752034a1076725a30,2023-12,Leicestershire Police,Leicestershire Police,-1.214051,52.750604,On or near Japonica Close,E01034005,Charnwood 010H,Violence and sexual offences,Unable to prosecute suspect,
2401e20b2219f960a612f00e20de80ef59573171b5698a2269ce0e7aba69835a,2023-12,Leicestershire Police,Leicestershire Police,-1.214051,52.750604,On or near Japonica Close,E01034005,Charnwood 010H,Violence and sexual offences,Unable to prosecute suspect,
aa5c7dda70659d77cd090895bf2215882750586058ac14a7590245e67b8beb64,2023-12,Leicestershire Police,Leicestershire Police,-1.215162,52.748975,On or near Fairmeadows Way,E01034005,Charnwood 010H,Other crime,Action to be taken by another organisation,
50cfa6d8d0178c0fdd5cd9bb4e14cecd052eb633f4886f1a2404b475ffcd6d37,2023-12,Leicestershire Police,Leicestershire Police,-1.113996,52.731901,On or near Herrick Close,E01025674,Charnwood 011A,Public order,Court result unavailable,
c4c2d6efd53013ea18f716c7928e62c80eaf4023bd09e2fe184b7c95d191346c,2023-12,Leicestershire Police,Leicestershire Police,-1.119983,52.729633,On or near Sports/Recreation Area,E01025674,Charnwood 011A,Other theft,Unable to prosecute suspect,
76cc924561f0d61341169381c618aef962c0e4ac26eb6e28cbd8602d8732305d,2023-12,Leicestershire Police,Leicestershire Police,-1.135093,52.750890,On or near Rustat Close,E01025674,Charnwood 011A,Violence and sexual offences,Unable to prosecute suspect,
58b169044efc7d5d3570184f1cfb9752265092909a3c8aa4071c751ab9dca122,2023-12,Leicestershire Police,Leicestershire Police,-1.133678,52.744560,On or near Huston Close,E01025674,Charnwood 011A,Violence and sexual offences,Unable to prosecute suspect,
25c7b15704a5081e314c97cde161a3ec1742379fb9fd28f48ecaa9d3a100e937,2023-12,Leicestershire Police,Leicestershire Police,-1.135093,52.750890,On or near Rustat Close,E01025674,Charnwood 011A,Violence and sexual offences,Unable to prosecute suspect,
,2023-12,Leicestershire Police,Leicestershire Police,-1.146119,52.748453,On or near Lodge Close,E01025675,Charnwood 011B,Anti-social behaviour,,
cbba0c0ee02cff28daa27a7693f5644930bc776d5eecca8e6b23dcf5e4f6846a,2023-12,Leicestershire Police,Leicestershire Police,-1.145012,52.746009,On or near Welland Road,E01025675,Charnwood 011B,Burglary,Investigation complete; no suspect identified,
c054bc0e560aea1919f89802ee4afef497c2a125115da867145957f3ae2a361a,2023-12,Leicestershire Police,Leicestershire Police,-1.147833,52.749463,On or near South Street,E01025675,Charnwood 011B,Burglary,Investigation complete; no suspect identified,
aeaf1a0d511c1dd6ea552e301176c056ddc319a064de59695a6d462d45657bdd,2023-12,Leicestershire Police,Leicestershire Police,-1.147833,52.749463,On or near South Street,E01025675,Charnwood 011B,Criminal damage and arson,Investigation complete; no suspect identified,
931f177fc71b59f70e518f9309abac42a7060b5bc5106ea6217f22af0499d39f,2023-12,Leicestershire Police,Leicestershire Police,-1.142878,52.754363,On or near The Retreat,E01025675,Charnwood 011B,Criminal damage and arson,Investigation complete; no suspect identified,
b15995727802cf7359a3795bd7820b307c374013470b0aee8dd8fbf7128729f3,2023-12,Leicestershire Police,Leicestershire Police,-1.142878,52.754363,On or near The Retreat,E01025675,Charnwood 011B,Vehicle crime,Investigation complete; no suspect identified,
0de511640eccc9fa1343639493556a9c673785d5773111925cc15902ceebcae8,2023-12,Leicestershire Police,Leicestershire Police,-1.142878,52.754363,On or near The Retreat,E01025675,Charnwood 011B,Vehicle crime,Investigation complete; no suspect identified,
178e6672d82c39bbdf07702a6d9028ac34bf4747c1e12896e05cb3463dcab642,2023-12,Leicestershire Police,Leicestershire Police,-1.153482,52.759204,On or near Marianne Close,E01025676,Charnwood 011C,Violence and sexual offences,Unable to prosecute suspect,
17b971853a1322abccdb14364f12421c2daaf6064d992fa2586660b99ef80fd3,2023-12,Leicestershire Police,Leicestershire Police,-1.151648,52.758993,On or near Bristlecone Close,E01025676,Charnwood 011C,Violence and sexual offences,Court result unavailable,
5b46282cf9f2bd015621d757ecc05809008469fa49bcd7494a93297039129ba7,2023-12,Leicestershire Police,Leicestershire Police,-1.151648,52.758993,On or near Bristlecone Close,E01025676,Charnwood 011C,Violence and sexual offences,Court result unavailable,
,2023-12,Leicestershire Police,Leicestershire Police,-1.151286,52.752464,On or near The Rookery,E01025676,Charnwood 011C,Anti-social behaviour,,
b4dd09d61adfcc47fa3854b0148b543852213639f6763372b94759645888294d,2023-12,Leicestershire Police,Leicestershire Police,-1.151051,52.758449,On or near Wayfaring Close,E01025676,Charnwood 011C,Criminal damage and arson,Investigation complete; no suspect identified,
17006a73bcb47dfe8de1ec440cdb5e67be6f74febcd9f0fc56361156dccbce70,2023-12,Leicestershire Police,Leicestershire Police,-1.149599,52.753881,On or near Beaumont Road,E01025676,Charnwood 011C,Violence and sexual offences,Local resolution,
a5821a11ba397a4462e211a99fe1b92036e33ed0898cc8e6cc90789b28bff8af,2023-12,Leicestershire Police,Leicestershire Police,-1.153482,52.759204,On or near Marianne Close,E01025676,Charnwood 011C,Violence and sexual offences,Unable to prosecute suspect,
a0829367c44a378e35587956e4daf966b1deb534f3d3b66a8641ead64f3e6cde,2023-12,Leicestershire Police,Leicestershire Police,-1.149599,52.753881,On or near Beaumont Road,E01025676,Charnwood 011C,Violence and sexual offences,Action to be taken by another organisation,
bb80007c08d796fff4f697ec1c05681f997821f6540868aa0d78f3e9edcbde90,2023-12,Leicestershire Police,Leicestershire Police,-1.146591,52.753895,On or near North Street,E01025677,Charnwood 011D,Violence and sexual offences,Unable to prosecute suspect,
3d4a3bef7269b2e99ef100611822f9d3279b68ff9c01bb81b9c18fe5196b0f7c,2023-12,Leicestershire Police,Leicestershire Police,-1.143099,52.751407,On or near New Street,E01025677,Charnwood 011D,Criminal damage and arson,Investigation complete; no suspect identified,
9e290bd7f40ee272c8bed49bf061980ec531225651c954fceb617b3ee270fbe7,2023-12,Leicestershire Police,Leicestershire Police,-1.146591,52.753895,On or near North Street,E01025677,Charnwood 011D,Other theft,Investigation complete; no suspect identified,
181384621614f7a4e6f7064ecd1efe7639ec56eedd7e406a257739626dc08ebd,2023-12,Leicestershire Police,Leicestershire Police,-1.144451,52.754977,On or near Morgans Orchard,E01025677,Charnwood 011D,Public order,Investigation complete; no suspect identified,
2032c954e662935079d3fdfb745e5cb7ca968c61186b9f023cbaa4ac64fb32bc,2023-12,Leicestershire Police,Leicestershire Police,-1.145151,52.759351,On or near Damson Drive,E01025677,Charnwood 011D,Violence and sexual offences,Offender given a caution,
eae4833e3dec725f39f5c1b6c3f518665200ec18e5037a66884480d3fa3d0189,2023-12,Leicestershire Police,Leicestershire Police,-1.170903,52.749348,On or near Parkers Fields,E01025732,Charnwood 012A,Public order,Investigation complete; no suspect identified,
caa147646f384350c6f9b1463229bd6c16b61317a4b18e2ba19cb1f1b802c1b9,2023-12,Leicestershire Police,Leicestershire Police,-1.167628,52.756382,On or near Flesh Hovel Lane,E01025732,Charnwood 012A,Public order,Investigation complete; no suspect identified,
fb5e05dc314f61c7911e17654ceca41b43d3dd8abbabce795227c9e2d2ca1e47,2023-12,Leicestershire Police,Leicestershire Police,-1.171728,52.744113,On or near Church Lane,E01025732,Charnwood 012A,Public order,Unable to prosecute suspect,
329681df20370a003b3c6fb74a8f70712c58bf6ce3303f5fd00f289db7fd9122,2023-12,Leicestershire Police,Leicestershire Police,-1.174551,52.745454,On or near Supermarket,E01025732,Charnwood 012A,Shoplifting,Investigation complete; no suspect identified,
40b23c21a28504c9c9f98dc1fb3a64978fa15c22b11c2871cfde53547caed38b,2023-12,Leicestershire Police,Leicestershire Police,-1.173169,52.745426,On or near Sarson Street,E01025732,Charnwood 012A,Vehicle crime,Investigation complete; no suspect identified,
01a22183351cb7bde5631cb696fd89e19af111f2c6b485068a48256b70478d3c,2023-12,Leicestershire Police,Leicestershire Police,-1.165441,52.748321,On or near Peter Mccaig Way,E01025732,Charnwood 012A,Vehicle crime,Court result unavailable,
c351435393834309be41cc3860e0d8bc89c15744c70ce9a3c1b3c5fd49fa3793,2023-12,Leicestershire Police,Leicestershire Police,-1.174111,52.745784,On or near Castledine Street,E01025732,Charnwood 012A,Vehicle crime,Investigation complete; no suspect identified,
4e1bbfc8fde3dd8d82f10a27f1e56bce79844ee321b5ad69d259bd68a6aa53bc,2023-12,Leicestershire Police,Leicestershire Police,-1.171728,52.744113,On or near Church Lane,E01025732,Charnwood 012A,Vehicle crime,Investigation complete; no suspect identified,
1b969372804872f498f5c92c0874bf5a62d68629bf31a138151d097580946e55,2023-12,Leicestershire Police,Leicestershire Police,-1.177050,52.748609,On or near Allen Avenue,E01025732,Charnwood 012A,Vehicle crime,Investigation complete; no suspect identified,
878553259a306a29c42fa9810aca8cef3004ebbab2f3e0782b6903d09aed9146,2023-12,Leicestershire Police,Leicestershire Police,-1.174551,52.745454,On or near Supermarket,E01025732,Charnwood 012A,Violence and sexual offences,Unable to prosecute suspect,
cc881188276158354374669413ebd6290d5ac7bb5fdb68863c8d0e6abe746e5d,2023-12,Leicestershire Police,Leicestershire Police,-1.174603,52.751100,On or near Hutton Close,E01025732,Charnwood 012A,Violence and sexual offences,Investigation complete; no suspect identified,
833a7cf6cf2731e3141275d6d1939e059b6e97251f48c5e569d91d945d9c7e3c,2023-12,Leicestershire Police,Leicestershire Police,-1.171728,52.744113,On or near Church Lane,E01025732,Charnwood 012A,Violence and sexual offences,Action to be taken by another organisation,
045758ed467ecf892e2ae965660107d48a16461aef456dbd72eff98497adb346,2023-12,Leicestershire Police,Leicestershire Police,-1.171728,52.744113,On or near Church Lane,E01025732,Charnwood 012A,Violence and sexual offences,Investigation complete; no suspect identified,
3a818777975fcadfdd69fa4046e02e913d0ddc45413ef4fb880aa37035b43b3a,2023-12,Leicestershire Police,Leicestershire Police,-1.171728,52.744113,On or near Church Lane,E01025732,Charnwood 012A,Violence and sexual offences,Investigation complete; no suspect identified,
a227169b530dd6fdb69cdc5bc22a656b5ea8a03e822222bcf964105c492a46f9,2023-12,Leicestershire Police,Leicestershire Police,-1.169077,52.743312,On or near Parking Area,E01025733,Charnwood 012B,Other theft,Court result unavailable,
,2023-12,Leicestershire Police,Leicestershire Police,-1.161973,52.747568,On or near Huntsman'S Close,E01025733,Charnwood 012B,Anti-social behaviour,,
,2023-12,Leicestershire Police,Leicestershire Police,-1.167472,52.749765,On or near Crowson Drive,E01025733,Charnwood 012B,Anti-social behaviour,,
,2023-12,Leicestershire Police,Leicestershire Police,-1.167472,52.749765,On or near Crowson Drive,E01025733,Charnwood 012B,Anti-social behaviour,,
0a475a823849571f50cddb04d1df64f75fecdcaab264a3fbf0367225b5ceea0b,2023-12,Leicestershire Police,Leicestershire Police,-1.168931,52.742394,On or near Hall Leys,E01025733,Charnwood 012B,Burglary,Investigation complete; no suspect identified,
5483602a00e455aad704813cfb9611797c37d6696f5eb044ebc90283b2e7eadb,2023-12,Leicestershire Police,Leicestershire Police,-1.167272,52.744720,On or near Station Road,E01025733,Charnwood 012B,Criminal damage and arson,Investigation complete; no suspect identified,
42dcf143a32fddfb69b45ac750ebfdc3c7ca93c0526014b5f4cf69f304614aa3,2023-12,Leicestershire Police,Leicestershire Police,-1.168931,52.742394,On or near Hall Leys,E01025733,Charnwood 012B,Criminal damage and arson,Formal action is not in the public interest,
3a98aad95fee7540700e0168580e369f4f8f10d8636131155f06aaf3714bb1d0,2023-12,Leicestershire Police,Leicestershire Police,-1.160914,52.737951,On or near Unitt Road,E01025733,Charnwood 012B,Criminal damage and arson,Unable to prosecute suspect,
2d7279dcd68d157e1efcf0ddc7ed942e6651faabf72183f34dcadfce4251aba3,2023-12,Leicestershire Police,Leicestershire Police,-1.169077,52.743312,On or near Parking Area,E01025733,Charnwood 012B,Other theft,Investigation complete; no suspect identified,
debd1401b3a59034d8f67f5cf4f6028133f77bbd926047d8f83810dacda18c15,2023-12,Leicestershire Police,Leicestershire Police,-1.164565,52.749187,On or near Netherhall Drive,E01025733,Charnwood 012B,Other theft,Investigation complete; no suspect identified,
121a1fca17a22093707ba942b982db3b95a7d38bed8b3dd16550b9e660e66069,2023-12,Leicestershire Police,Leicestershire Police,-1.163311,52.746580,On or near Freehold Street,E01025733,Charnwood 012B,Other theft,Investigation complete; no suspect identified,
3dc75e82999ca94c22cca4d42d115cb1387beb17b64642e90c3509dc8f28dfa8,2023-12,Leicestershire Police,Leicestershire Police,-1.169077,52.743312,On or near Parking Area,E01025733,Charnwood 012B,Possession of weapons,Unable to prosecute suspect,
d114ba645c75fd165067d317a78b927886602481894d60dc9e31e6cc3dbd8483,2023-12,Leicestershire Police,Leicestershire Police,-1.168931,52.742394,On or near Hall Leys,E01025733,Charnwood 012B,Public order,Formal action is not in the public interest,
58502f4e7f9633e8aae0ff54bbb177a60d13332a15832f489ca0ec8b1cead9bd,2023-12,Leicestershire Police,Leicestershire Police,-1.162624,52.740678,On or near Leicester Road,E01025733,Charnwood 012B,Violence and sexual offences,Investigation complete; no suspect identified,
f9094c92bfa6c009ea3b90f3edefcd19aba0857320bb8cd57843c891b4a56b17,2023-12,Leicestershire Police,Leicestershire Police,-1.165380,52.743709,On or near School Lane,E01025733,Charnwood 012B,Violence and sexual offences,Unable to prosecute suspect,
67b7cd777b4d3719fc3ff7ed50b6c6372b2eb13831dcf738fc98b38b3145f4d6,2023-12,Leicestershire Police,Leicestershire Police,-1.166575,52.741650,On or near Armston Road,E01025733,Charnwood 012B,Violence and sexual offences,Investigation complete; no suspect identified,
83bed0fade20a90af67610f2ff5cf78e74f416a47879a2b3d8799c3f7d66f2de,2023-12,Leicestershire Police,Leicestershire Police,-1.164565,52.749187,On or near Netherhall Drive,E01025733,Charnwood 012B,Violence and sexual offences,Unable to prosecute suspect,
def48698bfa4a52ef914e4cf381396588af845d7f5c23e24e0efafdb0255277a,2023-12,Leicestershire Police,Leicestershire Police,-1.167472,52.749765,On or near Crowson Drive,E01025733,Charnwood 012B,Violence and sexual offences,Local resolution,
0b0c05d16ee505292544b81fc5ca3d309af5ffc4e38d1d67ca507d48a5839522,2023-12,Leicestershire Police,Leicestershire Police,-1.185712,52.738546,On or near Chestnut Close,E01025734,Charnwood 012C,Burglary,Investigation complete; no suspect identified,
e644956eefaaf7bbecde7eed7bdcd54f6cb7135607c49344a357d56ebedf9642,2023-12,Leicestershire Police,Leicestershire Police,-1.177261,52.746057,On or near Loughborough Road,E01025734,Charnwood 012C,Burglary,Investigation complete; no suspect identified,
bf8f2d663081e952e4b7c4cd5d569066edefc02efd15a725cd6ef1ef154abcb1,2023-12,Leicestershire Police,Leicestershire Police,-1.175260,52.744560,On or near Flanders Close,E01025734,Charnwood 012C,Public order,Investigation complete; no suspect identified,
1280d7cf758eaae6e9db11cafb864a8fd5b207e60215b0d0ced204bfa49efcef,2023-12,Leicestershire Police,Leicestershire Police,-1.149284,52.735054,On or near Further/Higher Educational Building,E01025735,Charnwood 012D,Vehicle crime,Court result unavailable,
b1aa1e89de1f48beb6dcb88c608edcdf20d50fa23fb44fdc5983ef537fa18558,2023-12,Leicestershire Police,Leicestershire Police,-1.167306,52.741385,On or near Whall Close,E01025735,Charnwood 012D,Criminal damage and arson,Investigation complete; no suspect identified,
51c6cacdd004e3234f2454f5437d81427dc48f73e27cc714aa6d612d9f276126,2023-12,Leicestershire Police,Leicestershire Police,-1.151694,52.736024,On or near Woodward Close,E01025735,Charnwood 012D,Other theft,Investigation complete; no suspect identified,
bc81931efcd0e9a43781d43cde86695fbddf9904166f6a1177cc912a13015ca2,2023-12,Leicestershire Police,Leicestershire Police,-1.151694,52.736024,On or near Woodward Close,E01025735,Charnwood 012D,Other theft,Investigation complete; no suspect identified,
e26cb11cd195c983283043305512590aa340b6cc576167cfb41eedd1e2ad236f,2023-12,Leicestershire Police,Leicestershire Police,-1.151694,52.736024,On or near Woodward Close,E01025735,Charnwood 012D,Other theft,Investigation complete; no suspect identified,
d8239f0bea3e3fd3f0040ee86eb24b1197b6f6b5c1a2b22b3ea4edf8bdbb61e0,2023-12,Leicestershire Police,Leicestershire Police,-1.151694,52.736024,On or near Woodward Close,E01025735,Charnwood 012D,Vehicle crime,Unable to prosecute suspect,
9d0de2f29997393b858e387fbadc19692b381e83c47912fb4a23808e8d40b600,2023-12,Leicestershire Police,Leicestershire Police,-1.140107,52.730259,On or near Market Place,E01025735,Charnwood 012D,Violence and sexual offences,Investigation complete; no suspect identified,
5fe9ae4c73813e02a5170060dc8a9703a7bebb3c65d8eb9ba323b9cd2a16ac6b,2023-12,Leicestershire Police,Leicestershire Police,-1.137587,52.729630,On or near Grapes Garden Close,E01025735,Charnwood 012D,Violence and sexual offences,Unable to prosecute suspect,
,2023-12,Leicestershire Police,Leicestershire Police,-1.109612,52.731185,On or near Sileby,E01025748,Charnwood 013A,Anti-social behaviour,,
,2023-12,Leicestershire Police,Leicestershire Police,-1.111049,52.730441,On or near High Street,E01025748,Charnwood 013A,Anti-social behaviour,,
,2023-12,Leicestershire Police,Leicestershire Police,-1.107941,52.731074,On or near Moir Close,E01025748,Charnwood 013A,Anti-social behaviour,,
23939e2b87c0805b1e23c0dc429e0f1f47e02bf077c7f6180844562c58bdf433,2023-12,Leicestershire Police,Leicestershire Police,-1.111150,52.730576,On or near Supermarket,E01025748,Charnwood 013A,Criminal damage and arson,Investigation complete; no suspect identified,
840618c6137ee6e5bd3229976ca41bfea6bae91849a4590f9a7f53ca122fa9bb,2023-12,Leicestershire Police,Leicestershire Police,-1.108131,52.731929,On or near Old Tannery Drive,E01025748,Charnwood 013A,Public order,Investigation complete; no suspect identified,
9377e8375e4e5b97e4e44a5d4a024ebfa259c2d65728aecab1804d5c7d577aa7,2023-12,Leicestershire Police,Leicestershire Police,-1.111150,52.730576,On or near Supermarket,E01025748,Charnwood 013A,Shoplifting,Investigation complete; no suspect identified,
7fd3a49bb43a023acfb76856b819cc8b9f3899f5b5fb716588c53e017da74948,2023-12,Leicestershire Police,Leicestershire Police,-1.109300,52.724674,On or near Cossington Road,E01025748,Charnwood 013A,Violence and sexual offences,Offender given a caution,
fca525f10af1058ce0c62aafd9d425c3b8bc6a49c55c247cc684deb8ec9ff82f,2023-12,Leicestershire Police,Leicestershire Police,-1.102811,52.727772,On or near Phoenix Drive,E01025748,Charnwood 013A,Violence and sexual offences,Unable to prosecute suspect,
1c6b8c9da5ef95b635a706cbc15662e2ca10982bd57bfb2e024522541d79d9b1,2023-12,Leicestershire Police,Leicestershire Police,-1.111049,52.730441,On or near High Street,E01025748,Charnwood 013A,Violence and sexual offences,Investigation complete; no suspect identified,
4b836cd8f446e544bc7eaeb6509772f27f12f3a4f3b5160458060f5c97d706da,2023-12,Leicestershire Police,Leicestershire Police,-1.112186,52.730602,On or near Little Church Lane,E01025748,Charnwood 013A,Violence and sexual offences,Investigation complete; no suspect identified,
bc957848dc979df31a474cc4334a992d39e9be7cc7ca0757ea7dd9c4abcf3ba2,2023-12,Leicestershire Police,Leicestershire Police,-1.111150,52.730576,On or near Supermarket,E01025748,Charnwood 013A,Violence and sexual offences,Unable to prosecute suspect,
44d46a4ffb0cc8d073bd6df00557df1136b00a3f8b74969dc2c06f146226bbd3,2023-12,Leicestershire Police,Leicestershire Police,-1.108966,52.731612,On or near Bradgate Close,E01025748,Charnwood 013A,Other crime,Investigation complete; no suspect identified,
5c4c844530605507e6263a6009b2664cb5ba4acb0f6703400246101347e99d31,2023-12,Leicestershire Police,Leicestershire Police,-1.100486,52.743603,On or near Sunnylands Drive,E01025749,Charnwood 013B,Violence and sexual offences,Unable to prosecute suspect,
52e648770e39b314dd35caf6cdd29b470c512d6d678243ec86c718d0bd642054,2023-12,Leicestershire Police,Leicestershire Police,-1.108204,52.735588,On or near St Mary'S Road,E01025749,Charnwood 013B,Public order,Investigation complete; no suspect identified,
5b4d63ba43471357bd45e94d8b6cae33fd31a3dc0ab9f50ed14b4d402c22593a,2023-12,Leicestershire Police,Leicestershire Police,-1.103362,52.740595,On or near Jubilee Avenue,E01025749,Charnwood 013B,Public order,Local resolution,
86884dd77c3607b1ec140aa4124af3856a032b7579992efae17954c316d0ad19,2023-12,Leicestershire Police,Leicestershire Police,-1.099734,52.741242,On or near Haines Drive,E01025749,Charnwood 013B,Violence and sexual offences,Unable to prosecute suspect,
39d8aa45b9a97bbe7b015c5082bc94c2334a78ad16b21a5291d991788ddc6b4a,2023-12,Leicestershire Police,Leicestershire Police,-1.103362,52.740595,On or near Jubilee Avenue,E01025749,Charnwood 013B,Violence and sexual offences,Unable to prosecute suspect,
97cea969851e94d8e7375d4971ae7b50c9d8f7c8c0ad05c2daa8a9adc7cb6909,2023-12,Leicestershire Police,Leicestershire Police,-1.106171,52.737254,On or near Forest Drive,E01025749,Charnwood 013B,Violence and sexual offences,Unable to prosecute suspect,
75d3bc331c2d80afc5ec0fbc156737283c3d25803fc318f67b2f7f9fb4419d46,2023-12,Leicestershire Police,Leicestershire Police,-1.103362,52.740595,On or near Jubilee Avenue,E01025749,Charnwood 013B,Violence and sexual offences,Investigation complete; no suspect identified,
3f5bdb6b12e91f20f6503d9fa6e88c7b1053c2316033fcb99ab37738fb1128ad,2023-12,Leicestershire Police,Leicestershire Police,-1.102939,52.741725,On or near Highreeds End,E01025749,Charnwood 013B,Violence and sexual offences,Unable to prosecute suspect,
240b01f55470fb902eb6e0e5f44898e4c6f3630fcc20812509a4b271de2258cc,2023-12,Leicestershire Police,Leicestershire Police,-1.103362,52.740595,On or near Jubilee Avenue,E01025749,Charnwood 013B,Violence and sexual offences,Unable to prosecute suspect,
d20bd5950f76cda3ab0b7aa61bc58c59b74477883aadc00e946dcb3a30c3eb2a,2023-12,Leicestershire Police,Leicestershire Police,-1.108204,52.735588,On or near St Mary'S Road,E01025749,Charnwood 013B,Other crime,Further action is not in the public interest,
d542aaab9428cf9cc4978a4b79e887042bd1ebb634dc2adefe860426a959cada,2023-12,Leicestershire Police,Leicestershire Police,-1.093221,52.733183,On or near Roy Brown Drive,E01025750,Charnwood 013C,Bicycle theft,Investigation complete; no suspect identified,
2e7140f3ca24b2901debc3da86d1f782b241cc45f4dbcb15a9f4b5d7fc3114bf,2023-12,Leicestershire Police,Leicestershire Police,-1.099577,52.738841,On or near Towles Drive,E01025750,Charnwood 013C,Violence and sexual offences,Unable to prosecute suspect,
b84503be8e2ec445eafffc63458ae3bf6e8000cacc67b1088619e3b4411b3154,2023-12,Leicestershire Police,Leicestershire Police,-1.099578,52.732997,On or near Highgate Road,E01025750,Charnwood 013C,Violence and sexual offences,Investigation complete; no suspect identified,
272c6ef201803e57e9909888acbef0ba53ef4b21919a488f6d80b06e314f3a07,2023-12,Leicestershire Police,Leicestershire Police,-1.098304,52.733770,On or near Hanover Drive,E01025750,Charnwood 013C,Violence and sexual offences,Unable to prosecute suspect,
7f311b39418534614d6dc5c93b5c922eaeabb5b09e422fb6bdcaaf7551d5c649,2023-12,Leicestershire Police,Leicestershire Police,-1.105692,52.731713,On or near Cygnet Close,E01025751,Charnwood 013D,Burglary,Court result unavailable,
8a0ee709ac6a916d19f53e14a58fceca0f6e72bd3555ecb22cbbd0341faa2186,2023-12,Leicestershire Police,Leicestershire Police,-1.105692,52.731713,On or near Cygnet Close,E01025751,Charnwood 013D,Shoplifting,Investigation complete; no suspect identified,
3b340d4d44813c63d7d463b4c1c5c57f1fdae98ca6a4a1c7410d2b28c1d941fd,2023-12,Leicestershire Police,Leicestershire Police,-1.101294,52.732399,On or near Storer Close,E01025751,Charnwood 013D,Vehicle crime,Investigation complete; no suspect identified,
e5f9b826a1415fba454e6901f576e4f4b3e6d36d689e950b1f2aa8557ed5a360,2023-12,Leicestershire Police,Leicestershire Police,-1.106822,52.729285,On or near Albion Road,E01025751,Charnwood 013D,Violence and sexual offences,Unable to prosecute suspect,
096ba84b3a4ddc8844ecc1fc4c845e007f7cb9379961c9888c5c499e2b97af04,2023-12,Leicestershire Police,Leicestershire Police,-1.098627,52.731731,On or near Wellbrook Avenue,E01025751,Charnwood 013D,Violence and sexual offences,Local resolution,
2f1405a6d51f85271023d4fc2562d0cf87bb6a9a4fda4128d505429a42d88062,2023-12,Leicestershire Police,Leicestershire Police,-1.103803,52.727761,On or near Kendal Road,E01025751,Charnwood 013D,Violence and sexual offences,Action to be taken by another organisation,
5d71e2ffff54417122c631f07549d9a5aece5d2dd3a88b1369bdf47e0c2f809f,2023-12,Leicestershire Police,Leicestershire Police,-1.105280,52.730119,On or near Ward'S Crescent,E01025751,Charnwood 013D,Violence and sexual offences,Unable to prosecute suspect,
b1e25cf4cbfae67a7005b99217a68791a8a3f1b8310910a8c470271373026f2f,2023-12,Leicestershire Police,Leicestershire Police,-1.106298,52.732455,On or near Swan Street,E01025751,Charnwood 013D,Violence and sexual offences,Action to be taken by another organisation,
6bfd75023394e71681e25f3fc9d1f7a334bd0be434964d4132ce973d065c3106,2023-12,Leicestershire Police,Leicestershire Police,-1.101294,52.732399,On or near Storer Close,E01025751,Charnwood 013D,Violence and sexual offences,Unable to prosecute suspect,
42e17362902b0654c8259f54f9d8d4da33b8f1546e180998c092c797b0966cec,2023-12,Leicestershire Police,Leicestershire Police,-1.101294,52.732399,On or near Storer Close,E01025751,Charnwood 013D,Violence and sexual offences,Further investigation is not in the public interest,
c4853bba5aa59ec4162625815f83922f0963bbbe83c39d9b11e5de72c0e25f8c,2023-12,Leicestershire Police,Leicestershire Police,-1.138192,52.720734,On or near Rothley Road,E01025726,Charnwood 014A,Other crime,Court result unavailable,
e39448730d985e9d959c797556ef37deb2e42b4d97d99e33235eea0b31329ce6,2023-12,Leicestershire Police,Leicestershire Police,-1.132977,52.727636,On or near Otter Lane,E01025726,Charnwood 014A,Burglary,Investigation complete; no suspect identified,
b0740b8e1e535e51c3045e240a49d2a6d8e41c8715d04afcaefaae9e4ab0a619,2023-12,Leicestershire Police,Leicestershire Police,-1.130768,52.725517,On or near Celandine Close,E01025726,Charnwood 014A,Burglary,Investigation complete; no suspect identified,
36b5ba317485013b72f64580417e059f19de8206d5d8c12cc9ecb56eaec4efc4,2023-12,Leicestershire Police,Leicestershire Police,-1.135298,52.721810,On or near Linkfield Road,E01025726,Charnwood 014A,Burglary,Investigation complete; no suspect identified,
b6c3a3458bd13e9e7b4a52c7e0bb0f5acb5161ea57555229bdc9c149e4f0245f,2023-12,Leicestershire Police,Leicestershire Police,-1.133730,52.724747,On or near Skylark Avenue,E01025726,Charnwood 014A,Burglary,Investigation complete; no suspect identified,
d2e4fa97fcc456541cffc965a7e22247d8fbcfcde453a05056a486eb158f0929,2023-12,Leicestershire Police,Leicestershire Police,-1.131469,52.724524,On or near Bulrush Close,E01025726,Charnwood 014A,Criminal damage and arson,Investigation complete; no suspect identified,
a075b706ae2fbb8baaea72afc37278c27cc24bac62b9b2377c3fe8c0fa526d60,2023-12,Leicestershire Police,Leicestershire Police,-1.137976,52.722136,On or near Supermarket,E01025726,Charnwood 014A,Public order,Court result unavailable,
dd2e2c6ab55765c8c4a3b21049e7e486613f0d134151a9818d103842f99c23e7,2023-12,Leicestershire Police,Leicestershire Police,-1.137976,52.722136,On or near Supermarket,E01025726,Charnwood 014A,Shoplifting,Court result unavailable,
d3048f0be2bae1da8a1eea2f6a0566f9e573d117a34da3717fbce755b040adaa,2023-12,Leicestershire Police,Leicestershire Police,-1.136922,52.727341,On or near Parking Area,E01025726,Charnwood 014A,Violence and sexual offences,Unable to prosecute suspect,
b8d0e62f38e5c3fa516454bd1e2ca89ddc1ec597ece4661a34e1718e61ae28f0,2023-12,Leicestershire Police,Leicestershire Police,-1.133692,52.725169,On or near Speedwell Road,E01025726,Charnwood 014A,Violence and sexual offences,Investigation complete; no suspect identified,
d805217f0d533436ad1a3421b7e0fa772e9cdecc98273f8b8a806423ba9ea629,2023-12,Leicestershire Police,Leicestershire Police,-1.136922,52.727341,On or near Parking Area,E01025726,Charnwood 014A,Violence and sexual offences,Investigation complete; no suspect identified,
e0301b2b9b4700e12e147c488a9d97f28cde01c8b7b7777e201388593326b4b1,2023-12,Leicestershire Police,Leicestershire Police,-1.136922,52.727341,On or near Parking Area,E01025726,Charnwood 014A,Violence and sexual offences,Investigation complete; no suspect identified,
,2023-12,Leicestershire Police,Leicestershire Police,-1.136568,52.726476,On or near Leicester Road,E01025727,Charnwood 014B,Anti-social behaviour,,
,2023-12,Leicestershire Police,Leicestershire Police,-1.136568,52.726476,On or near Leicester Road,E01025727,Charnwood 014B,Anti-social behaviour,,
,2023-12,Leicestershire Police,Leicestershire Police,-1.136568,52.726476,On or near Leicester Road,E01025727,Charnwood 014B,Anti-social behaviour,,
,2023-12,Leicestershire Police,Leicestershire Police,-1.136568,52.726476,On or near Leicester Road,E01025727,Charnwood 014B,Anti-social behaviour,,
,2023-12,Leicestershire Police,Leicestershire Police,-1.136568,52.726476,On or near Leicester Road,E01025727,Charnwood 014B,Anti-social behaviour,,
1363c03c5c04a59ed1871c4e067c9906fb5a8fa126d0c615450502cd00b5db89,2023-12,Leicestershire Police,Leicestershire Police,-1.138681,52.723740,On or near Rothley Road,E01025727,Charnwood 014B,Burglary,Unable to prosecute suspect,
8d5193ae28da34bf97c3e6fe00cd68ce59a1e6e20d3c918721bd7f922d74e953,2023-12,Leicestershire Police,Leicestershire Police,-1.142700,52.724893,On or near Church Hill Road,E01025727,Charnwood 014B,Criminal damage and arson,Unable to prosecute suspect,
05835de1ce47fddcbf07de8cd81dda226149ac76e5a151feec54cdecdd53ce91,2023-12,Leicestershire Police,Leicestershire Police,-1.146794,52.723790,On or near Sports/Recreation Area,E01025727,Charnwood 014B,Criminal damage and arson,Investigation complete; no suspect identified,
e10f84d00be70a123834612cb5cf9506c1ca644d9aa17b10ddaa634a053f03cf,2023-12,Leicestershire Police,Leicestershire Police,-1.138064,52.725714,On or near Beeches Avenue,E01025727,Charnwood 014B,Criminal damage and arson,Unable to prosecute suspect,
43afa842e8a5c45f603bf0fa16512ecd4e7b709310877d036e7c5f18b96eab66,2023-12,Leicestershire Police,Leicestershire Police,-1.142181,52.721914,On or near The Romans,E01025727,Charnwood 014B,Criminal damage and arson,Unable to prosecute suspect,
ec68f60f7932d2759a15b97c5bdcf49aa0d1bd779adba023cb846d7e1eb025be,2023-12,Leicestershire Police,Leicestershire Police,-1.142700,52.724893,On or near Church Hill Road,E01025727,Charnwood 014B,Violence and sexual offences,Unable to prosecute suspect,
508ab07b68b4afffafc386fe70167fbfba78101335a24e5fb68a3a9b654d1b9d,2023-12,Leicestershire Police,Leicestershire Police,-1.136568,52.726476,On or near Leicester Road,E01025727,Charnwood 014B,Violence and sexual offences,Investigation complete; no suspect identified,
2096c3e1a86276c2d0dca26450af257f8c0ac779269225442947a50aa2600217,2023-12,Leicestershire Police,Leicestershire Police,-1.138064,52.725714,On or near Beeches Avenue,E01025727,Charnwood 014B,Violence and sexual offences,Unable to prosecute suspect,
7691803ae175ad50406494a6c1b16666092cfb9fa80dd1417abdaa9c28615bff,2023-12,Leicestershire Police,Leicestershire Police,-1.138064,52.725714,On or near Beeches Avenue,E01025727,Charnwood 014B,Violence and sexual offences,Unable to prosecute suspect,
40073044f6d8dc5e34251580f8ce56b7fec7e6be7ff5956d8e7cee0e544a1a73,2023-12,Leicestershire Police,Leicestershire Police,-1.138064,52.725714,On or near Beeches Avenue,E01025727,Charnwood 014B,Violence and sexual offences,Action to be taken by another organisation,
e299ce432df4cca40d5742eb89ca7d4cd62229f9aee53495ed16f1eebf755891,2023-12,Leicestershire Police,Leicestershire Police,-1.138064,52.725714,On or near Beeches Avenue,E01025727,Charnwood 014B,Violence and sexual offences,Unable to prosecute suspect,
f113a35440cff582b9113c09e4956bbf81b0e633413142d3a1bcc917eda873a9,2023-12,Leicestershire Police,Leicestershire Police,-1.138064,52.725714,On or near Beeches Avenue,E01025727,Charnwood 014B,Violence and sexual offences,Unable to prosecute suspect,
d7ed8d4af712b03a236ae1a913420990f9f4a884eb27009ed2cb78292a33cffe,2023-12,Leicestershire Police,Leicestershire Police,-1.138064,52.725714,On or near Beeches Avenue,E01025727,Charnwood 014B,Violence and sexual offences,Unable to prosecute suspect,
7bb32956fd22dba4b0c74f43c3cf249063f95db400b7ab1ccc2ecd3fd140d022,2023-12,Leicestershire Police,Leicestershire Police,-1.137871,52.725739,On or near Hawthorn Road,E01025727,Charnwood 014B,Violence and sexual offences,Unable to prosecute suspect,
,2023-12,Leicestershire Police,Leicestershire Police,-1.144496,52.722416,On or near Boundary Close,E01025728,Charnwood 014C,Anti-social behaviour,,
754ef63590515892135cd321cc3e124073589bc1d588ece25d44bea8d9156aa3,2023-12,Leicestershire Police,Leicestershire Police,-1.151579,52.723618,On or near Porter Close,E01025728,Charnwood 014C,Burglary,Investigation complete; no suspect identified,
4e54753106bf61ac7c81729539371cfeed9f649b9f205b7c5134d7263e78c375,2023-12,Leicestershire Police,Leicestershire Police,-1.138393,52.718794,On or near Walton Way,E01025728,Charnwood 014C,Burglary,Investigation complete; no suspect identified,
90c2efc5f6e18efdf121f28e4c8934e46d1abf288adcadfa450a0c0cbb0f294c,2023-12,Leicestershire Police,Leicestershire Police,-1.144922,52.721080,On or near Highfields Road,E01025728,Charnwood 014C,Burglary,Unable to prosecute suspect,
c396a953ba3e6e90358f3f2beebf58ebb353b42d0469e8554439e57576bff20f,2023-12,Leicestershire Police,Leicestershire Police,-1.140459,52.722917,On or near Ash Grove,E01025728,Charnwood 014C,Criminal damage and arson,Investigation complete; no suspect identified,
9bc91934da4ef33fb0e3e35ec2e689e423b8da59811f05ae481563c151418139,2023-12,Leicestershire Police,Leicestershire Police,-1.153115,52.724581,On or near Walters Close,E01025728,Charnwood 014C,Public order,Investigation complete; no suspect identified,
6e9e38707d594032108db591b04eb13a2bee0563167166e265ef260cb879a8ba,2023-12,Leicestershire Police,Leicestershire Police,-1.152963,52.723286,On or near Gilbert Road,E01025728,Charnwood 014C,Vehicle crime,Investigation complete; no suspect identified,
17a1ed78c3116e035d656e2baaadb2a2378f8a79c70bc4493de509035afdd85b,2023-12,Leicestershire Police,Leicestershire Police,-1.147283,52.722975,On or near Halstead Road,E01025728,Charnwood 014C,Vehicle crime,Unable to prosecute suspect,
4734c1b2fadd5479638a542e6f197b41e3473b3769eb1e2e0a708a63f4c2a0b3,2023-12,Leicestershire Police,Leicestershire Police,-1.151418,52.724327,On or near Brammage Road,E01025728,Charnwood 014C,Violence and sexual offences,Investigation complete; no suspect identified,
3f5deb2e99c668a2b89d66d1934bf0ad4eedea717cf7186c70cc4072ec2c82bf,2023-12,Leicestershire Police,Leicestershire Police,-1.151579,52.723618,On or near Porter Close,E01025728,Charnwood 014C,Other crime,Unable to prosecute suspect,
9a302e9878df3aab5e5280f5f920914b4e679b891d283326c8e4beb88e5ce59f,2023-12,Leicestershire Police,Leicestershire Police,-1.151579,52.723618,On or near Porter Close,E01025728,Charnwood 014C,Other crime,Unable to prosecute suspect,
de51bd4ac0d95ccbc05404e47a424d946b30d3b0396e8d1ec163192899357577,2023-12,Leicestershire Police,Leicestershire Police,-1.141308,52.719624,On or near Brookland Way,E01025728,Charnwood 014C,Other crime,Investigation complete; no suspect identified,
,2023-12,Leicestershire Police,Leicestershire Police,-1.145348,52.719734,On or near Cromwell Road,E01025729,Charnwood 014D,Anti-social behaviour,,
e9e630085e98819d082ef7fabdc08b6692dc0092cbaae88b343bba5a34040991,2023-12,Leicestershire Police,Leicestershire Police,-1.149163,52.717685,On or near Belvoir Close,E01025729,Charnwood 014D,Violence and sexual offences,Unable to prosecute suspect,
aad77258f603d29eb022ef2ebee532c6243d0d93fd0ad4be32533861fd2f9392,2023-12,Leicestershire Police,Leicestershire Police,-1.148325,52.718910,On or near Kirby Close,E01025729,Charnwood 014D,Violence and sexual offences,Unable to prosecute suspect,
,2023-12,Leicestershire Police,Leicestershire Police,-1.132105,52.720834,On or near Merlin Close,E01025737,Charnwood 014E,Anti-social behaviour,,
610555478eb3bc1bc0e64e5d1056b2d816bee92d8504e1e6825e22698acbd6ce,2023-12,Leicestershire Police,Leicestershire Police,-1.133458,52.715333,On or near Sheppard Way,E01025737,Charnwood 014E,Burglary,Investigation complete; no suspect identified,
e83c9f914abb71d2439c21bf474632d50085e8b74705d0108896b280303dbdad,2023-12,Leicestershire Police,Leicestershire Police,-1.134188,52.715104,On or near Sheppard Way,E01025737,Charnwood 014E,Burglary,Investigation complete; no suspect identified,
a366f0a885766259bad95730025c218af3a6083963db2586e871ee6e35759bf1,2023-12,Leicestershire Police,Leicestershire Police,-1.129553,52.710692,On or near Grangefields Drive,E01025737,Charnwood 014E,Burglary,Unable to prosecute suspect,
24ef5e38a70fd2189e48f4f50c9ddbbba2eec778c80d564965fc8fbb5ee6f235,2023-12,Leicestershire Police,Leicestershire Police,-1.134188,52.715104,On or near Sheppard Way,E01025737,Charnwood 014E,Burglary,Status update unavailable,
0910ff656ca030e4af651e87f253478bc0a8fbf54cdf760522e9410a620ac3b0,2023-12,Leicestershire Police,Leicestershire Police,-1.134188,52.715104,On or near Sheppard Way,E01025737,Charnwood 014E,Burglary,Investigation complete; no suspect identified,
df28802828d33d60e7ea1e0944822031c9952918fca30331ec3a5c932ee843b5,2023-12,Leicestershire Police,Leicestershire Police,-1.131097,52.715657,On or near Brewer Close,E01025737,Charnwood 014E,Burglary,Investigation complete; no suspect identified,
57f9a8fec0c3449aef3961ead5f05fd64c17c1ed0e26bfea9dc909cdfee84c50,2023-12,Leicestershire Police,Leicestershire Police,-1.133458,52.715333,On or near Sheppard Way,E01025737,Charnwood 014E,Burglary,Investigation complete; no suspect identified,
269291f309f18d518ce11a7f1760c22e1747fc7af406a390822069fd5f542b66,2023-12,Leicestershire Police,Leicestershire Police,-1.128238,52.709064,On or near Paget Close,E01025737,Charnwood 014E,Criminal damage and arson,Investigation complete; no suspect identified,
44b740e777be4a44c460cf86a1c4cc3e492a927eb405c2aebce95607ccf7557c,2023-12,Leicestershire Police,Leicestershire Police,-1.136564,52.712461,On or near Farnham Close,E01025737,Charnwood 014E,Criminal damage and arson,Investigation complete; no suspect identified,
d972195a213a11b826e1d3e51c92b178ea530d38f87dad21d576865f217e9641,2023-12,Leicestershire Police,Leicestershire Police,-1.126678,52.710878,On or near The Rise,E01025737,Charnwood 014E,Criminal damage and arson,Investigation complete; no suspect identified,
0ebb2860fd2fce4ebed4f29c3f76c5bc7453e66087a74c9c06b485633c80af52,2023-12,Leicestershire Police,Leicestershire Police,-1.136564,52.712461,On or near Farnham Close,E01025737,Charnwood 014E,Criminal damage and arson,Unable to prosecute suspect,
6283e84a63207064349667b953382cb6d583c4c42797dc7c5173483b0bce67e5,2023-12,Leicestershire Police,Leicestershire Police,-1.128238,52.709064,On or near Paget Close,E01025737,Charnwood 014E,Other theft,Investigation complete; no suspect identified,
2f11cb51453b30e09fd093bceda7a03d5adb40ae19b7c78d68689de5f2f16103,2023-12,Leicestershire Police,Leicestershire Police,-1.136488,52.711076,On or near Hornecroft,E01025737,Charnwood 014E,Other theft,Investigation complete; no suspect identified,
700f53fa05faf2df4888d89379348b3ad4c6709b8f1a617f96f0a93bc70f5abc,2023-12,Leicestershire Police,Leicestershire Police,-1.136564,52.712461,On or near Farnham Close,E01025737,Charnwood 014E,Public order,Local resolution,
f49a85900b5a26e6fac100c5dd5df1180951ccf44225a0a84fdac1591a5690b6,2023-12,Leicestershire Police,Leicestershire Police,-1.136564,52.712461,On or near Farnham Close,E01025737,Charnwood 014E,Vehicle crime,Investigation complete; no suspect identified,
dc8f05382f56a4f7beedc47d8b16f6e3542b0ebab7bb22732ceab4b872ee3bb7,2023-12,Leicestershire Police,Leicestershire Police,-1.128238,52.709064,On or near Paget Close,E01025737,Charnwood 014E,Vehicle crime,Investigation complete; no suspect identified,
b39e663704751a19571ba093904bbfec2adf6d6c108cec04ec12f4bfcaf1c32d,2023-12,Leicestershire Police,Leicestershire Police,-1.131300,52.722608,On or near Marl Fields,E01025737,Charnwood 014E,Violence and sexual offences,Investigation complete; no suspect identified,
a40774f52b3f123d6c0e6807aed8dba3b17a1bc458750f3587bfe286b4633f77,2023-12,Leicestershire Police,Leicestershire Police,-1.136581,52.715364,On or near Warwick Close,E01025737,Charnwood 014E,Violence and sexual offences,Action to be taken by another organisation,
ee7d0984bc8dd7149cb83bebc8fe50db1adf1867dec10498537d6e69434c772b,2023-12,Leicestershire Police,Leicestershire Police,-1.136564,52.712461,On or near Farnham Close,E01025737,Charnwood 014E,Violence and sexual offences,Investigation complete; no suspect identified,
,2023-12,Leicestershire Police,Leicestershire Police,-1.139104,52.706735,On or near Petrol Station,E01025739,Charnwood 014F,Anti-social behaviour,,
,2023-12,Leicestershire Police,Leicestershire Police,-1.139104,52.706735,On or near Petrol Station,E01025739,Charnwood 014F,Anti-social behaviour,,
9bec3ad7aac14a33539bf7ee44ab207d878ed7000ec6e18093684f4015911138,2023-12,Leicestershire Police,Leicestershire Police,-1.140104,52.710841,On or near Woodfield Road,E01025739,Charnwood 014F,Burglary,Investigation complete; no suspect identified,
7e22f1c76802994f9c455ebe293a3eb37362068674e7a5aafc55c77e334ef791,2023-12,Leicestershire Police,Leicestershire Police,-1.130455,52.705539,On or near Merttens Drive,E01025739,Charnwood 014F,Criminal damage and arson,Investigation complete; no suspect identified,
e32a0335210a4579a3fb43f599ad33d20b708e54022f96780a89307e7d2fc87a,2023-12,Leicestershire Police,Leicestershire Police,-1.139497,52.708598,On or near Woodgate,E01025739,Charnwood 014F,Public order,Unable to prosecute suspect,
f1f97f098d3246e6ef57465b7c0758d6bd544e5559b47d2a173a74628f751ac5,2023-12,Leicestershire Police,Leicestershire Police,-1.129609,52.704912,On or near Damson Close,E01025739,Charnwood 014F,Violence and sexual offences,Court result unavailable,
30cc379f406675b6bbeb21e5c574aae2bbb5639559bb57a8b21d0f7eab594262,2023-12,Leicestershire Police,Leicestershire Police,-1.139293,52.709909,On or near Babington Road,E01025739,Charnwood 014F,Violence and sexual offences,Unable to prosecute suspect,
5e805057f39c80c91594ee73295b0a9c990864b6cfae2d042a9809b09a2db9d2,2023-12,Leicestershire Police,Leicestershire Police,-1.139497,52.708598,On or near Woodgate,E01025739,Charnwood 014F,Violence and sexual offences,Investigation complete; no suspect identified,
aff60d4e8f6f3a747e48342214f01412679b7b005e4fbd40381ae7c8fac672c7,2023-12,Leicestershire Police,Leicestershire Police,-1.140104,52.710841,On or near Woodfield Road,E01025739,Charnwood 014F,Violence and sexual offences,Unable to prosecute suspect,
590c295695ab78241fe598367400f25832792ce87fefb157880220653f98eba4,2023-12,Leicestershire Police,Leicestershire Police,-1.134131,52.705224,On or near Burrow Drive,E01025739,Charnwood 014F,Violence and sexual offences,Investigation complete; no suspect identified,
e284e60830e9f4e46abb8da27d206a68e9e828c402c714136f51c184a8b1870b,2023-12,Leicestershire Police,Leicestershire Police,-1.137165,52.708267,On or near North Street,E01025739,Charnwood 014F,Violence and sexual offences,Unable to prosecute suspect,
a390f7dd93c0a26f24d4ac0a04f3e58db493ca2760370c9d479c6c684a59cafe,2023-12,Leicestershire Police,Leicestershire Police,-1.054351,52.713757,On or near Thatchers' Corner,E01025685,Charnwood 015A,Burglary,Investigation complete; no suspect identified,
95466adf9e17b3e88019cc57201508611db95cf82c81eb57009cfb45ae121f8a,2023-12,Leicestershire Police,Leicestershire Police,-1.059836,52.712039,On or near Craftsmans Way,E01025685,Charnwood 015A,Other theft,Investigation complete; no suspect identified,
0e720bf5b7d79ca5b1e708eb724afc01fdf494287f1ee2e8a1251fb3552193a8,2023-12,Leicestershire Police,Leicestershire Police,-1.059836,52.712039,On or near Craftsmans Way,E01025685,Charnwood 015A,Other theft,Investigation complete; no suspect identified,
4504e96dfbec40d2cb4508794dc4a702d9aa19ab391943713e272629a4c3da52,2023-12,Leicestershire Police,Leicestershire Police,-1.051042,52.714828,On or near Park/Open Space,E01025685,Charnwood 015A,Violence and sexual offences,Unable to prosecute suspect,
fd55bfbe42ad0de3574ea5d7c8e6ffc95427997a3b60d14433a0ab17fbfd7b4b,2023-12,Leicestershire Police,Leicestershire Police,-1.051042,52.714828,On or near Park/Open Space,E01025685,Charnwood 015A,Violence and sexual offences,Unable to prosecute suspect,
1e0f60f49ed7870442fa9ee558eba9d774578b3285dda7ac2bcf7e8f5973547c,2023-12,Leicestershire Police,Leicestershire Police,-1.053736,52.712062,On or near Long Furrow,E01025685,Charnwood 015A,Violence and sexual offences,Unable to prosecute suspect,
c200a7b4dd3d6c1c4b46473e5757c267df6e3ea09f324c45e59579706001fc31,2023-12,Leicestershire Police,Leicestershire Police,-1.051042,52.714828,On or near Park/Open Space,E01025685,Charnwood 015A,Violence and sexual offences,Unable to prosecute suspect,
26ce18b7c0f8bb06914d68870761de196465f52da2bc30ad7927b474f49ac78b,2023-12,Leicestershire Police,Leicestershire Police,-1.048643,52.715519,On or near Broome Avenue,E01025686,Charnwood 015B,Vehicle crime,Investigation complete; no suspect identified,
bd2ce1a667b4bdac9851801433063b3916e05cf17ec9b190dc16bc644e74e287,2023-12,Leicestershire Police,Leicestershire Police,-1.054147,52.657470,On or near Cornholme Drive,E01025730,Charnwood 015C,Burglary,Court result unavailable,
29b30709d91c965d3ff9726d35837d6d77d00d22e736dbae55c66e2f2b07bcd6,2023-12,Leicestershire Police,Leicestershire Police,-1.048909,52.701937,On or near Spring Court,E01025730,Charnwood 015C,Violence and sexual offences,Court result unavailable,
d35ee8475e09190f8934717e1cd1a8b85a3dacf273dc84c106c9dfa22e2546ae,2023-12,Leicestershire Police,Leicestershire Police,-1.050780,52.655932,On or near Keld Drive,E01025730,Charnwood 015C,Drugs,Unable to prosecute suspect,
ebf2ffaa05b4c04d612d6f4769c3aa43690a94ac837b6b368d879cc724783fa9,2023-12,Leicestershire Police,Leicestershire Police,-0.984516,52.685419,On or near School Lane,E01025730,Charnwood 015C,Other theft,Unable to prosecute suspect,
88def2205e59b50e48d3ff7caab7a3682e4df36cced65e60f3851091dca8c0d2,2023-12,Leicestershire Police,Leicestershire Police,-1.056511,52.657506,On or near Hebden Drive,E01025730,Charnwood 015C,Other theft,Investigation complete; no suspect identified,
cb7a7b593436cfa4fdcb087c6769e170e8acc823afe417abdf7438ee684d5826,2023-12,Leicestershire Police,Leicestershire Police,-1.054007,52.656417,On or near Hackness Road,E01025730,Charnwood 015C,Violence and sexual offences,Investigation complete; no suspect identified,
dfd6571f11f5358dfa8492377f11de4983a8678097c62934c9c1d107f75f59ce,2023-12,Leicestershire Police,Leicestershire Police,-1.051678,52.656083,On or near Romanby Way,E01025730,Charnwood 015C,Violence and sexual offences,Unable to prosecute suspect,
31dc7b7179b8f8e71d21623f49f644f3d8f275c838419715e21a58c6116f957f,2023-12,Leicestershire Police,Leicestershire Police,-1.054147,52.657470,On or near Cornholme Drive,E01025730,Charnwood 015C,Violence and sexual offences,Investigation complete; no suspect identified,
7abefdd24b864c5dcf8c5875d6f6485ce25951d4f8da4abe5528decf2ad0e808,2023-12,Leicestershire Police,Leicestershire Police,-1.051678,52.656083,On or near Romanby Way,E01025730,Charnwood 015C,Violence and sexual offences,Unable to prosecute suspect,
e7397b436b3904a1390dc34a8e8c09d0415efc40ef67d2ba1b1645fb2ce0eff5,2023-12,Leicestershire Police,Leicestershire Police,-1.059057,52.705560,On or near Melton Road,E01025731,Charnwood 015D,Other theft,Local resolution,
cb13caa9ba33c5dc143ec95662fdc4c8de73b0bdaa23c0f1e559a59aa91c3695,2023-12,Leicestershire Police,Leicestershire Police,-1.059057,52.705560,On or near Melton Road,E01025731,Charnwood 015D,Other theft,Court result unavailable,
84126f099d0e303d475284746a8e34bc4a05cd93aa63b8e14176999dd6838504,2023-12,Leicestershire Police,Leicestershire Police,-1.059057,52.705560,On or near Melton Road,E01025731,Charnwood 015D,Other theft,Investigation complete; no suspect identified,
e62444cc25674b593ef534c77ff912e45b365335391ac2081163328a713ed99b,2023-12,Leicestershire Police,Leicestershire Police,-1.059057,52.705560,On or near Melton Road,E01025731,Charnwood 015D,Other theft,Investigation complete; no suspect identified,
460632f756733591c1bbec4213dd6a8045af69d9e58fd2fb5c0ec1e70ab61e06,2023-12,Leicestershire Police,Leicestershire Police,-1.059057,52.705560,On or near Melton Road,E01025731,Charnwood 015D,Other theft,Investigation complete; no suspect identified,
82c182c89923c06cdb4da44266a8b5b32d015e84c7c76b3e97f20525370b4bac,2023-12,Leicestershire Police,Leicestershire Police,-1.059057,52.705560,On or near Melton Road,E01025731,Charnwood 015D,Other theft,Investigation complete; no suspect identified,
5d26e52a6ab95581ba7d9b1b3ae5f95900c5499c5f72cb0204f48f8929d73a60,2023-12,Leicestershire Police,Leicestershire Police,-1.059057,52.705560,On or near Melton Road,E01025731,Charnwood 015D,Other theft,Unable to prosecute suspect,
27915d92665c0ffb37ab1b91ed64d8019e80510a2f53ce0d6ab7fed5420dcee1,2023-12,Leicestershire Police,Leicestershire Police,-1.059057,52.705560,On or near Melton Road,E01025731,Charnwood 015D,Other theft,Investigation complete; no suspect identified,
e67b8027bb4d30212c7da3d156b88bf6c3a55821b7e0e5a0f856e7b1220c7fe8,2023-12,Leicestershire Police,Leicestershire Police,-1.059057,52.705560,On or near Melton Road,E01025731,Charnwood 015D,Other theft,Investigation complete; no suspect identified,
641b8372aa1d289a500ffaa1ac33cf60e722c96baaa0e6ed03fc91ddbba5bccc,2023-12,Leicestershire Police,Leicestershire Police,-1.059057,52.705560,On or near Melton Road,E01025731,Charnwood 015D,Other theft,Investigation complete; no suspect identified,
6557a93658325dda9033f174cd2cd0b4508bc0a611edf19b0a06833e1d8f9ff8,2023-12,Leicestershire Police,Leicestershire Police,-1.059057,52.705560,On or near Melton Road,E01025731,Charnwood 015D,Other theft,Investigation complete; no suspect identified,
3a984f74fa890f68393ad60df28a25ae37af69a99efbb8456fb95073f88fc262,2023-12,Leicestershire Police,Leicestershire Police,-1.061594,52.706650,On or near Dobney Avenue,E01025731,Charnwood 015D,Violence and sexual offences,Local resolution,
b9182a5591ea8e8ba5ccb5ca77c479e4f1127ca4b6e2842572a950f7bd6b49c2,2023-12,Leicestershire Police,Leicestershire Police,-1.062713,52.702092,On or near Alfred Belshaw Road,E01025731,Charnwood 015D,Violence and sexual offences,Investigation complete; no suspect identified,
4433a2b8b73a1d0b8de043a31c2d340d8132ac01b4610c52ab619b556e81c602,2023-12,Leicestershire Police,Leicestershire Police,-1.235989,52.691495,On or near Sharply Hill,E01025687,Charnwood 016A,Other crime,Offender given a caution,
b6858557adae48a43a1f23ad51604544bbe7458fff815b8e14b80ae0e0ee2612,2023-12,Leicestershire Police,Leicestershire Police,-1.259648,52.685307,On or near Markfield Lane,E01025687,Charnwood 016A,Burglary,Investigation complete; no suspect identified,
9e4b87907d1f9f3ec754ac5d90bbc472fc0275adae619002423dc390465ea04f,2023-12,Leicestershire Police,Leicestershire Police,-1.248445,52.701931,On or near Craven'S Rough,E01025687,Charnwood 016A,Criminal damage and arson,Investigation complete; no suspect identified,
bedb30df504397aacbf8233cd8341998b516a631cfab002efd3ba6d1ebaf70d7,2023-12,Leicestershire Police,Leicestershire Police,-1.226893,52.725643,On or near Parking Area,E01025687,Charnwood 016A,Criminal damage and arson,Unable to prosecute suspect,
26ed43d876f9ae294419929fafae23b4d502a135c535024884de693d6e24b787,2023-12,Leicestershire Police,Leicestershire Police,-1.248445,52.701931,On or near Craven'S Rough,E01025687,Charnwood 016A,Other theft,Investigation complete; no suspect identified,
85fc147036809e9fb9217eeff3cb374465064fdeba18acbac75ce7e73e46ecd7,2023-12,Leicestershire Police,Leicestershire Police,-1.234838,52.686265,On or near Grey Crescent,E01025687,Charnwood 016A,Public order,Investigation complete; no suspect identified,
16a50e218d0a5cd7924ce3f7f2ff3dcbf36037b45528b2eb6f8e9808c8880a72,2023-12,Leicestershire Police,Leicestershire Police,-1.229419,52.682319,On or near Stamford Rise,E01025687,Charnwood 016A,Vehicle crime,Investigation complete; no suspect identified,
a2a19d8e53f76eb5d070a4a7c9cb723a5e9db4555b7a88c2bfc84b5db28f1578,2023-12,Leicestershire Police,Leicestershire Police,-1.247412,52.726727,On or near Parking Area,E01025687,Charnwood 016A,Violence and sexual offences,Investigation complete; no suspect identified,
f14c80629e0ab04025f84c181d7fb131d155a6b28c7074d10ef5bedfa13bd57a,2023-12,Leicestershire Police,Leicestershire Police,-1.234838,52.686265,On or near Grey Crescent,E01025687,Charnwood 016A,Other crime,Unable to prosecute suspect,
020fd3b70196c1a646b1f091642e96b87b4e06733f5ef7491f5a46e6df569b31,2023-12,Leicestershire Police,Leicestershire Police,-1.217244,52.723736,On or near Paterson Drive,E01025688,Charnwood 016B,Other theft,Investigation complete; no suspect identified,
02eac809f8f5be25162f5ca993df02871ae47b6c7b994544385d871e4a1d85f4,2023-12,Leicestershire Police,Leicestershire Police,-1.209039,52.733679,On or near The Oval,E01025688,Charnwood 016B,Public order,Unable to prosecute suspect,
30ee4e7193f75d57125286fd17d8012a9edeb8a0a4769c6a06f7134ad3af5cf3,2023-12,Leicestershire Police,Leicestershire Police,-1.219067,52.724477,On or near Bird Hill Road,E01025688,Charnwood 016B,Public order,Action to be taken by another organisation,
84ec13ffe4f1caa2b333f35e5eba2d506e9ae0fccf873462efa65118a44dbfe5,2023-12,Leicestershire Police,Leicestershire Police,-1.219067,52.724477,On or near Bird Hill Road,E01025688,Charnwood 016B,Vehicle crime,Investigation complete; no suspect identified,
8f19b2355a465f729e37a18827bbfe704e24504e909dbe7b7a32ea38f261352e,2023-12,Leicestershire Police,Leicestershire Police,-1.212574,52.718312,On or near Lady Martin Drive,E01025688,Charnwood 016B,Violence and sexual offences,Unable to prosecute suspect,
30f5fda22a329cef2cdfbcf98b11a0f633d586b1f7ee5ee7f1e64314d7dc623b,2023-12,Leicestershire Police,Leicestershire Police,-1.219067,52.724477,On or near Bird Hill Road,E01025688,Charnwood 016B,Violence and sexual offences,Unable to prosecute suspect,
c25c91677dcc5491881a72e469bfcc33910cc99de6d1c634fad4f8d0925ddd5f,2023-12,Leicestershire Police,Leicestershire Police,-1.163548,52.691618,On or near Anstey Lane,E01025736,Charnwood 016C,Burglary,Unable to prosecute suspect,
9954dcedee89a9106790d125ebcdbe5fc19eb713500a77a6806912f4ecab0c11,2023-12,Leicestershire Police,Leicestershire Police,-1.156151,52.691556,On or near Leicester Road,E01025736,Charnwood 016C,Other theft,Unable to prosecute suspect,
ba1b78184dfb73cb9e2dd6a3cf938a462e0964a93476a14d431ef67cb38648ca,2023-12,Leicestershire Police,Leicestershire Police,-1.160954,52.691887,On or near All Saints Road,E01025736,Charnwood 016C,Other theft,Unable to prosecute suspect,
3fd6715d4443775f4afe0b5610c8814951d474719a0a06698719567f4d66f708,2023-12,Leicestershire Police,Leicestershire Police,-1.156151,52.691556,On or near Leicester Road,E01025736,Charnwood 016C,Other theft,Unable to prosecute suspect,
f2efde58cd528d5953caec775b5d9f41d7ff4241dbf4dead530ec3bb0a1493dd,2023-12,Leicestershire Police,Leicestershire Police,-1.162555,52.694029,On or near Wallis Close,E01025736,Charnwood 016C,Public order,Unable to prosecute suspect,
2d1f4fbf330aa768a1b06bd03262f85d1afe96cf3de6a34a6953877fb3dfc210,2023-12,Leicestershire Police,Leicestershire Police,-1.162555,52.694029,On or near Wallis Close,E01025736,Charnwood 016C,Public order,Investigation complete; no suspect identified,
823d3c8bf103cb43461c28cab5cae1cebf437242cb287d451f6ae14964691f3a,2023-12,Leicestershire Police,Leicestershire Police,-1.160954,52.691887,On or near All Saints Road,E01025736,Charnwood 016C,Robbery,Investigation complete; no suspect identified,
6c4f015c4073c7f2bab4d1ee2bda26b2450be21be7489e0bf7762bb34f07a394,2023-12,Leicestershire Police,Leicestershire Police,-1.156151,52.691556,On or near Leicester Road,E01025736,Charnwood 016C,Theft from the person,Unable to prosecute suspect,
2368e4df939e2ae15fc65c5bb34d94f0fd14a5ce1f3cdcebab05c9c4791e8dd3,2023-12,Leicestershire Police,Leicestershire Police,-1.160954,52.691887,On or near All Saints Road,E01025736,Charnwood 016C,Vehicle crime,Unable to prosecute suspect,
3b7cb2a658039663730a523da21892c90663985659057958c96e0efe09857bb5,2023-12,Leicestershire Police,Leicestershire Police,-1.162555,52.694029,On or near Wallis Close,E01025736,Charnwood 016C,Violence and sexual offences,Unable to prosecute suspect,
a0d482b6a153b7568e875225ef5b4ff32326f93a4f0de57c3f02fd1e3062d180,2023-12,Leicestershire Police,Leicestershire Police,-1.183226,52.692393,On or near Causeway Lane,E01025736,Charnwood 016C,Violence and sexual offences,Unable to prosecute suspect,
69f82cc479157f80411f99d884d371b0a8be12453cb72909a0d341b9d66068e7,2023-12,Leicestershire Police,Leicestershire Police,-1.160954,52.691887,On or near All Saints Road,E01025736,Charnwood 016C,Violence and sexual offences,Unable to prosecute suspect,
d6eabe90448fab06f4e65d7858c9f0ab7acaf2c18418a3391461d011e91c5c29,2023-12,Leicestershire Police,Leicestershire Police,-1.160954,52.691887,On or near All Saints Road,E01025736,Charnwood 016C,Violence and sexual offences,Unable to prosecute suspect,
8092d04fd2a73c8c2a58d5ce13e2f4371094e5269733a548e28a0ac3a663a193,2023-12,Leicestershire Police,Leicestershire Police,-1.163548,52.691618,On or near Anstey Lane,E01025736,Charnwood 016C,Other crime,Investigation complete; no suspect identified,
b714d1b8dac34abac437fd50d2e17c9b0bd7be1950fd35bcc598d46f26da28eb,2023-12,Leicestershire Police,Leicestershire Police,-1.188539,52.713115,On or near Main Street,E01025738,Charnwood 016D,Burglary,Investigation complete; no suspect identified,
64db7e25e10ab30201bd9d3ef24090ca7ef48b134d10d58b9398d11b7d1fd830,2023-12,Leicestershire Police,Leicestershire Police,-1.166531,52.714464,On or near Main Road,E01025738,Charnwood 016D,Criminal damage and arson,Investigation complete; no suspect identified,
138f6f84994eed32cca1bc98c4add280476769e510380336023ac7361cb2c932,2023-12,Leicestershire Police,Leicestershire Police,-1.158445,52.704644,On or near Brownhill Crescent,E01025738,Charnwood 016D,Other theft,Investigation complete; no suspect identified,
6444345368611221a75e8e36d2c2700f0fed8e1251092c0a7332e01b0df44157,2023-12,Leicestershire Police,Leicestershire Police,-1.166531,52.714464,On or near Main Road,E01025738,Charnwood 016D,Public order,Investigation complete; no suspect identified,
9a1dab93eec56e8bbc2a124ee6d9f6424db22395f162141f7d96bb7c5ca9b050,2023-12,Leicestershire Police,Leicestershire Police,-1.148153,52.714801,On or near Woolston Road,E01025738,Charnwood 016D,Violence and sexual offences,Unable to prosecute suspect,
39e339f6e2731bbd8bb39dc9a8d827aab7eea3bec33763cd9868ea1117436a6d,2023-12,Leicestershire Police,Leicestershire Police,-1.150564,52.705747,On or near Westfield Lane,E01025738,Charnwood 016D,Violence and sexual offences,Investigation complete; no suspect identified,
9291e3e2c092a20dd3c09b2c2bfd961ab8bad23614b07e9400194e3f3dd8fab0,2023-12,Leicestershire Police,Leicestershire Police,-1.079236,52.698230,On or near North Street,E01025756,Charnwood 017A,Violence and sexual offences,Court result unavailable,
fe9ac2fc4f5e120800d2fa389e9d24b250a04d36eb5e3873ed58e847bbcfafc4,2023-12,Leicestershire Police,Leicestershire Police,-1.084553,52.693785,On or near Foundry Lane,E01025756,Charnwood 017A,Burglary,Investigation complete; no suspect identified,
2fbb22717e0ffc230f99a04811848ba1ffd5a6aee2749daffb65bfe5c74d8e91,2023-12,Leicestershire Police,Leicestershire Police,-1.084553,52.693785,On or near Foundry Lane,E01025756,Charnwood 017A,Criminal damage and arson,Investigation complete; no suspect identified,
50ef3ecff4b4b997ada7a15d75119170b906cd23bc3e94c1b8f3f02c71fea9a8,2023-12,Leicestershire Police,Leicestershire Police,-1.087411,52.694409,On or near Petrol Station,E01025756,Charnwood 017A,Other theft,Local resolution,
1b3812351accfa0dcd1fc8143eb7002a677b525839d531a60b07de7aaee5e7f5,2023-12,Leicestershire Police,Leicestershire Police,-1.087411,52.694409,On or near Petrol Station,E01025756,Charnwood 017A,Other theft,Investigation complete; no suspect identified,
62dc47c8ab920ed899461b24f00093bd0312415c334e60e07d286df346a6f49c,2023-12,Leicestershire Police,Leicestershire Police,-1.087411,52.694409,On or near Petrol Station,E01025756,Charnwood 017A,Other theft,Investigation complete; no suspect identified,
acb5e278a433a543fffc644482d9ca8032aace4728a3f6865ba1e70d9fbe23df,2023-12,Leicestershire Police,Leicestershire Police,-1.087411,52.694409,On or near Petrol Station,E01025756,Charnwood 017A,Other theft,Investigation complete; no suspect identified,
a8bf640c885ae2984ec533a9f8e6c1e871168d2eea66432588549dbd8fdefe20,2023-12,Leicestershire Police,Leicestershire Police,-1.087411,52.694409,On or near Petrol Station,E01025756,Charnwood 017A,Other theft,Investigation complete; no suspect identified,
259c0dd3464a17b0164e25b20ead51846c483aa43451509fc9f5e57b61f7cb26,2023-12,Leicestershire Police,Leicestershire Police,-1.082251,52.694217,On or near Parking Area,E01025756,Charnwood 017A,Vehicle crime,Investigation complete; no suspect identified,
6da01b10a7670b829b480e2f58e575cd7703138de656b9fe9c7d3b0d01f831e4,2023-12,Leicestershire Police,Leicestershire Police,-1.083435,52.693462,On or near Old Station Road,E01025756,Charnwood 017A,Vehicle crime,Investigation complete; no suspect identified,
d438de60e835ef78dbc473ad0ab3d324683f022ee556dd6ff7bebbbb3d1ef81a,2023-12,Leicestershire Police,Leicestershire Police,-1.085081,52.695416,On or near Hardwick Crescent,E01025756,Charnwood 017A,Vehicle crime,Investigation complete; no suspect identified,
9ae48c0d0edfafebeb10e85aab32a1e09581da1fdc923f234812352e64f33851,2023-12,Leicestershire Police,Leicestershire Police,-1.079239,52.696711,On or near Broad Street,E01025756,Charnwood 017A,Vehicle crime,Investigation complete; no suspect identified,
2a7120e59e8c3d9e1d2a52d23ed666a531bc47361be06ef08949cddf93679828,2023-12,Leicestershire Police,Leicestershire Police,-1.084553,52.693785,On or near Foundry Lane,E01025756,Charnwood 017A,Violence and sexual offences,Unable to prosecute suspect,
5ac8b332a4645b6dc64b44eebc8d7eccc85a94a321f4ffd1c7e4fe9c85615e9d,2023-12,Leicestershire Police,Leicestershire Police,-1.082251,52.694217,On or near Parking Area,E01025756,Charnwood 017A,Violence and sexual offences,Action to be taken by another organisation,
389a2c18ba5e68f0115fb326d53d14c55ad94f5774133ca7a837f401ffffb1ad,2023-12,Leicestershire Police,Leicestershire Police,-1.093780,52.697650,On or near Covert Close,E01025757,Charnwood 017B,Vehicle crime,Investigation complete; no suspect identified,
60965b0135e1216be047004ae478533fc11cf4b0af5c49eae36505e1bf565ca9,2023-12,Leicestershire Police,Leicestershire Police,-1.089890,52.698968,On or near Swift Close,E01025757,Charnwood 017B,Violence and sexual offences,Local resolution,
f43e1ae5e692c04c9a736845c074fdfa1a232f4d19286c5d317565ed635ccc8f,2023-12,Leicestershire Police,Leicestershire Police,-1.088442,52.691792,On or near Senator Close,E01025758,Charnwood 017C,Violence and sexual offences,Unable to prosecute suspect,
8763d686a0212c5cc4d30cca463bac9ce0f8539659e789c16af23b7ec5c365ae,2023-12,Leicestershire Police,Leicestershire Police,-1.091017,52.696037,On or near Gorse Lane,E01025758,Charnwood 017C,Criminal damage and arson,Investigation complete; no suspect identified,
0fed42157c5c74d7e292acddf79555aad45855f7c9edc45cbf2ec3ce7fda65db,2023-12,Leicestershire Police,Leicestershire Police,-1.108264,52.693426,On or near Park/Open Space,E01025758,Charnwood 017C,Public order,Unable to prosecute suspect,
ccd82dd7065e7ccc91136be510e90ada526f73c61cb67ee3e1ca5820282573f8,2023-12,Leicestershire Police,Leicestershire Police,-1.086350,52.692747,On or near Roundhill Close,E01025758,Charnwood 017C,Violence and sexual offences,Unable to prosecute suspect,
d074e0a5700651cd2093eaa5b484163aac67a8d281291051ac3e8a9936361c4f,2023-12,Leicestershire Police,Leicestershire Police,-1.091008,52.689349,On or near Oliver Close,E01025758,Charnwood 017C,Violence and sexual offences,Unable to prosecute suspect,
1153b81f745089cd4cf6d846cea19849841086a7d91eeb803cde14b756d83fb6,2023-12,Leicestershire Police,Leicestershire Police,-1.088442,52.691792,On or near Senator Close,E01025758,Charnwood 017C,Violence and sexual offences,Unable to prosecute suspect,
3db6da864af3a3dc1fa8c8970555e7473aa1962d66dc62246fa7ec48feec988e,2023-12,Leicestershire Police,Leicestershire Police,-1.083776,52.689194,On or near Clover Way,E01025758,Charnwood 017C,Violence and sexual offences,Unable to prosecute suspect,
eabc7961331277492865771dc7a1aa744cb95c2c9d0871805b12d8bbbf3d9391,2023-12,Leicestershire Police,Leicestershire Police,-1.092532,52.689342,On or near Simpson Close,E01025758,Charnwood 017C,Violence and sexual offences,Investigation complete; no suspect identified,
444ddc8daf1b1be0a6b21d6a2db13c8431a6d3d086e480a0c5dba29d0fdbcec1,2023-12,Leicestershire Police,Leicestershire Police,-1.091008,52.689349,On or near Oliver Close,E01025758,Charnwood 017C,Violence and sexual offences,Unable to prosecute suspect,
344b4df7a7c68150ae2faeca8d7169ea09842a6c6c2bbc873199db00382223ab,2023-12,Leicestershire Police,Leicestershire Police,-1.091008,52.689349,On or near Oliver Close,E01025758,Charnwood 017C,Violence and sexual offences,Unable to prosecute suspect,
,2023-12,Leicestershire Police,Leicestershire Police,-1.074119,52.703000,On or near Jubilee Close,E01025759,Charnwood 017D,Anti-social behaviour,,
,2023-12,Leicestershire Police,Leicestershire Police,-1.074449,52.699298,On or near Walkers Way,E01025759,Charnwood 017D,Anti-social behaviour,,
d278c9421aee5ceeed200541c62b7787b785e7237663f2a67cc69ff14325dc57,2023-12,Leicestershire Police,Leicestershire Police,-1.068755,52.701897,On or near Barry Drive,E01025759,Charnwood 017D,Criminal damage and arson,Unable to prosecute suspect,
5a8e65f1eaa373bc7931870d61b270eddce263a2e285dfb8e5e5f68d9c980e04,2023-12,Leicestershire Police,Leicestershire Police,-1.074449,52.699298,On or near Walkers Way,E01025759,Charnwood 017D,Criminal damage and arson,Investigation complete; no suspect identified,
95312d072e26e61df19f299c28aa93e9c3420c9a710932dd95e32572aba6baa3,2023-12,Leicestershire Police,Leicestershire Police,-1.077731,52.699432,On or near Brook Street,E01025759,Charnwood 017D,Vehicle crime,Investigation complete; no suspect identified,
c9c9de062a25659f0267b1d67c461faafda37ef336beb38630a84557f84f1d00,2023-12,Leicestershire Police,Leicestershire Police,-1.076271,52.698486,On or near Brookside,E01025759,Charnwood 017D,Violence and sexual offences,Unable to prosecute suspect,
9b7e3d470f55545b7a3374ede0e4e1d6ace2f2aa3c9c8676c11b272dddb29f06,2023-12,Leicestershire Police,Leicestershire Police,-1.070851,52.703567,On or near Clumber Close,E01025759,Charnwood 017D,Violence and sexual offences,Action to be taken by another organisation,
3cdf42027df7235d207c8c814030b017a08bd078d107275a67ef484dbd20e171,2023-12,Leicestershire Police,Leicestershire Police,-1.074449,52.699298,On or near Walkers Way,E01025759,Charnwood 017D,Violence and sexual offences,Court result unavailable,
023bdef2baf08bd4657fd6d4a97599b1beec1de9e5f3a9e6a4b5dad2d5487523,2023-12,Leicestershire Police,Leicestershire Police,-1.068633,52.702795,On or near Naylor Road,E01025759,Charnwood 017D,Violence and sexual offences,Unable to prosecute suspect,
1148cb9ac210f055117b49f0e88cffe2299a762b5789da5674f1ac6383a5474b,2023-12,Leicestershire Police,Leicestershire Police,-1.076271,52.698486,On or near Brookside,E01025759,Charnwood 017D,Violence and sexual offences,Court result unavailable,
6edd285eb2b56d94f1ecfb06e0661ca52ae61b06631b82ea155f4b516a34c851,2023-12,Leicestershire Police,Leicestershire Police,-1.076271,52.698486,On or near Brookside,E01025759,Charnwood 017D,Violence and sexual offences,Local resolution,
a4b0cdc722b538d9cbbbc9d876e024f3555f22e71ea6396a2a4145b491c44bc6,2023-12,Leicestershire Police,Leicestershire Police,-1.073647,52.699505,On or near Supermarket,E01025759,Charnwood 017D,Violence and sexual offences,Local resolution,
,2023-12,Leicestershire Police,Leicestershire Police,-1.063356,52.699733,On or near Tentercroft Avenue,E01025752,Charnwood 018A,Anti-social behaviour,,
,2023-12,Leicestershire Police,Leicestershire Police,-1.063356,52.699733,On or near Tentercroft Avenue,E01025752,Charnwood 018A,Anti-social behaviour,,
4ae04ed486ce704aac89a770f00d1953e294b2d1452854d8e4c3e1fb6a6b5c6f,2023-12,Leicestershire Police,Leicestershire Police,-1.061239,52.693567,On or near Langham Close,E01025752,Charnwood 018A,Burglary,Investigation complete; no suspect identified,
53123bc18c710940d9a452c407273b8c9a2f91d314cf00aa50165b82a265e9f8,2023-12,Leicestershire Police,Leicestershire Police,-1.060950,52.695965,On or near Hallaton Drive,E01025752,Charnwood 018A,Public order,Unable to prosecute suspect,
ef0f62931d788906cf8c91746a22ea6772e20d1c5c1d1426cdadab5e05078b2e,2023-12,Leicestershire Police,Leicestershire Police,-1.065795,52.701937,On or near Jack Hardy Close,E01025752,Charnwood 018A,Public order,Offender given a caution,
e26fde4698a57b3805470b524e76e944e594baa1e7f4284e66e3d78ff07e981b,2023-12,Leicestershire Police,Leicestershire Police,-1.065535,52.696064,On or near Hungarton Drive,E01025752,Charnwood 018A,Violence and sexual offences,Unable to prosecute suspect,
69987dbb41402b431eff4a4d816b90c59052710203699aefb22cf9a1a0a11a74,2023-12,Leicestershire Police,Leicestershire Police,-1.063547,52.693567,On or near Greetham Way,E01025752,Charnwood 018A,Violence and sexual offences,Unable to prosecute suspect,
9090f8a31924d5af1cb711c8404d60b6a3fcd5bbc05935ec28dffbe0fb6f16a2,2023-12,Leicestershire Police,Leicestershire Police,-1.063547,52.693567,On or near Greetham Way,E01025752,Charnwood 018A,Violence and sexual offences,Unable to prosecute suspect,
eb8b396eeb61d62a695315f12b2dfa1bbd3ec89d7482a4e205d933ecd5bb1f6e,2023-12,Leicestershire Police,Leicestershire Police,-1.060935,52.694616,On or near Eatough Close,E01025752,Charnwood 018A,Violence and sexual offences,Unable to prosecute suspect,
f2590deda3a20fa2c3245329a5bdf0b4b1ecdf335152dc6e4d33a8a477fe7ba8,2023-12,Leicestershire Police,Leicestershire Police,-1.060950,52.695965,On or near Hallaton Drive,E01025752,Charnwood 018A,Violence and sexual offences,Unable to prosecute suspect,
d6c3c8c5bdf11056478a6ae73e6fc470841178cb7cda20630b3fd914653a60e0,2023-12,Leicestershire Police,Leicestershire Police,-1.065795,52.701937,On or near Jack Hardy Close,E01025752,Charnwood 018A,Violence and sexual offences,Unable to prosecute suspect,
42a599069d9470d3cdc9e554cfb86d5a09781b88fbbf89dde68e9b4a9114d0cb,2023-12,Leicestershire Police,Leicestershire Police,-1.075909,52.696437,On or near Supermarket,E01025753,Charnwood 018B,Violence and sexual offences,Unable to prosecute suspect,
09504a49612a62056a1c1cb47106a19dbe29859b83bc3cdc64e75aa702d18e46,2023-12,Leicestershire Police,Leicestershire Police,-1.075909,52.696437,On or near Supermarket,E01025753,Charnwood 018B,Criminal damage and arson,Investigation complete; no suspect identified,
0a1160a71e6430724adb4465d6823854ad6ecd2ce378075c61a2c14c342f9487,2023-12,Leicestershire Police,Leicestershire Police,-1.072157,52.697096,On or near Brookfield Street,E01025753,Charnwood 018B,Criminal damage and arson,Investigation complete; no suspect identified,
fe4c1ab39d5b941d49cbd5d473d409559a580f546d284e3655649b03e828c637,2023-12,Leicestershire Police,Leicestershire Police,-1.073598,52.698231,On or near Shopping Area,E01025753,Charnwood 018B,Other theft,Investigation complete; no suspect identified,
cb384e32b68fd8a397784f2a70e21cb025a3be698a813fbf843f054ba30e827c,2023-12,Leicestershire Police,Leicestershire Police,-1.067449,52.697248,On or near Oxford Street,E01025753,Charnwood 018B,Other theft,Investigation complete; no suspect identified,
d0ea83df23ae738c9ed0776837e6b24365e092123373fc4bad25a71f8555ce64,2023-12,Leicestershire Police,Leicestershire Police,-1.071769,52.699376,On or near St Peter'S Court,E01025753,Charnwood 018B,Shoplifting,Investigation complete; no suspect identified,
bc2d088cbc53aa3442984c9c64425e5ce1ddd752c14caa274003155e7372618a,2023-12,Leicestershire Police,Leicestershire Police,-1.071769,52.699376,On or near St Peter'S Court,E01025753,Charnwood 018B,Shoplifting,Investigation complete; no suspect identified,
251411d340f3bb39833a67b07f1cb56d047d3d34c33660386379515d6a62a2f9,2023-12,Leicestershire Police,Leicestershire Police,-1.071769,52.699376,On or near St Peter'S Court,E01025753,Charnwood 018B,Shoplifting,Investigation complete; no suspect identified,
c73204b05280ba7c3fe3d6818fbc6e721efcd262a82ea63c6b73a9e0cc23a0a0,2023-12,Leicestershire Police,Leicestershire Police,-1.075909,52.696437,On or near Supermarket,E01025753,Charnwood 018B,Shoplifting,Investigation complete; no suspect identified,
2c14bda9536a74e5969ce73227ec99709dca2bd3a77919ba22b5580138531539,2023-12,Leicestershire Police,Leicestershire Police,-1.075909,52.696437,On or near Supermarket,E01025753,Charnwood 018B,Shoplifting,Investigation complete; no suspect identified,
a7dc509f78517302972250c50b185281e52b0da5609f092eeaff2c3f68238fe5,2023-12,Leicestershire Police,Leicestershire Police,-1.074177,52.697462,On or near Parking Area,E01025753,Charnwood 018B,Vehicle crime,Investigation complete; no suspect identified,
401f5473f3c0bb66552a1542ea43094e4655cbff47b80c9eac4946d9dc5c4b58,2023-12,Leicestershire Police,Leicestershire Police,-1.074440,52.694821,On or near Nelson Street,E01025753,Charnwood 018B,Violence and sexual offences,Unable to prosecute suspect,
d2f302006ba3cb4c3ffa55c6258d9a5fa46571ee40aeab5f98ba5171fa49d9ad,2023-12,Leicestershire Police,Leicestershire Police,-1.072157,52.697096,On or near Brookfield Street,E01025753,Charnwood 018B,Violence and sexual offences,Investigation complete; no suspect identified,
5c23bf81e87231c58d8d4c571f8883f5208f90a0e39b3c4e8edc29a27dae3229,2023-12,Leicestershire Police,Leicestershire Police,-1.070688,52.692437,On or near Montague Avenue,E01025754,Charnwood 018C,Vehicle crime,Investigation complete; no suspect identified,
6be9124930e16b255e9d18d2ab106b6b45facbe4772deacb36070fc5ee7639c4,2023-12,Leicestershire Police,Leicestershire Police,-1.068096,52.693954,On or near St John'S Avenue,E01025754,Charnwood 018C,Violence and sexual offences,Unable to prosecute suspect,
72d436af2d07ef9e136fdb0cf4e99c55f46091c492598b9018e3cdf226afb3a0,2023-12,Leicestershire Police,Leicestershire Police,-1.068096,52.693954,On or near St John'S Avenue,E01025754,Charnwood 018C,Violence and sexual offences,Unable to prosecute suspect,
fae8e22d82da36920c34e6470233c780105d3732ac35667bfece7e80dcbf89f4,2023-12,Leicestershire Police,Leicestershire Police,-1.076662,52.694704,On or near Sandford Road,E01025755,Charnwood 018D,Public order,Unable to prosecute suspect,
c2e47e071819979a8a219c90bb12d43a238195d73171dba63429c817a1f1e6b2,2023-12,Leicestershire Police,Leicestershire Police,-1.077214,52.693090,On or near Coplow Crescent,E01025755,Charnwood 018D,Vehicle crime,Investigation complete; no suspect identified,
21f1f7a8ba891c462403fb6b7e25462e8a2211680b452cf6652cc1e436b7c105,2023-12,Leicestershire Police,Leicestershire Police,-1.078427,52.693099,On or near St Paul'S Drive,E01025755,Charnwood 018D,Vehicle crime,Investigation complete; no suspect identified,
0da376af7876ddae3eece7f1606de941476c287a7e35057dddbfa34e1d271488,2023-12,Leicestershire Police,Leicestershire Police,-1.072679,52.691319,On or near Beech Drive,E01025755,Charnwood 018D,Vehicle crime,Investigation complete; no suspect identified,
e63b25fdc0b8af651532019da9056255787173a143f986eb96be311f1aa1b223,2023-12,Leicestershire Police,Leicestershire Police,-1.077439,52.695726,On or near Trafalgar Close,E01025755,Charnwood 018D,Vehicle crime,Investigation complete; no suspect identified,
eaa658d33f2e470f1aac0e7772c76f9b01b5972d2feab9c1d14cab6881235611,2023-12,Leicestershire Police,Leicestershire Police,-1.137635,52.682146,On or near Knollgate Close,E01025680,Charnwood 019B,Burglary,Investigation complete; no suspect identified,
d74f2ea51414bdf2b011d57921c42dc02c917fabb5f4a1a92c671a803ac79b8a,2023-12,Leicestershire Police,Leicestershire Police,-1.134906,52.682512,On or near Woodgate Drive,E01025680,Charnwood 019B,Drugs,Investigation complete; no suspect identified,
11299316713eb91130aebf72151aa798b6e0f46af2a6593d3e5df8989dd3afab,2023-12,Leicestershire Police,Leicestershire Police,-1.132111,52.681728,On or near Kingsgate Avenue,E01025680,Charnwood 019B,Public order,Unable to prosecute suspect,
ee7b940ceac4d9ef9926e7c11bca310d849fc482592c7ed8d4c7e4bf4bea31f5,2023-12,Leicestershire Police,Leicestershire Police,-1.132123,52.681143,On or near Heathgate Close,E01025680,Charnwood 019B,Vehicle crime,Investigation complete; no suspect identified,
2f28e57cea17558cc6495f587a6ad1fede87558d9e249e09642e3a6113073a30,2023-12,Leicestershire Police,Leicestershire Police,-1.118713,52.676397,On or near Supermarket,E01025681,Charnwood 019C,Shoplifting,Unable to prosecute suspect,
f7ffeb3814e55504f3a879a86564a3f149591016f5a622faa1a0707d4293f600,2023-12,Leicestershire Police,Leicestershire Police,-1.127790,52.667672,On or near Freehold Road,E01025681,Charnwood 019C,Criminal damage and arson,Investigation complete; no suspect identified,
593c33a1e2de9ac1f555a58b6e59c94ad56a28e9a4715fce29ecc4af5852c65e,2023-12,Leicestershire Police,Leicestershire Police,-1.127769,52.666503,On or near East Road,E01025681,Charnwood 019C,Other theft,Investigation complete; no suspect identified,
195579e0c76e5b3b6c8e02645e653befe7c1c5ff711adc0502dc287b390d3fbd,2023-12,Leicestershire Police,Leicestershire Police,-1.118713,52.676397,On or near Supermarket,E01025681,Charnwood 019C,Shoplifting,Court result unavailable,
350572be3efeef2c79514da4edb7cfef7b676adedeaa2371ad24317d372c7436,2023-12,Leicestershire Police,Leicestershire Police,-1.118713,52.676397,On or near Supermarket,E01025681,Charnwood 019C,Shoplifting,Investigation complete; no suspect identified,
98eea5feb3ca1b015c0c76f85b5c033aae551d76d82776d2815fe66df3283785,2023-12,Leicestershire Police,Leicestershire Police,-1.118713,52.676397,On or near Supermarket,E01025681,Charnwood 019C,Shoplifting,Investigation complete; no suspect identified,
b118ad8f7791b6c4181ee7d6be80afc27b9ace1abc53d279e8bfe4a5044ce71a,2023-12,Leicestershire Police,Leicestershire Police,-1.118713,52.676397,On or near Supermarket,E01025681,Charnwood 019C,Shoplifting,Investigation complete; no suspect identified,
ebf653fbb4049b16cb9c4f4b4b0813d35f1ffa2580856794a7399ac6a18f4140,2023-12,Leicestershire Police,Leicestershire Police,-1.118196,52.676348,On or near Parking Area,E01025681,Charnwood 019C,Vehicle crime,Investigation complete; no suspect identified,
fab50ffe05afd0f2f080e942a1a745b9fc6a5e94792bb0722721553ea03eb527,2023-12,Leicestershire Police,Leicestershire Police,-1.118713,52.676397,On or near Supermarket,E01025681,Charnwood 019C,Violence and sexual offences,Investigation complete; no suspect identified,
292451a9a0920253d03fae595e789509e25cdce6edd2a179ffb74ddab0a04b1e,2023-12,Leicestershire Police,Leicestershire Police,-1.126891,52.672717,On or near The Drive,E01025681,Charnwood 019C,Violence and sexual offences,Local resolution,
60fbb47f997dfad4ca34278778610b8ccbc02ff2956cc53c9c2544c49566f07d,2023-12,Leicestershire Police,Leicestershire Police,-1.115831,52.679234,On or near Bramley Road,E01025682,Charnwood 019D,Public order,Investigation complete; no suspect identified,
39119eb847bd99f233f5e15675747c2f5d28b8cf3edcf275c79b137b565b7227,2023-12,Leicestershire Police,Leicestershire Police,-1.131011,52.687986,On or near Dawes Meadow Road,E01034006,Charnwood 019E,Violence and sexual offences,Offender given a caution,
,2023-12,Leicestershire Police,Leicestershire Police,-1.128847,52.688887,On or near Field Leys Way,E01034006,Charnwood 019E,Anti-social behaviour,,
03a5614240661a2490d32c14cad8b6ee7cce6be3152c1518e16df18e289722aa,2023-12,Leicestershire Police,Leicestershire Police,-1.131695,52.688512,On or near Wheat Road,E01034006,Charnwood 019E,Burglary,Investigation complete; no suspect identified,
fb113867349134ccfbbe3bcad0363a6901b4295ca96954926cb5167d369f1ef3,2023-12,Leicestershire Police,Leicestershire Police,-1.134656,52.687698,On or near Stuart Jones Close,E01034006,Charnwood 019E,Burglary,Investigation complete; no suspect identified,
58a28c735e5c91afb69e001a011570453680eccfce8d575efcbc0511bf80f25b,2023-12,Leicestershire Police,Leicestershire Police,-1.127541,52.686863,On or near Palmer Square,E01034006,Charnwood 019E,Criminal damage and arson,Investigation complete; no suspect identified,
b066f587b264fb27a3c119e1324f6d3edad48e0a78800d23454cddbb400c7dbc,2023-12,Leicestershire Police,Leicestershire Police,-1.127717,52.688456,On or near Nine Riggs Square,E01034006,Charnwood 019E,Vehicle crime,Investigation complete; no suspect identified,
18097db75655d56e1031db4729c55ba8a757000860444c490834b4ba1ba131c8,2023-12,Leicestershire Police,Leicestershire Police,-1.130101,52.686828,On or near Lawnhurst Way,E01034006,Charnwood 019E,Violence and sexual offences,Investigation complete; no suspect identified,
48428c73998613f137f7ef6c3d5c0d7d4d52687a03bf444c614b8f4c060df2e7,2023-12,Leicestershire Police,Leicestershire Police,-1.128847,52.688887,On or near Field Leys Way,E01034006,Charnwood 019E,Violence and sexual offences,Investigation complete; no suspect identified,
201fe3729fa7bca7f3865918a47ace0326936a30448f6e1e2a0c027235409063,2023-12,Leicestershire Police,Leicestershire Police,-1.131011,52.687986,On or near Dawes Meadow Road,E01034006,Charnwood 019E,Violence and sexual offences,Offender given a caution,
d788e25f79e68c6cced3bebc1339c0cb44954ef8cb54725af4a984f18f7f4aa6,2023-12,Leicestershire Police,Leicestershire Police,-1.132336,52.686035,On or near Villier Drive,E01034007,Charnwood 019F,Public order,Unable to prosecute suspect,
fabb939cb64d760863666ef69ab39907e5bcd4dd46cd4f5d4edf8b87eba1066e,2023-12,Leicestershire Police,Leicestershire Police,-1.128471,52.679561,On or near Spinney Rise,E01034007,Charnwood 019F,Vehicle crime,Investigation complete; no suspect identified,
3ab18afd5f2615996e41d74b9ec76e457f782d0e8ab6c498af47bbbbb76c861e,2023-12,Leicestershire Police,Leicestershire Police,-1.130107,52.675375,On or near Copeland Road,E01025678,Charnwood 020A,Violence and sexual offences,Unable to prosecute suspect,
8f95b884cf6a6e1182176520905cc7d0419618d3ddeb2bace0e5ab147fee29c4,2023-12,Leicestershire Police,Leicestershire Police,-1.128819,52.676175,On or near Johnson Road,E01025678,Charnwood 020A,Violence and sexual offences,Investigation complete; no suspect identified,
96aed27ac5380a3c35637bc66002451f88182b2d6ad934005f70650d3d299e6a,2023-12,Leicestershire Police,Leicestershire Police,-1.128819,52.676175,On or near Johnson Road,E01025678,Charnwood 020A,Violence and sexual offences,Investigation complete; no suspect identified,
3a0db382d5293b68d769ee0a6ed031ebb17ebbd5860dfec8b16da8a80b90688f,2023-12,Leicestershire Police,Leicestershire Police,-1.120774,52.683487,On or near Hazel Close,E01025683,Charnwood 020B,Violence and sexual offences,Local resolution,
31d38c45568f838d148e859aed83eb01d404d342b0dd87269fe0b16e02109b87,2023-12,Leicestershire Police,Leicestershire Police,-1.117831,52.683483,On or near Wanlip Lane,E01025683,Charnwood 020B,Violence and sexual offences,Unable to prosecute suspect,
b030e2a93ddebf5b09cd65c173103b2b75ddae06b14fd22d5335cf4c1e36ec94,2023-12,Leicestershire Police,Leicestershire Police,-1.120659,52.679665,On or near Paget Avenue,E01025684,Charnwood 020C,Criminal damage and arson,Investigation complete; no suspect identified,
e00d1be785ebdf5859614c129a3d7a2640d9cff2bfbfee8e6fbee37dde1106c1,2023-12,Leicestershire Police,Leicestershire Police,-1.122844,52.678360,On or near Sibson Road,E01025684,Charnwood 020C,Other theft,Investigation complete; no suspect identified,
2c0d4910106768cb699b134ddc8ac0c3339210609e02ac3f2234fe8571dab56f,2023-12,Leicestershire Police,Leicestershire Police,-1.124095,52.680194,On or near The Meadway,E01025684,Charnwood 020C,Other theft,Investigation complete; no suspect identified,
f97217ef82a32d26d7ec6da7b3c12a434ba2fbe146581bb57944a39593275324,2023-12,Leicestershire Police,Leicestershire Police,-1.124095,52.680194,On or near The Meadway,E01025684,Charnwood 020C,Public order,Investigation complete; no suspect identified,
b242ee39e34972d07c826dc08a726abcdd800790c0aa23340037d0d72c5f9fff,2023-12,Leicestershire Police,Leicestershire Police,-1.124095,52.680194,On or near The Meadway,E01025684,Charnwood 020C,Shoplifting,Investigation complete; no suspect identified,
6042d9acb2e88885b8ed05a12e95a402f8dd4bc530af9e683dd0cc5ae1760f04,2023-12,Leicestershire Police,Leicestershire Police,-1.124079,52.679511,On or near The Wayne Way,E01025684,Charnwood 020C,Theft from the person,Investigation complete; no suspect identified,
9600ac8f106f04d3d1bf9f13a631d862250110b4f744a4371370d6b2cb151eec,2023-12,Leicestershire Police,Leicestershire Police,-1.124095,52.680194,On or near The Meadway,E01025684,Charnwood 020C,Violence and sexual offences,Investigation complete; no suspect identified,
95de10c5aa584979d2933432333e6fb50df726d6d2bcaffbe4b627e1ae0241fa,2023-12,Leicestershire Police,Leicestershire Police,-1.088610,52.673128,On or near Sports/Recreation Area,E01025762,Charnwood 021A,Public order,Court result unavailable,
,2023-12,Leicestershire Police,Leicestershire Police,-1.088884,52.672683,On or near Adventurer Way,E01025762,Charnwood 021A,Anti-social behaviour,,
69576b2ab50005f357c66c7fde507b5b2437cc55fb2ecf168aabb168061e32b7,2023-12,Leicestershire Police,Leicestershire Police,-1.088884,52.672683,On or near Adventurer Way,E01025762,Charnwood 021A,Criminal damage and arson,Investigation complete; no suspect identified,
110958320306e749c265ab88e67d4c72dad7fdb227d783233aadb297432de4a6,2023-12,Leicestershire Police,Leicestershire Police,-1.084358,52.674833,On or near Lawn Close,E01025762,Charnwood 021A,Vehicle crime,Investigation complete; no suspect identified,
11f00731b8f770b77a9d5b240052219014a647d4e507e5ba3bececa15bddeaf9,2023-12,Leicestershire Police,Leicestershire Police,-1.086116,52.669947,On or near Colby Road,E01025762,Charnwood 021A,Vehicle crime,Investigation complete; no suspect identified,
c0431161ca301d35aa15623e6a56624f120f4054e3492f50115be892fe2bbf58,2023-12,Leicestershire Police,Leicestershire Police,-1.086931,52.671302,On or near Partridge Road,E01025762,Charnwood 021A,Vehicle crime,Investigation complete; no suspect identified,
2b5b0c096c0f99d2ccd512f320bc46c7ffe35b6aa1ecc91afb92bd6ab14e0f3e,2023-12,Leicestershire Police,Leicestershire Police,-1.088884,52.672683,On or near Adventurer Way,E01025762,Charnwood 021A,Violence and sexual offences,Unable to prosecute suspect,
88aa88c8da7f6b9162c4e5d88ff1cc92cc1ee5a0fc191140a24b0cd26ff7cae3,2023-12,Leicestershire Police,Leicestershire Police,-1.084474,52.670671,On or near Griffin Close,E01025762,Charnwood 021A,Violence and sexual offences,Unable to prosecute suspect,
c5f8d11dd84cd0fdf896d8bec6d96d559f4c584d8d9f8d102425f6fde5bef239,2023-12,Leicestershire Police,Leicestershire Police,-1.088884,52.672683,On or near Adventurer Way,E01025762,Charnwood 021A,Violence and sexual offences,Unable to prosecute suspect,
b4c4485a7d6bcbd0b5393332aaa1095276ccd76709eb1f5446b1aff15f379399,2023-12,Leicestershire Police,Leicestershire Police,-1.084474,52.670671,On or near Griffin Close,E01025762,Charnwood 021A,Violence and sexual offences,Court result unavailable,
,2023-12,Leicestershire Police,Leicestershire Police,-1.094841,52.674239,On or near Lonsdale Road,E01025763,Charnwood 021B,Anti-social behaviour,,
ac8f75ac208690330af691dcf7d3a0e28af321a95285821e9b95f62f94e489a3,2023-12,Leicestershire Police,Leicestershire Police,-1.098990,52.679629,On or near White Hart Close,E01025763,Charnwood 021B,Burglary,Investigation complete; no suspect identified,
b17bda2319f96b5e5d7d067460af0ccc5e999f4c1a31782a10145960d9074539,2023-12,Leicestershire Police,Leicestershire Police,-1.101031,52.675293,On or near Wheatley'S Road,E01025763,Charnwood 021B,Burglary,Investigation complete; no suspect identified,
2ba6df21d0b275645049b231362c44b8d8b9136daed14e9de5982ab4c70c3f5c,2023-12,Leicestershire Police,Leicestershire Police,-1.098869,52.678324,On or near Church Lane,E01025763,Charnwood 021B,Criminal damage and arson,Investigation complete; no suspect identified,
667fbb3df7f0f80d865ee9b2103570c8e2e10ba4d0b879eb2803a43db2b11f1a,2023-12,Leicestershire Police,Leicestershire Police,-1.096620,52.675484,On or near Spencer Avenue,E01025763,Charnwood 021B,Criminal damage and arson,Investigation complete; no suspect identified,
d428a677d9db521d01fbd2b920f63b87f12db1ff2b0b6f46d125b688e390cc33,2023-12,Leicestershire Police,Leicestershire Police,-1.095849,52.677007,On or near Beverley Close,E01025763,Charnwood 021B,Other theft,Investigation complete; no suspect identified,
d6f9564c23c6f5a9c5376a9e08722bf4837c2197de0e8c2f5ead3dd07add7a72,2023-12,Leicestershire Police,Leicestershire Police,-1.098990,52.679629,On or near White Hart Close,E01025763,Charnwood 021B,Public order,Unable to prosecute suspect,
9e0caa420878f0dcf2e2628139d1701507b5e53e56cd91346d36fa7d41bf5225,2023-12,Leicestershire Police,Leicestershire Police,-1.099061,52.674748,On or near Wayside Drive,E01025763,Charnwood 021B,Public order,Unable to prosecute suspect,
e66e687633bd22c6eeda76c0b808d2268c6503960cc705f3b1ec591961e4594b,2023-12,Leicestershire Police,Leicestershire Police,-1.097793,52.679566,On or near Garden Street,E01025763,Charnwood 021B,Public order,Investigation complete; no suspect identified,
b0f2210857399497092ada4f0716f2e2ddde4e0a421f820783c602f3914b054e,2023-12,Leicestershire Police,Leicestershire Police,-1.103198,52.674222,On or near Rookery Lane,E01025763,Charnwood 021B,Vehicle crime,Investigation complete; no suspect identified,
5445e25d08a3188f585064c69ff4fcbe7c507e8d16f503f9b783a62e164dbaf0,2023-12,Leicestershire Police,Leicestershire Police,-1.101802,52.676647,On or near Assured Drive,E01025763,Charnwood 021B,Vehicle crime,Investigation complete; no suspect identified,
89001930b890525f78a5a0112a6d591d86e4b2a82ebdd40ba08fd64c681f8f97,2023-12,Leicestershire Police,Leicestershire Police,-1.103198,52.674222,On or near Rookery Lane,E01025763,Charnwood 021B,Vehicle crime,Investigation complete; no suspect identified,
ef7d6dae701e532d8cb3ad2be43f9dd0fb9f61913e03581565020878e103d109,2023-12,Leicestershire Police,Leicestershire Police,-1.094841,52.674239,On or near Lonsdale Road,E01025763,Charnwood 021B,Violence and sexual offences,Unable to prosecute suspect,
8fa70d17911feeefb32f2fcb8c188a089e460bcfcf8f8d8138355faf4282ab33,2023-12,Leicestershire Police,Leicestershire Police,-1.098990,52.679629,On or near White Hart Close,E01025763,Charnwood 021B,Violence and sexual offences,Unable to prosecute suspect,
780f22fe5c48b1aa705fb13d7d8af00fade3f55b9c9c7369342d6066dcdf5c8f,2023-12,Leicestershire Police,Leicestershire Police,-1.094841,52.674239,On or near Lonsdale Road,E01025763,Charnwood 021B,Violence and sexual offences,Investigation complete; no suspect identified,
4dab19e8cac551c898b71f8d4beb53d3e8ae8bc1c1c7183dde5ab75224da69ba,2023-12,Leicestershire Police,Leicestershire Police,-1.094841,52.674239,On or near Lonsdale Road,E01025763,Charnwood 021B,Violence and sexual offences,Unable to prosecute suspect,
bda967035a4f6b5ec84dccf3a43d47305a203a661c91da2e43e3416bdf8c11d1,2023-12,Leicestershire Police,Leicestershire Police,-1.090422,52.673405,On or near Overdale Road,E01025764,Charnwood 021C,Criminal damage and arson,Investigation complete; no suspect identified,
83e2173dbd746cae1599e1d430cb77f680a77751b2d55dba4ce1de068b3c4720,2023-12,Leicestershire Police,Leicestershire Police,-1.091798,52.674791,On or near Ferndale Road,E01025764,Charnwood 021C,Drugs,Unable to prosecute suspect,
68372293932a96c418957cbd6f6eaedccffc3ee4e3d4ac97748253e1728f0747,2023-12,Leicestershire Police,Leicestershire Police,-1.089913,52.676521,On or near Church Hill Road,E01025764,Charnwood 021C,Public order,Investigation complete; no suspect identified,
77d717c379ef22c5037f6ad730c608e4b4cf54a67ec2c462ac46be624dea0ece,2023-12,Leicestershire Police,Leicestershire Police,-1.090422,52.673405,On or near Overdale Road,E01025764,Charnwood 021C,Violence and sexual offences,Unable to prosecute suspect,
ddf1f3e2cb2befcd53a973b4b833d4b89878c026c09f6109382c95e52d0ad6dc,2023-12,Leicestershire Police,Leicestershire Police,-1.089913,52.676521,On or near Church Hill Road,E01025764,Charnwood 021C,Violence and sexual offences,Investigation complete; no suspect identified,
52e26d0623a85ece7d2c268d8e8869838016ca630c7df6241f6c58148b241519,2023-12,Leicestershire Police,Leicestershire Police,-1.095911,52.672548,On or near Humberstone Lane,E01025765,Charnwood 021D,Burglary,Investigation complete; no suspect identified,
a45efa16592ef1f63295b8f0c94bfdfe97bb987cf097757a3ae220fc767ef060,2023-12,Leicestershire Police,Leicestershire Police,-1.092430,52.673546,On or near Springdale Road,E01025765,Charnwood 021D,Public order,Unable to prosecute suspect,
dc4039f0d258578af644ac2bdf8eaf2063f207cdb2a8cf1d24e5f71ffd090d43,2023-12,Leicestershire Police,Leicestershire Police,-1.101951,52.671560,On or near Manor Road,E01025765,Charnwood 021D,Violence and sexual offences,Unable to prosecute suspect,
724c14c78363298036d6f859dcbbe755d8f217ad28bac13be9230939a1041f4f,2023-12,Leicestershire Police,Leicestershire Police,-1.101704,52.672071,On or near Maple Road,E01025765,Charnwood 021D,Violence and sexual offences,Unable to prosecute suspect,
829315257c64857b2a981e0bfa56e1f20f2b24307aefac1f152289552acafa2b,2023-12,Leicestershire Police,Leicestershire Police,-1.101704,52.672071,On or near Maple Road,E01025765,Charnwood 021D,Violence and sexual offences,Unable to prosecute suspect,
4609de4f2e346900c6fed946de86c21ddc1f8e30c56035fe026a899489669044,2023-12,Leicestershire Police,Leicestershire Police,-1.088907,52.681520,On or near Charnwood Avenue,E01025766,Charnwood 021E,Criminal damage and arson,Unable to prosecute suspect,
5563669334873144debbe71e4acbbf0003ef0a3b0affe07e032d0898ea716fbb,2023-12,Leicestershire Police,Leicestershire Police,-1.091631,52.682135,On or near Checkland Road,E01025766,Charnwood 021E,Criminal damage and arson,Investigation complete; no suspect identified,
96578e1a305323496749d5c57069138eae9b02e5fbcd2aaf85767ece6fe2a224,2023-12,Leicestershire Police,Leicestershire Police,-1.089774,52.682489,On or near Charnwood Close,E01025766,Charnwood 021E,Criminal damage and arson,Investigation complete; no suspect identified,
8e9fa08609d3c36610833a9a8672a3c4ddef032a8502398a04bfeb4173b20579,2023-12,Leicestershire Police,Leicestershire Police,-1.093165,52.685194,On or near Petrol Station,E01025766,Charnwood 021E,Drugs,Local resolution,
0bd2c749a578599d358ede0822ba3d58ecd51852bfcb080f92d2e69356af5c40,2023-12,Leicestershire Police,Leicestershire Police,-1.094396,52.682165,On or near Winster Drive,E01025766,Charnwood 021E,Drugs,Unable to prosecute suspect,
8bc012b594da9d3539e4950647d8187b70dcca69d7070693e484c5aab7afc4b1,2023-12,Leicestershire Police,Leicestershire Police,-1.093165,52.685194,On or near Petrol Station,E01025766,Charnwood 021E,Other theft,Investigation complete; no suspect identified,
7fe5f6f046eaca8eb6888a45d520878ee33fd2224b807c5e0fc17e8c46691d1a,2023-12,Leicestershire Police,Leicestershire Police,-1.091631,52.682135,On or near Checkland Road,E01025766,Charnwood 021E,Public order,Investigation complete; no suspect identified,
69bbcdaae8f02b95af83230b5a76afc806739b15e6d660f539f5b95a028f55f2,2023-12,Leicestershire Police,Leicestershire Police,-1.089824,52.685361,On or near Supermarket,E01025766,Charnwood 021E,Public order,Investigation complete; no suspect identified,
861e58244e867f13b4ee0f7aa7b478977015577041e738779615ff9fcbc075d2,2023-12,Leicestershire Police,Leicestershire Police,-1.089824,52.685361,On or near Supermarket,E01025766,Charnwood 021E,Shoplifting,Investigation complete; no suspect identified,
77a988775d1bf966b12c05ebd965eeb04cd6e7eb1ed2f603584f7f5b70671c85,2023-12,Leicestershire Police,Leicestershire Police,-1.089774,52.682489,On or near Charnwood Close,E01025766,Charnwood 021E,Shoplifting,Investigation complete; no suspect identified,
b410c857ad1c494f876ded5529f62791dbd44c45bc768fb0dd7c2387b801f73c,2023-12,Leicestershire Police,Leicestershire Police,-1.089774,52.682489,On or near Charnwood Close,E01025766,Charnwood 021E,Shoplifting,Investigation complete; no suspect identified,
9ab78e72ce8a8e021b24cc357d81e94901542f74fdc2a5af2b490e586a063ba0,2023-12,Leicestershire Police,Leicestershire Police,-1.089824,52.685361,On or near Supermarket,E01025766,Charnwood 021E,Shoplifting,Investigation complete; no suspect identified,
d942913798c4590e499fa8d82973042ed18e9200f78a769951603cf1c9464a9a,2023-12,Leicestershire Police,Leicestershire Police,-1.089824,52.685361,On or near Supermarket,E01025766,Charnwood 021E,Shoplifting,Investigation complete; no suspect identified,
e83bb4cf341d9180d982ba59a84e298c7cc47c515b804a603d91c9805694fa93,2023-12,Leicestershire Police,Leicestershire Police,-1.091631,52.682135,On or near Checkland Road,E01025766,Charnwood 021E,Shoplifting,Investigation complete; no suspect identified,
d71ac17bec87dc28846780fde4ab1d6b1c9fa1e6a3a0ddda19cb335ef9c6958e,2023-12,Leicestershire Police,Leicestershire Police,-1.097140,52.683966,On or near Westmoreland Avenue,E01025766,Charnwood 021E,Shoplifting,Unable to prosecute suspect,
c392e974a785024f3f78a7123b372f85bd334af3d1deafd74a44c639998c9b7c,2023-12,Leicestershire Police,Leicestershire Police,-1.093165,52.685194,On or near Petrol Station,E01025766,Charnwood 021E,Vehicle crime,Investigation complete; no suspect identified,
82d64e4179e693b3ce235e23d0a86141c4ec2d1083a6bc23edaef7da940b58fe,2023-12,Leicestershire Police,Leicestershire Police,-1.089824,52.685361,On or near Supermarket,E01025766,Charnwood 021E,Vehicle crime,Investigation complete; no suspect identified,
091e90450a36a85d18ff588349ccbb889bf3dbf843201fbd959af194afddfcd7,2023-12,Leicestershire Police,Leicestershire Police,-1.088907,52.681520,On or near Charnwood Avenue,E01025766,Charnwood 021E,Violence and sexual offences,Unable to prosecute suspect,
b5fbe9c05a27111b8edba383f3c5e7618dbaff37849e8710a88d57fa7c78c351,2023-12,Leicestershire Police,Leicestershire Police,-1.088907,52.681520,On or near Charnwood Avenue,E01025766,Charnwood 021E,Violence and sexual offences,Investigation complete; no suspect identified,
c1c7166753c4defdc05b9506e5df12c7a1fa866a0bb8edfb6273f1927c710705,2023-12,Leicestershire Police,Leicestershire Police,-1.098547,52.681028,On or near Unicorn Street,E01025766,Charnwood 021E,Violence and sexual offences,Unable to prosecute suspect,
20011b2e5264a39dc6bfb35e406f3374f0aff4b00f189e7e701a82ce84e2e1dc,2023-12,Leicestershire Police,Leicestershire Police,-1.094396,52.682165,On or near Winster Drive,E01025766,Charnwood 021E,Violence and sexual offences,Unable to prosecute suspect,
a67bde87f05af534ac4a41ab1cd9d20296ed5c87666cfa4b2c1744627ea45bf4,2023-12,Leicestershire Police,Leicestershire Police,-1.087136,52.677767,On or near Dukes Close,E01025767,Charnwood 021F,Violence and sexual offences,Unable to prosecute suspect,
02f520db56e2d865c1fa9bf43130b1875c1d5a75fd0df1ea3e3c8440a2a7ff38,2023-12,Leicestershire Police,Leicestershire Police,-1.084608,52.683393,On or near Windmill Close,E01025767,Charnwood 021F,Criminal damage and arson,Unable to prosecute suspect,
c3ff4fcda4b3d2b162983ab3c688d14c814dcaf2a7445658eee26c87dcf596ec,2023-12,Leicestershire Police,Leicestershire Police,-1.086171,52.683621,On or near Bridge Close,E01025767,Charnwood 021F,Criminal damage and arson,Investigation complete; no suspect identified,
1c63be7b11cfa0eae3b0b13b05bf0eedf60c8a15e01fbb8f9aaf2fe42ce88083,2023-12,Leicestershire Police,Leicestershire Police,-1.086171,52.683621,On or near Bridge Close,E01025767,Charnwood 021F,Shoplifting,Investigation complete; no suspect identified,
e192be71a9073aaba73de174e843430772b90e415583a9cb7529b06f688fedd7,2023-12,Leicestershire Police,Leicestershire Police,-1.087479,52.679055,On or near Earls Close,E01025767,Charnwood 021F,Vehicle crime,Investigation complete; no suspect identified,
1447f35e710dd87e8b9754bd80396bfa30f1ee0c14b5b344602ace7a186c675f,2023-12,Leicestershire Police,Leicestershire Police,-1.089435,52.679619,On or near Bradgate Avenue,E01025767,Charnwood 021F,Violence and sexual offences,Investigation complete; no suspect identified,
61e26367076fd73db074e27eddbf1fcc6c2eae0be93543b17033157be4ab434c,2023-12,Leicestershire Police,Leicestershire Police,-1.086171,52.683621,On or near Bridge Close,E01025767,Charnwood 021F,Violence and sexual offences,Investigation complete; no suspect identified,
425484ba544a254c116f5b4e36d8c73fa9176bd1619267baf28e765c980d780c,2023-12,Leicestershire Police,Leicestershire Police,-1.086123,52.680933,On or near Eastfield Road,E01025767,Charnwood 021F,Violence and sexual offences,Unable to prosecute suspect,
,2023-12,Leicestershire Police,Leicestershire Police,-1.185063,52.677995,On or near Dimmingsdale Close,E01025670,Charnwood 022A,Anti-social behaviour,,
a20d5ddff77a26462fb459141b6125f70727bb31ccb141300528bc899d7c19c4,2023-12,Leicestershire Police,Leicestershire Police,-1.189570,52.678206,On or near Link Road,E01025670,Charnwood 022A,Criminal damage and arson,Unable to prosecute suspect,
1e910dd7d40ef7ac0b1a9a772a6f1e1521ffc7fdae23934a2f32f42c3e6de45a,2023-12,Leicestershire Police,Leicestershire Police,-1.186794,52.677980,On or near Broughton Close,E01025670,Charnwood 022A,Public order,Action to be taken by another organisation,
4c66202cdd751a83f10eaa250e2407e44cd64630aa8bd613c831dbecfff41b7e,2023-12,Leicestershire Police,Leicestershire Police,-1.189570,52.678206,On or near Link Road,E01025670,Charnwood 022A,Public order,Investigation complete; no suspect identified,
15df45926f0b210bffe7c5c60cc4010b9b52818344d8ee57e17a19ea1a9f76c6,2023-12,Leicestershire Police,Leicestershire Police,-1.186815,52.676056,On or near Edward Street,E01025670,Charnwood 022A,Violence and sexual offences,Further investigation is not in the public interest,
c832e5b3da210ce650e6113806795b9a7feea9e65b69fe6b29f95ab2da51a058,2023-12,Leicestershire Police,Leicestershire Police,-1.189570,52.678206,On or near Link Road,E01025670,Charnwood 022A,Violence and sexual offences,Status update unavailable,
edd509cb5a1d5f9265f2b7d542c306b614a317fee49882d4f74b4d68488b28d6,2023-12,Leicestershire Police,Leicestershire Police,-1.177016,52.681149,On or near Nothill Way,E01025671,Charnwood 022B,Vehicle crime,Unable to prosecute suspect,
fb1c377ce5939fc2f7eb41a652c3d9555f524d3885f7c466fc956abea89aeccb,2023-12,Leicestershire Police,Leicestershire Police,-1.177455,52.680648,On or near Castle Hill Road,E01025671,Charnwood 022B,Other crime,Unable to prosecute suspect,
,2023-12,Leicestershire Police,Leicestershire Police,-1.182893,52.674591,On or near Gladstone Street,E01025671,Charnwood 022B,Anti-social behaviour,,
5c07b46e2ff6f9ac3311cbc256e7cc896369bd1a9d4e6ebf50718dd1294176fc,2023-12,Leicestershire Police,Leicestershire Police,-1.187069,52.672705,On or near The Nook,E01025671,Charnwood 022B,Burglary,Unable to prosecute suspect,
fe2d5c1c72b9ee93200d5eb64d3976a1fb7ad4c7b470bbcd4071a5e11d3f3e3b,2023-12,Leicestershire Police,Leicestershire Police,-1.187069,52.672705,On or near The Nook,E01025671,Charnwood 022B,Criminal damage and arson,Investigation complete; no suspect identified,
ba251e88ee7893ecaf7bfa2a1c369976c4a4b0c83e8d7b686dad3127759f7b5d,2023-12,Leicestershire Police,Leicestershire Police,-1.184975,52.674767,On or near Albion Street,E01025671,Charnwood 022B,Criminal damage and arson,Investigation complete; no suspect identified,
c2be1332597f72eadf9ea4d1736c1751744a4c19530ab5eb35f3b8578aec65c9,2023-12,Leicestershire Police,Leicestershire Police,-1.185386,52.674150,On or near Princes Close,E01025671,Charnwood 022B,Possession of weapons,Investigation complete; no suspect identified,
a29ac13ae0f1a2d2c67c4ca8917284c88232997c36fad6616e5ed283a8a63749,2023-12,Leicestershire Police,Leicestershire Police,-1.185169,52.672993,On or near Supermarket,E01025671,Charnwood 022B,Shoplifting,Investigation complete; no suspect identified,
5c0ab4a3132becdcdbb814cbdae34651a7bd847bad5be079546f7d90fdc0ae2d,2023-12,Leicestershire Police,Leicestershire Police,-1.184039,52.678941,On or near Balladine Road,E01025671,Charnwood 022B,Vehicle crime,Investigation complete; no suspect identified,
5f6830ef297c9330e717e07daaa0889c01c884a73e8298691c1c520d42a6bad9,2023-12,Leicestershire Police,Leicestershire Police,-1.180365,52.677693,On or near Cropston Road,E01025671,Charnwood 022B,Vehicle crime,Investigation complete; no suspect identified,
a35faf49ac0f8359cc6a20271286e6c92a36e895d4f00e2df43c14628e06ca58,2023-12,Leicestershire Police,Leicestershire Police,-1.184975,52.674767,On or near Albion Street,E01025671,Charnwood 022B,Violence and sexual offences,Investigation complete; no suspect identified,
7dd7587ecd61af9647e36a95f3dda97a5eb96f2b8d843d40140994f5eb0a5046,2023-12,Leicestershire Police,Leicestershire Police,-1.180952,52.681877,On or near Pollards Road,E01025671,Charnwood 022B,Violence and sexual offences,Unable to prosecute suspect,
f79e418389dbdcd924727826ba8f376f94974cc8b4fa519082a60be14cad60c4,2023-12,Leicestershire Police,Leicestershire Police,-1.187069,52.672705,On or near The Nook,E01025671,Charnwood 022B,Violence and sexual offences,Unable to prosecute suspect,
0642d7dc3c5c174ac266e28e3e17060369b182d6467640db12d5e25dc3fdd205,2023-12,Leicestershire Police,Leicestershire Police,-1.181808,52.681982,On or near Greys View,E01025671,Charnwood 022B,Violence and sexual offences,Court result unavailable,
00ad9ff2a0a38144a75e334cee29c4a092926131cf0057856a7bc9026d761e30,2023-12,Leicestershire Police,Leicestershire Police,-1.182822,52.676811,On or near Charles Drive,E01025671,Charnwood 022B,Violence and sexual offences,Unable to prosecute suspect,
b8b5da478a71c34cc89391fa726b17703313c342a52a7b2dd246f8c2cd90aeea,2023-12,Leicestershire Police,Leicestershire Police,-1.187069,52.672705,On or near The Nook,E01025671,Charnwood 022B,Violence and sexual offences,Unable to prosecute suspect,
87f7495fa5d4418e72e656598026f5f60cf9542a8f46b4959e2c3bc6020309c5,2023-12,Leicestershire Police,Leicestershire Police,-1.181808,52.676462,On or near King Williams Way,E01025671,Charnwood 022B,Violence and sexual offences,Unable to prosecute suspect,
b86e171ec9b700508146b8a098c3db6cb2770f41a594ffd33fad48459e97a993,2023-12,Leicestershire Police,Leicestershire Police,-1.182822,52.676811,On or near Charles Drive,E01025671,Charnwood 022B,Violence and sexual offences,Investigation complete; no suspect identified,
09b04338a95f975345cd923692eb4d2351144946aa7a5468e140c8fc1c8259d7,2023-12,Leicestershire Police,Leicestershire Police,-1.182822,52.676811,On or near Charles Drive,E01025671,Charnwood 022B,Other crime,Unable to prosecute suspect,
ae129faae2f317523ae5a288e696314eec8bbb33645eedd6abc7fe9e39dae479,2023-12,Leicestershire Police,Leicestershire Police,-1.194927,52.675671,On or near Birkdale Road,E01025672,Charnwood 022C,Violence and sexual offences,Unable to prosecute suspect,
59ec79d1508b8041d2e9897c92a883606a9a6a64f9467c9cbe5b5d1fce986ae3,2023-12,Leicestershire Police,Leicestershire Police,-1.207558,52.679739,On or near Bradgate Road,E01025672,Charnwood 022C,Criminal damage and arson,Unable to prosecute suspect,
53b79c0fb85c106f7d1bf793e0fb92b26b84facd5a8e9ded1e05e48813c74681,2023-12,Leicestershire Police,Leicestershire Police,-1.194927,52.675671,On or near Birkdale Road,E01025672,Charnwood 022C,Drugs,Local resolution,
4837a7fedfd2e0e70f07718e6061ff4f169067533c498ff12564f666aca5468d,2023-12,Leicestershire Police,Leicestershire Police,-1.196703,52.669120,On or near Summerfield Drive,E01025672,Charnwood 022C,Other theft,Unable to prosecute suspect,
55cedfa009a8d5fbebf2f3d67297ca01c98cb358129412277aa2da7a2a35936c,2023-12,Leicestershire Police,Leicestershire Police,-1.197680,52.668291,On or near Gretton Drive,E01025672,Charnwood 022C,Other theft,Investigation complete; no suspect identified,
f25aed630bae12efe1a8bde797adfc32cad70166266d371ae1b2a83fc8cdccab,2023-12,Leicestershire Police,Leicestershire Police,-1.194156,52.670137,On or near Burgin Road,E01025672,Charnwood 022C,Other theft,Unable to prosecute suspect,
5b5ff3f30b52d31c0e8a412ff1a8a26df33a2e6d2d34e5d849338d88d87704c1,2023-12,Leicestershire Police,Leicestershire Police,-1.193339,52.675157,On or near Ellis Street,E01025672,Charnwood 022C,Public order,Court result unavailable,
7519cd0d89807f3beb7d392984b97fe911d5bad452e95fbf4de68da57f6e443a,2023-12,Leicestershire Police,Leicestershire Police,-1.193339,52.675157,On or near Ellis Street,E01025672,Charnwood 022C,Vehicle crime,Investigation complete; no suspect identified,
246740fe4a7f04b4b1771dc69158567b98be9ba0da5ff39306d633f1c18935ea,2023-12,Leicestershire Police,Leicestershire Police,-1.194156,52.670137,On or near Burgin Road,E01025672,Charnwood 022C,Other crime,Unable to prosecute suspect,
f06dd5e4879ea03dac7f51b0c2d5952fde1662e64ae92a2f173e472e8cf5284f,2023-12,Leicestershire Police,Leicestershire Police,-1.188823,52.673796,On or near George Street,E01025673,Charnwood 022D,Public order,Further action is not in the public interest,
,2023-12,Leicestershire Police,Leicestershire Police,-1.188122,52.673323,On or near Hooks Close,E01025673,Charnwood 022D,Anti-social behaviour,,
c1200b4511be34ca52658d28761c1f30f7fb7f825a432376440ba24e5463c86b,2023-12,Leicestershire Police,Leicestershire Police,-1.187839,52.671047,On or near Latimer Court,E01025673,Charnwood 022D,Bicycle theft,Unable to prosecute suspect,
7de9da45175b17ef8ce47aeb746f5e34317ca14d83e9f690245fdcf38668bb2e,2023-12,Leicestershire Police,Leicestershire Police,-1.192537,52.661667,On or near Storer Road,E01025673,Charnwood 022D,Criminal damage and arson,Investigation complete; no suspect identified,
964dcc59e3eab8543998d890b82baa53253f639c7b75459263af87b3fda6ba8c,2023-12,Leicestershire Police,Leicestershire Police,-1.189618,52.673217,On or near Paper Mill Close,E01025673,Charnwood 022D,Criminal damage and arson,Investigation complete; no suspect identified,
cc5224ddff89b5ce6522c59c170a1604f3fc1c3c53be117f21de972b19327561,2023-12,Leicestershire Police,Leicestershire Police,-1.187839,52.671047,On or near Latimer Court,E01025673,Charnwood 022D,Public order,Local resolution,
096f761861f2e80c9fe8e9a6f856ca2c8e1ebf995b4e13495fe174626f1f6ccb,2023-12,Leicestershire Police,Leicestershire Police,-1.188823,52.673796,On or near George Street,E01025673,Charnwood 022D,Violence and sexual offences,Unable to prosecute suspect,
308ce40520be6acce76f8b7e477932b6e97c600f60478e803027fec476fb6290,2023-12,Leicestershire Police,Leicestershire Police,-1.192537,52.661667,On or near Storer Road,E01025673,Charnwood 022D,Violence and sexual offences,Unable to prosecute suspect,
e6fbc9b5d7677b43b64f0b708ea6247cde696cc6b455a886173a0bb360491015,2023-12,Leicestershire Police,Leicestershire Police,-1.192537,52.661667,On or near Storer Road,E01025673,Charnwood 022D,Violence and sexual offences,Unable to prosecute suspect,
ebb40c11766ccd135236850bdc87464b235d0cdc9d74e26de9565648eeb03be8,2023-12,Leicestershire Police,Leicestershire Police,-1.520635,52.439858,On or near Buckland Road,E01009598,Coventry 002D,Violence and sexual offences,Action to be taken by another organisation,
bc8144517b511048aa57ff17d885a981a5910dad77902ea2ef2772416cb76211,2023-12,Leicestershire Police,Leicestershire Police,-1.458680,52.390037,On or near St Jude'S Crescent,E01032528,Coventry 035H,Other theft,Investigation complete; no suspect identified,
20f14c0a78a8d79ccc3dc6ce90ec22aa31af5f3c2352fcbc6a486f8b8f6e7a8f,2023-12,Leicestershire Police,Leicestershire Police,0.237000,51.447211,On or near Hardwick Crescent,E01024162,Dartford 005C,Violence and sexual offences,Action to be taken by another organisation,
31e31fa318fca7c55f6037febdc7c2b7c8918eb0dcf5dded7dccaed8387fbf31,2023-12,Leicestershire Police,Leicestershire Police,-1.642213,52.810542,On or near Albert Street,E01029445,East Staffordshire 009A,Violence and sexual offences,Court result unavailable,
446184850c73684eb7e89cdfc4f0f0a5d24e4bcfbecb4bff0f51302801a70204,2023-12,Leicestershire Police,Leicestershire Police,-0.041566,51.646706,On or near Clydesdale,E01001507,Enfield 012D,Violence and sexual offences,Unable to prosecute suspect,
cd1e9fa69b7ac19986f28499dca888237e26a7e77479ded63bfb560a201673e6,2023-12,Leicestershire Police,Leicestershire Police,-1.315070,52.986998,On or near Litton Close,E01019644,Erewash 001A,Violence and sexual offences,Unable to prosecute suspect,
6c4759f460cda4606ae4a3db0e1960b7c1d742074dccba395b513fb0f5ae58ac,2023-12,Leicestershire Police,Leicestershire Police,-1.315070,52.986998,On or near Litton Close,E01019644,Erewash 001A,Violence and sexual offences,Unable to prosecute suspect,
,2023-12,Leicestershire Police,Leicestershire Police,-1.300234,52.878095,On or near River View,E01019700,Erewash 015C,Anti-social behaviour,,
dc88cd44a41e02e1de3971b0bab60ad92323e10bdb31589234c4ef9eab8761f5,2023-12,Leicestershire Police,Leicestershire Police,-1.138552,52.994337,On or near Bedale Road,E01028176,Gedling 009A,Violence and sexual offences,Unable to prosecute suspect,
fb8e3cc545ac89d5209548888905bedaf2c07fa306af15479eb37dc679347dbd,2023-12,Leicestershire Police,Leicestershire Police,0.399333,51.435484,On or near Fenners Marsh,E01024294,Gravesham 003D,Violence and sexual offences,Unable to prosecute suspect,
a2100846109c83782afd8b0e515f71dbd01f7c139790af900d7a22353c40ca74,2023-12,Leicestershire Police,Leicestershire Police,-1.271061,54.426779,On or near ,E01027618,Hambleton 002B,Violence and sexual offences,Investigation complete; no suspect identified,
96f9f65312b57d53d00cb520876c56e70201cd667bdaa5576a2ecb0b975857a7,2023-12,Leicestershire Police,Leicestershire Police,-0.962174,52.608738,On or near Gaulby Road,E01025770,Harborough 002A,Violence and sexual offences,Unable to prosecute suspect,
d35a8689b99653582e0947fc1a681b4a28ab9ecf57705cab7437a9181f186a4f,2023-12,Leicestershire Police,Leicestershire Police,-0.941169,52.618765,On or near Knights Close,E01025770,Harborough 002A,Criminal damage and arson,Unable to prosecute suspect,
d5ec63104bccee90ef4cefc0bd75ba20f31936cc4ff7ba14423206f02cff9c27,2023-12,Leicestershire Police,Leicestershire Police,-0.940059,52.619447,On or near White Hart Close,E01025770,Harborough 002A,Criminal damage and arson,Investigation complete; no suspect identified,
f0a86bbe16d4e0c6069fe0bdc24e001e683789a76fed9ff61b02cdf7de2fdb94,2023-12,Leicestershire Police,Leicestershire Police,-0.937066,52.617389,On or near Brook Lane,E01025770,Harborough 002A,Other theft,Investigation complete; no suspect identified,
8807ecf3667ccf4bf2dde96e7f568430ddf70a8f1465a1a642ae93430ba28f37,2023-12,Leicestershire Police,Leicestershire Police,-0.962174,52.608738,On or near Gaulby Road,E01025770,Harborough 002A,Violence and sexual offences,Unable to prosecute suspect,
e968a6b8c12931d830d1f0036d83f8d2bba36b841e856e1663c2b1815b4bb66f,2023-12,Leicestershire Police,Leicestershire Police,-0.958967,52.586414,On or near Main Street,E01025770,Harborough 002A,Violence and sexual offences,Investigation complete; no suspect identified,
169da351cd755fb15cac4e844ce14bcb39668811f5fd516b1a05c29bcedb20e4,2023-12,Leicestershire Police,Leicestershire Police,-0.962174,52.608738,On or near Gaulby Road,E01025770,Harborough 002A,Violence and sexual offences,Unable to prosecute suspect,
e00fb14563a46c2d9654d82f723405f3d3581e441e64e121dbd728c872732393,2023-12,Leicestershire Police,Leicestershire Police,-0.962174,52.608738,On or near Gaulby Road,E01025770,Harborough 002A,Violence and sexual offences,Unable to prosecute suspect,
407283fb191547810ab090ff663d91a2c8977c189fa5d9b25e5f60cde051624e,2023-12,Leicestershire Police,Leicestershire Police,-0.848302,52.580463,On or near Moor Hill,E01025809,Harborough 002B,Criminal damage and arson,Unable to prosecute suspect,
a8fc7934bc7b329a116dfa8a9011fdd5fa246d69ffb8d711c9fc6ef40e79ebfa,2023-12,Leicestershire Police,Leicestershire Police,-0.837578,52.561829,On or near High Street,E01025809,Harborough 002B,Drugs,Formal action is not in the public interest,
4a20db86ce2bc9059a620e287d78389fa376177e2eb22c6a961c7dc1505ebd09,2023-12,Leicestershire Police,Leicestershire Police,-0.820381,52.531425,On or near Old Holt Road,E01025809,Harborough 002B,Other theft,Investigation complete; no suspect identified,
d018fecb16208c07ad98045bd5262a665aeb71d5100deb74958a0c7ba6e54ae4,2023-12,Leicestershire Police,Leicestershire Police,-0.841514,52.561391,On or near Churchgate,E01025809,Harborough 002B,Violence and sexual offences,Unable to prosecute suspect,
266ce47125279f9201e8eb30c72367dbf0f83a639e976b358626f6d0538ca46d,2023-12,Leicestershire Police,Leicestershire Police,-0.753439,52.530298,On or near Broadgate,E01025809,Harborough 002B,Violence and sexual offences,Investigation complete; no suspect identified,
5cf3a1f88e133bbcf325dcab23f84b6f7f631bba8a9d4d8477b1d97ddf7932a6,2023-12,Leicestershire Police,Leicestershire Police,-0.901670,52.640602,On or near Loddington Road,E01025815,Harborough 002C,Criminal damage and arson,Unable to prosecute suspect,
5d1a8beabfd4a986d669b5f433b81c622c7e7f91a7599106e04dd23d56949b36,2023-12,Leicestershire Police,Leicestershire Police,-0.901981,52.641756,On or near The Old Granary,E01025815,Harborough 002C,Robbery,Investigation complete; no suspect identified,
716b05598dd07fab7adc353436e369f3b33fea8336203e167fd2ec355ac4247f,2023-12,Leicestershire Police,Leicestershire Police,-0.928792,52.661069,On or near Lowesby Lane,E01025815,Harborough 002C,Vehicle crime,Formal action is not in the public interest,
39fc427f4d2e2ffd5fe31cdae740566948dd9d8506ca74312bcf01497788f45d,2023-12,Leicestershire Police,Leicestershire Police,-1.009137,52.652508,On or near Kings Lane,E01025815,Harborough 002C,Violence and sexual offences,Unable to prosecute suspect,
a9c9f0706a0d7ad61f7a377fb44def90d67e33d539b49b64d9cfb558faf9b432,2023-12,Leicestershire Police,Leicestershire Police,-0.854063,52.662285,On or near Main Street,E01025815,Harborough 002C,Violence and sexual offences,Unable to prosecute suspect,
91f7e3b7b3d985cc7b8c3e626cc95c5cd66147c44dbbc2ff5a1fb7d621a8fdd6,2023-12,Leicestershire Police,Leicestershire Police,-0.901321,52.616784,On or near Hunters Avenue,E01025815,Harborough 002C,Violence and sexual offences,Further action is not in the public interest,
86831037f85d7d85977255861bc52b759cafb0d28516652bb54f01c2067590f5,2023-12,Leicestershire Police,Leicestershire Police,-0.877192,52.600384,On or near Wellfield Close,E01025815,Harborough 002C,Violence and sexual offences,Local resolution,
1b853484d6c1fe54bc8f2bfc8200e7956cfd339b21f30688c1429e9c4b0d34d0,2023-12,Leicestershire Police,Leicestershire Police,-0.876696,52.631872,On or near Loddington Road,E01025815,Harborough 002C,Violence and sexual offences,Investigation complete; no suspect identified,
066ed076a979473983800d3a8ee7fee9ab544fb0ecaa64f8dd045ebad3c67450,2023-12,Leicestershire Police,Leicestershire Police,-0.902975,52.645774,On or near Marefield Lane,E01025815,Harborough 002C,Violence and sexual offences,Formal action is not in the public interest,
635ec09807b2633c1bce44715d49d83b3a6ae93f37726b1aaf6f06aa3b9bec5f,2023-12,Leicestershire Police,Leicestershire Police,-1.009137,52.652508,On or near Kings Lane,E01025815,Harborough 002C,Violence and sexual offences,Unable to prosecute suspect,
4ab97d119c268cc41e6b3d2a46b1b3ad446c4c829c018539a8405b7ad6467b3e,2023-12,Leicestershire Police,Leicestershire Police,-0.901670,52.640602,On or near Loddington Road,E01025815,Harborough 002C,Other crime,Unable to prosecute suspect,
d04f367056408f6e57a31ac554993fa5e69a2a46285fd548fc01d5dbd3c34ca1,2023-12,Leicestershire Police,Leicestershire Police,-1.039796,52.591745,On or near The Avenue,E01025781,Harborough 003A,Burglary,Investigation complete; no suspect identified,
1bfcc0a674bc9919bf5b3fbd7437db35ca229923963ccab1cc8aba344962e979,2023-12,Leicestershire Police,Leicestershire Police,-1.039075,52.590301,On or near Woodlands Close,E01025781,Harborough 003A,Violence and sexual offences,Unable to prosecute suspect,
8d5b82d5223670f4fef9c27ce8db72efa38ba54bdc311cb96645f4e5b995e6ab,2023-12,Leicestershire Police,Leicestershire Police,-1.032344,52.572185,On or near Higher Green,E01025781,Harborough 003A,Violence and sexual offences,Unable to prosecute suspect,
922fd0d9ff06740b1638920bd6d728bdc53e2c71705a0649ea94174fb545b067,2023-12,Leicestershire Police,Leicestershire Police,-1.040751,52.577072,On or near May Close,E01025781,Harborough 003A,Violence and sexual offences,Unable to prosecute suspect,
5c9109ce7cd1939dd09f529996b33bceba3647c2140a08ff7d395241b6f7b4e0,2023-12,Leicestershire Police,Leicestershire Police,-1.030960,52.578098,On or near Stretton Road,E01025782,Harborough 003B,Burglary,Investigation complete; no suspect identified,
208ce8ddc53fd4095602b123eac16fc771d735cb36122377eb88fefd11ce1eda,2023-12,Leicestershire Police,Leicestershire Police,-1.027802,52.578728,On or near Pembury Close,E01025782,Harborough 003B,Criminal damage and arson,Investigation complete; no suspect identified,
ccf70d0967e0856228b048fdfc7b4bcc7faed3a313c95fcf6374f5b13432544f,2023-12,Leicestershire Police,Leicestershire Police,-1.035625,52.576643,On or near Fordview Close,E01025782,Harborough 003B,Other theft,Investigation complete; no suspect identified,
b3ffda1902a7cfde499b320dc138a8ba19173b9736860de83f290b98e201ff77,2023-12,Leicestershire Police,Leicestershire Police,-1.027802,52.578728,On or near Pembury Close,E01025782,Harborough 003B,Other theft,Investigation complete; no suspect identified,
c25004328a53f26b998eedcd3e8d82584114c7322dc0e52d688e46f954b60620,2023-12,Leicestershire Police,Leicestershire Police,-1.028743,52.576884,On or near Ashby Rise,E01025782,Harborough 003B,Vehicle crime,Investigation complete; no suspect identified,
b84040c779e61bf6d1066d004aa8396c77ae84147c04b420c8b788dd21941d51,2023-12,Leicestershire Police,Leicestershire Police,-1.026984,52.580349,On or near Garfield Park,E01025783,Harborough 003C,Criminal damage and arson,Investigation complete; no suspect identified,
03ddbe0f9cdaa66d71c5f1d6d12198ff07fc77646b6033c5b1c58fb536d9b179,2023-12,Leicestershire Police,Leicestershire Police,-1.026815,52.581327,On or near Lily Drive,E01025783,Harborough 003C,Criminal damage and arson,Unable to prosecute suspect,
aca8c1fd7210e91987084a4933ad65d39071de88f66342cebcdff9ec7d53e952,2023-12,Leicestershire Police,Leicestershire Police,-1.021879,52.578958,On or near Spinney View,E01025783,Harborough 003C,Drugs,Local resolution,
43e2963f4171d7a89d5e9edea5f64f78ca428e173d1cb624911c602808fdda2c,2023-12,Leicestershire Police,Leicestershire Police,-1.032985,52.578582,On or near Bridgewater Drive,E01025783,Harborough 003C,Other theft,Unable to prosecute suspect,
242b12ca84c9cf8906d16b9ebd0c46846943c6ff97acc2ae76c4da331e1c3496,2023-12,Leicestershire Police,Leicestershire Police,-1.002813,52.575032,On or near Bell Lane,E01025783,Harborough 003C,Other theft,Investigation complete; no suspect identified,
260a50979a1ffe606eb94132d124ec60e2f00ab48203a9844d4e73dae3b0f42f,2023-12,Leicestershire Police,Leicestershire Police,-1.002813,52.575032,On or near Bell Lane,E01025783,Harborough 003C,Other theft,Investigation complete; no suspect identified,
bef4b49f6003ceb29499e592e6c75849757f9e391b1b272cd9ba27a63adccde8,2023-12,Leicestershire Police,Leicestershire Police,-1.032985,52.578582,On or near Bridgewater Drive,E01025783,Harborough 003C,Violence and sexual offences,Unable to prosecute suspect,
0500df10894b6f88ecfa4fbc9a69695ac4eedea1724ee4e40ceec8609182ed55,2023-12,Leicestershire Police,Leicestershire Police,-1.026598,52.575814,On or near St Thomas'S Road,E01025783,Harborough 003C,Violence and sexual offences,Investigation complete; no suspect identified,
a2dbae8d6a2a70074c1704e1a71a0b45b100ddc44aa4f8b036f6aec4e476e677,2023-12,Leicestershire Police,Leicestershire Police,-1.026984,52.580349,On or near Garfield Park,E01025783,Harborough 003C,Violence and sexual offences,Unable to prosecute suspect,
83ed534e1e05b776abd9efc2bd1311da024cb62a7a00e5f893febd18dca514a9,2023-12,Leicestershire Police,Leicestershire Police,-0.995552,52.540799,On or near St Wilfrid'S Close,E01025786,Harborough 003E,Criminal damage and arson,Unable to prosecute suspect,
7cc3f86dfb7ecc7eeb94b8623dbcec8105c066db96fb037b16a44695f223920d,2023-12,Leicestershire Police,Leicestershire Police,-0.995552,52.540799,On or near St Wilfrid'S Close,E01025786,Harborough 003E,Other theft,Unable to prosecute suspect,
1a048481e3c6fd1e74d4a465d15976b40721d898db070c4f7f84ab0273344f89,2023-12,Leicestershire Police,Leicestershire Police,-0.995552,52.540799,On or near St Wilfrid'S Close,E01025786,Harborough 003E,Violence and sexual offences,Unable to prosecute suspect,
bfee2597f72c6c90a54b8f9f831879e3c01799c9cad3f4a052b20e147cb24293,2023-12,Leicestershire Police,Leicestershire Police,-0.995552,52.540799,On or near St Wilfrid'S Close,E01025786,Harborough 003E,Violence and sexual offences,Unable to prosecute suspect,
,2023-12,Leicestershire Police,Leicestershire Police,-0.998013,52.537664,On or near Parking Area,E01025787,Harborough 003F,Anti-social behaviour,,
,2023-12,Leicestershire Police,Leicestershire Police,-0.998141,52.533314,On or near Main Street,E01025787,Harborough 003F,Anti-social behaviour,,
,2023-12,Leicestershire Police,Leicestershire Police,-0.991010,52.536985,On or near New Road,E01025787,Harborough 003F,Anti-social behaviour,,
70f73452a42653276dd0d9e8b3418f01f9f2c9da25c2c85034cbf478fd28d3d7,2023-12,Leicestershire Police,Leicestershire Police,-0.996835,52.536908,On or near High Street,E01025787,Harborough 003F,Criminal damage and arson,Investigation complete; no suspect identified,
919c4ee60f2d98666dc205dc9ae6b8331f675f578042b912498b237f552553bd,2023-12,Leicestershire Police,Leicestershire Police,-0.991503,52.532835,On or near Granary Close,E01025787,Harborough 003F,Public order,Investigation complete; no suspect identified,
067151982e7606fde400f2c53b373e968e7c400a24c93f7b5e17c6181dfc7354,2023-12,Leicestershire Police,Leicestershire Police,-0.964055,52.523959,On or near Parking Area,E01025787,Harborough 003F,Shoplifting,Investigation complete; no suspect identified,
a7aa711dd7c72df00bde7352becae1f8d38deb62a7848b1e6bdfdeecc86d14e1,2023-12,Leicestershire Police,Leicestershire Police,-0.998628,52.530064,On or near Springfield Lane,E01025787,Harborough 003F,Violence and sexual offences,Investigation complete; no suspect identified,
765099431f775dc0cfcf1241bcad7d3907d1f7888d6d2230b56059580b9c6b0f,2023-12,Leicestershire Police,Leicestershire Police,-1.000985,52.528825,On or near Beaker Close,E01025787,Harborough 003F,Violence and sexual offences,Unable to prosecute suspect,
323f604772bb0d763f6bc2934d5d7097a29590b0d2731c2b39746a460115002d,2023-12,Leicestershire Police,Leicestershire Police,-1.000985,52.528825,On or near Beaker Close,E01025787,Harborough 003F,Violence and sexual offences,Unable to prosecute suspect,
2a3378322db4143a499c6478e0be83aa8a9c137eaa82debb1da9c768e824dbc9,2023-12,Leicestershire Police,Leicestershire Police,-1.000985,52.528825,On or near Beaker Close,E01025787,Harborough 003F,Violence and sexual offences,Unable to prosecute suspect,
4314004e5df599726531078f0c5cf755a9337e134eecc23a688af3c2c1fa6354,2023-12,Leicestershire Police,Leicestershire Police,-0.998141,52.533314,On or near Main Street,E01025787,Harborough 003F,Violence and sexual offences,Action to be taken by another organisation,
,2023-12,Leicestershire Police,Leicestershire Police,-0.999431,52.544653,On or near Lodge Close,E01035084,Harborough 003G,Anti-social behaviour,,
a10178c05d25ede95b386ac6e94fe915f97aba72cce83c9db9bc36ead6e382be,2023-12,Leicestershire Police,Leicestershire Police,-1.002356,52.543122,On or near Dairy Way,E01035084,Harborough 003G,Burglary,Formal action is not in the public interest,
099db54b21e0c82fc2cb747875b3f9f8a8b9fa6ef1a3ac26925e428390d1d154,2023-12,Leicestershire Police,Leicestershire Police,-1.003523,52.543707,On or near Glebeland,E01035084,Harborough 003G,Drugs,Local resolution,
d9b0be7e1152ffa667d803961241a64878c2964ea1356b8385c0f4e35798f32d,2023-12,Leicestershire Police,Leicestershire Police,-1.003523,52.543707,On or near Glebeland,E01035084,Harborough 003G,Drugs,Local resolution,
c76216d74b9634d06f7c34d36a4d3b72462c8da54c90fd121ac084952464b2ce,2023-12,Leicestershire Police,Leicestershire Police,-1.003492,52.545694,On or near Manse Drive,E01035084,Harborough 003G,Violence and sexual offences,Unable to prosecute suspect,
9264eca86d879e84abe9bdafdbbf9e36733a904b54c8d364215447c814519860,2023-12,Leicestershire Police,Leicestershire Police,-1.003492,52.545694,On or near Manse Drive,E01035084,Harborough 003G,Violence and sexual offences,Unable to prosecute suspect,
9670f911f6b5fe28df7185792e1223e8c89fd282df5182a45b2eb2433707f0d8,2023-12,Leicestershire Police,Leicestershire Police,-0.999431,52.544653,On or near Lodge Close,E01035084,Harborough 003G,Violence and sexual offences,Unable to prosecute suspect,
79d363cd64f50edf69bc951822674eb9eec8ab7b2e59e9f0e3a74a34899d0cf7,2023-12,Leicestershire Police,Leicestershire Police,-1.003523,52.543707,On or near Glebeland,E01035084,Harborough 003G,Violence and sexual offences,Local resolution,
3cf7ccf17f9e8783bc59ae88aa4be59e1fd57a56ddedb88bc8f4959de5f30373,2023-12,Leicestershire Police,Leicestershire Police,-1.010843,52.539498,On or near Lapwing Lane,E01035085,Harborough 003H,Possession of weapons,Investigation complete; no suspect identified,
7529d6ccb27f5b9693a7b2ec3636c5625aaf63fe72601364dc94d1346548376e,2023-12,Leicestershire Police,Leicestershire Police,-1.007266,52.540520,On or near Lloyd George Avenue,E01035085,Harborough 003H,Violence and sexual offences,Unable to prosecute suspect,
9b74ced1f2481bd5714c3c3e933253f4c655a70f06b4e23e5969334837e13049,2023-12,Leicestershire Police,Leicestershire Police,-1.007266,52.540520,On or near Lloyd George Avenue,E01035085,Harborough 003H,Violence and sexual offences,Unable to prosecute suspect,
a102ef0933081a77906de2540e1b18249714db5330120615296b2fe93d6b5262,2023-12,Leicestershire Police,Leicestershire Police,-1.222107,52.524991,On or near The Fieldway,E01025772,Harborough 004A,Criminal damage and arson,Investigation complete; no suspect identified,
3270fdcc179f26effcae562287a0d2104949a36dbfb80e09e26920f8de939ea2,2023-12,Leicestershire Police,Leicestershire Police,-1.220300,52.523838,On or near Darwin Close,E01025772,Harborough 004A,Criminal damage and arson,Investigation complete; no suspect identified,
e762db2eec56197e8c316d7445291c349c3765511f28d86a3e8cdd8f7f2d9253,2023-12,Leicestershire Police,Leicestershire Police,-1.220300,52.523838,On or near Darwin Close,E01025772,Harborough 004A,Criminal damage and arson,Investigation complete; no suspect identified,
61bd78462b5611d17c33fd7cd840f9ff9786c6e1a3a87299f5c10851a605cb0c,2023-12,Leicestershire Police,Leicestershire Police,-1.220285,52.521321,On or near Walker Close,E01025772,Harborough 004A,Vehicle crime,Investigation complete; no suspect identified,
027d2d0ecada0a6a59abe7e8d5e7206f02f8a9d8bee7e79004a1a60f687f8cff,2023-12,Leicestershire Police,Leicestershire Police,-1.215741,52.522441,On or near Thornton Close,E01025772,Harborough 004A,Violence and sexual offences,Unable to prosecute suspect,
061d9bc3be9068cc86e4797067f96c5030125f56008c75d1910cd81239f4e173,2023-12,Leicestershire Police,Leicestershire Police,-1.218398,52.524706,On or near Richardsons Close,E01025773,Harborough 004B,Vehicle crime,Investigation complete; no suspect identified,
7fce5f1f50c00b378861b893e09f8dbf75816513eb32a04e0d35bc8aa8191b72,2023-12,Leicestershire Police,Leicestershire Police,-1.212055,52.524997,On or near Townsend Close,E01025773,Harborough 004B,Violence and sexual offences,Unable to prosecute suspect,
72f14b33029e93bb04952a9027cfc1faacca7fc21f07a5854fa023aa9681d661,2023-12,Leicestershire Police,Leicestershire Police,-1.217324,52.532044,On or near Haines Close,E01025774,Harborough 004C,Shoplifting,Unable to prosecute suspect,
9deaa0c19a5a28a32b31592ea4c52414404cb67551816c70c066633a8a894b69,2023-12,Leicestershire Police,Leicestershire Police,-1.218940,52.533161,On or near Ellis Close,E01025774,Harborough 004C,Criminal damage and arson,Local resolution,
9ef671340e87bac6c2227070561df24c37188759b1cf4361654cea02faf12dac,2023-12,Leicestershire Police,Leicestershire Police,-1.218067,52.528381,On or near Aland Gardens,E01025774,Harborough 004C,Criminal damage and arson,Unable to prosecute suspect,
443ab15634a876bfa23fb175bf5acf0354ecff9857e0afb296e2c55fd90eb722,2023-12,Leicestershire Police,Leicestershire Police,-1.210020,52.528319,On or near Cromford Way,E01025774,Harborough 004C,Other theft,Investigation complete; no suspect identified,
aec5d9ab82b902b1acc5c9d22aadd1b8545a623e2707f34b73f4893f65f0c0f8,2023-12,Leicestershire Police,Leicestershire Police,-1.219979,52.532278,On or near Supermarket,E01025774,Harborough 004C,Shoplifting,Investigation complete; no suspect identified,
d3671bf2d153ec385896af07854f8c3ac549fa3e26bed62b8913cf827742a942,2023-12,Leicestershire Police,Leicestershire Police,-1.217324,52.532044,On or near Haines Close,E01025774,Harborough 004C,Vehicle crime,Investigation complete; no suspect identified,
60f29f45917d3d4fad9a40c3659367dd88db514a415b5971c4b1290a5a605596,2023-12,Leicestershire Police,Leicestershire Police,-1.221258,52.528816,On or near Manor Farm Close,E01025774,Harborough 004C,Violence and sexual offences,Further action is not in the public interest,
fa40d3548c962e8e4cf9b0ca8688774837709755da734d7051cf3a1fe1faa395,2023-12,Leicestershire Police,Leicestershire Police,-1.215929,52.531729,On or near Evans Avenue,E01025774,Harborough 004C,Violence and sexual offences,Unable to prosecute suspect,
2ee25ee6399946ddd611b93b946c5f68afc015de07e3a6dd0473e2fe391ba216,2023-12,Leicestershire Police,Leicestershire Police,-1.215929,52.531729,On or near Evans Avenue,E01025774,Harborough 004C,Violence and sexual offences,Unable to prosecute suspect,
,2023-12,Leicestershire Police,Leicestershire Police,-1.230391,52.534251,On or near Supermarket,E01025775,Harborough 004D,Anti-social behaviour,,
3c7c9e3ff5a73b41683eecf770efffd96cdebb2ce6b3535aff345900f1254d63,2023-12,Leicestershire Police,Leicestershire Police,-1.235846,52.535069,On or near Whinham Avenue,E01025775,Harborough 004D,Burglary,Investigation complete; no suspect identified,
ecab3fb0175b91b541006b7798feec652542e56c890b263ff9498e84f6331ea3,2023-12,Leicestershire Police,Leicestershire Police,-1.232339,52.532457,On or near Grange Road,E01025775,Harborough 004D,Criminal damage and arson,Unable to prosecute suspect,
e6857034374fa34f0435dda28ae4bba832c46f97f7252f753f0526c666c72523,2023-12,Leicestershire Police,Leicestershire Police,-1.239663,52.536847,On or near Mountbatten Drive,E01025775,Harborough 004D,Other theft,Investigation complete; no suspect identified,
691a1af720daff4eda4518b3737d8ef7b838b6e691e198a4beeac5215e949fd9,2023-12,Leicestershire Police,Leicestershire Police,-1.239663,52.536847,On or near Mountbatten Drive,E01025775,Harborough 004D,Other theft,Investigation complete; no suspect identified,
63a7888c69c3f3d30c37acb5a0aa487d1bf0f86d438d3ab56f1d7e83f077f1d9,2023-12,Leicestershire Police,Leicestershire Police,-1.239663,52.536847,On or near Mountbatten Drive,E01025775,Harborough 004D,Other theft,Investigation complete; no suspect identified,
fd3189825986ed038f5180c7b22296ef3fab0baff7549b7cf79f75f2372d5c49,2023-12,Leicestershire Police,Leicestershire Police,-1.239663,52.536847,On or near Mountbatten Drive,E01025775,Harborough 004D,Other theft,Investigation complete; no suspect identified,
1f7ebc50232af70b616be03c5c375db751d1aca64041011c73b276830a0bc616,2023-12,Leicestershire Police,Leicestershire Police,-1.230998,52.534085,On or near Parking Area,E01025775,Harborough 004D,Vehicle crime,Investigation complete; no suspect identified,
1226c706a1600784117f5e6bbe74f1d03bbc4093145a6c8901f4022ca8878e5c,2023-12,Leicestershire Police,Leicestershire Police,-1.239383,52.536036,On or near Windsor Way,E01025775,Harborough 004D,Vehicle crime,Investigation complete; no suspect identified,
d48bc8ddc59e155e5cd0e19efdf9bf226a1192af25453fb300fd5769b8e0ffa9,2023-12,Leicestershire Police,Leicestershire Police,-1.227370,52.532506,On or near School Crescent,E01025775,Harborough 004D,Vehicle crime,Investigation complete; no suspect identified,
4702173b6612ec7b8ea0a7e98da24b21f1197153b0f6bef0bf51074b45893452,2023-12,Leicestershire Police,Leicestershire Police,-1.231368,52.534033,On or near Orchard Road,E01025775,Harborough 004D,Vehicle crime,Investigation complete; no suspect identified,
40bccd2e8e457f6219c7c4aa71947777c9f6b2484333f89e4326aad9caea7e0e,2023-12,Leicestershire Police,Leicestershire Police,-1.232339,52.532457,On or near Grange Road,E01025775,Harborough 004D,Violence and sexual offences,Unable to prosecute suspect,
35dc18ab5c70af9f46d5024a40f89306ebc967530a14cd31b3caf7e53d27760a,2023-12,Leicestershire Police,Leicestershire Police,-1.232339,52.532457,On or near Grange Road,E01025775,Harborough 004D,Violence and sexual offences,Unable to prosecute suspect,
2e3600dbc45c8f46c58acd787d1164435f81a7c3b53ee5b7051c731c9cd2625d,2023-12,Leicestershire Police,Leicestershire Police,-1.232339,52.532457,On or near Grange Road,E01025775,Harborough 004D,Violence and sexual offences,Unable to prosecute suspect,
c28524aad478aeedee7ab2737f8a8bc4cc1ccf9c57c5501cd0325f4af86cba11,2023-12,Leicestershire Police,Leicestershire Police,-1.232339,52.532457,On or near Grange Road,E01025775,Harborough 004D,Violence and sexual offences,Unable to prosecute suspect,
51ce5081b83532ce532525c13725e089bf5ad8cbed0e78bb3c8df16e39f27679,2023-12,Leicestershire Police,Leicestershire Police,-1.232339,52.532457,On or near Grange Road,E01025775,Harborough 004D,Violence and sexual offences,Unable to prosecute suspect,
c4455f7ab154eaeb80babc1f94bde587811aa9e621a5935941064c6db7bd4ade,2023-12,Leicestershire Police,Leicestershire Police,-1.229855,52.532873,On or near Broctone Drive,E01025775,Harborough 004D,Violence and sexual offences,Investigation complete; no suspect identified,
573e48579d9ce2905533d959476228d2e25e0c43f8789392533b5648a7dcd035,2023-12,Leicestershire Police,Leicestershire Police,-1.235823,52.536417,On or near Coventry Road,E01025776,Harborough 004E,Criminal damage and arson,Unable to prosecute suspect,
c872a2c9b62c0116324eec223ca2515b1806e7ae20239afc43850ebba22984fd,2023-12,Leicestershire Police,Leicestershire Police,-1.233266,52.536778,On or near Beverley Drive,E01025776,Harborough 004E,Drugs,Status update unavailable,
7b485d93520f9c9ebfa70c17bbd22524702583e5afd3865300825336bb5ffc44,2023-12,Leicestershire Police,Leicestershire Police,-1.232647,52.535084,On or near The Avenue,E01025776,Harborough 004E,Vehicle crime,Investigation complete; no suspect identified,
5e98012103b11aa8156eb0d88a3abd05a0e3eb3c5de2a0c4ec6c85a5363561fb,2023-12,Leicestershire Police,Leicestershire Police,-1.231151,52.537151,On or near Sutton Court,E01025776,Harborough 004E,Vehicle crime,Investigation complete; no suspect identified,
2f85ae1578f4f21ec861cdbfbd37705fcd05ad5cb158f1185616cb9b1a8a51c1,2023-12,Leicestershire Police,Leicestershire Police,-1.232647,52.535084,On or near The Avenue,E01025776,Harborough 004E,Violence and sexual offences,Unable to prosecute suspect,
031401ee4eea674cda9356acf82804869ae9cb48be9974feef8e203509d69503,2023-12,Leicestershire Police,Leicestershire Police,-1.236429,52.540539,On or near Sutton Lane,E01025776,Harborough 004E,Violence and sexual offences,Investigation complete; no suspect identified,
f5408cdf33bed4c036e317292fce9868e8cc47ca411e5568d38ca315314cc09a,2023-12,Leicestershire Police,Leicestershire Police,-1.236429,52.540539,On or near Sutton Lane,E01025776,Harborough 004E,Violence and sexual offences,Unable to prosecute suspect,
01b1c9893a7f8b77e37c7736ad5119e8f928dd5097e44749ff3010dfb37ef3aa,2023-12,Leicestershire Police,Leicestershire Police,-1.045781,52.531649,On or near Gladstone Street,E01025778,Harborough 005B,Violence and sexual offences,Unable to prosecute suspect,
02a4eb964884a7af1ed0a9dba5303ffdacce886d68e0eedc69acebb661fd50cc,2023-12,Leicestershire Police,Leicestershire Police,-1.046430,52.535035,On or near Church Lane,E01025778,Harborough 005B,Criminal damage and arson,Investigation complete; no suspect identified,
e89f92f2b3e0de24eeae9123206a30f76f8b4666e8a42e2d85e936560b75e5de,2023-12,Leicestershire Police,Leicestershire Police,-1.045995,52.530590,On or near Elizabeth Close,E01025778,Harborough 005B,Possession of weapons,Unable to prosecute suspect,
2b84058058531b22af01719e4b7f49fa6e8851db550fad9cffd663eded16ce65,2023-12,Leicestershire Police,Leicestershire Police,-1.045781,52.531649,On or near Gladstone Street,E01025778,Harborough 005B,Violence and sexual offences,Unable to prosecute suspect,
c8bb6bf814e75cb6824c46215c79be685b025c97e37a6087b76e074f761f7155,2023-12,Leicestershire Police,Leicestershire Police,-1.045781,52.531649,On or near Gladstone Street,E01025778,Harborough 005B,Violence and sexual offences,Unable to prosecute suspect,
38f217243a3e3d652e54f54635fa9bca6f7c5fc52f8ae9e889bda859e677680d,2023-12,Leicestershire Police,Leicestershire Police,-1.041987,52.527798,On or near Wagtail Close,E01025778,Harborough 005B,Violence and sexual offences,Investigation complete; no suspect identified,
a45ceb70a60310d0868a475737f5f28ca03f491852f8c66a7cb334c17084eb77,2023-12,Leicestershire Police,Leicestershire Police,-1.039909,52.533211,On or near Sawbrook,E01025779,Harborough 005C,Burglary,Investigation complete; no suspect identified,
4f83552c85f667e0b0b4ba8b47e15fcd5b4df758421ed5e2598dcd10eef3a709,2023-12,Leicestershire Police,Leicestershire Police,-1.042133,52.534631,On or near Kibworth Road,E01025779,Harborough 005C,Other theft,Investigation complete; no suspect identified,
40bff15f38d5f6af5e1c88433212409c9f1897c528798dbc61f2d3322c9f4e98,2023-12,Leicestershire Police,Leicestershire Police,-1.042133,52.534631,On or near Kibworth Road,E01025779,Harborough 005C,Violence and sexual offences,Unable to prosecute suspect,
45f575678d0fdc3fcf32d5c668a6860a00eb75a0812024cf1ee480bba7551911,2023-12,Leicestershire Police,Leicestershire Police,-1.042133,52.534631,On or near Kibworth Road,E01025779,Harborough 005C,Violence and sexual offences,Formal action is not in the public interest,
a8536f4b557d90d07fd19f11ab10393abee3d674e419423fd9c955264ba7343e,2023-12,Leicestershire Police,Leicestershire Police,-1.042133,52.534631,On or near Kibworth Road,E01025779,Harborough 005C,Other crime,Unable to prosecute suspect,
97a6c4e981e9f1c0697933ea4fb602e5729d5410f0a25efff8f54fb3c095de23,2023-12,Leicestershire Police,Leicestershire Police,-1.042133,52.534631,On or near Kibworth Road,E01025779,Harborough 005C,Other crime,Further action is not in the public interest,
c91ebc10679829547e39457d1e5c79489808079c62a2aad794472dd58bca4649,2023-12,Leicestershire Police,Leicestershire Police,-1.046749,52.540018,On or near Leicester Road,E01025780,Harborough 005D,Burglary,Investigation complete; no suspect identified,
eb1b65c3264c580cf93211d2cfde920887530181efff07c246f3bed7fcd43172,2023-12,Leicestershire Police,Leicestershire Police,-1.050711,52.537505,On or near Highfield Street,E01025780,Harborough 005D,Violence and sexual offences,Unable to prosecute suspect,
57811c202f6833b8351eea6313bf9fc45a0d43bb43329e1a29fe742500eba4ec,2023-12,Leicestershire Police,Leicestershire Police,-1.050711,52.537505,On or near Highfield Street,E01025780,Harborough 005D,Violence and sexual offences,Investigation complete; no suspect identified,
20bbd8e26b053914d151e1b71d8ec25c48627ff836912bac6ac5318e06330920,2023-12,Leicestershire Police,Leicestershire Police,-1.054335,52.539000,On or near Garner Way,E01025780,Harborough 005D,Violence and sexual offences,Unable to prosecute suspect,
35098ea946c43b2f62fd429f5866f5d442771319d2a13c4dd8a69587c445d4f4,2023-12,Leicestershire Police,Leicestershire Police,-0.935141,52.523783,On or near Park/Open Space,E01025784,Harborough 005E,Shoplifting,Local resolution,
7ededb47e3129d545174aded818e310fbf19d172a657aac9911c42b05b2cad06,2023-12,Leicestershire Police,Leicestershire Police,-0.984135,52.537187,On or near Milestone Close,E01025784,Harborough 005E,Public order,Investigation complete; no suspect identified,
69415750a95913a12c6efd5ecd9955f84b9bd995a43e07338fb4f25d51002832,2023-12,Leicestershire Police,Leicestershire Police,-0.935141,52.523783,On or near Park/Open Space,E01025784,Harborough 005E,Shoplifting,Investigation complete; no suspect identified,
f9a3e2c29e735877852c337ebcd80aef62a5dfc9b14914f1a5db53410bd9db60,2023-12,Leicestershire Police,Leicestershire Police,-0.935141,52.523783,On or near Park/Open Space,E01025784,Harborough 005E,Shoplifting,Investigation complete; no suspect identified,
219d8be3165b8320e6ae535e1d7499d3a74698921adf3cdfe9d6968c374fd210,2023-12,Leicestershire Police,Leicestershire Police,-0.935141,52.523783,On or near Park/Open Space,E01025784,Harborough 005E,Shoplifting,Investigation complete; no suspect identified,
ebd90eb5a04e3ad462a4a02f32616e701f05009fd40f92b8c15da55f2d36b11f,2023-12,Leicestershire Police,Leicestershire Police,-0.935141,52.523783,On or near Park/Open Space,E01025784,Harborough 005E,Shoplifting,Investigation complete; no suspect identified,
7bb7e46b8df035cb01ac40bf2a9e2090a3e9e80d8118aa3e3e8de829265c9c55,2023-12,Leicestershire Police,Leicestershire Police,-0.984135,52.537187,On or near Milestone Close,E01025784,Harborough 005E,Shoplifting,Investigation complete; no suspect identified,
7466d6784c8b8b056972c013e3e8c3bce7e9b5bba5978e1c007240c13e1f7e39,2023-12,Leicestershire Police,Leicestershire Police,-0.935141,52.523783,On or near Park/Open Space,E01025784,Harborough 005E,Shoplifting,Investigation complete; no suspect identified,
919cac3236ec69e4e79fbab22f80a55b868740ff3ec9f989f37f42bd66e14b1b,2023-12,Leicestershire Police,Leicestershire Police,-0.935141,52.523783,On or near Park/Open Space,E01025784,Harborough 005E,Shoplifting,Formal action is not in the public interest,
157deb3d2a1d38a8770c00e6e5e8f71fa3f80a5a332ab6015061a88ebd1b8013,2023-12,Leicestershire Police,Leicestershire Police,-0.935141,52.523783,On or near Park/Open Space,E01025784,Harborough 005E,Violence and sexual offences,Local resolution,
3754e4befbae9a3574955aec9566735aed23503d5406a5adc5e26f45c5d540cb,2023-12,Leicestershire Police,Leicestershire Police,-0.936037,52.532449,On or near Melton Road,E01025784,Harborough 005E,Violence and sexual offences,Unable to prosecute suspect,
c0d4f8d9046c2ffda18da2576ad22b14f79a63c9446961ac7194dabd311a9a5b,2023-12,Leicestershire Police,Leicestershire Police,-0.979253,52.496562,On or near Gumley Road,E01025788,Harborough 005F,Other theft,Investigation complete; no suspect identified,
ff3e9c24821493804a86588e77e1f3abcc32d1bd2a174d584eb285528e8ee218,2023-12,Leicestershire Police,Leicestershire Police,-1.022121,52.463202,On or near Bosworth Road,E01025788,Harborough 005F,Other theft,Unable to prosecute suspect,
f9fd41316ddcf6c081ed78148070bd66b62eb7b3b6e5606e1ba4254191d88465,2023-12,Leicestershire Police,Leicestershire Police,-1.032342,52.521291,On or near Bryar'S Close,E01025788,Harborough 005F,Vehicle crime,Investigation complete; no suspect identified,
64277e421d9bbbad771890c14b91e74fca9188e2a7a1b33912879df4ccc0fb3e,2023-12,Leicestershire Police,Leicestershire Police,-0.996355,52.503640,On or near Main Street,E01025788,Harborough 005F,Vehicle crime,Investigation complete; no suspect identified,
397455a82f821dd146e76ab318a4df863ae49afbe01d033bde1ec83832f828cd,2023-12,Leicestershire Police,Leicestershire Police,-1.095314,52.446172,On or near Green Lane,E01035086,Harborough 005G,Criminal damage and arson,Investigation complete; no suspect identified,
578072802fe43a1252fa1073de2b2b979459ce77308eb9d85e32a5d886619330,2023-12,Leicestershire Police,Leicestershire Police,-1.093637,52.446141,On or near Knighton Yard,E01035086,Harborough 005G,Other theft,Local resolution,
fff8d8f1b1085323c5d298c15470c667985db516993bd7585bb6818767650830,2023-12,Leicestershire Police,Leicestershire Police,-1.048655,52.493446,On or near Laughton Lane,E01035086,Harborough 005G,Violence and sexual offences,Unable to prosecute suspect,
70d935251b127152ec4f66c3006af2d7a9f22bb07596008552711c3021aed170,2023-12,Leicestershire Police,Leicestershire Police,-1.113860,52.431865,On or near Church Lane,E01035086,Harborough 005G,Violence and sexual offences,Unable to prosecute suspect,
1a408ddb8e3946252bcb79dffac851d84ad2b1eed522157fd6ce76a67495b872,2023-12,Leicestershire Police,Leicestershire Police,-1.090975,52.446103,On or near Parking Area,E01035086,Harborough 005G,Violence and sexual offences,Unable to prosecute suspect,
2d1ffab7ae02f574d923119a7f7329f8585b960e96933df58e327d75e76ab321,2023-12,Leicestershire Police,Leicestershire Police,-1.042687,52.440230,On or near Airport/Airfield,E01035087,Harborough 005H,Other theft,Investigation complete; no suspect identified,
3497fb8aeb4ecf58c305c7ab3ceb57d3db371ed229c48a6a18c6e0a94600b3df,2023-12,Leicestershire Police,Leicestershire Police,-1.057240,52.455638,On or near Highcroft,E01035087,Harborough 005H,Other theft,Investigation complete; no suspect identified,
051714c03efab01c1e6ddde738f94d0747cfe52f6d263bba7bd1e1addf5b7c0c,2023-12,Leicestershire Police,Leicestershire Police,-1.057478,52.450021,On or near Knights Close,E01035087,Harborough 005H,Public order,Investigation complete; no suspect identified,
b48432316a98fa24b98d2d20c5845090b13ca9c66a240b7eef635ab53cebae01,2023-12,Leicestershire Police,Leicestershire Police,-1.056924,52.453919,On or near Berridges Lane,E01035087,Harborough 005H,Violence and sexual offences,Investigation complete; no suspect identified,
d3e9f7bfd5550e42ce01208cc412780a17881b546308658ac5cb3725131ddccc,2023-12,Leicestershire Police,Leicestershire Police,-1.056882,52.449639,On or near Marsh Drive,E01035087,Harborough 005H,Violence and sexual offences,Unable to prosecute suspect,
a521f4b1931668a68b26c32a8ee3bbc4a1d9d7031684719e8debad64ab6c673b,2023-12,Leicestershire Police,Leicestershire Police,-1.226948,52.494358,On or near Leire Lane,E01025777,Harborough 006A,Violence and sexual offences,Unable to prosecute suspect,
00457a69bed1b79658d95f89e340bd5e42d677bc4af9bfbc2a9bbbf814595244,2023-12,Leicestershire Police,Leicestershire Police,-1.226391,52.505996,On or near St Peter'S Close,E01025777,Harborough 006A,Criminal damage and arson,Unable to prosecute suspect,
9a7a562d5ae4b51e4553d5e4ee04453b1538598715119f5636ee89718a7df9d2,2023-12,Leicestershire Police,Leicestershire Police,-1.187541,52.519509,On or near Parking Area,E01025777,Harborough 006A,Other theft,Investigation complete; no suspect identified,
c7bf50034d3a14a989a79c7ed74ff3b3c552be9a167429a0e4449ef36d1d417c,2023-12,Leicestershire Police,Leicestershire Police,-1.186782,52.512689,On or near Station Road,E01025777,Harborough 006A,Other theft,Investigation complete; no suspect identified,
308321f240ef062d4121b1003a0df41d6f9d0d4686445924e2c76234866bfc48,2023-12,Leicestershire Police,Leicestershire Police,-1.196560,52.510607,On or near Bennetts Hill,E01025777,Harborough 006A,Vehicle crime,Investigation complete; no suspect identified,
bcfcc779e48a88748e9c932d0a78faf2ec86a01fdfddae9382ffacee2be4fa99,2023-12,Leicestershire Police,Leicestershire Police,-1.195048,52.509500,On or near Church Close,E01025777,Harborough 006A,Violence and sexual offences,Investigation complete; no suspect identified,
f41d9859305e135cbae1e8a97014c6f263dc7eeae552053e76b4565cffac54e2,2023-12,Leicestershire Police,Leicestershire Police,-1.195048,52.509500,On or near Church Close,E01025777,Harborough 006A,Violence and sexual offences,Investigation complete; no suspect identified,
cbf1e7b4301d0b7497855bb3c17b76d9adc16d225395a9af85a2818150c1d13f,2023-12,Leicestershire Police,Leicestershire Police,-1.226819,52.506772,On or near Eaglesfield,E01025777,Harborough 006A,Violence and sexual offences,Unable to prosecute suspect,
3e123e8031ebac491fbec09baed2961d37eb3aabf6b8b5da566370732d1e246b,2023-12,Leicestershire Police,Leicestershire Police,-1.157989,52.486470,On or near Porlock Drive,E01025808,Harborough 006B,Burglary,Unable to prosecute suspect,
1f7ff1dfa189b169546425e36c94758bf8c08e43db44ebb7c48a1739d74970c0,2023-12,Leicestershire Police,Leicestershire Police,-1.158366,52.483695,On or near Nether Farm Close,E01025808,Harborough 006B,Burglary,Investigation complete; no suspect identified,
f3ca2936e7e9b8f19b650fab48c8e0690579c541195663b2c23cea0d7dec3ef5,2023-12,Leicestershire Police,Leicestershire Police,-1.162166,52.486761,On or near Church Lane,E01025808,Harborough 006B,Criminal damage and arson,Unable to prosecute suspect,
0cc888b09ccd40d55d53e2f8d406fd8876a9fd17370464c2411a9cf8a9d5b8f1,2023-12,Leicestershire Police,Leicestershire Police,-1.189660,52.399414,On or near Elm Lane,E01025808,Harborough 006B,Other theft,Investigation complete; no suspect identified,
850e82f63307abd49f0055120da5f284b994cc3e02d3abc479202ee8d72159f5,2023-12,Leicestershire Police,Leicestershire Police,-1.157989,52.486470,On or near Porlock Drive,E01025808,Harborough 006B,Public order,Unable to prosecute suspect,
254a6bf327d7c24bb32bca8c9d70adad55521e259661a88cf4617d04e6b4e73a,2023-12,Leicestershire Police,Leicestershire Police,-1.157989,52.486470,On or near Porlock Drive,E01025808,Harborough 006B,Vehicle crime,Investigation complete; no suspect identified,
5a7e83d0d5c51fc41f47d39fad4fb84292dfa68559018891ba9f1b61c4b7fb5e,2023-12,Leicestershire Police,Leicestershire Police,-1.158366,52.483695,On or near Nether Farm Close,E01025808,Harborough 006B,Violence and sexual offences,Status update unavailable,
c1030b334ea6aa180a095e18ff7c1ef4bc828748fb4a9c2191c52688006391be,2023-12,Leicestershire Police,Leicestershire Police,-1.155721,52.484935,On or near Gilmorton Road,E01025808,Harborough 006B,Violence and sexual offences,Investigation complete; no suspect identified,
91bbe0e19c4224b25f0f13293956599c09f3ecdb97e17b647af0defe6943e0de,2023-12,Leicestershire Police,Leicestershire Police,-1.189660,52.399414,On or near Elm Lane,E01025808,Harborough 006B,Violence and sexual offences,Unable to prosecute suspect,
7914d1d5903c6587fdc25cb688df19d18f2fe14043c6270550b7db3e7da2c6b0,2023-12,Leicestershire Police,Leicestershire Police,-1.207108,52.436159,On or near Rugby Road,E01025808,Harborough 006B,Violence and sexual offences,Unable to prosecute suspect,
8dbe6951f09194e261b1d578c1a9e76fc7e31059f395bddfa379dde2968a36a9,2023-12,Leicestershire Police,Leicestershire Police,-1.157989,52.486470,On or near Porlock Drive,E01025808,Harborough 006B,Violence and sexual offences,Unable to prosecute suspect,
c0f6d10c966e716c89d35e6d90c7d393aeeff640e8d8e2a92321bda0b3f53c0d,2023-12,Leicestershire Police,Leicestershire Police,-1.110981,52.501718,On or near Sports/Recreation Area,E01025810,Harborough 006C,Burglary,Investigation complete; no suspect identified,
e8eb8d84040c31420945ff4eafe44790d17e72776106f3cd941fd296ad61f161,2023-12,Leicestershire Police,Leicestershire Police,-1.103969,52.488798,On or near Partridge Close,E01025810,Harborough 006C,Vehicle crime,Unable to prosecute suspect,
,2023-12,Leicestershire Police,Leicestershire Police,-1.087714,52.526325,On or near Fleckney Lane,E01025810,Harborough 006C,Anti-social behaviour,,
987ccfd204f4e120a8a41e62822f6f51ed023e6710681225d4181d5556da9e8d,2023-12,Leicestershire Police,Leicestershire Police,-1.087714,52.526325,On or near Fleckney Lane,E01025810,Harborough 006C,Vehicle crime,Investigation complete; no suspect identified,
42942c43f57428591a257180ad39eb54558aff6e2c6ce7f3581f6a9bb9026281,2023-12,Leicestershire Police,Leicestershire Police,-1.126873,52.529524,On or near Watt Lane,E01025810,Harborough 006C,Violence and sexual offences,Formal action is not in the public interest,
b9ffcca545a307b2402abe5a2a62d39c3e065ac163bab10e39765828409a348d,2023-12,Leicestershire Police,Leicestershire Police,-1.154780,52.526373,On or near Orchard Road,E01025810,Harborough 006C,Violence and sexual offences,Unable to prosecute suspect,
0234abb6a31c8e35a2cfe1e9da916cda8b4dd3aea298e242a6d78663e88e8f85,2023-12,Leicestershire Police,Leicestershire Police,-1.255258,52.484740,On or near Main Street,E01025816,Harborough 006D,Drugs,Investigation complete; no suspect identified,
df72c5f26b12dad328cd06e1b9c926479afbb364059dada12ac78466a5e1eca1,2023-12,Leicestershire Police,Leicestershire Police,-1.277378,52.491854,On or near Woodcutter Lane,E01025816,Harborough 006D,Violence and sexual offences,Unable to prosecute suspect,
,2023-12,Leicestershire Police,Leicestershire Police,-1.249095,52.485214,On or near Field View,E01025816,Harborough 006D,Anti-social behaviour,,
97da7252b671d147a4015afeb3d5a1c0647bb48a970ec36c76c4c34cd8be4d26,2023-12,Leicestershire Police,Leicestershire Police,-1.241224,52.470240,On or near Mere Road,E01025816,Harborough 006D,Burglary,Investigation complete; no suspect identified,
2d98a65d78f6d1be9ddf4da5e18ddfd1ca89db256c6240f1261eb88a5ddcca5a,2023-12,Leicestershire Police,Leicestershire Police,-1.243791,52.480226,On or near Lutterworth Road,E01025816,Harborough 006D,Criminal damage and arson,Investigation complete; no suspect identified,
d052b6b616383046904a41e071298542b753629d808d43f4a4fce8c8403fa288,2023-12,Leicestershire Police,Leicestershire Police,-1.213377,52.468251,On or near Ullesthorpe Road,E01025816,Harborough 006D,Other theft,Investigation complete; no suspect identified,
b7e6d7c6d3f7697d2e546dd32a774902abc0a0f886d5b3b9d06879e93767d370,2023-12,Leicestershire Police,Leicestershire Police,-1.255258,52.484740,On or near Main Street,E01025816,Harborough 006D,Public order,Formal action is not in the public interest,
45117636629478989b2cd584ba98f668b14589582f1d762c9ddc9a5fa52f50f4,2023-12,Leicestershire Police,Leicestershire Police,-1.241224,52.470240,On or near Mere Road,E01025816,Harborough 006D,Public order,Investigation complete; no suspect identified,
b3939684c725236a1241b525a414f2dd05e3be5d2f2315126115c9826b03b785,2023-12,Leicestershire Police,Leicestershire Police,-1.251976,52.487246,On or near The Leys,E01025816,Harborough 006D,Vehicle crime,Investigation complete; no suspect identified,
91cee495ed98324a54905a36b9e8185b9fa0eea843cb9553ceb52ce088d11407,2023-12,Leicestershire Police,Leicestershire Police,-1.251976,52.487246,On or near The Leys,E01025816,Harborough 006D,Vehicle crime,Investigation complete; no suspect identified,
47fd3be2c247f7448c83eda21d55a0c74ca25f970e7625ba8734892ca1338d31,2023-12,Leicestershire Police,Leicestershire Police,-1.243791,52.480226,On or near Lutterworth Road,E01025816,Harborough 006D,Violence and sexual offences,Investigation complete; no suspect identified,
9c18c466f10ede946e82f0524a9a150c42e879883489c6e30119c70f39107583,2023-12,Leicestershire Police,Leicestershire Police,-1.243791,52.480226,On or near Lutterworth Road,E01025816,Harborough 006D,Violence and sexual offences,Investigation complete; no suspect identified,
02eb7589cd059136730d4b1c8f6179ed12a123a81d8b229b3b4997100971d269,2023-12,Leicestershire Police,Leicestershire Police,-1.250406,52.484287,On or near Goodacre Road,E01025816,Harborough 006D,Other crime,Investigation complete; no suspect identified,
36176d943569036e7daaeee5facf510e2c51fde7126c0973022bf2a2ddfb2705,2023-12,Leicestershire Police,Leicestershire Police,-0.960971,52.496017,On or near Prison,E01025789,Harborough 007A,Violence and sexual offences,Unable to prosecute suspect,
250da28a58ebb386bb404edddaf4cd2bbf50bd367c611c3248a6f5273956a9f5,2023-12,Leicestershire Police,Leicestershire Police,-0.960971,52.496017,On or near Prison,E01025789,Harborough 007A,Other crime,Action to be taken by another organisation,
17f4a3cc5af250e7321673682f33526878b9e3a6b5c6549994998948390616d6,2023-12,Leicestershire Police,Leicestershire Police,-0.960971,52.496017,On or near Prison,E01025789,Harborough 007A,Other crime,Investigation complete; no suspect identified,
9a944ba59bbb77d7bbbe8e019f8f60767b81618d8395b6df5c4649126402c722,2023-12,Leicestershire Police,Leicestershire Police,-0.960971,52.496017,On or near Prison,E01025789,Harborough 007A,Other crime,Investigation complete; no suspect identified,
cb7df653fe94aac33530fa6f0a13effe4a530009bfa8399d9481ae0bf9798d4c,2023-12,Leicestershire Police,Leicestershire Police,-0.960971,52.496017,On or near Prison,E01025789,Harborough 007A,Other crime,Investigation complete; no suspect identified,
4b46698672b7980920e8e4263ff927b12f8a70e4e570b665048f5575f0de44e4,2023-12,Leicestershire Police,Leicestershire Police,-0.960971,52.496017,On or near Prison,E01025789,Harborough 007A,Possession of weapons,Action to be taken by another organisation,
95b37e6c0e162930bc68064e8b5fc391b59ac574ce7d26c864c77ab8406e5f6d,2023-12,Leicestershire Police,Leicestershire Police,-0.939483,52.489740,On or near Grand Union Road,E01025789,Harborough 007A,Violence and sexual offences,Unable to prosecute suspect,
bad12f0060911b76e7268da75ab8f4d709c6ffa6ea68b0434bceff4656190728,2023-12,Leicestershire Police,Leicestershire Police,-0.989181,52.486282,On or near Laughton Road,E01025789,Harborough 007A,Violence and sexual offences,Unable to prosecute suspect,
7b1afdc3dfbe77738d097ec14f9fa3c587647185fc8edf28518d3e2f96cb344e,2023-12,Leicestershire Police,Leicestershire Police,-0.960971,52.496017,On or near Prison,E01025789,Harborough 007A,Violence and sexual offences,Action to be taken by another organisation,
1924642bf65b9f0935b8b3907a5c3bc851ea93fd1baa5193bd7846e69cad4c06,2023-12,Leicestershire Police,Leicestershire Police,-0.939483,52.489740,On or near Grand Union Road,E01025789,Harborough 007A,Violence and sexual offences,Unable to prosecute suspect,
cf905f913531511ca3f7620a9835d3757f720be3f518494b08aa2e929630c6e4,2023-12,Leicestershire Police,Leicestershire Police,-0.960971,52.496017,On or near Prison,E01025789,Harborough 007A,Other crime,Investigation complete; no suspect identified,
8f338ac4fb336e12a524f32130296222bb3cca6b4f7214485a104fff05399b50,2023-12,Leicestershire Police,Leicestershire Police,-0.924881,52.489401,On or near Bates Close,E01025794,Harborough 007B,Other theft,Investigation complete; no suspect identified,
58d5b2177cc0e089561abfdcff21638a4b0a07ed410bc1ece9b3a5605cbf48c9,2023-12,Leicestershire Police,Leicestershire Police,-0.926667,52.488033,On or near Alvington Way,E01025794,Harborough 007B,Violence and sexual offences,Investigation complete; no suspect identified,
d3f84e5e1724050801645e46dfeb4167bd69144558204e5bbd81d166e2d226d7,2023-12,Leicestershire Police,Leicestershire Police,-0.901845,52.492417,On or near Dingley Road,E01025797,Harborough 007C,Criminal damage and arson,Investigation complete; no suspect identified,
00a38f24dde1678745cf4d2dc389a57b3b06481aa800b2937f9597d7c3fc3305,2023-12,Leicestershire Police,Leicestershire Police,-0.909989,52.482927,On or near Great Bowden Road,E01025797,Harborough 007C,Other theft,Investigation complete; no suspect identified,
12815502bbcf184be7635a5bf8f70d8dbaf39664ee155d7b2a531ba445698893,2023-12,Leicestershire Police,Leicestershire Police,-0.902121,52.495539,On or near Northfield Avenue,E01025797,Harborough 007C,Other theft,Investigation complete; no suspect identified,
9a09eed2d7ecea869003a098037c7c278f3c0217a662dccd1c9ded8b6ab80cf0,2023-12,Leicestershire Police,Leicestershire Police,-0.905556,52.491858,On or near Gunnsbrook Close,E01025797,Harborough 007C,Vehicle crime,Investigation complete; no suspect identified,
d286335f52f651af09721512eee3defd39c1e4eda4bb89987a2195eea18b9891,2023-12,Leicestershire Police,Leicestershire Police,-0.905381,52.493574,On or near Langton Road,E01025797,Harborough 007C,Violence and sexual offences,Investigation complete; no suspect identified,
da0de501fb774734b834e87d7e20463501cadcce3518f81b288ebbf3ac584c10,2023-12,Leicestershire Police,Leicestershire Police,-0.932140,52.480378,On or near Norbury Close,E01025802,Harborough 007D,Violence and sexual offences,Investigation complete; no suspect identified,
615bf2b24543a8cb3d3b202bb6f30f7ea3816f6097155d99b5d78c6a4c8b1025,2023-12,Leicestershire Police,Leicestershire Police,-0.927732,52.482999,On or near Police Station,E01025802,Harborough 007D,Violence and sexual offences,Unable to prosecute suspect,
e9b17ead40b593f106d89e55ebe9f242ffe7fc7e8cc59b0b3f4de34cff90ceff,2023-12,Leicestershire Police,Leicestershire Police,-0.932140,52.480378,On or near Norbury Close,E01025802,Harborough 007D,Violence and sexual offences,Investigation complete; no suspect identified,
d302e0e4b1870490ef66d8fedb9c3a188054f2e3ee64a6ee58ac33fbee5083a7,2023-12,Leicestershire Police,Leicestershire Police,-0.925426,52.479139,On or near Old School Mews,E01025802,Harborough 007D,Violence and sexual offences,Unable to prosecute suspect,
f0a53129a2e0a0adc5fdedc3d9c5b7b6a046670abde4f8394203fdb176c35e40,2023-12,Leicestershire Police,Leicestershire Police,-0.932627,52.482144,On or near Northleigh Grove,E01025802,Harborough 007D,Violence and sexual offences,Unable to prosecute suspect,
5281cc14e2a189f5089cf41f09be447ccf3909d2b8a92ccd8a60780f78a87817,2023-12,Leicestershire Police,Leicestershire Police,-0.932627,52.482144,On or near Northleigh Grove,E01025802,Harborough 007D,Other crime,Unable to prosecute suspect,
,2023-12,Leicestershire Police,Leicestershire Police,-0.935041,52.479136,On or near Highcross Street,E01025803,Harborough 007E,Anti-social behaviour,,
ae1c2102fe99df99b2542deab0b79939518ce22fa249766ee67cee5a32bfd0a5,2023-12,Leicestershire Police,Leicestershire Police,-0.941007,52.471062,On or near Florence Grove,E01035088,Harborough 007G,Violence and sexual offences,Unable to prosecute suspect,
0ff5b1e61640f78ef078b5865304ba6db6a7154c1ea757b5cc861f4acbcdf3bf,2023-12,Leicestershire Police,Leicestershire Police,-0.932287,52.469411,On or near Fleetwood Close,E01035088,Harborough 007G,Public order,Unable to prosecute suspect,
cbc5701d4e24a4078b6876b7618227b47e6dd417b2b03ebcf6ea293c8056fb7f,2023-12,Leicestershire Police,Leicestershire Police,-0.941007,52.471062,On or near Florence Grove,E01035088,Harborough 007G,Vehicle crime,Investigation complete; no suspect identified,
b12dcda7413b6aa8cdd0c20259d0a526343162033affc0b7cc5f770f1ba1b2bf,2023-12,Leicestershire Police,Leicestershire Police,-0.932287,52.469411,On or near Fleetwood Close,E01035088,Harborough 007G,Violence and sexual offences,Court result unavailable,
a7c2bd160e954f8ef8ee09b3fc649e963c9e0d0c246725963271dead1362e6ce,2023-12,Leicestershire Police,Leicestershire Police,-0.935347,52.468890,On or near Medora Close,E01035089,Harborough 007H,Burglary,Investigation complete; no suspect identified,
1d12fb5c6ea7a2e1a23626315d58ba67826551443cef8ebfbe792bb79975a2be,2023-12,Leicestershire Police,Leicestershire Police,-0.933401,52.467164,On or near Harrison Close,E01035089,Harborough 007H,Violence and sexual offences,Unable to prosecute suspect,
47232103134e53baa93b9b7a5a72025e5adcebf6b93ea8a07cae0740b956347a,2023-12,Leicestershire Police,Leicestershire Police,-0.919968,52.478316,On or near Adam And Eve Street,E01025795,Harborough 008A,Burglary,Investigation complete; no suspect identified,
bd8a2ed7f16c6df88d0aa6a43ae7ec7c1799f3342d8b66442b9d55ad3bb2701c,2023-12,Leicestershire Police,Leicestershire Police,-0.920245,52.484459,On or near Hammond Way,E01025795,Harborough 008A,Burglary,Investigation complete; no suspect identified,
9bf50abdf059faa49fd444ae218f364f057025867cf3661ce779e33a0e874b1d,2023-12,Leicestershire Police,Leicestershire Police,-0.921848,52.479116,On or near Church Street,E01025795,Harborough 008A,Criminal damage and arson,Investigation complete; no suspect identified,
4ac7f15e825d560d5f184d17e589a9769c33bc5d1da09a3d209ffca09b158592,2023-12,Leicestershire Police,Leicestershire Police,-0.919968,52.478316,On or near Adam And Eve Street,E01025795,Harborough 008A,Criminal damage and arson,Investigation complete; no suspect identified,
6c27e8ccf458afd9dfeed514b28302c502a87c1f6a172e1622eba19a85673ca8,2023-12,Leicestershire Police,Leicestershire Police,-0.921848,52.479116,On or near Church Street,E01025795,Harborough 008A,Drugs,Court result unavailable,
864992c1dda3848f6f163ce92c5522a8a162aac3fce156c25cbe0514318eeef6,2023-12,Leicestershire Police,Leicestershire Police,-0.919968,52.478316,On or near Adam And Eve Street,E01025795,Harborough 008A,Public order,Investigation complete; no suspect identified,
da405b8e78ba4d9c6b8beceb1c6d22b5b741e7f8d304ddc065891fbca9522532,2023-12,Leicestershire Police,Leicestershire Police,-0.921848,52.479116,On or near Church Street,E01025795,Harborough 008A,Theft from the person,Investigation complete; no suspect identified,
60d02dedc6961ff2ee7ccf2c4f7a092bb76babdad5c2e263a33b6f34a21eace3,2023-12,Leicestershire Police,Leicestershire Police,-0.921848,52.479116,On or near Church Street,E01025795,Harborough 008A,Violence and sexual offences,Court result unavailable,
f8682c74a9c06c9b6db768ce210cb806804745a45548594040135842987e8954,2023-12,Leicestershire Police,Leicestershire Police,-0.922663,52.479537,On or near A4304,E01025795,Harborough 008A,Violence and sexual offences,Investigation complete; no suspect identified,
86c977ac872fe82b0ea9402073a3e30b2196def26d2643d216a2a1760e3d8c72,2023-12,Leicestershire Police,Leicestershire Police,-0.922663,52.479537,On or near A4304,E01025795,Harborough 008A,Violence and sexual offences,Investigation complete; no suspect identified,
30c29924da54f5293019f92f68f3a0877fefd6ee42cb137d436a2d977ba0b600,2023-12,Leicestershire Police,Leicestershire Police,-0.921848,52.479116,On or near Church Street,E01025795,Harborough 008A,Violence and sexual offences,Formal action is not in the public interest,
05f84445f7884f7bb2bd4d29fa8307c03fa67f67c2c3d88f7f8f815bfc842479,2023-12,Leicestershire Police,Leicestershire Police,-0.921848,52.479116,On or near Church Street,E01025795,Harborough 008A,Violence and sexual offences,Investigation complete; no suspect identified,
bdceef57e00d10055be1897e0cf0922befbe5d0c9ed5c56474e76276a272dcec,2023-12,Leicestershire Police,Leicestershire Police,-0.921848,52.479116,On or near Church Street,E01025795,Harborough 008A,Violence and sexual offences,Unable to prosecute suspect,
59bc67bd83fbadc24a8a80a5a4d53ee4e9d0bb850aa6008111b7ed967d067873,2023-12,Leicestershire Police,Leicestershire Police,-0.921848,52.479116,On or near Church Street,E01025795,Harborough 008A,Violence and sexual offences,Investigation complete; no suspect identified,
373d6f1c06f22cb7c6f7a8a29515f7bcdd54b8c4059ab023753ba2120b83da83,2023-12,Leicestershire Police,Leicestershire Police,-0.921848,52.479116,On or near Church Street,E01025795,Harborough 008A,Violence and sexual offences,Investigation complete; no suspect identified,
8bc07711c57c532d67dbd42a847a7498bc93dc2107ec2433eeeca818854647c0,2023-12,Leicestershire Police,Leicestershire Police,-0.922663,52.479537,On or near A4304,E01025795,Harborough 008A,Violence and sexual offences,Unable to prosecute suspect,
5fba9f0fe521eb7b7bfcb471032fea39d311081087f4c8214e7103a3c8f8aa68,2023-12,Leicestershire Police,Leicestershire Police,-0.921848,52.479116,On or near Church Street,E01025795,Harborough 008A,Violence and sexual offences,Unable to prosecute suspect,
46787be5a5786f0f682ef70b2b8ef4f7ea3a9bd42a705b6812b696def6709749,2023-12,Leicestershire Police,Leicestershire Police,-0.912866,52.479123,On or near Dingley Terrace,E01025796,Harborough 008B,Violence and sexual offences,Court result unavailable,
e365ed1aab4eeef327bf1e12d067f5dcfb0cb439221ea1bc12101310a1ad0a32,2023-12,Leicestershire Police,Leicestershire Police,-0.915241,52.478956,On or near Andrew Macdonald Close,E01025796,Harborough 008B,Violence and sexual offences,Unable to prosecute suspect,
24c0bfba1ea8991c251cbb6e86839bf49e3a0d1570042a60dd6d5af83fffc331,2023-12,Leicestershire Police,Leicestershire Police,-0.915241,52.478956,On or near Andrew Macdonald Close,E01025796,Harborough 008B,Violence and sexual offences,Unable to prosecute suspect,
9ea214ed0a224615b0a90b9bbc4776f6756bb8a603282d5db7f5d77824b1c71d,2023-12,Leicestershire Police,Leicestershire Police,-0.916244,52.484288,On or near Crescent Close,E01025796,Harborough 008B,Burglary,Investigation complete; no suspect identified,
cd22dfdd9fa9f26fa78adca53aed15b0a86f187f664734fbe236d6223664b732,2023-12,Leicestershire Police,Leicestershire Police,-0.919512,52.483706,On or near Meadow Street,E01025796,Harborough 008B,Burglary,Investigation complete; no suspect identified,
80a621310fe6a8d68dc15c3830f9ee63229b446eaa5ac0e3791dd9c91570d2b5,2023-12,Leicestershire Police,Leicestershire Police,-0.911659,52.484479,On or near Arden Close,E01025796,Harborough 008B,Burglary,Investigation complete; no suspect identified,
b5ed8010298e18613c5fd0da4c69d75867b8eb1bfc524b8a99d6fe6c84fefa95,2023-12,Leicestershire Police,Leicestershire Police,-0.915139,52.483109,On or near Perkins Close,E01025796,Harborough 008B,Criminal damage and arson,Unable to prosecute suspect,
3457bc29ec07f3b4c85ce0019fb87cbfd42a0e3d9820a28a662d34f9b41cb820,2023-12,Leicestershire Police,Leicestershire Police,-0.901518,52.480700,On or near Rockingham Road,E01025796,Harborough 008B,Criminal damage and arson,Unable to prosecute suspect,
7d951e4816efc84ffcfa04c082959f8deeea9252bd8a3f6cdf29f537e92d6ce5,2023-12,Leicestershire Police,Leicestershire Police,-0.914115,52.484610,On or near Oak Close,E01025796,Harborough 008B,Criminal damage and arson,Unable to prosecute suspect,
c711bb60494b93aece4fe4074d1ad1c2556f39776c426b320b361c715889b239,2023-12,Leicestershire Police,Leicestershire Police,-0.905789,52.484857,On or near Riverside End,E01025796,Harborough 008B,Other theft,Investigation complete; no suspect identified,
b851f442f008bb1d66597f12afc4e12465c5871eee13bf320b8b01f5fead6c89,2023-12,Leicestershire Police,Leicestershire Police,-0.919933,52.482146,On or near Orchard Street,E01025796,Harborough 008B,Other theft,Investigation complete; no suspect identified,
befc2ec3577d17e28f73251470749823d6d7703bc90e84c22036d6e22457e450,2023-12,Leicestershire Police,Leicestershire Police,-0.900534,52.481796,On or near Rockingham Road,E01025796,Harborough 008B,Other theft,Investigation complete; no suspect identified,
e6ae00bc134b40465d3ca1f494e294087652f6143cc7122678e4b2a849c6f6f5,2023-12,Leicestershire Police,Leicestershire Police,-0.905789,52.484857,On or near Riverside End,E01025796,Harborough 008B,Other theft,Investigation complete; no suspect identified,
41b229a97bb0ad1d0a0fc807744b418b0b8b3be7ddc4864596b1b79ec67a73c1,2023-12,Leicestershire Police,Leicestershire Police,-0.900534,52.481796,On or near Rockingham Road,E01025796,Harborough 008B,Public order,Investigation complete; no suspect identified,
b260efc903cae6b07c23d7d95269453b1a03902793ede6875b7aec09a6f31fb4,2023-12,Leicestershire Police,Leicestershire Police,-0.914115,52.484610,On or near Oak Close,E01025796,Harborough 008B,Public order,Unable to prosecute suspect,
db89f7fcc5a3725f892b6e9bbeeffc7cd5b2fc0586872c82f0ad9fdf6916c29c,2023-12,Leicestershire Police,Leicestershire Police,-0.914192,52.482687,On or near The Headlands,E01025796,Harborough 008B,Public order,Unable to prosecute suspect,
e51b0e487b72994f077fb55c6b0f0aa2b9d339e075baca2551e64cc400466fd0,2023-12,Leicestershire Police,Leicestershire Police,-0.900534,52.481796,On or near Rockingham Road,E01025796,Harborough 008B,Shoplifting,Unable to prosecute suspect,
822c7db469c9177e6709021b8c85d9b901033dc780cd6cf28bfcad2745b84943,2023-12,Leicestershire Police,Leicestershire Police,-0.900534,52.481796,On or near Rockingham Road,E01025796,Harborough 008B,Shoplifting,Investigation complete; no suspect identified,
98e9b1a34a9bde7082552b966715a6c45d8e92c7eb22d31edcc68dd7cdb350a4,2023-12,Leicestershire Police,Leicestershire Police,-0.900534,52.481796,On or near Rockingham Road,E01025796,Harborough 008B,Vehicle crime,Investigation complete; no suspect identified,
0adf6baed7183753f4d8352853afa9ecc054d087963d72eef58393348be7a17f,2023-12,Leicestershire Police,Leicestershire Police,-0.915241,52.478956,On or near Andrew Macdonald Close,E01025796,Harborough 008B,Vehicle crime,Unable to prosecute suspect,
7bba9db46835e206bc5eeacd6273db6a86b49f14e3f3a61e813f56a48dabc241,2023-12,Leicestershire Police,Leicestershire Police,-0.919764,52.481848,On or near Shropshire Close,E01025796,Harborough 008B,Vehicle crime,Investigation complete; no suspect identified,
b8e4ba6e9dd2833112e17ed52af2f17670feefb665249e0d22ee26755f9a7d4c,2023-12,Leicestershire Police,Leicestershire Police,-0.900534,52.481796,On or near Rockingham Road,E01025796,Harborough 008B,Violence and sexual offences,Unable to prosecute suspect,
145ff0e237eb3214fc6ebed86752d35c44fe7583cccd9a28324ac1d6559be75d,2023-12,Leicestershire Police,Leicestershire Police,-0.915125,52.483657,On or near Birch Tree Gardens,E01025796,Harborough 008B,Violence and sexual offences,Unable to prosecute suspect,
cf5f27f9b9bead389bf4212108a263f2eb5a3ff5df9cbee145c263fea9828836,2023-12,Leicestershire Police,Leicestershire Police,-0.914091,52.479000,On or near Clarence Street,E01025796,Harborough 008B,Violence and sexual offences,Unable to prosecute suspect,
4bf7acd913c4541533839417dadb7791a507f1cc824dc5cd03108997065a4cba,2023-12,Leicestershire Police,Leicestershire Police,-0.923687,52.479168,On or near Abbey Street,E01025801,Harborough 008C,Violence and sexual offences,Unable to prosecute suspect,
88ae6daa69294ed61cb27b7d9a7cece34902b62e80f04bc3f10ced61d1c42c17,2023-12,Leicestershire Police,Leicestershire Police,-0.922250,52.477744,On or near Nightclub,E01025801,Harborough 008C,Violence and sexual offences,Unable to prosecute suspect,
4aca3272a80aaf57c592fad6f84a098160eb04d74a88c9b386d636b5e578af72,2023-12,Leicestershire Police,Leicestershire Police,-0.923687,52.479168,On or near Abbey Street,E01025801,Harborough 008C,Violence and sexual offences,Unable to prosecute suspect,
,2023-12,Leicestershire Police,Leicestershire Police,-0.926968,52.478074,On or near Nelson Street,E01025801,Harborough 008C,Anti-social behaviour,,
,2023-12,Leicestershire Police,Leicestershire Police,-0.926968,52.478074,On or near Nelson Street,E01025801,Harborough 008C,Anti-social behaviour,,
,2023-12,Leicestershire Police,Leicestershire Police,-0.926968,52.478074,On or near Nelson Street,E01025801,Harborough 008C,Anti-social behaviour,,
0668ce6067fbe39d7d43335542820fd8576845c451455386bdca49f7eee2ecc2,2023-12,Leicestershire Police,Leicestershire Police,-0.924637,52.479474,On or near Parking Area,E01025801,Harborough 008C,Burglary,Investigation complete; no suspect identified,
513519d46e26fbfe06eb9ade4e0042263e7a3421aae6eb90297dc17e4858904a,2023-12,Leicestershire Police,Leicestershire Police,-0.922250,52.477744,On or near Nightclub,E01025801,Harborough 008C,Burglary,Investigation complete; no suspect identified,
877f77d67b727069c83d1b6b695ab4404cecc8a200f9617d625ddbe52c2d8be0,2023-12,Leicestershire Police,Leicestershire Police,-0.922250,52.477744,On or near Nightclub,E01025801,Harborough 008C,Burglary,Investigation complete; no suspect identified,
630375c3c2cb8c873447847329d4559421be1cc37394f2f560c3143e281277c4,2023-12,Leicestershire Police,Leicestershire Police,-0.927881,52.476851,On or near Coventry Road,E01025801,Harborough 008C,Drugs,Local resolution,
6737d5981b73d2ea1eaa736eda298e513f671d7bfd228eec4c9695cecacde088,2023-12,Leicestershire Police,Leicestershire Police,-0.923668,52.477541,On or near Supermarket,E01025801,Harborough 008C,Other theft,Investigation complete; no suspect identified,
0ca760dbc973946da6754a13e872db0d953f67536098af05c81421c5270dcc60,2023-12,Leicestershire Police,Leicestershire Police,-0.924713,52.481173,On or near Supermarket,E01025801,Harborough 008C,Other theft,Investigation complete; no suspect identified,
b48d19f4154a682acff9c0c697dcd13f26df7edb8c22bec8d8561e833463f77d,2023-12,Leicestershire Police,Leicestershire Police,-0.922250,52.477744,On or near Nightclub,E01025801,Harborough 008C,Other theft,Investigation complete; no suspect identified,
d1a29ad2590d48a70d2453b7cfda4e73fabbced487e2a5995ec1b8733d75c71e,2023-12,Leicestershire Police,Leicestershire Police,-0.920820,52.477200,On or near Shopping Area,E01025801,Harborough 008C,Possession of weapons,Status update unavailable,
cadfb96af6377b607e5a0d9153419e577d3a4ea3ce5c6fdc945b8f3e027c080f,2023-12,Leicestershire Police,Leicestershire Police,-0.926968,52.478074,On or near Nelson Street,E01025801,Harborough 008C,Public order,Formal action is not in the public interest,
296dcc009ae32bfef3a3d6fe4ac4134910849a90c08f1da6e0affa96263b85aa,2023-12,Leicestershire Police,Leicestershire Police,-0.924713,52.481173,On or near Supermarket,E01025801,Harborough 008C,Public order,Investigation complete; no suspect identified,
9d363a79e6e1229044e91b378fe3867e42bef99b5aa44f053a66e6499705bf77,2023-12,Leicestershire Police,Leicestershire Police,-0.922250,52.477744,On or near Nightclub,E01025801,Harborough 008C,Shoplifting,Investigation complete; no suspect identified,
19c3f40e80cac1304b93a5d749d32fbffb888605d5d8fc92a387eca498bf0d73,2023-12,Leicestershire Police,Leicestershire Police,-0.920820,52.477200,On or near Shopping Area,E01025801,Harborough 008C,Shoplifting,Investigation complete; no suspect identified,
df8944c81b118a2b7c457a6047184f9c8c352f35e64bbe4fc11b3818f4ad4eb5,2023-12,Leicestershire Police,Leicestershire Police,-0.922250,52.477744,On or near Nightclub,E01025801,Harborough 008C,Shoplifting,Unable to prosecute suspect,
d8f7e9182fb5497b1899d88a104e1fe63089d25697f37577a70119887eee2778,2023-12,Leicestershire Police,Leicestershire Police,-0.922250,52.477744,On or near Nightclub,E01025801,Harborough 008C,Shoplifting,Investigation complete; no suspect identified,
5870e563ac04bc825e58739e62598d3331718bdcb51c9cf56847f54d2c9a4fce,2023-12,Leicestershire Police,Leicestershire Police,-0.922250,52.477744,On or near Nightclub,E01025801,Harborough 008C,Shoplifting,Investigation complete; no suspect identified,
f53a74ea01d1bc0cfd2be22de8502fc5447f19e6f31a8531c76f2fb681d23f66,2023-12,Leicestershire Police,Leicestershire Police,-0.924713,52.481173,On or near Supermarket,E01025801,Harborough 008C,Shoplifting,Investigation complete; no suspect identified,
81ba5805dd75c24a6a0cbb42becefffe7a9654269753aca5756c710a3b6058ba,2023-12,Leicestershire Police,Leicestershire Police,-0.924713,52.481173,On or near Supermarket,E01025801,Harborough 008C,Shoplifting,Investigation complete; no suspect identified,
5a8e9a5837633b8089443efdf1826120a49dbad84da44531df8bef5187e7450a,2023-12,Leicestershire Police,Leicestershire Police,-0.924713,52.481173,On or near Supermarket,E01025801,Harborough 008C,Shoplifting,Investigation complete; no suspect identified,
b138ebde8966e4b0d8f1516ee23adb9f8799cd05d68386369423b017271ea470,2023-12,Leicestershire Police,Leicestershire Police,-0.922250,52.477744,On or near Nightclub,E01025801,Harborough 008C,Theft from the person,Investigation complete; no suspect identified,
c0f937bf9fdf05f5a8d1fe21423baae89319cbe652c38a27fe057e4586d28eae,2023-12,Leicestershire Police,Leicestershire Police,-0.923668,52.477541,On or near Supermarket,E01025801,Harborough 008C,Violence and sexual offences,Unable to prosecute suspect,
d695726f72ff094692ca1af7ade02a240e02127a8214adfcb59702277d30f54e,2023-12,Leicestershire Police,Leicestershire Police,-0.927282,52.479102,On or near Hearth Street,E01025801,Harborough 008C,Violence and sexual offences,Unable to prosecute suspect,
820e3b6efee7348a400a47bea2f51f9c45e0d3e84a37f6a6d35cd6213e686b8f,2023-12,Leicestershire Police,Leicestershire Police,-0.920820,52.477200,On or near Shopping Area,E01025801,Harborough 008C,Violence and sexual offences,Status update unavailable,
96047258f1c04d80110377aec136b8cdfaeba6dbc6971621c69952ce0101794b,2023-12,Leicestershire Police,Leicestershire Police,-0.922250,52.477744,On or near Nightclub,E01025801,Harborough 008C,Violence and sexual offences,Investigation complete; no suspect identified,
77f26a09fe90fc3cbbf5f1234197008a8d4ed4de3b5e5b45cabf11e4554faa88,2023-12,Leicestershire Police,Leicestershire Police,-0.925694,52.472947,On or near Stuart Road,E01025806,Harborough 008D,Other theft,Investigation complete; no suspect identified,
331c0479df724f522a386d25d19bda773c849d93f3dcf305dcb6d8e58d0c5223,2023-12,Leicestershire Police,Leicestershire Police,-0.930251,52.475056,On or near Parking Area,E01025806,Harborough 008D,Other theft,Investigation complete; no suspect identified,
ed4b16ef7e62a4bada1052022bdcf748cf9feb7e9a1024cda7a0481c6bf71e3d,2023-12,Leicestershire Police,Leicestershire Police,-0.925694,52.472947,On or near Stuart Road,E01025806,Harborough 008D,Other theft,Investigation complete; no suspect identified,
d485afb2136bd25c5f5b03a46bc91724b6fff0417d568117f462039bcd914079,2023-12,Leicestershire Police,Leicestershire Police,-0.925694,52.472947,On or near Stuart Road,E01025806,Harborough 008D,Other theft,Investigation complete; no suspect identified,
8c38492f0d2bdac50598d7b155edeababda8227c61c7449026193fef751fe480,2023-12,Leicestershire Police,Leicestershire Police,-0.930251,52.475056,On or near Parking Area,E01025806,Harborough 008D,Public order,Investigation complete; no suspect identified,
70ee293c194f01863ab145659975e202a4dce8cb8ca0169ae470a7a5cce669b1,2023-12,Leicestershire Police,Leicestershire Police,-0.926928,52.472455,On or near Pride Place,E01025806,Harborough 008D,Public order,Investigation complete; no suspect identified,
f257d0884b45434a40a4b79fd9612726a1bba9db518530cfb9eb329bb4d81acc,2023-12,Leicestershire Police,Leicestershire Police,-0.925437,52.474437,On or near Parking Area,E01025806,Harborough 008D,Public order,Unable to prosecute suspect,
8de9bfe3c17995b02f01f04b30a858ef514ac2a9de014b1dee0f32b3616a525f,2023-12,Leicestershire Police,Leicestershire Police,-0.925694,52.472947,On or near Stuart Road,E01025806,Harborough 008D,Violence and sexual offences,Investigation complete; no suspect identified,
7d84c458bdf7b401642823a0253f455230a2b71088979c472b0c409b9e405f7a,2023-12,Leicestershire Police,Leicestershire Police,-0.925437,52.474437,On or near Parking Area,E01025806,Harborough 008D,Violence and sexual offences,Local resolution,
b6735f3116a5ed438ad74ed61af184cdcb949584c41a17f3511f54599ee6a63f,2023-12,Leicestershire Police,Leicestershire Police,-0.917936,52.477713,On or near Parking Area,E01025798,Harborough 009A,Possession of weapons,Court result unavailable,
00703671f15bb81b864860ecbeeb5d077c28b64bda8395f996336374c3858887,2023-12,Leicestershire Police,Leicestershire Police,-0.917936,52.477713,On or near Parking Area,E01025798,Harborough 009A,Public order,Unable to prosecute suspect,
5061a32fd6a8a4d691bab5ab5ab02ccbd4efb41eeb92cd00257c8083a9037a2c,2023-12,Leicestershire Police,Leicestershire Police,-0.914065,52.477377,On or near Supermarket,E01025798,Harborough 009A,Violence and sexual offences,Offender given a caution,
,2023-12,Leicestershire Police,Leicestershire Police,-0.913275,52.470308,On or near Rookwell Drive,E01025798,Harborough 009A,Anti-social behaviour,,
b69790eac75b5ebef8ffdd99fc8084ef24f377a9724017b259fb93a14af4ff08,2023-12,Leicestershire Police,Leicestershire Police,-0.918176,52.476942,On or near Shopping Area,E01025798,Harborough 009A,Burglary,Investigation complete; no suspect identified,
6de8f0f70777a55cde6aa691e75e3aa38437121022ba4c82ec6a370be24b435c,2023-12,Leicestershire Police,Leicestershire Police,-0.902238,52.468938,On or near Braybrooke Road,E01025798,Harborough 009A,Burglary,Investigation complete; no suspect identified,
55e65a2d79fa1100a08fb947f8f4e533cb51456e6e5bb998f7b05dcdfb82ed28,2023-12,Leicestershire Police,Leicestershire Police,-0.909104,52.475268,On or near Bellfields Lane,E01025798,Harborough 009A,Criminal damage and arson,Investigation complete; no suspect identified,
d6ebeaaa48d3279e60fdd2a45b09af9557542365b14d244ca764c4c9f48c994d,2023-12,Leicestershire Police,Leicestershire Police,-0.912291,52.477365,On or near Supermarket,E01025798,Harborough 009A,Criminal damage and arson,Investigation complete; no suspect identified,
5c2bea40985bf9cdecb45fe8dddd7c688712becab4eef454d202170028b7e2d2,2023-12,Leicestershire Police,Leicestershire Police,-0.913614,52.469690,On or near Petrol Station,E01025798,Harborough 009A,Other theft,Court result unavailable,
4914701bab394308475187aedf7f541057d33bd85cb6db51ba0759c350dfbc1c,2023-12,Leicestershire Police,Leicestershire Police,-0.913424,52.474400,On or near St Nicholas Close,E01025798,Harborough 009A,Public order,Investigation complete; no suspect identified,
07a46ab8f2d5f39f96ba2b5e88357214d3a99e2566820de7d06d23f78dd57bba,2023-12,Leicestershire Police,Leicestershire Police,-0.918176,52.476942,On or near Shopping Area,E01025798,Harborough 009A,Shoplifting,Investigation complete; no suspect identified,
ded44fe5e887e31a152814ac79ca87f8e590beafa13d2c92a859db2cb0d94d2c,2023-12,Leicestershire Police,Leicestershire Police,-0.907768,52.474518,On or near Bellfields Street,E01025798,Harborough 009A,Vehicle crime,Investigation complete; no suspect identified,
55cba76803ae6b3779897ecb8da57d599127bd5c0160ca7f061c3629aef44f33,2023-12,Leicestershire Police,Leicestershire Police,-0.907768,52.474518,On or near Bellfields Street,E01025798,Harborough 009A,Vehicle crime,Investigation complete; no suspect identified,
8e3f76ed237df71e1e8454e2368436e55e87dc5524db4989adf8297551ba780d,2023-12,Leicestershire Police,Leicestershire Police,-0.912698,52.466823,On or near Monk Close,E01025798,Harborough 009A,Violence and sexual offences,Unable to prosecute suspect,
0a1356efc9ded47d7c7b8479da15cea06c0e0d5072dc40b4de39f01fef951719,2023-12,Leicestershire Police,Leicestershire Police,-0.912034,52.466898,On or near Moseley Avenue,E01025798,Harborough 009A,Violence and sexual offences,Unable to prosecute suspect,
5eaf463a80d7932dafafa117c01be429fa7d7466b3c901a055947432fc0eb799,2023-12,Leicestershire Police,Leicestershire Police,-0.914065,52.477377,On or near Supermarket,E01025798,Harborough 009A,Violence and sexual offences,Unable to prosecute suspect,
ae36214e9bee88ee9d474948345e5688f79f0dd5beb8dc44446830e5c39ff18e,2023-12,Leicestershire Police,Leicestershire Police,-0.911531,52.470588,On or near Dunmore Road,E01025798,Harborough 009A,Violence and sexual offences,Unable to prosecute suspect,
1898547ef19be0a9ad0aebb67e4fe153b8ac9996451c8aec4a31d9e9d187139b,2023-12,Leicestershire Police,Leicestershire Police,-0.912291,52.477365,On or near Supermarket,E01025798,Harborough 009A,Violence and sexual offences,Unable to prosecute suspect,
a2b5f20eab9e54b45d318f761f0f1201b456f5ac676aca4264be0592c422e33c,2023-12,Leicestershire Police,Leicestershire Police,-0.900128,52.479788,On or near Stockwell Close,E01025799,Harborough 009B,Criminal damage and arson,Investigation complete; no suspect identified,
ed4ee792bf010ebc14d48b682ed40e7c949dba3b274d78449746afcc51325b1f,2023-12,Leicestershire Police,Leicestershire Police,-0.896259,52.474906,On or near David Hobbs Rise,E01025799,Harborough 009B,Vehicle crime,Investigation complete; no suspect identified,
53024c08244f7e02c9211b6834f882204f4fb740b4f1043aa53458595e3747f0,2023-12,Leicestershire Police,Leicestershire Police,-0.898664,52.477661,On or near Ashley Way,E01025799,Harborough 009B,Other crime,Status update unavailable,
accfe1137ec028a7ca7dc53a0eed974b3bae5d81ccd002b5ea8bdfe97e43c281,2023-12,Leicestershire Police,Leicestershire Police,-0.910590,52.477071,On or near Jordan Close,E01025800,Harborough 009C,Criminal damage and arson,Court result unavailable,
0d6569175ab1a74a14dc033475e8c9138d705a74fe28f90451dfc02894823cbd,2023-12,Leicestershire Police,Leicestershire Police,-0.910590,52.477071,On or near Jordan Close,E01025800,Harborough 009C,Violence and sexual offences,Unable to prosecute suspect,
01de56ea0b3705ee3eb5a410280e724175644179d1a05ffb2ad5882bf4d244f5,2023-12,Leicestershire Police,Leicestershire Police,-0.910590,52.477071,On or near Jordan Close,E01025800,Harborough 009C,Violence and sexual offences,Court result unavailable,
9e136e9bfaf0f58841630579c8106103a00bffb89d34fc5bb29892f9af4b2691,2023-12,Leicestershire Police,Leicestershire Police,-0.908459,52.477527,On or near Claremont Drive,E01025800,Harborough 009C,Violence and sexual offences,Unable to prosecute suspect,
,2023-12,Leicestershire Police,Leicestershire Police,-0.919666,52.469629,On or near Bradford Street,E01025804,Harborough 009D,Anti-social behaviour,,
5b0fbdf21e479e265a2cca1d6e5260074d499522fd27cdb13281214f4fd73f41,2023-12,Leicestershire Police,Leicestershire Police,-0.920460,52.469061,On or near Hurlingham Road,E01025804,Harborough 009D,Other theft,Investigation complete; no suspect identified,
afbf6377fee20fc91801317800b2e45dbbe24f58a07fc9d8701aebf7f2ee3d33,2023-12,Leicestershire Police,Leicestershire Police,-0.919262,52.473509,On or near Nithsdale Avenue,E01025807,Harborough 009E,Criminal damage and arson,Investigation complete; no suspect identified,
cb45568cb8bea738e48a45d94a9c75fe9c075e93311bfd1b90fe074b609a07f5,2023-12,Leicestershire Police,Leicestershire Police,-0.915451,52.465599,On or near Torch Way,E01025807,Harborough 009E,Other theft,Investigation complete; no suspect identified,
89b78d857805d7c2801c4fca62cf298212b59f2a8edaaaa49d483552b3ee49a8,2023-12,Leicestershire Police,Leicestershire Police,-0.918599,52.472928,On or near Patrick Street,E01025807,Harborough 009E,Other theft,Investigation complete; no suspect identified,
22e44af316388faebb94814ae0276cea33e4e56c3f1d57736f71c443134df38e,2023-12,Leicestershire Police,Leicestershire Police,-0.914735,52.470779,On or near Northampton Road,E01025807,Harborough 009E,Violence and sexual offences,Investigation complete; no suspect identified,
5ede9c900a1bff244d03c078647092ab0a834e446f44cccf4697185107f46fd1,2023-12,Leicestershire Police,Leicestershire Police,-0.918599,52.472928,On or near Patrick Street,E01025807,Harborough 009E,Violence and sexual offences,Local resolution,
,2023-12,Leicestershire Police,Leicestershire Police,-1.213010,52.461614,On or near Juniper Close,E01025790,Harborough 010A,Anti-social behaviour,,
c023409d32a8189ac9fe9368556e458a2eb1f33292926485b11b6052d4bda49e,2023-12,Leicestershire Police,Leicestershire Police,-1.214444,52.460437,On or near Pine Close,E01025790,Harborough 010A,Criminal damage and arson,Unable to prosecute suspect,
2cff61064ead2c08d411b27a8a555edea87ddc1140e9ebf3b825eef7159d9802,2023-12,Leicestershire Police,Leicestershire Police,-1.211587,52.457595,On or near Supermarket,E01025791,Harborough 010B,Burglary,Unable to prosecute suspect,
,2023-12,Leicestershire Police,Leicestershire Police,-1.208624,52.455049,On or near Avery Close,E01025791,Harborough 010B,Anti-social behaviour,,
08abfc022627a38e7420f112fbd712d9f052107266821eb66634ec7b8bb64951,2023-12,Leicestershire Police,Leicestershire Police,-1.227565,52.453250,On or near Coventry Road,E01025791,Harborough 010B,Other theft,Investigation complete; no suspect identified,
33f185438819da0ea6510f43253f3eb67b977a4ec4357ae729af0567075d27cd,2023-12,Leicestershire Police,Leicestershire Police,-1.227565,52.453250,On or near Coventry Road,E01025791,Harborough 010B,Other theft,Local resolution,
bd31192d76a71803282c3b4316776108fff006a85be2fb9ee24cda5e0d7ff1a4,2023-12,Leicestershire Police,Leicestershire Police,-1.225122,52.450735,On or near Stanleys Way,E01025791,Harborough 010B,Public order,Unable to prosecute suspect,
85bcc9ab962668539c2597b8135b46ac08a1774758c7379508638f9632831cef,2023-12,Leicestershire Police,Leicestershire Police,-1.213607,52.452861,On or near Westerby Court,E01025791,Harborough 010B,Public order,Unable to prosecute suspect,
f4f85ae351cd8784d9d5047e7ae5f5523a91ccc5a943136ada8a7b7b3b68828a,2023-12,Leicestershire Police,Leicestershire Police,-1.222861,52.449614,On or near Stanleys Way,E01025791,Harborough 010B,Violence and sexual offences,Unable to prosecute suspect,
0840b2ddc4e37f3684631e0184b7016c67daab67cb24cd51baeaedb4106e655c,2023-12,Leicestershire Police,Leicestershire Police,-1.220531,52.454121,On or near Woodbrig Close,E01025791,Harborough 010B,Violence and sexual offences,Unable to prosecute suspect,
261e2cf82fb2bb72ee780af578bfd2c1455b0e7f53564e7cf066c6ca5235a21e,2023-12,Leicestershire Police,Leicestershire Police,-1.212355,52.451298,On or near Alexander Drive,E01025791,Harborough 010B,Violence and sexual offences,Unable to prosecute suspect,
dfddbbeffef967c290e3aa46d52cd51427342000faa298156e73d7ca24c7e66f,2023-12,Leicestershire Police,Leicestershire Police,-1.200858,52.458071,On or near Supermarket,E01025792,Harborough 010C,Other crime,Investigation complete; no suspect identified,
f9ab8a72ef38a9d631a62b84fb7949cfb193ec60930921d9e4b80bdce275f6ea,2023-12,Leicestershire Police,Leicestershire Police,-1.200858,52.458071,On or near Supermarket,E01025792,Harborough 010C,Criminal damage and arson,Investigation complete; no suspect identified,
4b6e00b5cb6e259c83e9dece10cb8cae67c19b3f36483e3995472af8d83778bd,2023-12,Leicestershire Police,Leicestershire Police,-1.201360,52.454676,On or near Bank Street,E01025792,Harborough 010C,Criminal damage and arson,Investigation complete; no suspect identified,
995348d8c35873e9d8a60f9fc48ea27f7a98d09f1603e0caa36087bce7262190,2023-12,Leicestershire Police,Leicestershire Police,-1.199353,52.456658,On or near Walker-Manor Court,E01025792,Harborough 010C,Other theft,Investigation complete; no suspect identified,
6589d50abffe38085ef0653571eae4104a7dc05d034723b3139a5f7f80aed692,2023-12,Leicestershire Police,Leicestershire Police,-1.200858,52.458071,On or near Supermarket,E01025792,Harborough 010C,Public order,Investigation complete; no suspect identified,
07e7e248ec27f543b74023483466f537e823edf9d4272ee2dc458003889e73ff,2023-12,Leicestershire Police,Leicestershire Police,-1.194541,52.450144,On or near Parking Area,E01025792,Harborough 010C,Public order,Investigation complete; no suspect identified,
4cba62714f8acba7cf429f7d3e7ad634fd2dd2fc7343570f3aafa72b38b5f939,2023-12,Leicestershire Police,Leicestershire Police,-1.200858,52.458071,On or near Supermarket,E01025792,Harborough 010C,Shoplifting,Investigation complete; no suspect identified,
2111a6a7c6ae25336da9c6e951d577b3f7dd32f512e33f92797e3f124800cb5b,2023-12,Leicestershire Police,Leicestershire Police,-1.199353,52.456658,On or near Walker-Manor Court,E01025792,Harborough 010C,Shoplifting,Investigation complete; no suspect identified,
760ca9d94f2987a55ec3d7f1929d06e9ecb8c32e6087ee92e84ace4fed095f84,2023-12,Leicestershire Police,Leicestershire Police,-1.196151,52.457086,On or near Boundary Road,E01025792,Harborough 010C,Vehicle crime,Investigation complete; no suspect identified,
0c0eb0b75b5287a0562bbfdbc2d96425b3e6164a043200d6ef6a5921c5d0995a,2023-12,Leicestershire Police,Leicestershire Police,-1.194541,52.450144,On or near Parking Area,E01025792,Harborough 010C,Vehicle crime,Investigation complete; no suspect identified,
404a894bdb516c81f0ace33679056c17e9dd17e64aefa8729ef545abe3b703f3,2023-12,Leicestershire Police,Leicestershire Police,-1.198080,52.455418,On or near Station Road,E01025792,Harborough 010C,Vehicle crime,Investigation complete; no suspect identified,
4df8781c86b0776b91b09c7c9c8792872d0e536122b91170ec3de7cebc273e1a,2023-12,Leicestershire Police,Leicestershire Police,-1.202702,52.458632,On or near Hazeland Court,E01025792,Harborough 010C,Vehicle crime,Investigation complete; no suspect identified,
91d64b6bf562dd358078a466d37507620741f7232c9e6946fa3ad53f05fc19d9,2023-12,Leicestershire Police,Leicestershire Police,-1.201201,52.460240,On or near Spencer Road,E01025792,Harborough 010C,Violence and sexual offences,Offender given a caution,
3423b71a6bf118994d92ca27e74c002a944730c418effda0ec0be35d4027b9d3,2023-12,Leicestershire Police,Leicestershire Police,-1.196703,52.453458,On or near Foxfield Close,E01025792,Harborough 010C,Violence and sexual offences,Unable to prosecute suspect,
d32b8f5917269a8b5cf987aa9995c3b328e408503c588497f3ee15f8044b76c7,2023-12,Leicestershire Police,Leicestershire Police,-1.200446,52.459642,On or near Newall Close,E01025792,Harborough 010C,Violence and sexual offences,Action to be taken by another organisation,
48e410acbd034bb4968c171c30de08041f8e6594012c7d92c4baadf092cc53be,2023-12,Leicestershire Police,Leicestershire Police,-1.201201,52.460240,On or near Spencer Road,E01025792,Harborough 010C,Violence and sexual offences,Offender given a caution,
bebc84b8d81d76bea4ea8029125f67d824f48441debb2afaae8596c6cabdc941,2023-12,Leicestershire Police,Leicestershire Police,-1.200802,52.456273,On or near Chapel Street,E01025792,Harborough 010C,Violence and sexual offences,Unable to prosecute suspect,
82b92ecb6cf18d82c35867f5c08eb25b1710451072dccdddc126ab3497b6f872,2023-12,Leicestershire Police,Leicestershire Police,-1.201267,52.452545,On or near Hill Drive,E01025792,Harborough 010C,Violence and sexual offences,Unable to prosecute suspect,
3f23b9ea04997c322d06d3e5d7d772afc8f7c186fb8b81b73659f170ee039a48,2023-12,Leicestershire Police,Leicestershire Police,-1.200918,52.455563,On or near Church Street,E01025792,Harborough 010C,Other crime,Local resolution,
,2023-12,Leicestershire Police,Leicestershire Police,-1.203257,52.470251,On or near Cowslip Court,E01035090,Harborough 010E,Anti-social behaviour,,
83518c68ea0875d80628b4aa62cbe0f3797c03c999d29c6a250efebaa9e0059a,2023-12,Leicestershire Police,Leicestershire Police,-1.200167,52.479940,On or near Parking Area,E01035090,Harborough 010E,Criminal damage and arson,Investigation complete; no suspect identified,
be1f57974cb27bee74c37255aee52052d0856490af9b233c0c2a15c8ef03ac65,2023-12,Leicestershire Police,Leicestershire Police,-1.198884,52.472757,On or near Leicester Road,E01035090,Harborough 010E,Criminal damage and arson,Investigation complete; no suspect identified,
697c4a46b2d529ab14e1daefb0681e29a26a01ef0badb793b9311cd58bd72890,2023-12,Leicestershire Police,Leicestershire Police,-1.201368,52.469744,On or near Poppy Road,E01035090,Harborough 010E,Violence and sexual offences,Unable to prosecute suspect,
59f31d064c5a4c94c73d4f9f1a57366b562d0ac3bf5f0b3eb4fc774ec63a2772,2023-12,Leicestershire Police,Leicestershire Police,-1.194237,52.469228,On or near Meteor Drive,E01035090,Harborough 010E,Violence and sexual offences,Unable to prosecute suspect,
d9dc25351ebaf4f418c5b774c8530b64b453f6eff175be29ce068abfbe6db93f,2023-12,Leicestershire Police,Leicestershire Police,-1.194237,52.469228,On or near Meteor Drive,E01035090,Harborough 010E,Violence and sexual offences,Unable to prosecute suspect,
6f4d56b2282458403701439956614f161be8a66f183fcabc892a574b398c9d5e,2023-12,Leicestershire Police,Leicestershire Police,-1.194237,52.469228,On or near Meteor Drive,E01035090,Harborough 010E,Violence and sexual offences,Unable to prosecute suspect,
b74f4ae95de9bac26d1c91dd1b10ae2dc87c796ccdd2ce336fe46ba06d52f891,2023-12,Leicestershire Police,Leicestershire Police,-1.196100,52.459909,On or near Vedonis Road,E01035091,Harborough 010F,Violence and sexual offences,Unable to prosecute suspect,
0f872747ff0e99e3be13c12918088e220a984180fcdf1cbba6a50b4c95cab8b5,2023-12,Leicestershire Police,Leicestershire Police,-1.203980,52.463639,On or near Tennyson Road,E01035091,Harborough 010F,Burglary,Investigation complete; no suspect identified,
6d028985344bcc92ca069c93d837352d7b1040e6847acb82cae771d81822e2e4,2023-12,Leicestershire Police,Leicestershire Police,-1.201031,52.462298,On or near Feildingway,E01035091,Harborough 010F,Other theft,Investigation complete; no suspect identified,
d47c1f1d4820bf4684f2ed44d09a30e5d76647edf4946963cc038f01f3d9d1ef,2023-12,Leicestershire Police,Leicestershire Police,-1.197226,52.465158,On or near Drage Close,E01035091,Harborough 010F,Vehicle crime,Investigation complete; no suspect identified,
94cef1a976f6195af0bad4f4fb4f690dd1d486e3d193a4bb8898d2dc1638d6eb,2023-12,Leicestershire Police,Leicestershire Police,-1.198098,52.460102,On or near Petrol Station,E01035091,Harborough 010F,Violence and sexual offences,Unable to prosecute suspect,
cd3a9e6c3f35a30d6cbdbfa7ef670b08d1e57608e97f5fe92868bdd92a351404,2023-12,Leicestershire Police,Leicestershire Police,-1.201031,52.462298,On or near Feildingway,E01035091,Harborough 010F,Violence and sexual offences,Unable to prosecute suspect,
5f2806adbb357d44ff9bc99c898f98a0ee1aac9c30908e1a5f76b93e28f60a4e,2023-12,Leicestershire Police,Leicestershire Police,-1.196100,52.459909,On or near Vedonis Road,E01035091,Harborough 010F,Violence and sexual offences,Investigation complete; no suspect identified,
5e36ed4407801ad8064b6c29a57294bb32ef6c3af4239ee9888f9cc0434fcd80,2023-12,Leicestershire Police,Leicestershire Police,-1.045370,52.628730,On or near St Luke'S Close,E01025812,Harborough 011A,Other theft,Unable to prosecute suspect,
f05f193777ca2d54c8ad21c43c7fd8ef228f7dbe4a1157860d5844eb0eacdc53,2023-12,Leicestershire Police,Leicestershire Police,-1.047392,52.627470,On or near Lakeside Court,E01025812,Harborough 011A,Burglary,Investigation complete; no suspect identified,
da854d4b1a92f4ff3580794c8b140796f317b6f729502a08b8a24f98707d0c59,2023-12,Leicestershire Police,Leicestershire Police,-1.041680,52.629240,On or near Hollies Way,E01025812,Harborough 011A,Burglary,Investigation complete; no suspect identified,
7f25fe011e2595c82ae9522566efc2207ec23674ed41e6577d58c40b60a0273f,2023-12,Leicestershire Police,Leicestershire Police,-1.041680,52.629240,On or near Hollies Way,E01025812,Harborough 011A,Public order,Unable to prosecute suspect,
3e45f49b529dc9b3c293af6a9d496a7fd6c343ddb639c70516b89b62fcb4b593,2023-12,Leicestershire Police,Leicestershire Police,-1.047804,52.632984,On or near Supermarket,E01025812,Harborough 011A,Shoplifting,Investigation complete; no suspect identified,
4448694909096012bccaeb9e3c23171446cca9bcfb8999d5652ca2579df0f547,2023-12,Leicestershire Police,Leicestershire Police,-1.041680,52.629240,On or near Hollies Way,E01025812,Harborough 011A,Violence and sexual offences,Unable to prosecute suspect,
c1c5b27974b8358560d09bde5d01fe212ee9fe850429b972dc59894f314fb017,2023-12,Leicestershire Police,Leicestershire Police,-1.045370,52.628730,On or near St Luke'S Close,E01025812,Harborough 011A,Violence and sexual offences,Unable to prosecute suspect,
dc597679f02354e8b75d518aa3c5a77f51b33bc66e6b347b87abf0603e583e91,2023-12,Leicestershire Police,Leicestershire Police,-1.037764,52.629244,On or near Newstead Avenue,E01025813,Harborough 011B,Burglary,Unable to prosecute suspect,
dd007537064fe1813a45bf125ddfed578bfb071711773c20b83a0d1f18d08556,2023-12,Leicestershire Police,Leicestershire Police,-1.037889,52.635026,On or near Meadowsweet Close,E01025813,Harborough 011B,Drugs,Unable to prosecute suspect,
2f83c6d91fd5efb2c9dcf5a5d71f70b1b6460d2e481896bca3f7dd79053b6f12,2023-12,Leicestershire Police,Leicestershire Police,-1.037889,52.635026,On or near Meadowsweet Close,E01025813,Harborough 011B,Drugs,Unable to prosecute suspect,
30132d7e79a34171e3096302a148cc90bf0a85ba03fe680085bed3811447201d,2023-12,Leicestershire Police,Leicestershire Police,-1.037889,52.635026,On or near Meadowsweet Close,E01025813,Harborough 011B,Possession of weapons,Status update unavailable,
25a3021ade35724250b3a25429f21aefa93df029af4e8648f0491ec7a494f6cb,2023-12,Leicestershire Police,Leicestershire Police,-1.032039,52.634942,On or near Harcourt Grove,E01025813,Harborough 011B,Possession of weapons,Unable to prosecute suspect,
00146ef41584a53c0315052f101361530516015b3b7028e409667faefbd359cc,2023-12,Leicestershire Police,Leicestershire Police,-1.037889,52.635026,On or near Meadowsweet Close,E01025813,Harborough 011B,Possession of weapons,Status update unavailable,
64b82cc8a4d7ab5d52dca777b52882ff6f1ca32238b59ffd464c5c2f2f190c88,2023-12,Leicestershire Police,Leicestershire Police,-1.042312,52.635475,On or near Gresley Close,E01025813,Harborough 011B,Violence and sexual offences,Unable to prosecute suspect,
52adccc7b8e58d6f7c347442e37d654d7c3344562b26860829ff25fe4d0dda07,2023-12,Leicestershire Police,Leicestershire Police,-1.038141,52.636331,On or near Cowslip Lane,E01025813,Harborough 011B,Violence and sexual offences,Further action is not in the public interest,
e1b7e1141a24d9e6062919c930ba62f8a4255dab0d6c19b8d760387288c8b7e8,2023-12,Leicestershire Police,Leicestershire Police,-1.037889,52.635026,On or near Meadowsweet Close,E01025813,Harborough 011B,Violence and sexual offences,Unable to prosecute suspect,
1248c8098e29dc8452c70e92ef83811738b0c8e79c23963cb74cda838b46d68f,2023-12,Leicestershire Police,Leicestershire Police,-1.038759,52.635779,On or near Foxglove Avenue,E01025813,Harborough 011B,Violence and sexual offences,Unable to prosecute suspect,
8182cfb55b16a8301eed87b5ebb8da0bdd693b72f2a73e6033076544d6b345ec,2023-12,Leicestershire Police,Leicestershire Police,-1.032263,52.632157,On or near Devenports Hill,E01025813,Harborough 011B,Violence and sexual offences,Unable to prosecute suspect,
,2023-12,Leicestershire Police,Leicestershire Police,-0.992496,52.625326,On or near Firs Road,E01025814,Harborough 011C,Anti-social behaviour,,
d92ee628744ae6643e81570bb10b778cbd440beff88d97036eee748f9890816f,2023-12,Leicestershire Police,Leicestershire Police,-0.997573,52.625539,On or near Supermarket,E01025814,Harborough 011C,Criminal damage and arson,Investigation complete; no suspect identified,
bba7d21f4e657098942e8c1d045071bad817290744424466602d216de8879844,2023-12,Leicestershire Police,Leicestershire Police,-0.994151,52.627884,On or near Ingarsby Lane,E01025814,Harborough 011C,Criminal damage and arson,Investigation complete; no suspect identified,
526734737a1e2fcb7b708e111a9fbc728f1dc55cc2741fe65aa22f2717a4299c,2023-12,Leicestershire Police,Leicestershire Police,-0.992496,52.625326,On or near Firs Road,E01025814,Harborough 011C,Other theft,Investigation complete; no suspect identified,
,2023-12,Leicestershire Police,Leicestershire Police,-1.037126,52.646904,On or near Cricketers Close,E01035092,Harborough 011E,Anti-social behaviour,,
faee91db31522f7557b5a7487af75338a4ca7bd75c049be4d02270ac070da398,2023-12,Leicestershire Police,Leicestershire Police,-1.037457,52.647986,On or near Mount View Road,E01035092,Harborough 011E,Other theft,Investigation complete; no suspect identified,
eb6c18bd375307ea91d80041bba4f1facd450e2ae87c47c61582a253ebc902b9,2023-12,Leicestershire Police,Leicestershire Police,-1.044681,52.646768,On or near The Drive,E01035092,Harborough 011E,Public order,Formal action is not in the public interest,
b570c1cb7dcb8ced79e1b00dc0dc841825e2f71822bfe3bc12c9ef03810397b8,2023-12,Leicestershire Police,Leicestershire Police,-1.043508,52.645023,On or near James Way,E01035092,Harborough 011E,Public order,Further action is not in the public interest,
557f86e6d38beaa43fcf5d08c747ec9775f39e4d27b0db012fe3a54a6db0ba01,2023-12,Leicestershire Police,Leicestershire Police,-1.041839,52.644281,On or near Facers Lane,E01035092,Harborough 011E,Vehicle crime,Investigation complete; no suspect identified,
2f3f9a27e8e6f699e47e83ae698aad15e810a5fa97f35e800c645df81cb6ced1,2023-12,Leicestershire Police,Leicestershire Police,-1.037457,52.647986,On or near Mount View Road,E01035092,Harborough 011E,Violence and sexual offences,Unable to prosecute suspect,
9dbdc08873104ba8f9912e718e79cc87bf1f95a495acb5099a11359a2857a978,2023-12,Leicestershire Police,Leicestershire Police,-1.040886,52.645254,On or near Coulter Close,E01035092,Harborough 011E,Violence and sexual offences,Unable to prosecute suspect,
87c74182f66d7175cf8a6c5c6b6425f28194dd4077b23a7cad60ad423d2524e9,2023-12,Leicestershire Police,Leicestershire Police,-1.044681,52.646768,On or near The Drive,E01035092,Harborough 011E,Violence and sexual offences,Investigation complete; no suspect identified,
aac93231457db3a5d34f77ed97950dc85a29daf1fee3f22c331f3b571722e0b3,2023-12,Leicestershire Police,Leicestershire Police,-1.037683,52.645093,On or near Elliots End,E01035092,Harborough 011E,Violence and sexual offences,Unable to prosecute suspect,
9d051fd1d8cf4de817613987b489ab3fb9206867fc3b5b28cf10a5eb4e685c88,2023-12,Leicestershire Police,Leicestershire Police,-1.037683,52.645093,On or near Elliots End,E01035092,Harborough 011E,Violence and sexual offences,Unable to prosecute suspect,
90ec0f0723e4ef2aee9f8df33a51c9189d8939a9828afdecfa3888dcbfb8e22a,2023-12,Leicestershire Police,Leicestershire Police,-1.044681,52.646768,On or near The Drive,E01035092,Harborough 011E,Violence and sexual offences,Unable to prosecute suspect,
8f62e7836db315daad7fa3b5aa80e393a9a1d0516a0f1fe31e5c6afe4fec22e1,2023-12,Leicestershire Police,Leicestershire Police,-1.047096,52.639721,On or near Orchard Close,E01035093,Harborough 011F,Vehicle crime,Action to be taken by another organisation,
fc68b3826a1e78f77375207fd747e49e3de9e43d5409fbed7a8c5049c8c692c2,2023-12,Leicestershire Police,Leicestershire Police,-1.046492,52.645737,On or near Supermarket,E01035093,Harborough 011F,Shoplifting,Court result unavailable,
62f14131f3cb320f4bea3595f9388391ac3afb4670d1b80c5b784ddc66cd9ac3,2023-12,Leicestershire Police,Leicestershire Police,-1.046492,52.645737,On or near Supermarket,E01035093,Harborough 011F,Shoplifting,Court result unavailable,
5ad8f28ae58019db798196efbf8b555ee002c0e9bfb60abd46f6bd69f3eb4b30,2023-12,Leicestershire Police,Leicestershire Police,-1.046492,52.645737,On or near Supermarket,E01035093,Harborough 011F,Shoplifting,Court result unavailable,
4f9f83648f8a3d7aeedff365a4bd3f2affc38cbcbf50f734d80943bf7a245a0d,2023-12,Leicestershire Police,Leicestershire Police,-1.046492,52.645737,On or near Supermarket,E01035093,Harborough 011F,Shoplifting,Investigation complete; no suspect identified,
d2d39cd2b77b425690dbd0953295cb10ecc539f04af4f5b7ce61d77e0ce69eef,2023-12,Leicestershire Police,Leicestershire Police,-1.047129,52.638184,On or near Thurncourt Gardens,E01035093,Harborough 011F,Theft from the person,Unable to prosecute suspect,
f99c855e36adba95d92d3feec9cc632e8cc0a1c7013d313ba2aa0e69896a33eb,2023-12,Leicestershire Police,Leicestershire Police,-1.043719,52.636691,On or near Somerby Road,E01035093,Harborough 011F,Violence and sexual offences,Investigation complete; no suspect identified,
7261ceb9da8d393feaead1b0aabdbcf0db5003c3964de51988d7b650b5bbe7a6,2023-12,Leicestershire Police,Leicestershire Police,-1.044574,52.636113,On or near Sedgefield Drive,E01035093,Harborough 011F,Violence and sexual offences,Unable to prosecute suspect,
9ca142492178c0efe49266fbd50d00f33ba4c46d65c78d81eb37696079060889,2023-12,Leicestershire Police,Leicestershire Police,-1.047129,52.638184,On or near Thurncourt Gardens,E01035093,Harborough 011F,Violence and sexual offences,Investigation complete; no suspect identified,
45885b6a580693ce7f45fa6ab4372cbfdeab5c5f759bf8574dbbb1768d144fca,2023-12,Leicestershire Police,Leicestershire Police,-1.047685,52.642548,On or near Lyncroft Leys,E01035093,Harborough 011F,Violence and sexual offences,Unable to prosecute suspect,
92aaf70145ee9f56786f9c31f4eba1341e2d448034f13013a399804aef36f75b,2023-12,Leicestershire Police,Leicestershire Police,-1.039034,52.638073,On or near Alice Hawkins Drive,E01035093,Harborough 011F,Violence and sexual offences,Unable to prosecute suspect,
3dc7c06e60eb89a52c2472ddc94f39cff047cd4336f41b655dde52f57a3c1d73,2023-12,Leicestershire Police,Leicestershire Police,-1.043619,52.643972,On or near Leticia Avenue,E01035093,Harborough 011F,Violence and sexual offences,Further investigation is not in the public interest,
49d43ec83294d459bd69712fa8b50be871a37bea20bd6ee35538388a0612def4,2023-12,Leicestershire Police,Leicestershire Police,-1.973320,53.457788,On or near Brookside Close,E01019733,High Peak 001A,Violence and sexual offences,Unable to prosecute suspect,
e7ed26a09fbecd0919fcb04a93df74c45efd68452806473b7437acd37e2c9d90,2023-12,Leicestershire Police,Leicestershire Police,-0.480051,51.543632,On or near Whitehall Close,E01002521,Hillingdon 016C,Other crime,Court result unavailable,
b642192f4ab6145f60cb2ffd4349adff96eacf335c53a3541566ccfd27b92ac5,2023-12,Leicestershire Police,Leicestershire Police,-1.278266,52.686645,On or near Parking Area,E01025868,Hinckley and Bosworth 001A,Violence and sexual offences,Unable to prosecute suspect,
2c08d74a6fe0ec24aa806eee4c4f93b8df969315fe0966909274f4074139dc91,2023-12,Leicestershire Police,Leicestershire Police,-1.278473,52.685720,On or near Supermarket,E01025868,Hinckley and Bosworth 001A,Other theft,Investigation complete; no suspect identified,
64301ab5386ce691465dc40bf8548a88a26ae521a070221336c0207f66cc1185,2023-12,Leicestershire Police,Leicestershire Police,-1.278557,52.684255,On or near Walnut Close,E01025868,Hinckley and Bosworth 001A,Public order,Investigation complete; no suspect identified,
3000d08d4435dcc42901915c54038f8384ba651761cf87b2c0b5e6d74d0ef11b,2023-12,Leicestershire Police,Leicestershire Police,-1.278473,52.685720,On or near Supermarket,E01025868,Hinckley and Bosworth 001A,Shoplifting,Investigation complete; no suspect identified,
3551845155071ed5b1d3c2316ef7493c96dc1996f5aef3c07a1c45959d30bfed,2023-12,Leicestershire Police,Leicestershire Police,-1.278473,52.685720,On or near Supermarket,E01025868,Hinckley and Bosworth 001A,Shoplifting,Investigation complete; no suspect identified,
503971da396b6aa3f4c627ed44051a3b718cd33b7ef6016567b0b5444f69eab8,2023-12,Leicestershire Police,Leicestershire Police,-1.280801,52.684512,On or near Church Drive,E01025868,Hinckley and Bosworth 001A,Violence and sexual offences,Unable to prosecute suspect,
bb61275a0c53b9775ac4d96000c91820959c21e3208f005d899b1c785ae212e1,2023-12,Leicestershire Police,Leicestershire Police,-1.274050,52.685747,On or near Bracken Way,E01025869,Hinckley and Bosworth 001B,Vehicle crime,Investigation complete; no suspect identified,
14bf507c622ea7a3e707be21c95673c686b71a0646977aac7e2d05eb122d700b,2023-12,Leicestershire Police,Leicestershire Police,-1.266539,52.684577,On or near Thomson Court,E01025869,Hinckley and Bosworth 001B,Vehicle crime,Investigation complete; no suspect identified,
9ee988b3c759581831dd0754208bd14adddeba9627696bd188b303ee69b535dd,2023-12,Leicestershire Police,Leicestershire Police,-1.272834,52.682315,On or near The Hawthorns,E01025869,Hinckley and Bosworth 001B,Violence and sexual offences,Unable to prosecute suspect,
ca36b15d921e2c06831eddbf1aabac2423eab6a5c71e311866bfd96cfbd32098,2023-12,Leicestershire Police,Leicestershire Police,-1.275675,52.687663,On or near Lillingstone Close,E01025869,Hinckley and Bosworth 001B,Violence and sexual offences,Unable to prosecute suspect,
90594f1afa98f6e8955ddc8b076b687b3680f712a6deceb1df7c52154d48666e,2023-12,Leicestershire Police,Leicestershire Police,-1.277889,52.681698,On or near Marston Drive,E01025870,Hinckley and Bosworth 001C,Robbery,Unable to prosecute suspect,
2dd67b9ee0278284dade770007718ab118d664a44077a419c6d6ec66ecf572f3,2023-12,Leicestershire Police,Leicestershire Police,-1.267423,52.683036,On or near Link Rise,E01025870,Hinckley and Bosworth 001C,Criminal damage and arson,Unable to prosecute suspect,
a8c57078b5d00577e49e96c0797a439c2f9789d45509d16cfe67128b28295d30,2023-12,Leicestershire Police,Leicestershire Police,-1.272229,52.683165,On or near The Chase,E01025870,Hinckley and Bosworth 001C,Public order,Investigation complete; no suspect identified,
4e415561d436c4397160f3f2ee6eb1f5d3d1479c9fef5d049c247252a51ed68c,2023-12,Leicestershire Police,Leicestershire Police,-1.278838,52.674386,On or near Thornton Lane,E01025870,Hinckley and Bosworth 001C,Public order,Investigation complete; no suspect identified,
dd2c7538748f4e1da6775de34bf0726332c0f68df54afe46cef647d062b12342,2023-12,Leicestershire Police,Leicestershire Police,-1.272229,52.683165,On or near The Chase,E01025870,Hinckley and Bosworth 001C,Violence and sexual offences,Unable to prosecute suspect,
41ed5206277a4728d8dc5b6f159fa9cb0d1ea0dc4d86a883e297a9e5ab9ebc31,2023-12,Leicestershire Police,Leicestershire Police,-1.267423,52.683036,On or near Link Rise,E01025870,Hinckley and Bosworth 001C,Violence and sexual offences,Unable to prosecute suspect,
b31d661292d914e11ca834f288a5678708c69ba8befc0341438e13d4cd409a50,2023-12,Leicestershire Police,Leicestershire Police,-1.271644,52.676482,On or near Further/Higher Educational Building,E01025870,Hinckley and Bosworth 001C,Violence and sexual offences,Unable to prosecute suspect,
87885b3b0d536f868a61be122288087cdc963ec790d17fbb915be1a2048d0bc7,2023-12,Leicestershire Police,Leicestershire Police,-1.310906,52.687262,On or near Luke Jackson Way,E01025871,Hinckley and Bosworth 001D,Other theft,Investigation complete; no suspect identified,
7e2eaf9fde4b20dcd66ff108eae2fefb0a065120f54cd23b21aad56974dde966,2023-12,Leicestershire Police,Leicestershire Police,-1.308306,52.691741,On or near Bell Close,E01025871,Hinckley and Bosworth 001D,Public order,Unable to prosecute suspect,
2c4e472f5d09092b2a777a4001b997256fa1cde91f202878593f9b372a65d3bd,2023-12,Leicestershire Police,Leicestershire Police,-1.310906,52.687262,On or near Luke Jackson Way,E01025871,Hinckley and Bosworth 001D,Public order,Unable to prosecute suspect,
150c588a856424e080c7e7229f00951e35f1a937cf6e7c9e174bcebd9962f0e0,2023-12,Leicestershire Police,Leicestershire Police,-1.308306,52.691741,On or near Bell Close,E01025871,Hinckley and Bosworth 001D,Vehicle crime,Investigation complete; no suspect identified,
565022bc8bc818cba43495dccdfe163275b131c4797660d041b24a0a83f954bb,2023-12,Leicestershire Police,Leicestershire Police,-1.295139,52.695296,On or near Petrol Station,E01025871,Hinckley and Bosworth 001D,Vehicle crime,Investigation complete; no suspect identified,
544c006434eefb5ed98fa02e20da623ed90354f24deecbbfd6bea58542bc9b67,2023-12,Leicestershire Police,Leicestershire Police,-1.296664,52.706299,On or near Copt Oak Road,E01025871,Hinckley and Bosworth 001D,Violence and sexual offences,Unable to prosecute suspect,
5948efce313b2a789cd0b49069ad49be8e3fb74a1d16e524716097ed8de24363,2023-12,Leicestershire Police,Leicestershire Police,-1.296664,52.706299,On or near Copt Oak Road,E01025871,Hinckley and Bosworth 001D,Violence and sexual offences,Unable to prosecute suspect,
ae4d10bf94f6da6b580b8512a030ca411936c37ee83fc81058ec16e2bd16d3a6,2023-12,Leicestershire Police,Leicestershire Police,-1.281906,52.682963,On or near Croftway,E01025871,Hinckley and Bosworth 001D,Violence and sexual offences,Investigation complete; no suspect identified,
bb014983221c511cf59358800eaaa0b5b347362e66f19d46c20aade34686d164,2023-12,Leicestershire Police,Leicestershire Police,-1.314010,52.701618,On or near Shaw Lane,E01025871,Hinckley and Bosworth 001D,Violence and sexual offences,Unable to prosecute suspect,
7bbc379e122be6dc668ef048942955c77a87767721e88114b70cb5449acc629e,2023-12,Leicestershire Police,Leicestershire Police,-1.281906,52.682963,On or near Croftway,E01025871,Hinckley and Bosworth 001D,Violence and sexual offences,Investigation complete; no suspect identified,
7ecd8e0af49841130fe204024eee484a54ae47e0b37a160f6fdf9a173afa2781,2023-12,Leicestershire Police,Leicestershire Police,-1.331279,52.697842,On or near West Lane,E01025871,Hinckley and Bosworth 001D,Violence and sexual offences,Unable to prosecute suspect,
16d4a4b540167f0b25c6bd752340d9b9f4e9270de04a7282f1f1297d51fef236,2023-12,Leicestershire Police,Leicestershire Police,-1.289372,52.711470,On or near Copt Oak Road,E01025871,Hinckley and Bosworth 001D,Violence and sexual offences,Unable to prosecute suspect,
55e9735f2beae8a8176834d5296e50353e8e3369fd1bc3b11ccffb059d554e41,2023-12,Leicestershire Police,Leicestershire Police,-1.279676,52.681853,On or near Birchfield Avenue,E01025871,Hinckley and Bosworth 001D,Violence and sexual offences,Unable to prosecute suspect,
48af97cbe24e8b0f07a66fbd105d77bd6fd9bfe4f85404f8819dd27287b6beda,2023-12,Leicestershire Police,Leicestershire Police,-1.289372,52.711470,On or near Copt Oak Road,E01025871,Hinckley and Bosworth 001D,Violence and sexual offences,Investigation complete; no suspect identified,
9738847dee4f38980aea1d6eb8b5fec68f7c0ef6e3de73ba35a0055d9984d13f,2023-12,Leicestershire Police,Leicestershire Police,-1.343333,52.674527,On or near Round House Close,E01035094,Hinckley and Bosworth 001F,Burglary,Investigation complete; no suspect identified,
eaae1d5315f11efd4af1d8b85f2d745fd654fa751b06eddf4d0de1b73fe58f7e,2023-12,Leicestershire Police,Leicestershire Police,-1.345522,52.675537,On or near Almond Way,E01035094,Hinckley and Bosworth 001F,Burglary,Investigation complete; no suspect identified,
598529b6914e8c1b5f358d0e9757f793f2456699ba6678eac085788d56fb2553,2023-12,Leicestershire Police,Leicestershire Police,-1.344774,52.675066,On or near Station Road,E01035094,Hinckley and Bosworth 001F,Burglary,Investigation complete; no suspect identified,
59a5f42a25cff69c96b426456f765abf833f900d7510a66302f75878202e4559,2023-12,Leicestershire Police,Leicestershire Police,-1.344432,52.674201,On or near Durham Close,E01035094,Hinckley and Bosworth 001F,Public order,Unable to prosecute suspect,
feb51de222d29e92c319df42b6cadb8990efa30ed0495a8bae4d9f93f1edda80,2023-12,Leicestershire Police,Leicestershire Police,-1.345522,52.675537,On or near Almond Way,E01035094,Hinckley and Bosworth 001F,Vehicle crime,Investigation complete; no suspect identified,
3f7e08410c4da0b9e895fb8f4c6ca3f0f4e954dec989cc798a67dbe484e40159,2023-12,Leicestershire Police,Leicestershire Police,-1.344432,52.674201,On or near Durham Close,E01035094,Hinckley and Bosworth 001F,Violence and sexual offences,Unable to prosecute suspect,
0150de68bc638a2de3c78cf6c258f918b02a4e4232e3ec6d7d81686f5dd127f7,2023-12,Leicestershire Police,Leicestershire Police,-1.348224,52.677817,On or near Bloxsom Close,E01035094,Hinckley and Bosworth 001F,Violence and sexual offences,Status update unavailable,
96c87c3ad0440f047a99187bc5cd63fc66f69f1ac4f5208cba65115554c49e2f,2023-12,Leicestershire Police,Leicestershire Police,-1.348622,52.675887,On or near Hawthorne Road,E01035094,Hinckley and Bosworth 001F,Violence and sexual offences,Investigation complete; no suspect identified,
f1574331a8b45fca01de1bdb80465ee7df50c3e81b4a9df2ffd0387aee962644,2023-12,Leicestershire Police,Leicestershire Police,-1.348622,52.675887,On or near Hawthorne Road,E01035094,Hinckley and Bosworth 001F,Other crime,Investigation complete; no suspect identified,
,2023-12,Leicestershire Police,Leicestershire Police,-1.343002,52.672943,On or near Warwick Close,E01035095,Hinckley and Bosworth 001G,Anti-social behaviour,,
1e5424bed289c1b57bb8763b1c32bd512a55e0619126771b6fa90542f9aa2052,2023-12,Leicestershire Police,Leicestershire Police,-1.343685,52.672776,On or near Maynard Close,E01035095,Hinckley and Bosworth 001G,Burglary,Investigation complete; no suspect identified,
85f8ebf1f30f42f32108320a1e582c268dec9bcd3e82a645a9ea938a3c8d562d,2023-12,Leicestershire Police,Leicestershire Police,-1.343685,52.672776,On or near Maynard Close,E01035095,Hinckley and Bosworth 001G,Burglary,Investigation complete; no suspect identified,
0d5c8ce18b28c07ffe0786463111fcb2cf8c3cedf0703c4ac6cbb8662ee649db,2023-12,Leicestershire Police,Leicestershire Police,-1.334836,52.667225,On or near Thornton Lane,E01035095,Hinckley and Bosworth 001G,Criminal damage and arson,Investigation complete; no suspect identified,
b27b0d923d51ec994882226c565b0e9b7cbd7006d7cf2d9b213d9829493a04a2,2023-12,Leicestershire Police,Leicestershire Police,-1.343002,52.672943,On or near Warwick Close,E01035095,Hinckley and Bosworth 001G,Public order,Investigation complete; no suspect identified,
1b7e42e2c94fa1cb240841e481ebf47d692e3e1ce834fd5988d6082ba827022b,2023-12,Leicestershire Police,Leicestershire Police,-1.340596,52.667725,On or near Barlestone Road,E01035095,Hinckley and Bosworth 001G,Vehicle crime,Investigation complete; no suspect identified,
f2b3573daf273b0b8fe377f19a215c19c3b952c182b5ad52c8ee1f7f770feec3,2023-12,Leicestershire Police,Leicestershire Police,-1.340640,52.668750,On or near Meadow Close,E01035095,Hinckley and Bosworth 001G,Violence and sexual offences,Unable to prosecute suspect,
323ce11903b0d64d85133ee78ad597dcfbe77f02c6773fcc351007c075477bdf,2023-12,Leicestershire Police,Leicestershire Police,-1.310596,52.661818,On or near St Peter'S Drive,E01035095,Hinckley and Bosworth 001G,Violence and sexual offences,Unable to prosecute suspect,
f56f8fe82dfe80a631d45113fcbf208dc8ef69dcb6db61a305a591dde1cf75da,2023-12,Leicestershire Police,Leicestershire Police,-1.310596,52.661818,On or near St Peter'S Drive,E01035095,Hinckley and Bosworth 001G,Violence and sexual offences,Unable to prosecute suspect,
1c1bf69de41b4806d401f79d63f71836ecec8618f6b1dc4d799c4c051a0d38bf,2023-12,Leicestershire Police,Leicestershire Police,-1.207862,52.662103,On or near Percival Way,E01025846,Hinckley and Bosworth 002A,Criminal damage and arson,Court result unavailable,
7ca76be057393ae92b3979a88ee2f9db61a022b8b7f2a01b00ebe409c638b6ca,2023-12,Leicestershire Police,Leicestershire Police,-1.225485,52.663037,On or near Supermarket,E01025846,Hinckley and Bosworth 002A,Public order,Investigation complete; no suspect identified,
4c79281ebfb21795d88fa0d892856f8a7e538425ba5b3e89b773368f35052fe8,2023-12,Leicestershire Police,Leicestershire Police,-1.225485,52.663037,On or near Supermarket,E01025846,Hinckley and Bosworth 002A,Public order,Investigation complete; no suspect identified,
bcf8e0c6df9613bb9a3baa99adbcf6ab86f8b9c0279c3bb6dbc9cd5a494cfb8d,2023-12,Leicestershire Police,Leicestershire Police,-1.207862,52.662103,On or near Percival Way,E01025846,Hinckley and Bosworth 002A,Public order,Investigation complete; no suspect identified,
852ef33eb25c7274194bc6515cd9097511c8b9e45e9a9d57c5b2ebc692165907,2023-12,Leicestershire Police,Leicestershire Police,-1.225485,52.663037,On or near Supermarket,E01025846,Hinckley and Bosworth 002A,Shoplifting,Unable to prosecute suspect,
eab298b87f82fabd821e7f23b0fc577a105960fab9cd5b4bab10c521c449e918,2023-12,Leicestershire Police,Leicestershire Police,-1.218520,52.662209,On or near Highway Close,E01025846,Hinckley and Bosworth 002A,Violence and sexual offences,Unable to prosecute suspect,
c9a35d08f1c9ec1657920017c9cb2a8ac62cd53681c450828114605c590639ee,2023-12,Leicestershire Police,Leicestershire Police,-1.223452,52.663428,On or near Parkside,E01025846,Hinckley and Bosworth 002A,Violence and sexual offences,Unable to prosecute suspect,
c1db3545ba54791cbcffb676a1920c2a61ff4a4a70e7fe3e841601c430e464db,2023-12,Leicestershire Police,Leicestershire Police,-1.224194,52.655774,On or near Supermarket,E01025847,Hinckley and Bosworth 002B,Other theft,Investigation complete; no suspect identified,
cb66abc2f0ced41fcfc88261b0da939cb56080161dddaf5036f3469a8caf9056,2023-12,Leicestershire Police,Leicestershire Police,-1.223225,52.653736,On or near Louise Avenue,E01025847,Hinckley and Bosworth 002B,Violence and sexual offences,Unable to prosecute suspect,
034da63965f2f356f9213de5c0d22460aea2fc075a2320b7657d123a5b884431,2023-12,Leicestershire Police,Leicestershire Police,-1.223225,52.653736,On or near Louise Avenue,E01025847,Hinckley and Bosworth 002B,Violence and sexual offences,Further action is not in the public interest,
6fe8a01e137975c9f6859f5d154e53f812754185ee5f59c605fed5cdfa5b85a9,2023-12,Leicestershire Police,Leicestershire Police,-1.223225,52.653736,On or near Louise Avenue,E01025847,Hinckley and Bosworth 002B,Violence and sexual offences,Unable to prosecute suspect,
eadfad6de2cc978e86d34541a8ea6f3805f4f2e7fa2d69fa9e17c1d852f29cb1,2023-12,Leicestershire Police,Leicestershire Police,-1.231415,52.660424,On or near Bennion Close,E01025848,Hinckley and Bosworth 002C,Public order,Formal action is not in the public interest,
bf15d434577fbb2471fe0f36161421a29e5e9af3df47a260ca8f9a36864614bb,2023-12,Leicestershire Police,Leicestershire Police,-1.232821,52.662914,On or near Forest View,E01025848,Hinckley and Bosworth 002C,Public order,Unable to prosecute suspect,
5bb2b9220d05633e746637bc40583e5238e4dfa284234c59cf6774605dd376e7,2023-12,Leicestershire Police,Leicestershire Police,-1.231415,52.660424,On or near Bennion Close,E01025848,Hinckley and Bosworth 002C,Violence and sexual offences,Unable to prosecute suspect,
ccffa13a900a260ada24623fe821c9077d7d3055414c166c7e937e9c0f863a1d,2023-12,Leicestershire Police,Leicestershire Police,-1.230831,52.661678,On or near Poplars Close,E01025848,Hinckley and Bosworth 002C,Violence and sexual offences,Unable to prosecute suspect,
bb42bafd28a42b07935c7be924e44f10df9940557c8be2cfaa2aa10f1810861f,2023-12,Leicestershire Police,Leicestershire Police,-1.230831,52.661678,On or near Poplars Close,E01025848,Hinckley and Bosworth 002C,Violence and sexual offences,Unable to prosecute suspect,
ab6dc44d835660adafd9fb4a0cdf3ee31650f1ead42ea021867762bc157c8a13,2023-12,Leicestershire Police,Leicestershire Police,-1.230831,52.661678,On or near Poplars Close,E01025848,Hinckley and Bosworth 002C,Violence and sexual offences,Unable to prosecute suspect,
,2023-12,Leicestershire Police,Leicestershire Police,-1.232488,52.661662,On or near Forest Rise,E01025848,Hinckley and Bosworth 002C,Anti-social behaviour,,
c9a7e0bbc2e1048a02610c367c89df1cf87ff119b52cbfbfe31a605f58fc0b22,2023-12,Leicestershire Police,Leicestershire Police,-1.232488,52.661662,On or near Forest Rise,E01025848,Hinckley and Bosworth 002C,Public order,Unable to prosecute suspect,
31d1eb4aa6b1081a1a11d754b61693fa4f0763f63827b888a66548594956b4dd,2023-12,Leicestershire Police,Leicestershire Police,-1.236484,52.663090,On or near Fern Crescent,E01025848,Hinckley and Bosworth 002C,Vehicle crime,Investigation complete; no suspect identified,
0dc681bbda6efc15956ec00d175f9047b7a7bc5322d15966c523c1de33d03a6f,2023-12,Leicestershire Police,Leicestershire Police,-1.232821,52.662914,On or near Forest View,E01025848,Hinckley and Bosworth 002C,Vehicle crime,Investigation complete; no suspect identified,
fd61838a3ce960e419c00d33e5ea770ff43d60e1eabd0b4a0d643dff6774a7c2,2023-12,Leicestershire Police,Leicestershire Police,-1.230831,52.661678,On or near Poplars Close,E01025848,Hinckley and Bosworth 002C,Violence and sexual offences,Investigation complete; no suspect identified,
3ab097bd05aab177d722d75d8bef8b05aeab0c1e391ba316836d948f6aa44383,2023-12,Leicestershire Police,Leicestershire Police,-1.230831,52.661678,On or near Poplars Close,E01025848,Hinckley and Bosworth 002C,Violence and sexual offences,Unable to prosecute suspect,
fb4273ecd34caa02c0aa42bd1c4c47623568078e96ab1a19d3080e37b1f32b2c,2023-12,Leicestershire Police,Leicestershire Police,-1.230831,52.661678,On or near Poplars Close,E01025848,Hinckley and Bosworth 002C,Violence and sexual offences,Unable to prosecute suspect,
fa8c76b0db2a42aac38575d9f2712f7c61e6ffde9ba193620d5cc581ca401fbc,2023-12,Leicestershire Police,Leicestershire Police,-1.232821,52.662914,On or near Forest View,E01025848,Hinckley and Bosworth 002C,Violence and sexual offences,Unable to prosecute suspect,
e6676774e09ca31e5fb4e9f9b74f6789d60df3e828f8ecd3174876906dc66b98,2023-12,Leicestershire Police,Leicestershire Police,-1.234441,52.662403,On or near Parklands Avenue,E01025848,Hinckley and Bosworth 002C,Violence and sexual offences,Unable to prosecute suspect,
63cc8aed64645474c9a0fb5ccd5de77065bd37c8e9b4254f8f4c210b48e7ebc1,2023-12,Leicestershire Police,Leicestershire Police,-1.229264,52.661686,On or near Stephenson Close,E01025848,Hinckley and Bosworth 002C,Other crime,Unable to prosecute suspect,
,2023-12,Leicestershire Police,Leicestershire Police,-1.230412,52.655248,On or near Greys Drive,E01025845,Hinckley and Bosworth 003A,Anti-social behaviour,,
e78e12f72e0d6114d3d8c5ff81a9d1a37a6933bf06ffb2db25f846f001760d08,2023-12,Leicestershire Police,Leicestershire Police,-1.245974,52.646186,On or near Sports/Recreation Area,E01025877,Hinckley and Bosworth 003B,Burglary,Investigation complete; no suspect identified,
4c50de847751119f6d921921e874327c6c7b5d214bdafa491bcef2ee8e8a207b,2023-12,Leicestershire Police,Leicestershire Police,-1.244450,52.647877,On or near Berry'S Lane,E01025877,Hinckley and Bosworth 003B,Vehicle crime,Investigation complete; no suspect identified,
6bcce284b386cac3d5451e252a0634d710f1842d6c0d1da2a5b2b988dc9d53d7,2023-12,Leicestershire Police,Leicestershire Police,-1.242548,52.645033,On or near Brook Drive,E01025877,Hinckley and Bosworth 003B,Violence and sexual offences,Unable to prosecute suspect,
3a79d6ffd755c8e22365814dd321baae0919319ba5aafc7c26e20243a72ee437,2023-12,Leicestershire Police,Leicestershire Police,-1.260331,52.638726,On or near Desford Lane,E01025877,Hinckley and Bosworth 003B,Violence and sexual offences,Unable to prosecute suspect,
17dea8b8f455752b106b9b516aa9a7641e746e6f6efd7ad7b1a2248cab00f25b,2023-12,Leicestershire Police,Leicestershire Police,-1.248785,52.653649,On or near The Poplars,E01025879,Hinckley and Bosworth 003C,Burglary,Investigation complete; no suspect identified,
badc0456851973e3ebc8ba37cd86f88b03f46d3707569c66e60ab420dac84eba,2023-12,Leicestershire Police,Leicestershire Police,-1.246157,52.650926,On or near Whittington Drive,E01025879,Hinckley and Bosworth 003C,Burglary,Investigation complete; no suspect identified,
d5e04503926d0f0f42ca5bd5d23e9b0ead45febb2571154bd06bb1ca6ccc6da5,2023-12,Leicestershire Police,Leicestershire Police,-1.247104,52.649713,On or near Sports/Recreation Area,E01025879,Hinckley and Bosworth 003C,Burglary,Unable to prosecute suspect,
98cc2920a493eda0df39723bb43f1ec67a49788ce0599384e4cd625ae5f44488,2023-12,Leicestershire Police,Leicestershire Police,-1.243701,52.651027,On or near Saxons Rise,E01025879,Hinckley and Bosworth 003C,Other theft,Unable to prosecute suspect,
00691150fc0a00235c8189b4d745ce8d33fe1f7c4ba4b860e1cf44bd412ce8e4,2023-12,Leicestershire Police,Leicestershire Police,-1.247991,52.651693,On or near Wolsey Drive,E01025879,Hinckley and Bosworth 003C,Public order,Unable to prosecute suspect,
c8af5ee922131e6e9b6b73ff46da92033e29f679c44736ecc4667631cf461941,2023-12,Leicestershire Police,Leicestershire Police,-1.246794,52.653393,On or near Markfield Road,E01025879,Hinckley and Bosworth 003C,Public order,Unable to prosecute suspect,
a58095b251b4d8ac7fd485ab3a6909c996e60491f2dbc24526f71ae5597bd16e,2023-12,Leicestershire Police,Leicestershire Police,-1.247104,52.649713,On or near Sports/Recreation Area,E01025879,Hinckley and Bosworth 003C,Public order,Unable to prosecute suspect,
819b90ccfc3b97986cde8bfa1c34b82ad386ccf56c936668b8952f21a4e7b928,2023-12,Leicestershire Police,Leicestershire Police,-1.243701,52.651027,On or near Saxons Rise,E01025879,Hinckley and Bosworth 003C,Violence and sexual offences,Unable to prosecute suspect,
a4b96499f90f2097fe759a83d1a2c0ca94d4e7b13ad3cf36f52a564b674c54db,2023-12,Leicestershire Police,Leicestershire Police,-1.247575,52.650980,On or near Stamford Close,E01025879,Hinckley and Bosworth 003C,Other crime,Investigation complete; no suspect identified,
53da5f4a5bf4c45594763ac0705071b1b966e7e5a146b55c8a0655b241b24340,2023-12,Leicestershire Police,Leicestershire Police,-1.240904,52.651234,On or near Groby Road,E01025880,Hinckley and Bosworth 003D,Other theft,Unable to prosecute suspect,
b5739ff6111efc83d59054d6ba6feea31ba987f35f39280268182dfe10b62d6a,2023-12,Leicestershire Police,Leicestershire Police,-1.239368,52.652024,On or near Groby Road,E01025880,Hinckley and Bosworth 003D,Other theft,Investigation complete; no suspect identified,
679987224585360243898c9c194ef1a992c7b8be6eb1f711fac26b11631fc8f7,2023-12,Leicestershire Police,Leicestershire Police,-1.236904,52.649177,On or near Woodville Close,E01025880,Hinckley and Bosworth 003D,Violence and sexual offences,Unable to prosecute suspect,
9b8026369b9153f4c6dad9cbdedbd9626b387b6f53897eeca81198b3071c1678,2023-12,Leicestershire Police,Leicestershire Police,-1.235613,52.647748,On or near Middlebrook Close,E01025880,Hinckley and Bosworth 003D,Violence and sexual offences,Investigation complete; no suspect identified,
d3f3f9ceb14041824d8d1d37eab9e9cbb0313d0a60e0e849c0cad9938961e316,2023-12,Leicestershire Police,Leicestershire Police,-1.383602,52.660054,On or near Church Road,E01025819,Hinckley and Bosworth 004A,Other theft,Investigation complete; no suspect identified,
6a42cbe7a3dd99817b91caa4ad72c6c64808f32810a3cbec94c0edeb01e1f258,2023-12,Leicestershire Police,Leicestershire Police,-1.367073,52.648739,On or near St Giles Close,E01025819,Hinckley and Bosworth 004A,Vehicle crime,Investigation complete; no suspect identified,
11461737abb3d6a0ee6d6dda65c7bc52eb0babad556d5fb0ac6ac54a92befcc1,2023-12,Leicestershire Police,Leicestershire Police,-1.368313,52.647828,On or near Main Street,E01025819,Hinckley and Bosworth 004A,Violence and sexual offences,Unable to prosecute suspect,
0139015c70031f9aa5196965826498e5b8486c71dcbebe2c81d8a3b7479f5d20,2023-12,Leicestershire Police,Leicestershire Police,-1.367073,52.648739,On or near St Giles Close,E01025819,Hinckley and Bosworth 004A,Violence and sexual offences,Unable to prosecute suspect,
884e2023bfdfef611703ccc3c0d5d108bab995ff0f7a6679ef7f0ccbc23a7b40,2023-12,Leicestershire Police,Leicestershire Police,-1.393710,52.666777,On or near Ibstock Road,E01025819,Hinckley and Bosworth 004A,Violence and sexual offences,Local resolution,
d80fa95d7f1a576e34e065751ac294d16fb68a0593e2b7c2ea212dd5aa0b1b61,2023-12,Leicestershire Police,Leicestershire Police,-1.397288,52.673303,On or near Overton Road,E01025819,Hinckley and Bosworth 004A,Other crime,Status update unavailable,
2b2b754499ad5f5f645855f528d5e846902875be775d3a7668c3eb72e5baad71,2023-12,Leicestershire Police,Leicestershire Police,-1.361384,52.644546,On or near Newbold Road,E01025820,Hinckley and Bosworth 004B,Burglary,Investigation complete; no suspect identified,
80a458ece0a7bf96739d6baca06665aa49d540502fdb1c82132eb20752c8bad6,2023-12,Leicestershire Police,Leicestershire Police,-1.361384,52.644546,On or near Newbold Road,E01025820,Hinckley and Bosworth 004B,Other theft,Unable to prosecute suspect,
99246fcebcd530db644c9049a807283d22a26c353d747dfd14bf2eff7d15e01c,2023-12,Leicestershire Police,Leicestershire Police,-1.348586,52.656424,On or near Garland Lane,E01025820,Hinckley and Bosworth 004B,Violence and sexual offences,Status update unavailable,
46f4a6ec9ee0917867892d0bcc13215af02b78666d41a80ac15acc308876626b,2023-12,Leicestershire Police,Leicestershire Police,-1.376708,52.645814,On or near Cunnery Close,E01025820,Hinckley and Bosworth 004B,Violence and sexual offences,Unable to prosecute suspect,
73e32729b087e9273627ba9969cd8b24ccb2e88f4b9c318c668afb48dd3a8841,2023-12,Leicestershire Police,Leicestershire Police,-1.348586,52.656424,On or near Garland Lane,E01025820,Hinckley and Bosworth 004B,Other crime,Further action is not in the public interest,
38bef1995e138a107c7d2b4388aaa4aff3de5708c49af7ac9f99cac295638c63,2023-12,Leicestershire Police,Leicestershire Police,-1.421704,52.626255,On or near Pipistrelle Drive,E01025837,Hinckley and Bosworth 004C,Violence and sexual offences,Unable to prosecute suspect,
423621f003b4ca0beab0c0c0f6223113525d1b03b6caf70391fd1a5dcaa88064,2023-12,Leicestershire Police,Leicestershire Police,-1.401396,52.624806,On or near Main Street,E01025838,Hinckley and Bosworth 004D,Criminal damage and arson,Local resolution,
6b0afce697b197c2dffe9b27cc10def1d06e1dda42e6aad0a1324af49907ea8c,2023-12,Leicestershire Police,Leicestershire Police,-1.400826,52.625450,On or near Church Street,E01025838,Hinckley and Bosworth 004D,Other theft,Investigation complete; no suspect identified,
c7e5b9041547223e4db2d1779acecfd4c8bd2ec7f636881d6fe2f46b48f36bba,2023-12,Leicestershire Police,Leicestershire Police,-1.401394,52.623880,On or near Market Place,E01025838,Hinckley and Bosworth 004D,Public order,Investigation complete; no suspect identified,
aa6cbf7b9dc3a2e3ce158d948ee0a16f09e3ccd9ff881f0b1cf2adc5d9c5974b,2023-12,Leicestershire Police,Leicestershire Police,-1.371892,52.614639,On or near Cadeby Court,E01025838,Hinckley and Bosworth 004D,Public order,Investigation complete; no suspect identified,
6c5158f31a5abb145469f660ce0ecaec7fbfe50186b424a2d5b23c4abcb3fb02,2023-12,Leicestershire Police,Leicestershire Police,-1.401396,52.624806,On or near Main Street,E01025838,Hinckley and Bosworth 004D,Public order,Unable to prosecute suspect,
787eb8e992449a49f19eca1840535839940e710dc540e9f338295c38418fc777,2023-12,Leicestershire Police,Leicestershire Police,-1.408240,52.622278,On or near Tudor Close,E01025838,Hinckley and Bosworth 004D,Violence and sexual offences,Unable to prosecute suspect,
83963b435c5204b1585eec304dd6ce3b205f60b8f4732df6f328c2a941805064,2023-12,Leicestershire Police,Leicestershire Police,-1.404534,52.623267,On or near Southfield Way,E01025838,Hinckley and Bosworth 004D,Other crime,Formal action is not in the public interest,
a948de512f96578d5ab5535ab7c00e87aac592d0542ec6c3ae94b0c6d132dfcf,2023-12,Leicestershire Police,Leicestershire Police,-1.522692,52.659131,On or near Main Street,E01025882,Hinckley and Bosworth 004E,Burglary,Investigation complete; no suspect identified,
732d181f0e79253071b9962961206b219ff57bd77525df4cadd7954d62ad929e,2023-12,Leicestershire Police,Leicestershire Police,-1.546185,52.597589,On or near Atherstone Road,E01025882,Hinckley and Bosworth 004E,Other crime,Unable to prosecute suspect,
70b9f83bf8634c45f4d10ad5e456b34c111ae015a2d0432bb9664a0cead3927c,2023-12,Leicestershire Police,Leicestershire Police,-1.526776,52.653304,On or near Burton Road,E01025882,Hinckley and Bosworth 004E,Other crime,Investigation complete; no suspect identified,
f72904f4efeb4287be6708cc2996deedebfa688a6bf7e0d322098189b085faf4,2023-12,Leicestershire Police,Leicestershire Police,-1.323581,52.629035,On or near Kirkby Lane,E01025872,Hinckley and Bosworth 005A,Burglary,Investigation complete; no suspect identified,
aa247837e516b8bd90efefdee49f79fea2fa74cd2ab14e1b8de6a64ceef68dc1,2023-12,Leicestershire Police,Leicestershire Police,-1.338510,52.628580,On or near Bramble Drive,E01025872,Hinckley and Bosworth 005A,Other theft,Investigation complete; no suspect identified,
,2023-12,Leicestershire Police,Leicestershire Police,-1.330015,52.603424,On or near Preston Close,E01025873,Hinckley and Bosworth 005B,Anti-social behaviour,,
b5581e9fd1a062cb818a79c47f35fae60eff78a4f618b4b4426e18443e5666a8,2023-12,Leicestershire Police,Leicestershire Police,-1.327396,52.602806,On or near The Close,E01025873,Hinckley and Bosworth 005B,Criminal damage and arson,Investigation complete; no suspect identified,
349d73739eb157561640801e9ad443fb9a98d58da809e6bd1f08c8b9578ee2fe,2023-12,Leicestershire Police,Leicestershire Police,-1.346114,52.599153,On or near Stapleton Lane,E01025873,Hinckley and Bosworth 005B,Criminal damage and arson,Local resolution,
059bdd743309d40993fadef1bcbaf8950de20cf6d227e7a3b0b3ee2bc02610cc,2023-12,Leicestershire Police,Leicestershire Police,-1.364161,52.600825,On or near Hinckley Road,E01025873,Hinckley and Bosworth 005B,Other theft,Investigation complete; no suspect identified,
d0aeb065b321c396590d276fdbc69d28faf2672b1400aa4a50eae788f091c352,2023-12,Leicestershire Police,Leicestershire Police,-1.332103,52.604002,On or near Newbold Road,E01025873,Hinckley and Bosworth 005B,Other theft,Unable to prosecute suspect,
d24fc358c5d5ea94af803cdb4c738e9facc221b35fd8f657afd3ac3f86d9c9b0,2023-12,Leicestershire Police,Leicestershire Police,-1.346114,52.599153,On or near Stapleton Lane,E01025873,Hinckley and Bosworth 005B,Public order,Unable to prosecute suspect,
84c2e8c16fb986d1dc7390dae0e11df66b6d833dd56e4e034b0eecaacd26a03a,2023-12,Leicestershire Police,Leicestershire Police,-1.330627,52.601063,On or near Church Road,E01025873,Hinckley and Bosworth 005B,Vehicle crime,Investigation complete; no suspect identified,
42eb63c6158d6420dae060089d374ff166f4b285d54fd848081f3dfdafa7da25,2023-12,Leicestershire Police,Leicestershire Police,-1.330015,52.603424,On or near Preston Close,E01025873,Hinckley and Bosworth 005B,Violence and sexual offences,Unable to prosecute suspect,
9b268cb3db6afa1c924ed4e67852bdfc98c0a7746c65cb8a22f8ed0e3bd53e98,2023-12,Leicestershire Police,Leicestershire Police,-1.346114,52.599153,On or near Stapleton Lane,E01025873,Hinckley and Bosworth 005B,Violence and sexual offences,Formal action is not in the public interest,
31560e28ff091aeaee879bf63342d97d6d2ad8aeb4760a4587ff3220119e003a,2023-12,Leicestershire Police,Leicestershire Police,-1.298100,52.628128,On or near Supermarket,E01025873,Hinckley and Bosworth 005B,Violence and sexual offences,Unable to prosecute suspect,
1090c20d3db3cae57c4b30a279d3dff6f049a343a5f6fff0472e4025ba781d44,2023-12,Leicestershire Police,Leicestershire Police,-1.346114,52.599153,On or near Stapleton Lane,E01025873,Hinckley and Bosworth 005B,Violence and sexual offences,Formal action is not in the public interest,
91adf56412fdfb7aa6162193391a5f8ffc7f2a943da62e8764689196b26a99b8,2023-12,Leicestershire Police,Leicestershire Police,-1.296830,52.627765,On or near Chapel Lane,E01025873,Hinckley and Bosworth 005B,Violence and sexual offences,Action to be taken by another organisation,
d8661388bfbb8258f2149369a815f579c2aa74fa18e7508b43e073cefd57c4d7,2023-12,Leicestershire Police,Leicestershire Police,-1.333112,52.602695,On or near Stapleton Lane,E01025873,Hinckley and Bosworth 005B,Violence and sexual offences,Investigation complete; no suspect identified,
947046eec79f9c84ac0ec0f616de72c39054e87268d977f741fd8b15131cb89f,2023-12,Leicestershire Police,Leicestershire Police,-1.297017,52.624413,On or near Lynwood Close,E01025874,Hinckley and Bosworth 005C,Burglary,Investigation complete; no suspect identified,
85f827d4c47dbe31bbe95b4d26c60289e1b28dd4cce94bce938d8868b8830203,2023-12,Leicestershire Police,Leicestershire Police,-1.299863,52.624708,On or near Beech Way,E01025874,Hinckley and Bosworth 005C,Criminal damage and arson,Formal action is not in the public interest,
1c30d25598ceb635f06f0a239247e51c6f8e008526f79507167e169c5efef7bd,2023-12,Leicestershire Police,Leicestershire Police,-1.304237,52.625570,On or near Ashfield Road,E01025874,Hinckley and Bosworth 005C,Criminal damage and arson,Investigation complete; no suspect identified,
e1f63b1880e14daaf541d859fb9f949ec9a0913bb7a0d98c1443fe044e422489,2023-12,Leicestershire Police,Leicestershire Police,-1.299735,52.622577,On or near Salisbury Close,E01025874,Hinckley and Bosworth 005C,Violence and sexual offences,Investigation complete; no suspect identified,
b0c8bd2b287af717c001a23be33389163a81306b841736f3f4f2d51bb248f068,2023-12,Leicestershire Police,Leicestershire Police,-1.302099,52.624425,On or near The Grove,E01025874,Hinckley and Bosworth 005C,Violence and sexual offences,Unable to prosecute suspect,
e319f94d1e24d30815b990c8dcb5770910a5288467d9ba78cc421c1b23376550,2023-12,Leicestershire Police,Leicestershire Police,-1.298616,52.625123,On or near Holmfield Road,E01025874,Hinckley and Bosworth 005C,Violence and sexual offences,Unable to prosecute suspect,
7fa0003eb89e224ea53c17a17372f5fe8dd27e1d5d211bed1ba28f955f41ee2e,2023-12,Leicestershire Police,Leicestershire Police,-1.302336,52.623437,On or near St Martin'S Drive,E01025874,Hinckley and Bosworth 005C,Other crime,Status update unavailable,
31836bcc90093c68450b264890072ce9c0860e9f760541b00c2f1d0250abc6c5,2023-12,Leicestershire Police,Leicestershire Police,-1.343034,52.633334,On or near Gilliver Street,E01025875,Hinckley and Bosworth 005D,Vehicle crime,Investigation complete; no suspect identified,
088c2a9522c8cdbded6f736dbbec94ba92dc28efc52c86b4ee6d792a2b1ba3f9,2023-12,Leicestershire Police,Leicestershire Police,-1.345214,52.633742,On or near Crew Lane,E01025875,Hinckley and Bosworth 005D,Vehicle crime,Investigation complete; no suspect identified,
d5dc192d84df16f90d261d9c64eea109071012f26e8590d87eea23a4584e89e8,2023-12,Leicestershire Police,Leicestershire Police,-1.346816,52.634371,On or near Moat Close,E01025875,Hinckley and Bosworth 005D,Vehicle crime,Investigation complete; no suspect identified,
0dd8478ca2ba2674afc068f8fd940bd85b71de4675e12382f9d1304c8b15837f,2023-12,Leicestershire Police,Leicestershire Police,-1.346816,52.634371,On or near Moat Close,E01025875,Hinckley and Bosworth 005D,Violence and sexual offences,Unable to prosecute suspect,
e102dd1e21980024d08c36906b1135320445eaef37edd2dd0297775995b61d51,2023-12,Leicestershire Police,Leicestershire Police,-1.344598,52.632480,On or near Dragon Lane,E01025875,Hinckley and Bosworth 005D,Violence and sexual offences,Unable to prosecute suspect,
18bd6d6c92ee49ce73c6d6436de1b607d6852787517d1f82aef261ad0d11126c,2023-12,Leicestershire Police,Leicestershire Police,-1.342068,52.632663,On or near Statham Street,E01025875,Hinckley and Bosworth 005D,Violence and sexual offences,Unable to prosecute suspect,
18397620dd481fdeeee335a03945bf0cda4686e57b62dbc6c92dd70cbd601685,2023-12,Leicestershire Police,Leicestershire Police,-1.342727,52.632119,On or near Hill Street,E01025875,Hinckley and Bosworth 005D,Violence and sexual offences,Unable to prosecute suspect,
59d638734877b18500003f893ac200b2fdbc4c947ec58b0613b31a3fd1013b67,2023-12,Leicestershire Police,Leicestershire Police,-1.346816,52.634371,On or near Moat Close,E01025875,Hinckley and Bosworth 005D,Violence and sexual offences,Unable to prosecute suspect,
ebd7aafa1ec12ba79fbef3ba369196e0fa84ca3eb575a301375354d600f9b55f,2023-12,Leicestershire Police,Leicestershire Police,-1.292035,52.621911,On or near Meadow Way,E01025876,Hinckley and Bosworth 005E,Burglary,Investigation complete; no suspect identified,
4779f146157778399116181b50d40cadd8a427447fe2b4373f1dfbd03b66f0b0,2023-12,Leicestershire Police,Leicestershire Police,-1.264395,52.616690,On or near Leicester Lane,E01025876,Hinckley and Bosworth 005E,Burglary,Investigation complete; no suspect identified,
dba581dbc87531a5c373e34c3977e1c35b00a8d993d464950bf1d98dacca5c08,2023-12,Leicestershire Police,Leicestershire Police,-1.291070,52.625870,On or near Roman Close,E01025876,Hinckley and Bosworth 005E,Vehicle crime,Investigation complete; no suspect identified,
b5702c211414a7469b7fe673cfb317eed508a3a7f6b943259cc2c8d46b0ba1d0,2023-12,Leicestershire Police,Leicestershire Police,-1.287944,52.626408,On or near Leicester Lane,E01025876,Hinckley and Bosworth 005E,Violence and sexual offences,Further action is not in the public interest,
2f0f7ad914a598c83e3071b0bb686ccb3aa8b1db1eb316a6993c2c0097411dce,2023-12,Leicestershire Police,Leicestershire Police,-1.292035,52.621911,On or near Meadow Way,E01025876,Hinckley and Bosworth 005E,Other crime,Investigation complete; no suspect identified,
21cce2a292997a16a2e11ea105e4f185f1e4bd3bc094133b2387aa68d46a7748,2023-12,Leicestershire Police,Leicestershire Police,-1.287944,52.626408,On or near Leicester Lane,E01025876,Hinckley and Bosworth 005E,Other crime,Action to be taken by another organisation,
,2023-12,Leicestershire Police,Leicestershire Police,-1.313909,52.571957,On or near Equity Road East,E01025839,Hinckley and Bosworth 006A,Anti-social behaviour,,
be6db460787804fee8483016a29fbaa9bd1a3857d3532b63de71c497cb1208ae,2023-12,Leicestershire Police,Leicestershire Police,-1.320591,52.571168,On or near Norman Dagley Close,E01025839,Hinckley and Bosworth 006A,Violence and sexual offences,Unable to prosecute suspect,
5a3402e937ca7ff387811fab98109baf628a43204374dc69d336600c408779ea,2023-12,Leicestershire Police,Leicestershire Police,-1.316562,52.573132,On or near Queens Close,E01025839,Hinckley and Bosworth 006A,Violence and sexual offences,Unable to prosecute suspect,
e85e671c331ae9a8e2e543a7f8ca0eb9a19044909c7844866daba0ee43490d76,2023-12,Leicestershire Police,Leicestershire Police,-1.331886,52.572608,On or near Belle Vue Road,E01025840,Hinckley and Bosworth 006B,Public order,Further action is not in the public interest,
,2023-12,Leicestershire Police,Leicestershire Police,-1.327552,52.570399,On or near Edinburgh Road,E01025840,Hinckley and Bosworth 006B,Anti-social behaviour,,
dec0a15f409ad445f7da5c23f9619c4aae0155ada72c6b8a87315bf8c7490458,2023-12,Leicestershire Police,Leicestershire Police,-1.328764,52.575116,On or near Heath Lane,E01025840,Hinckley and Bosworth 006B,Burglary,Investigation complete; no suspect identified,
11d40cf23e6736b48fdeb43b30535233fb23316d5300783d387be092dea69358,2023-12,Leicestershire Police,Leicestershire Police,-1.327552,52.570399,On or near Edinburgh Road,E01025840,Hinckley and Bosworth 006B,Criminal damage and arson,Investigation complete; no suspect identified,
cb83cd209863be9e406db867abec9966c746232e947438cfa78e812530c12dd3,2023-12,Leicestershire Police,Leicestershire Police,-1.327552,52.570399,On or near Edinburgh Road,E01025840,Hinckley and Bosworth 006B,Vehicle crime,Investigation complete; no suspect identified,
1bb5f17073fe727e1e230e0db02e1d37042899ef7565d883acb372fb3f1e10af,2023-12,Leicestershire Police,Leicestershire Police,-1.322510,52.573022,On or near Rossendale Road,E01025840,Hinckley and Bosworth 006B,Vehicle crime,Investigation complete; no suspect identified,
0d7dc8e77cc3a4184fc39f07e814380e72876c80bca8908159db93c36fcb2b03,2023-12,Leicestershire Police,Leicestershire Police,-1.320541,52.572489,On or near New Street,E01025840,Hinckley and Bosworth 006B,Vehicle crime,Investigation complete; no suspect identified,
a5c9a4855f5a21233d485b82b524dbe141ffaad4a91ccf25c3fb2f7e99ba55d1,2023-12,Leicestershire Police,Leicestershire Police,-1.330496,52.573786,On or near Mallory Street,E01025840,Hinckley and Bosworth 006B,Violence and sexual offences,Investigation complete; no suspect identified,
,2023-12,Leicestershire Police,Leicestershire Police,-1.320288,52.568811,On or near Maple Way,E01025841,Hinckley and Bosworth 006C,Anti-social behaviour,,
,2023-12,Leicestershire Police,Leicestershire Police,-1.312354,52.567623,On or near Masefield Drive,E01025841,Hinckley and Bosworth 006C,Anti-social behaviour,,
29b9766228cb29d5d627205a7325ca177310094a191950a34aa0fafb84ab6d35,2023-12,Leicestershire Police,Leicestershire Police,-1.323397,52.569098,On or near Cedar Road,E01025841,Hinckley and Bosworth 006C,Vehicle crime,Investigation complete; no suspect identified,
7eecf4512fb7fb19b12ee65276ef44dfbc2a2b6ff51a3dd9c32476579a6ee1e9,2023-12,Leicestershire Police,Leicestershire Police,-1.317101,52.570752,On or near The Grange,E01025841,Hinckley and Bosworth 006C,Vehicle crime,Investigation complete; no suspect identified,
84d7fa650388146f2fcc9bcd5b9b44cac956ef65635243bfbbfd91f527896a50,2023-12,Leicestershire Police,Leicestershire Police,-1.317101,52.570752,On or near The Grange,E01025841,Hinckley and Bosworth 006C,Vehicle crime,Investigation complete; no suspect identified,
81490b1098b257afe6606af6ef5ed15a4b7fb7c266af4f9a7b9d4d25d9af66e5,2023-12,Leicestershire Police,Leicestershire Police,-1.323397,52.569098,On or near Cedar Road,E01025841,Hinckley and Bosworth 006C,Violence and sexual offences,Unable to prosecute suspect,
75ec71bf1a35865e38c80f1041786c545eb9cb1fd8f24979ad0bcf3505e6fe1f,2023-12,Leicestershire Police,Leicestershire Police,-1.314972,52.567216,On or near Oaklands Drive,E01025841,Hinckley and Bosworth 006C,Violence and sexual offences,Unable to prosecute suspect,
620dcfadd91d0d0e4ab573d529b03874da2dd5490b8468f0ccb3455421479590,2023-12,Leicestershire Police,Leicestershire Police,-1.303171,52.578277,On or near Earl Street,E01025842,Hinckley and Bosworth 006D,Other theft,Investigation complete; no suspect identified,
fd241e251c3df1bd3193eb440f5f0bdb7348da62d70a315836ecdfe423587e7e,2023-12,Leicestershire Police,Leicestershire Police,-1.307541,52.580019,On or near Grewcocks Place,E01025842,Hinckley and Bosworth 006D,Vehicle crime,Investigation complete; no suspect identified,
4bcf4b00123cd1f92f30f64506bb765f4f8dda364ac84b5acea241e6bc8de884,2023-12,Leicestershire Police,Leicestershire Police,-1.304437,52.577502,On or near Hallam Close,E01025842,Hinckley and Bosworth 006D,Violence and sexual offences,Local resolution,
223feba09f0375a252c332e2c3fa5ee64b6533677c91a07f3755882cfcb26a46,2023-12,Leicestershire Police,Leicestershire Police,-1.310948,52.579221,On or near Keats Close,E01025843,Hinckley and Bosworth 006E,Violence and sexual offences,Unable to prosecute suspect,
,2023-12,Leicestershire Police,Leicestershire Police,-1.311890,52.578445,On or near West Street,E01025843,Hinckley and Bosworth 006E,Anti-social behaviour,,
,2023-12,Leicestershire Police,Leicestershire Police,-1.323355,52.577540,On or near Notleyfield Close,E01025843,Hinckley and Bosworth 006E,Anti-social behaviour,,
,2023-12,Leicestershire Police,Leicestershire Police,-1.323355,52.577540,On or near Notleyfield Close,E01025843,Hinckley and Bosworth 006E,Anti-social behaviour,,
f6fe72894694c97854e5adc1999e2eba384f9cbd748ff7f521cabfa47ea85371,2023-12,Leicestershire Police,Leicestershire Police,-1.322230,52.575870,On or near Westfield Avenue,E01025843,Hinckley and Bosworth 006E,Burglary,Investigation complete; no suspect identified,
55a997f10c11515a4277eda5eb35e70cb4a88b88f625dd73904a7543f24f760f,2023-12,Leicestershire Police,Leicestershire Police,-1.317839,52.579261,On or near High Tor West,E01025843,Hinckley and Bosworth 006E,Burglary,Investigation complete; no suspect identified,
09dcd4289b76fc23187b310fade67ba1f93206ded7cdd9af6d700ce047487e47,2023-12,Leicestershire Police,Leicestershire Police,-1.309962,52.579953,On or near Hill Top,E01025843,Hinckley and Bosworth 006E,Burglary,Investigation complete; no suspect identified,
972ec00c7acc78e91f85c4a697a8361e24bc8531f10cb533da91b152c9d0d443,2023-12,Leicestershire Police,Leicestershire Police,-1.310103,52.577607,On or near High Street,E01025843,Hinckley and Bosworth 006E,Criminal damage and arson,Investigation complete; no suspect identified,
e49db18ce7eda45b561c990687d8c8c4d8e9fa0d7f883e849a8099e3448161dd,2023-12,Leicestershire Police,Leicestershire Police,-1.317839,52.579261,On or near High Tor West,E01025843,Hinckley and Bosworth 006E,Criminal damage and arson,Investigation complete; no suspect identified,
f3ae11a1af1eb262a8283149b6016198903f7a5f69b50e95feee0e6a42661136,2023-12,Leicestershire Police,Leicestershire Police,-1.319441,52.572986,On or near Byron Street,E01025843,Hinckley and Bosworth 006E,Drugs,Local resolution,
0ba524e8b3b761096f4f102a5ef9d883d9415fc0aa59c9b344178ce6de2df33c,2023-12,Leicestershire Police,Leicestershire Police,-1.322230,52.575870,On or near Westfield Avenue,E01025843,Hinckley and Bosworth 006E,Other theft,Investigation complete; no suspect identified,
9058ebadc6feaeb4be7f5e51e2da5076a0a5f5f4e1592cb3a66c27d40c79f0da,2023-12,Leicestershire Police,Leicestershire Police,-1.317324,52.576291,On or near King'S Walk,E01025843,Hinckley and Bosworth 006E,Other theft,Status update unavailable,
5b854415a1d669ec5ea8c77755e18c229c25379837f00f79ac60ce545f21de72,2023-12,Leicestershire Police,Leicestershire Police,-1.323355,52.577540,On or near Notleyfield Close,E01025843,Hinckley and Bosworth 006E,Other theft,Status update unavailable,
29446546385ab4aa0fdeb0601f080213c86b100cae6e7521737e3c643335e27b,2023-12,Leicestershire Police,Leicestershire Police,-1.314344,52.578126,On or near Park Road,E01025843,Hinckley and Bosworth 006E,Other theft,Investigation complete; no suspect identified,
532efb04af07a7e9752d496a498ca247c5cf5d49399c90e06df8e97fa15727e0,2023-12,Leicestershire Police,Leicestershire Police,-1.314256,52.579052,On or near Keats Lane,E01025843,Hinckley and Bosworth 006E,Public order,Investigation complete; no suspect identified,
b493198220e1f4ff976a4099da1e233cc2f652097e27ee61664463d2952122ad,2023-12,Leicestershire Police,Leicestershire Police,-1.319462,52.575468,On or near Wood Street,E01025843,Hinckley and Bosworth 006E,Shoplifting,Investigation complete; no suspect identified,
724629c614de160da899c620a83e671a3947b635d556bafd17e697a83d9d0499,2023-12,Leicestershire Police,Leicestershire Police,-1.318269,52.574364,On or near The Square,E01025843,Hinckley and Bosworth 006E,Vehicle crime,Investigation complete; no suspect identified,
6bcd31c588790f2d95431aa938ecb6ab52531510615cdd42e35e25604ae6e6b6,2023-12,Leicestershire Police,Leicestershire Police,-1.309737,52.579241,On or near Parking Area,E01025843,Hinckley and Bosworth 006E,Vehicle crime,Investigation complete; no suspect identified,
a6ca1a3c20becd2b0e31b0cec7a8647290758df0b385a483d35bc60f90473261,2023-12,Leicestershire Police,Leicestershire Police,-1.317324,52.576291,On or near King'S Walk,E01025843,Hinckley and Bosworth 006E,Violence and sexual offences,Investigation complete; no suspect identified,
100c7ee870fced6589f5d30400c2a47ff2257af52b5611a5dee98d342f392618,2023-12,Leicestershire Police,Leicestershire Police,-1.314344,52.578126,On or near Park Road,E01025843,Hinckley and Bosworth 006E,Violence and sexual offences,Unable to prosecute suspect,
1bbdf3ed1637f792489a4da7a2df333800c3628c055da280f53f00e2cfbe984a,2023-12,Leicestershire Police,Leicestershire Police,-1.314344,52.578126,On or near Park Road,E01025843,Hinckley and Bosworth 006E,Violence and sexual offences,Formal action is not in the public interest,
b10f826e8ef59052f1b233abb98791b1840866aeb5d5e79fcc44ff7225ec3080,2023-12,Leicestershire Police,Leicestershire Police,-1.314256,52.579052,On or near Keats Lane,E01025843,Hinckley and Bosworth 006E,Violence and sexual offences,Unable to prosecute suspect,
ecacc4ad1d72f6b9c0508990766d91f92705f7f8eb164921952fd1067f689856,2023-12,Leicestershire Police,Leicestershire Police,-1.323355,52.577540,On or near Notleyfield Close,E01025843,Hinckley and Bosworth 006E,Violence and sexual offences,Unable to prosecute suspect,
fcad7e7be01e62acff21d67326864b1e7023722ee3a907bb5417b2b8a87c790c,2023-12,Leicestershire Police,Leicestershire Police,-1.309962,52.579953,On or near Hill Top,E01025843,Hinckley and Bosworth 006E,Violence and sexual offences,Court result unavailable,
d026f99d541865a1d47cec40661f7b7a3b1bd62df002a77be9016a8944db440a,2023-12,Leicestershire Police,Leicestershire Police,-1.323355,52.577540,On or near Notleyfield Close,E01025843,Hinckley and Bosworth 006E,Violence and sexual offences,Unable to prosecute suspect,
60a6578c313b7b99828c803b8ab946b61fe64ea0d52c69ff40334834b6c0b024,2023-12,Leicestershire Police,Leicestershire Police,-1.323355,52.577540,On or near Notleyfield Close,E01025843,Hinckley and Bosworth 006E,Violence and sexual offences,Unable to prosecute suspect,
e0b7f0d1062db8d504fa0457baad5796b4106334b0ff5aeed9fda5b22edba9e2,2023-12,Leicestershire Police,Leicestershire Police,-1.306921,52.573926,On or near Sports/Recreation Area,E01025844,Hinckley and Bosworth 006F,Other theft,Unable to prosecute suspect,
f1e7cca92e361cca157bc2beca98b289a08d2ad0eb3dce2028afe642684c3119,2023-12,Leicestershire Police,Leicestershire Police,-1.309152,52.576136,On or near Oxford Street,E01025844,Hinckley and Bosworth 006F,Public order,Further action is not in the public interest,
cc48ff3301381b71c544edf5a6bd6eb4e95039722da2ae526ee45b871e51318f,2023-12,Leicestershire Police,Leicestershire Police,-1.307333,52.567918,On or near Breach Lane,E01025844,Hinckley and Bosworth 006F,Burglary,Investigation complete; no suspect identified,
f70fbdcd6c1cd583998ed86c7bdba962f8eb16010df10d76c8622767c9c155f8,2023-12,Leicestershire Police,Leicestershire Police,-1.306326,52.576578,On or near Avenue South,E01025844,Hinckley and Bosworth 006F,Other theft,Investigation complete; no suspect identified,
9d738720a201c49c5ac7ad1ed2a29cd73fb7ffc6bd60815541bd84378171e921,2023-12,Leicestershire Police,Leicestershire Police,-1.313414,52.574408,On or near Windermere Close,E01025844,Hinckley and Bosworth 006F,Other theft,Investigation complete; no suspect identified,
d6fe78eb4a654abc96142286cd4bcf763e3e2f51fa87da4d2909946cf63abd60,2023-12,Leicestershire Police,Leicestershire Police,-1.309413,52.577378,On or near Lady Byrons Court,E01025844,Hinckley and Bosworth 006F,Other theft,Unable to prosecute suspect,
9acecdfa9240b8f9da20cf4803d635737807e733ddbc4ddddee308e0276ed8e5,2023-12,Leicestershire Police,Leicestershire Police,-1.307796,52.579733,On or near Castle Close,E01025844,Hinckley and Bosworth 006F,Robbery,Unable to prosecute suspect,
c634a0592d0c533bb63e49a6c8a68b146aad9a4a289ca4bc77d6787ad72627ce,2023-12,Leicestershire Police,Leicestershire Police,-1.308374,52.576797,On or near Vicarage Street,E01025844,Hinckley and Bosworth 006F,Violence and sexual offences,Unable to prosecute suspect,
9d8a8dfe00c9c76b91b57efdb664bb84a654e6fe2546f224a19070053b158fc6,2023-12,Leicestershire Police,Leicestershire Police,-1.311296,52.576778,On or near Marys Street,E01025844,Hinckley and Bosworth 006F,Violence and sexual offences,Unable to prosecute suspect,
71eab8cab5af04efa7844d60373b759c810ca24092136f24ff6df98d76c0cba8,2023-12,Leicestershire Police,Leicestershire Police,-1.349291,52.565054,On or near Co-Op Close,E01025821,Hinckley and Bosworth 007A,Other theft,Court result unavailable,
2fcab8ef63386c1f44f7a58f610b2d0e32c81c896a8b29525efe83436f04ef39,2023-12,Leicestershire Police,Leicestershire Police,-1.346372,52.566935,On or near Stanley Street,E01025821,Hinckley and Bosworth 007A,Other theft,Unable to prosecute suspect,
b6e5510ee9c4ce0946a995ce23e45c9a5d86fb71e42ddce245d0a70b6d4d9dac,2023-12,Leicestershire Police,Leicestershire Police,-1.345540,52.569286,On or near Townend Road,E01025821,Hinckley and Bosworth 007A,Other theft,Investigation complete; no suspect identified,
d106b0e83d9f348122999b1d4f672886adf1bc00a6bef85d3492d5a0425829e2,2023-12,Leicestershire Police,Leicestershire Police,-1.345540,52.569286,On or near Townend Road,E01025821,Hinckley and Bosworth 007A,Public order,Investigation complete; no suspect identified,
92ad76cba4d545c05b1304d780761d05d45879039e3f8c5ba1c290c4d207c003,2023-12,Leicestershire Police,Leicestershire Police,-1.345540,52.569286,On or near Townend Road,E01025821,Hinckley and Bosworth 007A,Vehicle crime,Investigation complete; no suspect identified,
d1a61c004690bd03c86687699b4a5c9aff55bdea20e76780c0e2d1259ed865d1,2023-12,Leicestershire Police,Leicestershire Police,-1.345540,52.569286,On or near Townend Road,E01025821,Hinckley and Bosworth 007A,Violence and sexual offences,Unable to prosecute suspect,
1167fd15f54a6434ca95ec902baeca7d9b94048f21108f8cfe8e6b51c284e979,2023-12,Leicestershire Police,Leicestershire Police,-1.348022,52.569030,On or near Stafford Street,E01025821,Hinckley and Bosworth 007A,Violence and sexual offences,Unable to prosecute suspect,
a36236cdf0dea4a1125eb5efcf54eee261f6debb3e7655b308c3ef5779cc66c6,2023-12,Leicestershire Police,Leicestershire Police,-1.350826,52.564830,On or near Bus/Coach Station,E01025821,Hinckley and Bosworth 007A,Violence and sexual offences,Investigation complete; no suspect identified,
357b2e235e4f02bfcaa0733b6b72404a991060772dd4b9384e10c2993222ca67,2023-12,Leicestershire Police,Leicestershire Police,-1.346383,52.568028,On or near Supermarket,E01025821,Hinckley and Bosworth 007A,Violence and sexual offences,Investigation complete; no suspect identified,
4109820902e89701da26ff9ce511e532baa981fa15d570d93d21b92d9d959099,2023-12,Leicestershire Police,Leicestershire Police,-1.345247,52.568124,On or near East Green,E01025821,Hinckley and Bosworth 007A,Violence and sexual offences,Unable to prosecute suspect,
feba505e3cfa7cb3a5c5951e778b3c2bd811b2df681d7e9918284413f1c8aed1,2023-12,Leicestershire Police,Leicestershire Police,-1.339252,52.572424,On or near The Close,E01025822,Hinckley and Bosworth 007B,Violence and sexual offences,Court result unavailable,
,2023-12,Leicestershire Police,Leicestershire Police,-1.331276,52.570060,On or near Hinckley Road,E01025822,Hinckley and Bosworth 007B,Anti-social behaviour,,
b096396bb7c3cc5c91e25d2cdf977bc7e94d27a357fce76488cfc770cd98c1c8,2023-12,Leicestershire Police,Leicestershire Police,-1.335368,52.572600,On or near George Geary Close,E01025822,Hinckley and Bosworth 007B,Criminal damage and arson,Investigation complete; no suspect identified,
a4c5644995bf91ede5bfbdaed617742ad4e37c768065fcc935f89f28851ed781,2023-12,Leicestershire Police,Leicestershire Police,-1.339252,52.572424,On or near The Close,E01025822,Hinckley and Bosworth 007B,Violence and sexual offences,Unable to prosecute suspect,
64fc56f99b2981748413c74f081308551cc5b9a9b6ebb3ce6245e266811e0b35,2023-12,Leicestershire Police,Leicestershire Police,-1.339252,52.572424,On or near The Close,E01025822,Hinckley and Bosworth 007B,Violence and sexual offences,Unable to prosecute suspect,
0ca97788261bf0c11cb30318e7d1b5ed05138b2bcc2736800e8fac3957e8c617,2023-12,Leicestershire Police,Leicestershire Police,-1.338473,52.572231,On or near Frisby Road,E01025822,Hinckley and Bosworth 007B,Other crime,Unable to prosecute suspect,
d3f15c9825d085afae163416fc67213677e2ee2c364428dabf6d16afffc2b24d,2023-12,Leicestershire Police,Leicestershire Police,-1.341681,52.579684,On or near Kirkby Road,E01025823,Hinckley and Bosworth 007C,Criminal damage and arson,Investigation complete; no suspect identified,
6949774df64956ebc26007ea6bb6de685b4c7485bfa7ad2b87173156c39db239,2023-12,Leicestershire Police,Leicestershire Police,-1.343663,52.570462,On or near Old Cobblers Place,E01025823,Hinckley and Bosworth 007C,Criminal damage and arson,Unable to prosecute suspect,
f5e0429f6d486f388b7f1cef2a6923ba94effe5f0d8a075df63205b11c62f4aa,2023-12,Leicestershire Police,Leicestershire Police,-1.343663,52.570462,On or near Old Cobblers Place,E01025823,Hinckley and Bosworth 007C,Other theft,Investigation complete; no suspect identified,
8c9dffbdedb933079660ec2e749db0033914e119cd7a6b8ff7f85c161f3e57da,2023-12,Leicestershire Police,Leicestershire Police,-1.342438,52.576425,On or near Bardon Road,E01025823,Hinckley and Bosworth 007C,Public order,Unable to prosecute suspect,
15b1438e2319a695aa312be6fafb03a38037e4cc4e34f339226d385e3ceb9d9a,2023-12,Leicestershire Police,Leicestershire Police,-1.344921,52.574173,On or near Kirkby Road,E01025823,Hinckley and Bosworth 007C,Robbery,Investigation complete; no suspect identified,
81415dcc9faa522d36f803dce1cc787ac42a25afdc6637d364c6acd858e4abe5,2023-12,Leicestershire Police,Leicestershire Police,-1.342438,52.576425,On or near Bardon Road,E01025823,Hinckley and Bosworth 007C,Violence and sexual offences,Investigation complete; no suspect identified,
5bd54de516361d2eeb94724bda4597e7bd6a1b8e764a47c9cc6960812ef23995,2023-12,Leicestershire Police,Leicestershire Police,-1.342438,52.576425,On or near Bardon Road,E01025823,Hinckley and Bosworth 007C,Violence and sexual offences,Unable to prosecute suspect,
de20f28ddaeb96c6a9e10d57f9f78fc518226615a1f9189c7c4a9aa210b99a39,2023-12,Leicestershire Police,Leicestershire Police,-1.339675,52.577650,On or near Bradgate Road,E01025823,Hinckley and Bosworth 007C,Violence and sexual offences,Court result unavailable,
,2023-12,Leicestershire Police,Leicestershire Police,-1.349285,52.563508,On or near Barwell Lane,E01025824,Hinckley and Bosworth 007D,Anti-social behaviour,,
f1acb59402d5413c19f332bcfa3fc5fd0256786920c2a0406b3eca12e886ee86,2023-12,Leicestershire Police,Leicestershire Police,-1.349285,52.563508,On or near Barwell Lane,E01025824,Hinckley and Bosworth 007D,Public order,Investigation complete; no suspect identified,
a06b26c532e71af345629a1b911bfb1387f7d856d4e560c941d4378c725ff3b4,2023-12,Leicestershire Police,Leicestershire Police,-1.346934,52.564807,On or near Church Close,E01025824,Hinckley and Bosworth 007D,Violence and sexual offences,Formal action is not in the public interest,
826398e70681df313368ee7c41bfc75d9715342b82d4d4eb4e230336b4811646,2023-12,Leicestershire Police,Leicestershire Police,-1.351822,52.563495,On or near Mill Street,E01025824,Hinckley and Bosworth 007D,Violence and sexual offences,Investigation complete; no suspect identified,
4ba22aab107beb69504c2f580084fd418b9d7d19e84dfa426c92b84775aa60e0,2023-12,Leicestershire Police,Leicestershire Police,-1.345507,52.566070,On or near Sports/Recreation Area,E01025824,Hinckley and Bosworth 007D,Violence and sexual offences,Offender given a caution,
dbead9b20847c4988da810eaa533d09ac304d9e1e1381b13c05714d784989de5,2023-12,Leicestershire Police,Leicestershire Police,-1.351822,52.563495,On or near Mill Street,E01025824,Hinckley and Bosworth 007D,Violence and sexual offences,Investigation complete; no suspect identified,
a003dbc41bfcf607b82774ba09bb2127882debb554ec52b770a1b918c1d4c70b,2023-12,Leicestershire Police,Leicestershire Police,-1.345516,52.564952,On or near Church Lane,E01025824,Hinckley and Bosworth 007D,Violence and sexual offences,Unable to prosecute suspect,
e5fca4f99d6b08e906401d3d4e5927e281cbea0b9cf20cddb22e35b2c6a5a389,2023-12,Leicestershire Police,Leicestershire Police,-1.360098,52.563477,On or near Hinckley Road,E01025825,Hinckley and Bosworth 007E,Violence and sexual offences,Local resolution,
8ee3a5f22756dd0e92cbb2410e5e7fd3bc5a5811611ef5f32fa2c11e056a3e61,2023-12,Leicestershire Police,Leicestershire Police,-1.360098,52.563477,On or near Hinckley Road,E01025825,Hinckley and Bosworth 007E,Violence and sexual offences,Local resolution,
17d159271dc1ff7c220ced0c9d53cc020985c050ba681d6f9942558720b81795,2023-12,Leicestershire Police,Leicestershire Police,-1.355339,52.561105,On or near Powers Road,E01025825,Hinckley and Bosworth 007E,Violence and sexual offences,Offender given a caution,
d2a3698863f3b93fb5ff57ad20b823e011fd03173fb2e03af6cd0ab7ab39fa93,2023-12,Leicestershire Police,Leicestershire Police,-1.351936,52.568808,On or near Galloway Close,E01025825,Hinckley and Bosworth 007E,Other theft,Investigation complete; no suspect identified,
11c5f7481758f1be64af798e140b05cd80dd5fe2a60a82eb51ce1a9d1d13b442,2023-12,Leicestershire Police,Leicestershire Police,-1.360098,52.563477,On or near Hinckley Road,E01025825,Hinckley and Bosworth 007E,Violence and sexual offences,Unable to prosecute suspect,
e45ae557032c776ccaff4d80d4e53c21bacdada98363bfef70aa25ade085d7a9,2023-12,Leicestershire Police,Leicestershire Police,-1.351521,52.566882,On or near Boston Way,E01025825,Hinckley and Bosworth 007E,Violence and sexual offences,Unable to prosecute suspect,
cee5db827e35614b375d2b659ba8b0eb4ba7b270df18d05c88f29c70b109e4f0,2023-12,Leicestershire Police,Leicestershire Police,-1.360098,52.563477,On or near Hinckley Road,E01025825,Hinckley and Bosworth 007E,Other crime,Investigation complete; no suspect identified,
9aae994c2e4d37e8eb6edc3c9658088942834a22165a2a1bef8bea9d299ca840,2023-12,Leicestershire Police,Leicestershire Police,-1.336385,52.574647,On or near Saffron Close,E01025826,Hinckley and Bosworth 007F,Burglary,Investigation complete; no suspect identified,
67d117b5f790374cae3c39e33c80f1869100b68aad0b99c2faf2295d0e1d701e,2023-12,Leicestershire Police,Leicestershire Police,-1.340864,52.574105,On or near Byron Street,E01025826,Hinckley and Bosworth 007F,Violence and sexual offences,Action to be taken by another organisation,
98064e449fec41d0fc497d1546784c816bfa2941efdaa24775606f0596ba7e78,2023-12,Leicestershire Police,Leicestershire Police,-1.335835,52.575884,On or near Farm Road,E01025826,Hinckley and Bosworth 007F,Violence and sexual offences,Investigation complete; no suspect identified,
e34290ce543ae48181d93ffa884c4e1d128ebeea2d0bea5136d913bbc22c639c,2023-12,Leicestershire Police,Leicestershire Police,-1.335835,52.575884,On or near Farm Road,E01025826,Hinckley and Bosworth 007F,Violence and sexual offences,Action to be taken by another organisation,
e1e9a9ecc558f19cf37f1eb582c776337fb1c22450e7ee276a83b9a432da3897,2023-12,Leicestershire Police,Leicestershire Police,-1.399634,52.572161,On or near Convent Drive,E01025817,Hinckley and Bosworth 008A,Violence and sexual offences,Further action is not in the public interest,
1bdc7d27f01828312e9152e93c8896f27e599a739e8ac7c6a7322d6439f7560f,2023-12,Leicestershire Police,Leicestershire Police,-1.403011,52.572295,On or near Ryelands Crescent,E01025817,Hinckley and Bosworth 008A,Violence and sexual offences,Unable to prosecute suspect,
4dd2a85937a7ed52485b0f46cf4504d788b4724da9a2194da883d602a33462e2,2023-12,Leicestershire Police,Leicestershire Police,-1.399634,52.572161,On or near Convent Drive,E01025817,Hinckley and Bosworth 008A,Public order,Investigation complete; no suspect identified,
671786a39936a0f8572fa35cdccbc9a8f6c5f0d36496a5f3653498180c250c4d,2023-12,Leicestershire Police,Leicestershire Police,-1.412965,52.572749,On or near Ivy Close,E01025817,Hinckley and Bosworth 008A,Violence and sexual offences,Further action is not in the public interest,
e6c5d5a1441185397910b5881ade743efdee4205c046562f7d170d470b462815,2023-12,Leicestershire Police,Leicestershire Police,-1.408610,52.570714,On or near Hall Drive,E01025817,Hinckley and Bosworth 008A,Violence and sexual offences,Investigation complete; no suspect identified,
,2023-12,Leicestershire Police,Leicestershire Police,-1.476261,52.604043,On or near Glebe Lane,E01025818,Hinckley and Bosworth 008B,Anti-social behaviour,,
27ad38880ac6130112348a5f64d796726229bd25b21c15a74185c10baaa38789,2023-12,Leicestershire Police,Leicestershire Police,-1.432791,52.560584,On or near Stoke Golding Lane,E01025818,Hinckley and Bosworth 008B,Drugs,Local resolution,
837d5a7015b61488712703b6dca4be238257c6d324686b7d32a9e72419ce1c6a,2023-12,Leicestershire Police,Leicestershire Police,-1.444255,52.556826,On or near Station Road,E01025818,Hinckley and Bosworth 008B,Other theft,Investigation complete; no suspect identified,
a9044db7f83990d2e466c752f784cbebe5d6045279c18c97a7705e99253f06a0,2023-12,Leicestershire Police,Leicestershire Police,-1.463569,52.619251,On or near Bosworth Road,E01025818,Hinckley and Bosworth 008B,Other theft,Investigation complete; no suspect identified,
33b244995d3e6002d5d4fe8fbdecaaaadab8bcde7b1783da5c60543044968fe9,2023-12,Leicestershire Police,Leicestershire Police,-1.431026,52.596679,On or near Mill Lane,E01025818,Hinckley and Bosworth 008B,Vehicle crime,Investigation complete; no suspect identified,
633fc0fba2235cc7106f43601c62314822b4b7bf0cc3b3c15c0631189256eb15,2023-12,Leicestershire Police,Leicestershire Police,-1.383061,52.601824,On or near Blacksmiths Lane,E01025818,Hinckley and Bosworth 008B,Violence and sexual offences,Unable to prosecute suspect,
6d664f7476c2fc1d3f37f78fa96e31ebf5c804e2bb2e72b83304592e71cec7a8,2023-12,Leicestershire Police,Leicestershire Police,-1.383958,52.551485,On or near Cadeby Close,E01025864,Hinckley and Bosworth 008C,Violence and sexual offences,Unable to prosecute suspect,
09a0caa2bea71b127adce913fd34b085f4957af89ce01640f99197619452d152,2023-12,Leicestershire Police,Leicestershire Police,-1.383958,52.551485,On or near Cadeby Close,E01025864,Hinckley and Bosworth 008C,Criminal damage and arson,Court result unavailable,
bd97245c084bd853a29a0a4f46783399988488ad3dbe6cf43b31553b6ed42f6d,2023-12,Leicestershire Police,Leicestershire Police,-1.394182,52.552365,On or near Romney Close,E01025864,Hinckley and Bosworth 008C,Criminal damage and arson,Investigation complete; no suspect identified,
1529efc29c0bcf07978ea7a5ad922bf47ba9249f7c4b91230570589acf0749bf,2023-12,Leicestershire Police,Leicestershire Police,-1.384362,52.553231,On or near Thruxton Close,E01025864,Hinckley and Bosworth 008C,Other theft,Investigation complete; no suspect identified,
ca80a9026b46715015373d2bce19c8d6a35a2d63e301404319eb3a1c39dfccf6,2023-12,Leicestershire Police,Leicestershire Police,-1.384362,52.553231,On or near Thruxton Close,E01025864,Hinckley and Bosworth 008C,Other theft,Investigation complete; no suspect identified,
3a494de7e0aa56323fbba215932d51bca67d46d79f6db11300a961599ff31269,2023-12,Leicestershire Police,Leicestershire Police,-1.384362,52.553231,On or near Thruxton Close,E01025864,Hinckley and Bosworth 008C,Other theft,Investigation complete; no suspect identified,
b7b4b9e37dd4a1007a4e198273b7702d26a83df8116b4085f40f845df0bf545b,2023-12,Leicestershire Police,Leicestershire Police,-1.384362,52.553231,On or near Thruxton Close,E01025864,Hinckley and Bosworth 008C,Other theft,Investigation complete; no suspect identified,
90b5393cd1d82074ef729ed3553554892475930d45010d440001abbd3165a330,2023-12,Leicestershire Police,Leicestershire Police,-1.384362,52.553231,On or near Thruxton Close,E01025864,Hinckley and Bosworth 008C,Other theft,Investigation complete; no suspect identified,
3fcc6c9628b82c7b975299bd6e6bd7b88da9452daeb9d84d4a1a57a4ad08671f,2023-12,Leicestershire Police,Leicestershire Police,-1.394182,52.552365,On or near Romney Close,E01025864,Hinckley and Bosworth 008C,Public order,Investigation complete; no suspect identified,
76e15d1955149810ba6d7afaa001502609d2400dd4052c9ba424adf88123be29,2023-12,Leicestershire Police,Leicestershire Police,-1.384362,52.553231,On or near Thruxton Close,E01025864,Hinckley and Bosworth 008C,Shoplifting,Investigation complete; no suspect identified,
0dde034d619fc111a830a822939a627919f513dd96f1cde45fd14a90aff17114,2023-12,Leicestershire Police,Leicestershire Police,-1.385668,52.553678,On or near Triumph Road,E01025864,Hinckley and Bosworth 008C,Vehicle crime,Investigation complete; no suspect identified,
1a5246d695fb76cbee4b80d595e906e90482e111e1bfba51bdceb61ffcb6f673,2023-12,Leicestershire Police,Leicestershire Police,-1.382315,52.551971,On or near Towers Drive,E01025864,Hinckley and Bosworth 008C,Violence and sexual offences,Unable to prosecute suspect,
53b123d60ee6fb18de539805e3583568c563c056e7187c1e41760bab5c488cf3,2023-12,Leicestershire Police,Leicestershire Police,-1.377841,52.551291,On or near Tudor Road,E01025864,Hinckley and Bosworth 008C,Violence and sexual offences,Unable to prosecute suspect,
24a0e71e58a61995831961dd6632ffae2474b13daa0d22dba71db26b5e41a5ac,2023-12,Leicestershire Police,Leicestershire Police,-1.377841,52.551291,On or near Tudor Road,E01025864,Hinckley and Bosworth 008C,Violence and sexual offences,Unable to prosecute suspect,
2e4fb6386e7df0e7caee6899a43cbe0e4c73242c67690f915be50c011a84f7c2,2023-12,Leicestershire Police,Leicestershire Police,-1.527067,52.589226,On or near Atherstone Road,E01025881,Hinckley and Bosworth 008D,Public order,Investigation complete; no suspect identified,
1933ed570542af60d14b7117d6c11dd44844d85eb44b9781e9dffa0ea89e94ea,2023-12,Leicestershire Police,Leicestershire Police,-1.486161,52.566851,On or near Fox'S Covert,E01025881,Hinckley and Bosworth 008D,Violence and sexual offences,Unable to prosecute suspect,
fb796e31b9cbf956815e01a5bffe382ddd5be94d4d7b38a092b8dc389e3edfa6,2023-12,Leicestershire Police,Leicestershire Police,-1.358688,52.540787,On or near Petrol Station,E01025859,Hinckley and Bosworth 009A,Public order,Investigation complete; no suspect identified,
899fb3de49bab760af1b6e2146ec81fc06d01e8704f54981cfd5ca259e49647a,2023-12,Leicestershire Police,Leicestershire Police,-1.358688,52.540787,On or near Petrol Station,E01025859,Hinckley and Bosworth 009A,Public order,Unable to prosecute suspect,
9eb4aa5fffffa35a46dd525d91fe752ad2e85beb29047ca8cc49bd0912f8a018,2023-12,Leicestershire Police,Leicestershire Police,-1.356058,52.541160,On or near Forest Road,E01025859,Hinckley and Bosworth 009A,Violence and sexual offences,Unable to prosecute suspect,
1ba76192a801ef9854dfb61e8d7e780bddb738c928d08943910c6c1e57b9fd81,2023-12,Leicestershire Police,Leicestershire Police,-1.356058,52.541160,On or near Forest Road,E01025859,Hinckley and Bosworth 009A,Violence and sexual offences,Unable to prosecute suspect,
78df56142e53d3a5bf90568e1ce2c8b0e35fd96ea2345631666d5bcfbaf41f49,2023-12,Leicestershire Police,Leicestershire Police,-1.356058,52.541160,On or near Forest Road,E01025859,Hinckley and Bosworth 009A,Violence and sexual offences,Unable to prosecute suspect,
d6e0a8334edaf21cdc3c63932d973439ef3e1721c50e8c8db5d9b11c5f103cb0,2023-12,Leicestershire Police,Leicestershire Police,-1.356058,52.541160,On or near Forest Road,E01025859,Hinckley and Bosworth 009A,Violence and sexual offences,Unable to prosecute suspect,
1c46eccb0bfe07744f6e8756aaa7f1da96041612bc71915090c8d92d3c50362d,2023-12,Leicestershire Police,Leicestershire Police,-1.359367,52.543830,On or near Trevor Road,E01025859,Hinckley and Bosworth 009A,Violence and sexual offences,Unable to prosecute suspect,
2912c46d7cdb6163c5cb2656032eca9f464d75c3e476eb562f34bf59d1fde768,2023-12,Leicestershire Police,Leicestershire Police,-1.366829,52.560142,On or near Ashby Grange,E01025860,Hinckley and Bosworth 009B,Vehicle crime,Investigation complete; no suspect identified,
1917fda84c388f7bf2ef85266e9e8657be7f74ffa209f0b33b6f883b4b1eddfc,2023-12,Leicestershire Police,Leicestershire Police,-1.361495,52.557722,On or near Newquay Close,E01025860,Hinckley and Bosworth 009B,Violence and sexual offences,Investigation complete; no suspect identified,
,2023-12,Leicestershire Police,Leicestershire Police,-1.376868,52.554378,On or near Barleyfield,E01025861,Hinckley and Bosworth 009C,Anti-social behaviour,,
15ac379062e0a7b42bfc48a3edf4920764d4dded0acc8d742dbe0f0cc492fa38,2023-12,Leicestershire Police,Leicestershire Police,-1.356945,52.556160,On or near Barwell Lane,E01025861,Hinckley and Bosworth 009C,Criminal damage and arson,Investigation complete; no suspect identified,
43cc4f7d0946f3296120a26f21054aa267c8ab4a43f89a18de54c331f42353c6,2023-12,Leicestershire Police,Leicestershire Police,-1.376868,52.554378,On or near Barleyfield,E01025861,Hinckley and Bosworth 009C,Other theft,Investigation complete; no suspect identified,
fdec57ce4978aabbea405df8c46aa70673fce432d95e27e7b6e3ab9c495d62fd,2023-12,Leicestershire Police,Leicestershire Police,-1.376243,52.552703,On or near St Francis Close,E01025861,Hinckley and Bosworth 009C,Other theft,Investigation complete; no suspect identified,
ab1a464324a22c772145af76139508e40163ba7d9bdb0f307bef36111fac7272,2023-12,Leicestershire Police,Leicestershire Police,-1.366011,52.554483,On or near Hangman'S Lane,E01025861,Hinckley and Bosworth 009C,Vehicle crime,Investigation complete; no suspect identified,
e060176922bc987951d92507380ad69de6378665614ab511135f3b9e4c811295,2023-12,Leicestershire Police,Leicestershire Police,-1.375625,52.555693,On or near Maizefield,E01025861,Hinckley and Bosworth 009C,Violence and sexual offences,Unable to prosecute suspect,
8f706298ecc0aff65856633dd3b0128ec8d619d1f565994a9cfd4ee5a1e3a628,2023-12,Leicestershire Police,Leicestershire Police,-1.371230,52.555670,On or near Benbow Close,E01025861,Hinckley and Bosworth 009C,Violence and sexual offences,Unable to prosecute suspect,
5b0302185cedd48b39934c97eefaf21a2c7216276f0cf9d339b4de0cb489c2d3,2023-12,Leicestershire Police,Leicestershire Police,-1.356525,52.551573,On or near Bramcote Close,E01025862,Hinckley and Bosworth 009D,Violence and sexual offences,Unable to prosecute suspect,
95b640f6f4b86b80a84484d474275185f6afe29d910e445677453dd7da971fe8,2023-12,Leicestershire Police,Leicestershire Police,-1.364064,52.551425,On or near Petrol Station,E01025862,Hinckley and Bosworth 009D,Other theft,Investigation complete; no suspect identified,
382f767eb4442e94dc7aa2baee7b9b964ea8917d5b10dc63c14d1831d4eaccae,2023-12,Leicestershire Police,Leicestershire Police,-1.351695,52.549074,On or near Amsterdam Drive,E01025862,Hinckley and Bosworth 009D,Other theft,Investigation complete; no suspect identified,
d1cc8665d6f0ea0811965ac7017fb2d027ad3545b9658b68a914c30e10c165af,2023-12,Leicestershire Police,Leicestershire Police,-1.353209,52.551420,On or near Paris Close,E01025862,Hinckley and Bosworth 009D,Other theft,Investigation complete; no suspect identified,
5dc10c539b73e2f157c7f66be8398d107335b9c606f48f4e2c9f37b228ad9124,2023-12,Leicestershire Police,Leicestershire Police,-1.346230,52.546653,On or near Park/Open Space,E01025862,Hinckley and Bosworth 009D,Public order,Investigation complete; no suspect identified,
a6f2da1546bc40f56386a5eddace1912d72d8fe02a1cd7aa42748a088760ee2f,2023-12,Leicestershire Police,Leicestershire Police,-1.348287,52.554135,On or near Leicester Road,E01025862,Hinckley and Bosworth 009D,Public order,Investigation complete; no suspect identified,
16da0a2d49529dc352e636d04e2a6278dd6d1a92ef72dbff638d5f5c66e8788b,2023-12,Leicestershire Police,Leicestershire Police,-1.353226,52.548264,On or near Bradgate Gardens,E01025862,Hinckley and Bosworth 009D,Vehicle crime,Investigation complete; no suspect identified,
9e3c0dc5bc6a74a71857b1b301eb1822872fca3a30811eb3f622dd0fb9373bdf,2023-12,Leicestershire Police,Leicestershire Police,-1.353209,52.551420,On or near Paris Close,E01025862,Hinckley and Bosworth 009D,Violence and sexual offences,Unable to prosecute suspect,
3e86e0cd2a23d950eb35a21e8c40635698afd80aa665eb66aca5fa511c561494,2023-12,Leicestershire Police,Leicestershire Police,-1.354295,52.548774,On or near Bradgate Road,E01025862,Hinckley and Bosworth 009D,Violence and sexual offences,Further action is not in the public interest,
d9b9f33c2e6cf970a7f700b4d8f36e4c1d7b7b1f1a62782dc1b6fb680243cf7c,2023-12,Leicestershire Police,Leicestershire Police,-1.351249,52.550330,On or near Antwerp Close,E01025862,Hinckley and Bosworth 009D,Violence and sexual offences,Unable to prosecute suspect,
9dd263b16d0c1e0b9539e883a2f2c47ad79d5382a99c99f8042621c2019f46f4,2023-12,Leicestershire Police,Leicestershire Police,-1.360295,52.550937,On or near Saville Close,E01025862,Hinckley and Bosworth 009D,Violence and sexual offences,Local resolution,
dd8774df23ea4c8bcea6cdbeb6b014cfee0d5d1ae7730c23725cc07a7d0135fe,2023-12,Leicestershire Police,Leicestershire Police,-1.353209,52.551420,On or near Paris Close,E01025862,Hinckley and Bosworth 009D,Violence and sexual offences,Unable to prosecute suspect,
13bbb15e5a71bd5724aa7bde3bb4f6bd9d864da8cddad6f88e0e34640e49de5c,2023-12,Leicestershire Police,Leicestershire Police,-1.363750,52.539466,On or near Queen'S Road,E01025850,Hinckley and Bosworth 010A,Public order,Unable to prosecute suspect,
7d8c3c3955307a9582c665051b3561e1eacf61c540b2407dee33dcd35d762504,2023-12,Leicestershire Police,Leicestershire Police,-1.368572,52.538377,On or near Priesthills Road,E01025850,Hinckley and Bosworth 010A,Public order,Unable to prosecute suspect,
168974a7405c0597f771139bb0fd52801ce9de1076486d62444664d0706d9cda,2023-12,Leicestershire Police,Leicestershire Police,-1.359269,52.539370,On or near Parson'S Lane,E01025850,Hinckley and Bosworth 010A,Violence and sexual offences,Unable to prosecute suspect,
55e5269a6a903778e11bec4b57f525630a066bcaa9f2fab31cecc39e6a52fa1b,2023-12,Leicestershire Police,Leicestershire Police,-1.363769,52.538190,On or near Princess Road,E01025850,Hinckley and Bosworth 010A,Violence and sexual offences,Investigation complete; no suspect identified,
1ebc117ca8a150927c25c267b5df160de7a51e4d30a6de677e0acde16a8061a9,2023-12,Leicestershire Police,Leicestershire Police,-1.376246,52.541007,On or near Trinity Court,E01025852,Hinckley and Bosworth 010B,Burglary,Unable to prosecute suspect,
a51801dfa2df90f4189531444dddc3a6ff848169205c0a2f82fae843b77b8d6a,2023-12,Leicestershire Police,Leicestershire Police,-1.374940,52.539571,On or near Parking Area,E01025852,Hinckley and Bosworth 010B,Public order,Local resolution,
ea5589b6c26f1c32f212334bbe46b221bf4c26bf5c66d9c781211e7fb03679b7,2023-12,Leicestershire Police,Leicestershire Police,-1.373361,52.541720,On or near The Borough,E01025852,Hinckley and Bosworth 010B,Shoplifting,Further action is not in the public interest,
779193ebcd92349bb1ecf2752787bb17f832e3a4c301a38820593fd63059309d,2023-12,Leicestershire Police,Leicestershire Police,-1.367597,52.542633,On or near Wood Street,E01025852,Hinckley and Bosworth 010B,Shoplifting,Unable to prosecute suspect,
d95e76a49fa28683d58d0b6d6011f6fc39d91c160405db80aa1ab2a9954a6e66,2023-12,Leicestershire Police,Leicestershire Police,-1.367597,52.542633,On or near Wood Street,E01025852,Hinckley and Bosworth 010B,Violence and sexual offences,Local resolution,
5a1770ca001c54798e03226d74b2db2c4c1d7aafe34171d2b8917d28a0a74b7d,2023-12,Leicestershire Police,Leicestershire Police,-1.371343,52.539516,On or near Argents Mead,E01025852,Hinckley and Bosworth 010B,Violence and sexual offences,Local resolution,
2f7bd110c30ee0e493178bf238895fefcce95bcbbb9b39ce21cc33d168b3e862,2023-12,Leicestershire Police,Leicestershire Police,-1.374940,52.539571,On or near Parking Area,E01025852,Hinckley and Bosworth 010B,Violence and sexual offences,Unable to prosecute suspect,
440827962dc7619984edc6b18dd24e17e3b722876df2e5c77286cd93ca6206f8,2023-12,Leicestershire Police,Leicestershire Police,-1.373297,52.541000,On or near Market Place,E01025852,Hinckley and Bosworth 010B,Violence and sexual offences,Offender given a caution,
,2023-12,Leicestershire Police,Leicestershire Police,-1.374940,52.539571,On or near Parking Area,E01025852,Hinckley and Bosworth 010B,Anti-social behaviour,,
,2023-12,Leicestershire Police,Leicestershire Police,-1.373297,52.541000,On or near Market Place,E01025852,Hinckley and Bosworth 010B,Anti-social behaviour,,
56f3216d26ba9b8025e681a705a1583647e62cda64d96dff6160753c0eefacf6,2023-12,Leicestershire Police,Leicestershire Police,-1.366115,52.542158,On or near Priory Walk,E01025852,Hinckley and Bosworth 010B,Burglary,Unable to prosecute suspect,
b48a402ffa6ede83ce40031e4da01aae18b23d0952b61c1220345dd6890fc518,2023-12,Leicestershire Police,Leicestershire Police,-1.373297,52.541000,On or near Market Place,E01025852,Hinckley and Bosworth 010B,Burglary,Investigation complete; no suspect identified,
a03ecb2207528aa6e876286afd3323338cb7ed6ef7949e31ece3ac01862e99fb,2023-12,Leicestershire Police,Leicestershire Police,-1.375175,52.541649,On or near Trinity Lane,E01025852,Hinckley and Bosworth 010B,Burglary,Unable to prosecute suspect,
ad4ce557d079fa983abf31063a3822ea88c6e9b2e65a7d67f8a54a2c4cfd6ede,2023-12,Leicestershire Police,Leicestershire Police,-1.373297,52.541000,On or near Market Place,E01025852,Hinckley and Bosworth 010B,Criminal damage and arson,Investigation complete; no suspect identified,
8dfa8ca3ba741ef23aea5e24223966b7a103bded5a1795824c283eac11c35f48,2023-12,Leicestershire Police,Leicestershire Police,-1.373297,52.541000,On or near Market Place,E01025852,Hinckley and Bosworth 010B,Drugs,Local resolution,
6f092e78ea1cac6c65234946191e865e74ff7a87a125cfe6d736689fe8ac291f,2023-12,Leicestershire Police,Leicestershire Police,-1.374940,52.539571,On or near Parking Area,E01025852,Hinckley and Bosworth 010B,Drugs,Local resolution,
a0c7a6a14c4ec7d194f01dc2ff277b4b60f475b253fe2dd1fd7fbb9f64797018,2023-12,Leicestershire Police,Leicestershire Police,-1.373297,52.541000,On or near Market Place,E01025852,Hinckley and Bosworth 010B,Drugs,Local resolution,
f863692ff1be21c37f98b371c2b436be0a990b196c0fa74d65792574ce56c668,2023-12,Leicestershire Police,Leicestershire Police,-1.374409,52.540575,On or near Regent Street,E01025852,Hinckley and Bosworth 010B,Drugs,Local resolution,
5a0d83c4834414d617206101d4775bc25220b6e0d5d4ee6e55615aa2c61e672f,2023-12,Leicestershire Police,Leicestershire Police,-1.374940,52.539571,On or near Parking Area,E01025852,Hinckley and Bosworth 010B,Other theft,Unable to prosecute suspect,
e24502fa6992a30c669a5670aa765fa9368e84b9fc0095a9f28ac2fcc6089042,2023-12,Leicestershire Police,Leicestershire Police,-1.373297,52.541000,On or near Market Place,E01025852,Hinckley and Bosworth 010B,Public order,Unable to prosecute suspect,
0677741362893e57ef65f7ce4c23ababc157f1bedc7663c68e6f634ae2163341,2023-12,Leicestershire Police,Leicestershire Police,-1.373297,52.541000,On or near Market Place,E01025852,Hinckley and Bosworth 010B,Public order,Unable to prosecute suspect,
8b80e212075fe86aaae2097b400a923b4fbb692af78552427e77d04b13e70faa,2023-12,Leicestershire Police,Leicestershire Police,-1.374940,52.539571,On or near Parking Area,E01025852,Hinckley and Bosworth 010B,Public order,Investigation complete; no suspect identified,
ae63a852b97c165a2d17b5e6f656ef109e760ec230f0d2748b53fc5c11994e4f,2023-12,Leicestershire Police,Leicestershire Police,-1.369693,52.539399,On or near Parking Area,E01025852,Hinckley and Bosworth 010B,Public order,Action to be taken by another organisation,
0b23d164fb1a199983e8c9a1db11b4cd57c6ff4f620fed5b508176fc4965c0ed,2023-12,Leicestershire Police,Leicestershire Police,-1.373297,52.541000,On or near Market Place,E01025852,Hinckley and Bosworth 010B,Public order,Local resolution,
76f384d08165be194de307073cbb78b829edb51429b499648d050b141b215684,2023-12,Leicestershire Police,Leicestershire Police,-1.373297,52.541000,On or near Market Place,E01025852,Hinckley and Bosworth 010B,Public order,Investigation complete; no suspect identified,
aef8e11a4a737b7be284c33c86673d9dd8e2e5e5ff6ec26147035b997a67c612,2023-12,Leicestershire Police,Leicestershire Police,-1.374940,52.539571,On or near Parking Area,E01025852,Hinckley and Bosworth 010B,Public order,Unable to prosecute suspect,
f4af8b91673af5bcfccf85f15873512acce4d797009be9c38b7bc65bef3748cc,2023-12,Leicestershire Police,Leicestershire Police,-1.373297,52.541000,On or near Market Place,E01025852,Hinckley and Bosworth 010B,Public order,Unable to prosecute suspect,
3b795cff85d14f7fc48fa2811567853c487ac4ccb5d5ddcce839789fc03cd2e4,2023-12,Leicestershire Police,Leicestershire Police,-1.374940,52.539571,On or near Parking Area,E01025852,Hinckley and Bosworth 010B,Robbery,Investigation complete; no suspect identified,
8b41af787134978e4d3ca4c55510a4afce88ec3bf178c05484c924aaaf28989f,2023-12,Leicestershire Police,Leicestershire Police,-1.376288,52.544307,On or near Shakespeare Drive,E01025852,Hinckley and Bosworth 010B,Robbery,Unable to prosecute suspect,
515e27142d8ec60d7558305a7334f5dd39d758d9c0219f3244f3771876820a17,2023-12,Leicestershire Police,Leicestershire Police,-1.373297,52.541000,On or near Market Place,E01025852,Hinckley and Bosworth 010B,Shoplifting,Investigation complete; no suspect identified,
19342b3e893be63e588549fad0f34e1da13e4d58fb504ddc0a42e5ea8a6d1081,2023-12,Leicestershire Police,Leicestershire Police,-1.369582,52.542006,On or near Castle Street,E01025852,Hinckley and Bosworth 010B,Shoplifting,Local resolution,
dba6ed5c24fb7ce39cd821315bd78bb1df3e537a49f34890355d8ea7369cec20,2023-12,Leicestershire Police,Leicestershire Police,-1.369582,52.542006,On or near Castle Street,E01025852,Hinckley and Bosworth 010B,Shoplifting,Investigation complete; no suspect identified,
72466b98b92a39fbdc903667e4826e42c90bfa4ee7ea0c5795cf2a9894545c97,2023-12,Leicestershire Police,Leicestershire Police,-1.369582,52.542006,On or near Castle Street,E01025852,Hinckley and Bosworth 010B,Shoplifting,Investigation complete; no suspect identified,
2caa96b8b70c6cdb89206bdcbf0e5100163a79b9949e799662c31cd3cf8e6056,2023-12,Leicestershire Police,Leicestershire Police,-1.373297,52.541000,On or near Market Place,E01025852,Hinckley and Bosworth 010B,Shoplifting,Local resolution,
3a9dbc427d521a95c7990128ab9288b5f3d7bbd203029d615d2238d712880d6f,2023-12,Leicestershire Police,Leicestershire Police,-1.369582,52.542006,On or near Castle Street,E01025852,Hinckley and Bosworth 010B,Shoplifting,Investigation complete; no suspect identified,
8cdb76de9392f3fe294534636a6f738449b985ff5549521dabf3e08eeaf38759,2023-12,Leicestershire Police,Leicestershire Police,-1.369582,52.542006,On or near Castle Street,E01025852,Hinckley and Bosworth 010B,Shoplifting,Court result unavailable,
59720299cf83b62a94843934d565696e91f5a9555fd21b67146be0736a9ceccd,2023-12,Leicestershire Police,Leicestershire Police,-1.369582,52.542006,On or near Castle Street,E01025852,Hinckley and Bosworth 010B,Shoplifting,Unable to prosecute suspect,
36c5b49c31d4a55b219c3c60092fd44d38748ee13f205439851d1c929155fa43,2023-12,Leicestershire Police,Leicestershire Police,-1.373297,52.541000,On or near Market Place,E01025852,Hinckley and Bosworth 010B,Shoplifting,Court result unavailable,
ce9fb3753055ffee95f4a6ddeecb3151dc0f0a2c21dec30d64b74466e8d8c767,2023-12,Leicestershire Police,Leicestershire Police,-1.373361,52.541720,On or near The Borough,E01025852,Hinckley and Bosworth 010B,Shoplifting,Investigation complete; no suspect identified,
1e68016c671d7271ef11620bd3474ea60e3cf8f14910514e475bd5a5128726da,2023-12,Leicestershire Police,Leicestershire Police,-1.369582,52.542006,On or near Castle Street,E01025852,Hinckley and Bosworth 010B,Shoplifting,Unable to prosecute suspect,
75bee130b1ed72f5ec6c11ae0b988630d2284c2eec1b72258c3b4b55a7b228d6,2023-12,Leicestershire Police,Leicestershire Police,-1.369582,52.542006,On or near Castle Street,E01025852,Hinckley and Bosworth 010B,Shoplifting,Investigation complete; no suspect identified,
9ad2823c5268d795e0b3eaac657493c56c3e1fe1a15fd419e9d100539d0a85de,2023-12,Leicestershire Police,Leicestershire Police,-1.368371,52.543195,On or near New Buildings,E01025852,Hinckley and Bosworth 010B,Vehicle crime,Investigation complete; no suspect identified,
ad518c496716534a731b0fb27eab1c70354cd5045a6809a0bb40c17907d09ffc,2023-12,Leicestershire Police,Leicestershire Police,-1.373297,52.541000,On or near Market Place,E01025852,Hinckley and Bosworth 010B,Vehicle crime,Investigation complete; no suspect identified,
0555a0acf5473b7f4963513aa509058e95968df2c42d1e3e52e6a91396801f35,2023-12,Leicestershire Police,Leicestershire Police,-1.376743,52.543428,On or near Canning Street,E01025852,Hinckley and Bosworth 010B,Violence and sexual offences,Unable to prosecute suspect,
b0da1d9bd7a27aaadb254814b0caf6d97f1d0df31d2079bda8e9fe8d488edd1f,2023-12,Leicestershire Police,Leicestershire Police,-1.373361,52.541720,On or near The Borough,E01025852,Hinckley and Bosworth 010B,Violence and sexual offences,Court result unavailable,
a709b3724cfed16707eddc42a784cdbda1d13704250c1d7fae494e08904e9e1e,2023-12,Leicestershire Police,Leicestershire Police,-1.373297,52.541000,On or near Market Place,E01025852,Hinckley and Bosworth 010B,Violence and sexual offences,Formal action is not in the public interest,
0c37398ace9b5507ed597fff6fb94625b109de1f8e78ccfd7b3a2f9cb607a74a,2023-12,Leicestershire Police,Leicestershire Police,-1.373297,52.541000,On or near Market Place,E01025852,Hinckley and Bosworth 010B,Violence and sexual offences,Investigation complete; no suspect identified,
c2ad6b333b3e6a1b3d537e89bdd0820504edf769ff3a3d1a7ccf33d9cab2a00b,2023-12,Leicestershire Police,Leicestershire Police,-1.373297,52.541000,On or near Market Place,E01025852,Hinckley and Bosworth 010B,Violence and sexual offences,Investigation complete; no suspect identified,
488df92914f81075d498bc46d9a74d5ce008f7b130b1f5ce7820461b1400e3bb,2023-12,Leicestershire Police,Leicestershire Police,-1.376246,52.541007,On or near Trinity Court,E01025852,Hinckley and Bosworth 010B,Violence and sexual offences,Unable to prosecute suspect,
d7c0ac833e6a521d148608488754555753d4e2390a0bfc4fd8ae027670462698,2023-12,Leicestershire Police,Leicestershire Police,-1.376288,52.544307,On or near Shakespeare Drive,E01025852,Hinckley and Bosworth 010B,Violence and sexual offences,Unable to prosecute suspect,
ad9d22643b7fc5e355bf09bb6bcdb4c32cb64512715632dbf87c545d89de2e05,2023-12,Leicestershire Police,Leicestershire Police,-1.367597,52.542633,On or near Wood Street,E01025852,Hinckley and Bosworth 010B,Violence and sexual offences,Status update unavailable,
d05011c70719cf086d727c3b48b4f1a12593b3b96d5ab9513e14a667fbcc0208,2023-12,Leicestershire Police,Leicestershire Police,-1.369582,52.542006,On or near Castle Street,E01025852,Hinckley and Bosworth 010B,Violence and sexual offences,Investigation complete; no suspect identified,
5c792d50cae56011f87ff82991f943c9aaf8f5d69385ad413db09d9e869efaa7,2023-12,Leicestershire Police,Leicestershire Police,-1.374940,52.539571,On or near Parking Area,E01025852,Hinckley and Bosworth 010B,Violence and sexual offences,Formal action is not in the public interest,
ed1aa63c770a7c7b39fb8aaa356fbf597d7fde287ec2ff148cb19d45b99857c3,2023-12,Leicestershire Police,Leicestershire Police,-1.373297,52.541000,On or near Market Place,E01025852,Hinckley and Bosworth 010B,Violence and sexual offences,Unable to prosecute suspect,
02e9adaf6343aedfda7dc86be96e1717071c2cfe36aff8bc5d6e6c7a4e204fb3,2023-12,Leicestershire Police,Leicestershire Police,-1.375175,52.541649,On or near Trinity Lane,E01025852,Hinckley and Bosworth 010B,Violence and sexual offences,Unable to prosecute suspect,
314c3501c7083b028eca2233bba40085914f1f742d7172b8a03b9984e0e7d617,2023-12,Leicestershire Police,Leicestershire Police,-1.374431,52.543173,On or near Parking Area,E01025852,Hinckley and Bosworth 010B,Violence and sexual offences,Unable to prosecute suspect,
69182627422de2784f072f313f88b469ceeeb39c3d8c02f2554756c8c23b8e24,2023-12,Leicestershire Police,Leicestershire Police,-1.373297,52.541000,On or near Market Place,E01025852,Hinckley and Bosworth 010B,Other crime,Local resolution,
5bf70f8df19172d46f097b172dfb35e033ac77c34ea6e44d729881de92ade3cd,2023-12,Leicestershire Police,Leicestershire Police,-1.373297,52.541000,On or near Market Place,E01025852,Hinckley and Bosworth 010B,Other crime,Local resolution,
b684e65957a3335f8f0b29b9bd24fffa3ba006b43a1682862f50fd35574483ca,2023-12,Leicestershire Police,Leicestershire Police,-1.373297,52.541000,On or near Market Place,E01025852,Hinckley and Bosworth 010B,Other crime,Local resolution,
f9546a5d3cafaa697ae576e31a19f9294d38d9a3194ec05bf2f2c860f749f8d6,2023-12,Leicestershire Police,Leicestershire Police,-1.373297,52.541000,On or near Market Place,E01025852,Hinckley and Bosworth 010B,Other crime,Investigation complete; no suspect identified,
14b74c2e9ee7799812efdc3104cfc85ddf0722f1cf5212057ca993fa018949ba,2023-12,Leicestershire Police,Leicestershire Police,-1.373297,52.541000,On or near Market Place,E01025852,Hinckley and Bosworth 010B,Other crime,Investigation complete; no suspect identified,
6c084225effcd358052575ccb6242638a7239701517051c7773286d329696456,2023-12,Leicestershire Police,Leicestershire Police,-1.373297,52.541000,On or near Market Place,E01025852,Hinckley and Bosworth 010B,Other crime,Local resolution,
a395e5b1d12254d674d8ac148abcaa7991026f6b6d5147e32601b622f3ba429e,2023-12,Leicestershire Police,Leicestershire Police,-1.373297,52.541000,On or near Market Place,E01025852,Hinckley and Bosworth 010B,Other crime,Unable to prosecute suspect,
e7b89247b545281e9c3cfa862d604ac68f385dfa4ab0ec019fdc8af387109eec,2023-12,Leicestershire Police,Leicestershire Police,-1.373297,52.541000,On or near Market Place,E01025852,Hinckley and Bosworth 010B,Other crime,Local resolution,
6d3dd0d464945aafb07996836e3e2465ed4a8ecccc48afc07693d254cc90967b,2023-12,Leicestershire Police,Leicestershire Police,-1.369481,52.545952,On or near New Street,E01025858,Hinckley and Bosworth 010C,Criminal damage and arson,Unable to prosecute suspect,
4fe0c4af4475db25ac31f678d8e6e6820a824f54cde37c4fea95df1ff611273a,2023-12,Leicestershire Police,Leicestershire Police,-1.373453,52.542512,On or near King Street,E01025858,Hinckley and Bosworth 010C,Drugs,Offender given a caution,
9b1316ec7d15b6f64647eae242a17e8247946726e6bb23edb7eab10f031456f3,2023-12,Leicestershire Police,Leicestershire Police,-1.373985,52.544456,On or near Police Station,E01025858,Hinckley and Bosworth 010C,Other theft,Investigation complete; no suspect identified,
d0b6544421240a701e447b53c00e926e2ad064e60d6af415b62db9dcba76a2da,2023-12,Leicestershire Police,Leicestershire Police,-1.370033,52.543491,On or near Supermarket,E01025858,Hinckley and Bosworth 010C,Other theft,Investigation complete; no suspect identified,
3fe6dfa2a32aed3ec0044f2d34eda6d18ad1924ea433978df25a342138ed83ce,2023-12,Leicestershire Police,Leicestershire Police,-1.371474,52.545836,On or near Parking Area,E01025858,Hinckley and Bosworth 010C,Other theft,Investigation complete; no suspect identified,
2434ad36d6af3f9d631890c7bac4ff13fccca6183e02748e149e338098f4a996,2023-12,Leicestershire Police,Leicestershire Police,-1.370146,52.542773,On or near Baptist Walk,E01025858,Hinckley and Bosworth 010C,Public order,Investigation complete; no suspect identified,
593409030f4e4082adfbd29ce0fc7aa8bef3222103efcb8ab7f333379aa19e59,2023-12,Leicestershire Police,Leicestershire Police,-1.372931,52.542913,On or near Baines' Lane,E01025858,Hinckley and Bosworth 010C,Shoplifting,Investigation complete; no suspect identified,
d61205d47ee04b82233a903758f8a6ec00de50ce50aac9ff3f11161f37bdcf1f,2023-12,Leicestershire Police,Leicestershire Police,-1.370033,52.543491,On or near Supermarket,E01025858,Hinckley and Bosworth 010C,Shoplifting,Investigation complete; no suspect identified,
4f4e8d7a353b1a4e98b2237163f90ddd4031ecc22b88d5f5df2762f53780ec6f,2023-12,Leicestershire Police,Leicestershire Police,-1.372249,52.545238,On or near Well Lane,E01025858,Hinckley and Bosworth 010C,Vehicle crime,Investigation complete; no suspect identified,
8724b409df62a24f7ed371889b6fe11707ed8328948beb356bf0992fe0881060,2023-12,Leicestershire Police,Leicestershire Police,-1.366020,52.547695,On or near Dean Road West,E01025858,Hinckley and Bosworth 010C,Violence and sexual offences,Unable to prosecute suspect,
160e99b53254b4c71c0eb288f132a306f500e39683d7c120473082659a92b00b,2023-12,Leicestershire Police,Leicestershire Police,-1.367359,52.544808,On or near Charles Street,E01025858,Hinckley and Bosworth 010C,Violence and sexual offences,Unable to prosecute suspect,
785b597cd91a80f02c6612c7adb4cfb3f6f0837cb5f77a73f55693a359d70e5a,2023-12,Leicestershire Police,Leicestershire Police,-1.371696,52.543689,On or near Parking Area,E01025858,Hinckley and Bosworth 010C,Violence and sexual offences,Unable to prosecute suspect,
be15dddc071fa042b915c8e8304504cc360be93355d9fbfab2c3e3bd8f35a0ab,2023-12,Leicestershire Police,Leicestershire Police,-1.368054,52.545728,On or near Derby Road,E01025858,Hinckley and Bosworth 010C,Violence and sexual offences,Local resolution,
be9ee666cfb55431527a9b58230dcc52801869aa3cd4b5303eeb1f02cfe3117b,2023-12,Leicestershire Police,Leicestershire Police,-1.373985,52.544456,On or near Police Station,E01025858,Hinckley and Bosworth 010C,Violence and sexual offences,Investigation complete; no suspect identified,
c2756cc20b6ad08556a06e49f944f0df924496145e5823c2ee5566364cbb2a80,2023-12,Leicestershire Police,Leicestershire Police,-1.369481,52.545952,On or near New Street,E01025858,Hinckley and Bosworth 010C,Violence and sexual offences,Unable to prosecute suspect,
2ea01693a094fbbbf94398ebccdb36f87bc0028521654d37a382a44ff2f9d2ba,2023-12,Leicestershire Police,Leicestershire Police,-1.373453,52.542512,On or near King Street,E01025858,Hinckley and Bosworth 010C,Violence and sexual offences,Investigation complete; no suspect identified,
70fc515f0b322d8b107f2e394690842c47a2545a3ee96d25a409a20e406a3602,2023-12,Leicestershire Police,Leicestershire Police,-1.361498,52.542259,On or near College Lane,E01025858,Hinckley and Bosworth 010C,Violence and sexual offences,Investigation complete; no suspect identified,
161b2bdd51a2b83c2f7dcfb229a39360c319ed2d793406284698773d8f30d73c,2023-12,Leicestershire Police,Leicestershire Police,-1.370033,52.543491,On or near Supermarket,E01025858,Hinckley and Bosworth 010C,Other crime,Local resolution,
78ba768251676e5e39c81b919dc300b8328ac1358e5f4d14ed4e5729e7ca5162,2023-12,Leicestershire Police,Leicestershire Police,-1.370033,52.543491,On or near Supermarket,E01025858,Hinckley and Bosworth 010C,Other crime,Investigation complete; no suspect identified,
8037b19ea0e1206871b92f16e5cce8386c4aa8b5844314d09ca89e40943098a7,2023-12,Leicestershire Police,Leicestershire Police,-1.367909,52.549638,On or near B4667,E01025863,Hinckley and Bosworth 010D,Other theft,Investigation complete; no suspect identified,
129beb58c5558e2d2cee7f0c30c136f56b4493f690eb3146ad432c78b65ef63f,2023-12,Leicestershire Police,Leicestershire Police,-1.369039,52.552098,On or near Barrie Road,E01025863,Hinckley and Bosworth 010D,Other theft,Unable to prosecute suspect,
a1ebfa3cf1a6f68d139bb8bfaa03d9bfeaa4c63f6c449ec981caafbe4959d259,2023-12,Leicestershire Police,Leicestershire Police,-1.370427,52.554039,On or near Netherly Court,E01025863,Hinckley and Bosworth 010D,Violence and sexual offences,Action to be taken by another organisation,
566665eefe9a282a5ab9425331ae64c705d202baa266b1ff329c180044214fcf,2023-12,Leicestershire Police,Leicestershire Police,-1.375101,52.548948,On or near Edward Street,E01025865,Hinckley and Bosworth 010E,Criminal damage and arson,Investigation complete; no suspect identified,
793eed812ddf5d5aaa1e6e679cfeafb039dca5841e207b2fcc8d209cb41b9cc1,2023-12,Leicestershire Police,Leicestershire Police,-1.374128,52.546848,On or near Gopsall Road,E01025865,Hinckley and Bosworth 010E,Other theft,Investigation complete; no suspect identified,
69ed9ee4752179d29031e2b94cd38f38bb6ab78256198861f529cf194be3f65f,2023-12,Leicestershire Police,Leicestershire Police,-1.377907,52.546626,On or near Arguile Place,E01025865,Hinckley and Bosworth 010E,Violence and sexual offences,Formal action is not in the public interest,
b5bcc7b27d59bb972a40a91ab9160477552a221a04b408520d57671c7d494cdf,2023-12,Leicestershire Police,Leicestershire Police,-1.378813,52.550316,On or near Alexander Gardens,E01025865,Hinckley and Bosworth 010E,Violence and sexual offences,Investigation complete; no suspect identified,
,2023-12,Leicestershire Police,Leicestershire Police,-1.386564,52.542320,On or near Embleton Close,E01025854,Hinckley and Bosworth 011B,Anti-social behaviour,,
c035f5f22855f2155ad834cc4c7511cd0716ecee780b68c448319bd9d47b0da6,2023-12,Leicestershire Police,Leicestershire Police,-1.386564,52.542320,On or near Embleton Close,E01025854,Hinckley and Bosworth 011B,Criminal damage and arson,Action to be taken by another organisation,
0eb438520f577fec5b6347c6b547dfed5b1ec6652890a85f734b05a2f072d0bd,2023-12,Leicestershire Police,Leicestershire Police,-1.397017,52.545664,On or near Hadrian Close,E01025854,Hinckley and Bosworth 011B,Violence and sexual offences,Unable to prosecute suspect,
bf676b99db2ad0795609aefce13db86a00e03dac59c9d03bd9de32a4d2c51e96,2023-12,Leicestershire Police,Leicestershire Police,-1.397017,52.545664,On or near Hadrian Close,E01025854,Hinckley and Bosworth 011B,Violence and sexual offences,Unable to prosecute suspect,
2fe9f85a3a9f125e4939005c34fee1908cf7e8152d6b54e4286d32e35aeb7e52,2023-12,Leicestershire Police,Leicestershire Police,-1.394357,52.547142,On or near Samphrey Close,E01025854,Hinckley and Bosworth 011B,Other crime,Investigation complete; no suspect identified,
db7673d60efc69562b981dabaf139732a15366bcfcb9ba86787df791c0661166,2023-12,Leicestershire Police,Leicestershire Police,-1.392552,52.542225,On or near Roston Drive,E01025855,Hinckley and Bosworth 011C,Violence and sexual offences,Unable to prosecute suspect,
,2023-12,Leicestershire Police,Leicestershire Police,-1.396403,52.536634,On or near Sunnydale Crescent,E01025855,Hinckley and Bosworth 011C,Anti-social behaviour,,
,2023-12,Leicestershire Police,Leicestershire Police,-1.396403,52.536634,On or near Sunnydale Crescent,E01025855,Hinckley and Bosworth 011C,Anti-social behaviour,,
d4f9a9bf6080dca4a60f2c8ed5caa1d962c8d3a5c5d94f4e6630ac149af9545e,2023-12,Leicestershire Police,Leicestershire Police,-1.393997,52.541135,On or near Lochmore Drive,E01025855,Hinckley and Bosworth 011C,Criminal damage and arson,Investigation complete; no suspect identified,
5aa0ca7bfdb60bed85b0f4d33b85404239f5c1186d0a3b5157592eda560c4c64,2023-12,Leicestershire Police,Leicestershire Police,-1.393997,52.541135,On or near Lochmore Drive,E01025855,Hinckley and Bosworth 011C,Criminal damage and arson,Unable to prosecute suspect,
ff9f3685e7b85b6ca0b74ff174f5dc6fe71523dc82917e9af8a3e08f775b10fa,2023-12,Leicestershire Police,Leicestershire Police,-1.396403,52.536634,On or near Sunnydale Crescent,E01025855,Hinckley and Bosworth 011C,Public order,Action to be taken by another organisation,
2c45deee4c6e12f39e58a01a879956751883cdd9ac1649f875ddf41389564732,2023-12,Leicestershire Police,Leicestershire Police,-1.393997,52.541135,On or near Lochmore Drive,E01025855,Hinckley and Bosworth 011C,Violence and sexual offences,Unable to prosecute suspect,
94920170a33d38eadeb0642eb8013e1484a8743dc91d71ed901cf6e6fd860304,2023-12,Leicestershire Police,Leicestershire Police,-1.384073,52.548555,On or near Battledown Close,E01025866,Hinckley and Bosworth 011D,Drugs,Investigation complete; no suspect identified,
623aeedd3e6609baa53256bcca939cd453c15becd097390234eebdd20a4af7e8,2023-12,Leicestershire Police,Leicestershire Police,-1.392543,52.548230,On or near Utah Close,E01025866,Hinckley and Bosworth 011D,Public order,Formal action is not in the public interest,
,2023-12,Leicestershire Police,Leicestershire Police,-1.392638,52.549875,On or near Beryl Avenue,E01025866,Hinckley and Bosworth 011D,Anti-social behaviour,,
f00f8dfe2bb230cfe6c1039c73b7d4dde36707af73b036dceafd96363db123b3,2023-12,Leicestershire Police,Leicestershire Police,-1.392638,52.549875,On or near Beryl Avenue,E01025866,Hinckley and Bosworth 011D,Other theft,Investigation complete; no suspect identified,
cb5ee6499042765a693acf31f8bdce38d39e1749aa352cbfcca3fff9ff842a54,2023-12,Leicestershire Police,Leicestershire Police,-1.392638,52.549875,On or near Beryl Avenue,E01025866,Hinckley and Bosworth 011D,Other theft,Investigation complete; no suspect identified,
2b0b46162e92a61c04eb3ed779c04c375d6acff695acb179ab400235b582baa9,2023-12,Leicestershire Police,Leicestershire Police,-1.389412,52.549625,On or near Frederick Avenue,E01025866,Hinckley and Bosworth 011D,Public order,Action to be taken by another organisation,
8f202541fb065e40acb86b9b3bd72658abf8a596a2fcf0ee81ebb38eef411e03,2023-12,Leicestershire Police,Leicestershire Police,-1.392638,52.549875,On or near Beryl Avenue,E01025866,Hinckley and Bosworth 011D,Public order,Unable to prosecute suspect,
5ca181519c7b04b06059f928bcc9af7433b4a874385f12fc8df8dc75ac8af08f,2023-12,Leicestershire Police,Leicestershire Police,-1.392201,52.548390,On or near Overlord Drive,E01025866,Hinckley and Bosworth 011D,Public order,Investigation complete; no suspect identified,
931ad2d29d2a090c449567da541b8baf36ad91e0df97a2cc62ddce91d280a39a,2023-12,Leicestershire Police,Leicestershire Police,-1.384073,52.548555,On or near Battledown Close,E01025866,Hinckley and Bosworth 011D,Shoplifting,Court result unavailable,
2804959b1c27dc92aaed665caec342c4981517fb6a3a6780dd6db51a9ecffa90,2023-12,Leicestershire Police,Leicestershire Police,-1.384073,52.548555,On or near Battledown Close,E01025866,Hinckley and Bosworth 011D,Shoplifting,Court result unavailable,
b87e025243a448c29e07c29092b86490c42cf9c0064992d1104d68de499b08c2,2023-12,Leicestershire Police,Leicestershire Police,-1.392638,52.549875,On or near Beryl Avenue,E01025866,Hinckley and Bosworth 011D,Violence and sexual offences,Unable to prosecute suspect,
dbec3f76dc7a19c86803b75319aad24f591c80aad6ba218434b4ebdb4066e845,2023-12,Leicestershire Police,Leicestershire Police,-1.388299,52.543595,On or near Shopping Area,E01025867,Hinckley and Bosworth 011E,Public order,Unable to prosecute suspect,
abadd961be09ac05e800317d93b375bd81b23f3ed73d6103f40b4f4bfa0d06eb,2023-12,Leicestershire Police,Leicestershire Police,-1.392253,52.546790,On or near Erskine Close,E01025867,Hinckley and Bosworth 011E,Public order,Action to be taken by another organisation,
0aa875fff9c8e550265e5b21aa499271f408661f5b3c966c4e5ebd68d613d697,2023-12,Leicestershire Police,Leicestershire Police,-1.388299,52.543595,On or near Shopping Area,E01025867,Hinckley and Bosworth 011E,Robbery,Unable to prosecute suspect,
c48dc3722c75422734f1a28ad14472dd107736f892cc388615c1a3d697040cf6,2023-12,Leicestershire Police,Leicestershire Police,-1.388299,52.543595,On or near Shopping Area,E01025867,Hinckley and Bosworth 011E,Shoplifting,Unable to prosecute suspect,
97784dafd21d95a9826de587e93ec87067bd6595a1e27ad27a9a1890baf58021,2023-12,Leicestershire Police,Leicestershire Police,-1.388299,52.543595,On or near Shopping Area,E01025867,Hinckley and Bosworth 011E,Shoplifting,Court result unavailable,
b3c531c1d0adc18c56959420fff544e167eb66a9c5e92673b09018b2360a5c0e,2023-12,Leicestershire Police,Leicestershire Police,-1.388299,52.543595,On or near Shopping Area,E01025867,Hinckley and Bosworth 011E,Shoplifting,Formal action is not in the public interest,
32a2dd3a689add6fc66a07d0aed0c49d3c79b135a7f8e252b963b01834010043,2023-12,Leicestershire Police,Leicestershire Police,-1.388299,52.543595,On or near Shopping Area,E01025867,Hinckley and Bosworth 011E,Vehicle crime,Investigation complete; no suspect identified,
3d20d81ef8fbebe7188bb5c67fbf7e84c216777410e2b87b29c873c2536476bf,2023-12,Leicestershire Police,Leicestershire Police,-1.384298,52.545113,On or near Ramsey Close,E01025867,Hinckley and Bosworth 011E,Violence and sexual offences,Unable to prosecute suspect,
7e7a65bf728e58abe735a89b199709e91541f9c5beb529099ecff234f531702d,2023-12,Leicestershire Police,Leicestershire Police,-1.385297,52.545370,On or near Walney Close,E01025867,Hinckley and Bosworth 011E,Violence and sexual offences,Unable to prosecute suspect,
37b0727077372682cc92caf35f9c85cf118ca57aae4c557013eabbf7ed4fcebb,2023-12,Leicestershire Police,Leicestershire Police,-1.388299,52.543595,On or near Shopping Area,E01025867,Hinckley and Bosworth 011E,Violence and sexual offences,Offender given a caution,
098ad6d70d58b4b2378b7fffee35dba591bfeb48c795f3fd8fc052787eff7045,2023-12,Leicestershire Police,Leicestershire Police,-1.398194,52.537219,On or near Rydal Close,E01035096,Hinckley and Bosworth 011F,Violence and sexual offences,Unable to prosecute suspect,
,2023-12,Leicestershire Police,Leicestershire Police,-1.399719,52.543250,On or near Lossiemouth Road,E01035096,Hinckley and Bosworth 011F,Anti-social behaviour,,
775989cf6b6d67c6cf275ce019eece6a1321f9fb6fbc73bdf3ece1fbac418976,2023-12,Leicestershire Police,Leicestershire Police,-1.413049,52.534399,On or near Watling Street,E01035096,Hinckley and Bosworth 011F,Bicycle theft,Investigation complete; no suspect identified,
d8c6f07469068e2b2a3078170886dd6e64618c9b3f23df5bd30253378e1b4baa,2023-12,Leicestershire Police,Leicestershire Police,-1.416052,52.535780,On or near Petrol Station,E01035096,Hinckley and Bosworth 011F,Criminal damage and arson,Investigation complete; no suspect identified,
fbbe21f941ade11ebcb5fd39df364fe7ac3738e74989469d075edae1869a44cd,2023-12,Leicestershire Police,Leicestershire Police,-1.398780,52.548289,On or near A47,E01035096,Hinckley and Bosworth 011F,Criminal damage and arson,Investigation complete; no suspect identified,
a98ccc019582034594f4966389c2047ee7aac93e4845796c3fdb9ea3eca360b9,2023-12,Leicestershire Police,Leicestershire Police,-1.401833,52.537399,On or near Maple Drive,E01035096,Hinckley and Bosworth 011F,Criminal damage and arson,Investigation complete; no suspect identified,
42dfff94c4d3dc4c3af3560760c586912bbf6af1c1677b713e66734e8f18fcca,2023-12,Leicestershire Police,Leicestershire Police,-1.416928,52.536432,On or near Supermarket,E01035096,Hinckley and Bosworth 011F,Shoplifting,Investigation complete; no suspect identified,
8a4bb5c53e9bca6cf8470ceba677e667e7e6df54b466f3fe12838359e565c3e4,2023-12,Leicestershire Police,Leicestershire Police,-1.416928,52.536432,On or near Supermarket,E01035096,Hinckley and Bosworth 011F,Vehicle crime,Investigation complete; no suspect identified,
da5d70b86b6817074f511365533a0cdf3c31eca3f68192f4cdc29d5af2786cc3,2023-12,Leicestershire Police,Leicestershire Police,-1.413276,52.539461,On or near Jacknell Road,E01035096,Hinckley and Bosworth 011F,Vehicle crime,Investigation complete; no suspect identified,
692bba1092c28d3f665d5e29c70a113a68400865111d9740bfde3a2101a96524,2023-12,Leicestershire Police,Leicestershire Police,-1.396412,52.542406,On or near Coldstream Close,E01035096,Hinckley and Bosworth 011F,Violence and sexual offences,Investigation complete; no suspect identified,
7e366e0958c7a3355a1eac3ab24a470b7ae5e399da010a3e93216710af838c03,2023-12,Leicestershire Police,Leicestershire Police,-1.404718,52.532325,On or near Applebees Meadow,E01035096,Hinckley and Bosworth 011F,Violence and sexual offences,Unable to prosecute suspect,
851b92c7167989783260e8423e977ac263fe0ad1bb46e85b2d1e6f2de4442bdd,2023-12,Leicestershire Police,Leicestershire Police,-1.396775,52.532087,On or near Nutt'S Lane,E01035097,Hinckley and Bosworth 011G,Burglary,Investigation complete; no suspect identified,
d44db0bb10ce2dda6dc9b1beb82d0e2a8bbf23dbea692aed84782a1cfc8beb23,2023-12,Leicestershire Police,Leicestershire Police,-1.396775,52.532087,On or near Nutt'S Lane,E01035097,Hinckley and Bosworth 011G,Burglary,Investigation complete; no suspect identified,
af41c847f9ab8071b841ea9a32d1f3bf808c6edee931c3b8cb50a1238546a483,2023-12,Leicestershire Police,Leicestershire Police,-1.398286,52.532626,On or near Sansome Drive,E01035097,Hinckley and Bosworth 011G,Criminal damage and arson,Investigation complete; no suspect identified,
516e5ee6e49d9eebde6261131c98c702b7f84fc2ac232bcde397b3cb6a9eddaa,2023-12,Leicestershire Police,Leicestershire Police,-1.403452,52.533254,On or near Paddock Way,E01035097,Hinckley and Bosworth 011G,Criminal damage and arson,Unable to prosecute suspect,
aa983723b2dee6b0adc2c37216e061327a34b480cb7d1f0002e159f563d01120,2023-12,Leicestershire Police,Leicestershire Police,-1.402142,52.532007,On or near Beams Meadow,E01035097,Hinckley and Bosworth 011G,Other theft,Investigation complete; no suspect identified,
47aadb7bf594481ac89ff3d9ef4cad41311f18b9385177316e53dad5d481eefd,2023-12,Leicestershire Police,Leicestershire Police,-1.398654,52.533787,On or near Canal Way,E01035097,Hinckley and Bosworth 011G,Public order,Investigation complete; no suspect identified,
121ca1928b1c70550fb4c3e4109e48e46f286e514082ba5c92f6994c575b89a5,2023-12,Leicestershire Police,Leicestershire Police,-1.403452,52.533254,On or near Paddock Way,E01035097,Hinckley and Bosworth 011G,Vehicle crime,Investigation complete; no suspect identified,
ca4b3b0c965aaedd289b6f91c3957d9f5c805454f994c54f9253cb6bf5eba1eb,2023-12,Leicestershire Police,Leicestershire Police,-1.396775,52.532087,On or near Nutt'S Lane,E01035097,Hinckley and Bosworth 011G,Vehicle crime,Investigation complete; no suspect identified,
d3efafc1b0a762fd9c375920025bd080dcd6bbe2bdba5a5d5535d382994871eb,2023-12,Leicestershire Police,Leicestershire Police,-1.398286,52.532626,On or near Sansome Drive,E01035097,Hinckley and Bosworth 011G,Violence and sexual offences,Unable to prosecute suspect,
b2bae21db2f15b086e1630f01fc74c47d4bea47601fe3ca023af82e10bca3721,2023-12,Leicestershire Police,Leicestershire Police,-1.396052,52.530335,On or near Sports/Recreation Area,E01035097,Hinckley and Bosworth 011G,Violence and sexual offences,Unable to prosecute suspect,
30448571fe0d8748a0f4572cb79bf163ac661f3ecd58a9e75485ee509016f32b,2023-12,Leicestershire Police,Leicestershire Police,-1.403452,52.533254,On or near Paddock Way,E01035097,Hinckley and Bosworth 011G,Violence and sexual offences,Court result unavailable,
84bd210ebfb32472cfa7d68462a2188562312b48b58ba065fc386b2b1e022588,2023-12,Leicestershire Police,Leicestershire Police,-1.396052,52.530335,On or near Sports/Recreation Area,E01035097,Hinckley and Bosworth 011G,Violence and sexual offences,Investigation complete; no suspect identified,
97c94dc38c9f18ea27c5c049acc3585184c7f6e175a0efd47dd15c9c3b83d984,2023-12,Leicestershire Police,Leicestershire Police,-1.403452,52.533254,On or near Paddock Way,E01035097,Hinckley and Bosworth 011G,Violence and sexual offences,Court result unavailable,
8a2120afa24d25bae71ac1fa3dc6d1471b63438e7731830c1996e1bf9f8a7413,2023-12,Leicestershire Police,Leicestershire Police,-1.403452,52.533254,On or near Paddock Way,E01035097,Hinckley and Bosworth 011G,Violence and sexual offences,Court result unavailable,
f4235c174fe129d2adf409c054777ee603c2e3b23261e9723c2ce6b8e326eb46,2023-12,Leicestershire Police,Leicestershire Police,-1.402142,52.532007,On or near Beams Meadow,E01035097,Hinckley and Bosworth 011G,Violence and sexual offences,Unable to prosecute suspect,
7a5369d2664007913515c1379bcdf9a97ccbf7a0b9fc5a59456ed1dcb4169f56,2023-12,Leicestershire Police,Leicestershire Police,-1.402142,52.532007,On or near Beams Meadow,E01035097,Hinckley and Bosworth 011G,Violence and sexual offences,Unable to prosecute suspect,
9cf1998911ff2e11c5ca08267d0e3c840c13933371631e42ce5dd88e2722c62a,2023-12,Leicestershire Police,Leicestershire Police,-1.373715,52.538557,On or near Brunel Road,E01025849,Hinckley and Bosworth 012A,Shoplifting,Unable to prosecute suspect,
,2023-12,Leicestershire Police,Leicestershire Police,-1.375949,52.538039,On or near Parking Area,E01025849,Hinckley and Bosworth 012A,Anti-social behaviour,,
,2023-12,Leicestershire Police,Leicestershire Police,-1.375949,52.538039,On or near Parking Area,E01025849,Hinckley and Bosworth 012A,Anti-social behaviour,,
,2023-12,Leicestershire Police,Leicestershire Police,-1.375949,52.538039,On or near Parking Area,E01025849,Hinckley and Bosworth 012A,Anti-social behaviour,,
,2023-12,Leicestershire Police,Leicestershire Police,-1.373084,52.535291,On or near Supermarket,E01025849,Hinckley and Bosworth 012A,Anti-social behaviour,,
de0589c9732c4b30778813d2fc9c6ba12d18970fd0391d00e0dc0ecf842677b6,2023-12,Leicestershire Police,Leicestershire Police,-1.372098,52.535169,On or near Parking Area,E01025849,Hinckley and Bosworth 012A,Bicycle theft,Investigation complete; no suspect identified,
64610add9622dbefe4c7c1a2ac7e65e5889d72b90bfdb709d3d8b001fa2e4d21,2023-12,Leicestershire Police,Leicestershire Police,-1.372815,52.538660,On or near Brunel Road,E01025849,Hinckley and Bosworth 012A,Bicycle theft,Unable to prosecute suspect,
87576b613cd3dcdab424de7f64355a478595d88e0b53f21a2a124671b1de8f9a,2023-12,Leicestershire Police,Leicestershire Police,-1.378827,52.539915,On or near Supermarket,E01025849,Hinckley and Bosworth 012A,Burglary,Investigation complete; no suspect identified,
ec3a672d2ccb1927b1eb155f904624eb888675d2f93d056ce15749617e88bade,2023-12,Leicestershire Police,Leicestershire Police,-1.378780,52.535968,On or near Rutland Avenue,E01025849,Hinckley and Bosworth 012A,Criminal damage and arson,Court result unavailable,
299a323e68062917a4d3193e9a871a9adc6458b742d277d39322d3b6dd9a7ae1,2023-12,Leicestershire Police,Leicestershire Police,-1.375719,52.536590,On or near Willowbank Road,E01025849,Hinckley and Bosworth 012A,Criminal damage and arson,Unable to prosecute suspect,
012b4e6267d05d8b079d3677ae1db94cf3b9e807cdab934c0e45b98ca41b86e2,2023-12,Leicestershire Police,Leicestershire Police,-1.381386,52.539353,On or near Ferry Pickering Close,E01025849,Hinckley and Bosworth 012A,Criminal damage and arson,Investigation complete; no suspect identified,
9899ed504a3f2668689f1cdf32037454c50897abc0bc08b465a364f9cb83bc11,2023-12,Leicestershire Police,Leicestershire Police,-1.375529,52.537488,On or near Clarendon Road,E01025849,Hinckley and Bosworth 012A,Drugs,Local resolution,
c3953cc4498c4caa8050a1da3fe0e40d6bccc67d1a4fa20144ad127fc56478a2,2023-12,Leicestershire Police,Leicestershire Police,-1.378827,52.539915,On or near Supermarket,E01025849,Hinckley and Bosworth 012A,Other theft,Investigation complete; no suspect identified,
4a09b668ded683343422a96804c2101876cd046ee20e26d4da0fb3ed3ddef6c9,2023-12,Leicestershire Police,Leicestershire Police,-1.375719,52.536590,On or near Willowbank Road,E01025849,Hinckley and Bosworth 012A,Other theft,Investigation complete; no suspect identified,
83faa98c7c46d6f56f13962b838f466acaf7980ca64dc33a3fe65d77cdc13d45,2023-12,Leicestershire Police,Leicestershire Police,-1.375949,52.538039,On or near Parking Area,E01025849,Hinckley and Bosworth 012A,Possession of weapons,Unable to prosecute suspect,
a19a896d97044fa0f17bf9cb858ba35ceb3c38f0e6bc068f161ef2370a8e10a3,2023-12,Leicestershire Police,Leicestershire Police,-1.375719,52.536590,On or near Willowbank Road,E01025849,Hinckley and Bosworth 012A,Public order,Local resolution,
b276401715822024abfa9456b9d5bcd0a6b842bde1f6153364e2125fd80bba64,2023-12,Leicestershire Police,Leicestershire Police,-1.373254,52.535768,On or near Petrol Station,E01025849,Hinckley and Bosworth 012A,Public order,Investigation complete; no suspect identified,
ce1e1399ff64be6d4a6350de7329b4dc2a0424f1a2d9b695b58402f190d2f328,2023-12,Leicestershire Police,Leicestershire Police,-1.375719,52.536590,On or near Willowbank Road,E01025849,Hinckley and Bosworth 012A,Public order,Unable to prosecute suspect,
eeb28c2a09a35af18915540447375d2d2635ca1f76a4e35efd88e9db41942c3f,2023-12,Leicestershire Police,Leicestershire Police,-1.373037,52.536504,On or near Royal Court,E01025849,Hinckley and Bosworth 012A,Public order,Unable to prosecute suspect,
83053493404cfc8192234b955a6d56992fe26d19970f5fe3529d00d4b439ac28,2023-12,Leicestershire Police,Leicestershire Police,-1.373715,52.538557,On or near Brunel Road,E01025849,Hinckley and Bosworth 012A,Shoplifting,Local resolution,
2131f475f9316bc0895238977f8aa7841d8610f55decd1284119a81b2e1d8400,2023-12,Leicestershire Police,Leicestershire Police,-1.375949,52.538039,On or near Parking Area,E01025849,Hinckley and Bosworth 012A,Shoplifting,Investigation complete; no suspect identified,
29b48ec3339c0b741d56339031dd1791dcc9452c4dc0795ddd5bc2a3ebd45632,2023-12,Leicestershire Police,Leicestershire Police,-1.373715,52.538557,On or near Brunel Road,E01025849,Hinckley and Bosworth 012A,Shoplifting,Investigation complete; no suspect identified,
2a54eb410e7e053be59ec1d3784a3d10d9d46241057bcf2eada9982855e51c9d,2023-12,Leicestershire Police,Leicestershire Police,-1.373715,52.538557,On or near Brunel Road,E01025849,Hinckley and Bosworth 012A,Shoplifting,Unable to prosecute suspect,
a6ab9636ec6afc7fe7f8ceaa6ddac0ce7f6a91d6feb12de343cb9d4f0588e6d7,2023-12,Leicestershire Police,Leicestershire Police,-1.373084,52.535291,On or near Supermarket,E01025849,Hinckley and Bosworth 012A,Shoplifting,Court result unavailable,
7b10994a13ebae31aa66746e529d28dbbc24e06cede552ca2c1326b2a50ce112,2023-12,Leicestershire Police,Leicestershire Police,-1.373084,52.535291,On or near Supermarket,E01025849,Hinckley and Bosworth 012A,Shoplifting,Court result unavailable,
0ab4cfba5f740e4bb8236bac63332a3ed152f76509b64055ffd9a6267611478d,2023-12,Leicestershire Police,Leicestershire Police,-1.373715,52.538557,On or near Brunel Road,E01025849,Hinckley and Bosworth 012A,Shoplifting,Local resolution,
a3893139589f2d29aa2ce5555597effb7c8d63bd66b9483569cac662d85f5b3d,2023-12,Leicestershire Police,Leicestershire Police,-1.375949,52.538039,On or near Parking Area,E01025849,Hinckley and Bosworth 012A,Violence and sexual offences,Investigation complete; no suspect identified,
65d0df0d06ab89ab272ca1b38541fc625aea7eb8e9ae76acbe7f148ff8e2cd31,2023-12,Leicestershire Police,Leicestershire Police,-1.371117,52.535721,On or near Bennetts Close,E01025849,Hinckley and Bosworth 012A,Violence and sexual offences,Court result unavailable,
30f6757393c046cd87a6a81dcede1ae6ec97d6189c47c9d847bce6e476253d7d,2023-12,Leicestershire Police,Leicestershire Police,-1.375529,52.537488,On or near Clarendon Road,E01025849,Hinckley and Bosworth 012A,Violence and sexual offences,Unable to prosecute suspect,
d5d97dadd17edf0495a63ae9e22a0a05f872dbd0dd129b475b0cec8553efd1e0,2023-12,Leicestershire Police,Leicestershire Police,-1.375529,52.537488,On or near Clarendon Road,E01025849,Hinckley and Bosworth 012A,Violence and sexual offences,Local resolution,
76a7359ddc3209e593538c9d2957ad57c61503db74eac30afaa0d214c79085c1,2023-12,Leicestershire Police,Leicestershire Police,-1.371117,52.535721,On or near Bennetts Close,E01025849,Hinckley and Bosworth 012A,Violence and sexual offences,Investigation complete; no suspect identified,
08fea81c4e0a5b79a457bd8fdce9b05bffebb1533ea93e9d356265fff2b2655d,2023-12,Leicestershire Police,Leicestershire Police,-1.375719,52.536590,On or near Willowbank Road,E01025849,Hinckley and Bosworth 012A,Violence and sexual offences,Unable to prosecute suspect,
5af66b3ff28109d9b35fe2807ce2980fe33011f076063e2531156eca29f0eccc,2023-12,Leicestershire Police,Leicestershire Police,-1.382208,52.536417,On or near Northfield Road,E01025849,Hinckley and Bosworth 012A,Violence and sexual offences,Unable to prosecute suspect,
9b0a9a46507b209bb2260da66f8c893da526872bc298300f8f3195e8ff416e65,2023-12,Leicestershire Police,Leicestershire Police,-1.371117,52.535721,On or near Bennetts Close,E01025849,Hinckley and Bosworth 012A,Violence and sexual offences,Investigation complete; no suspect identified,
de7e72a785b923efcc72bfef2c4b29c07b8ef06ddc0273c9e41c1eb6908498a4,2023-12,Leicestershire Police,Leicestershire Police,-1.369597,52.535839,On or near Bradley Row,E01025849,Hinckley and Bosworth 012A,Violence and sexual offences,Formal action is not in the public interest,
43943e790afe2e93dc2e17bc417eebeab47a248310985f7e287c78348f7e1ef3,2023-12,Leicestershire Police,Leicestershire Police,-1.369597,52.535839,On or near Bradley Row,E01025849,Hinckley and Bosworth 012A,Violence and sexual offences,Investigation complete; no suspect identified,
1f8853b540292dfacc8218239eb59b789d0d324b834661a7daee9267efdb93b8,2023-12,Leicestershire Police,Leicestershire Police,-1.371117,52.535721,On or near Bennetts Close,E01025849,Hinckley and Bosworth 012A,Other crime,Local resolution,
8236b02c38b2eb8349b0d1e095c8dff88fa685de8a85e8a8d5f4156e163282eb,2023-12,Leicestershire Police,Leicestershire Police,-1.373715,52.538557,On or near Brunel Road,E01025849,Hinckley and Bosworth 012A,Other crime,Investigation complete; no suspect identified,
fccfecb9532c51936e5cefcf55330c0b891c289167b3c439ccf2a565bc4bbef5,2023-12,Leicestershire Police,Leicestershire Police,-1.375949,52.538039,On or near Parking Area,E01025849,Hinckley and Bosworth 012A,Other crime,Investigation complete; no suspect identified,
36570d2e5fc90292bbc7fc067002bd3789d4943a71ebc8e222274da8ad2658a7,2023-12,Leicestershire Police,Leicestershire Police,-1.384104,52.543188,On or near Pentland Close,E01025851,Hinckley and Bosworth 012B,Violence and sexual offences,Offender given a caution,
dc433b0162b36e2174a4874cd72b8e6100d250a5c74d58e66c2549cbc6c5aae0,2023-12,Leicestershire Police,Leicestershire Police,-1.384104,52.543188,On or near Pentland Close,E01025851,Hinckley and Bosworth 012B,Violence and sexual offences,Offender given a caution,
fc978466ab29fceb672b2d33fbeeb3355184dab2b95cdcacae104ceca0b2da7f,2023-12,Leicestershire Police,Leicestershire Police,-1.381543,52.543912,On or near Orkney Close,E01025851,Hinckley and Bosworth 012B,Violence and sexual offences,Unable to prosecute suspect,
9e29edd6c42b430d623ae5843cda235cf48f81c0bf0f29ef28791955befbc1ca,2023-12,Leicestershire Police,Leicestershire Police,-1.384104,52.543188,On or near Pentland Close,E01025851,Hinckley and Bosworth 012B,Violence and sexual offences,Offender given a caution,
,2023-12,Leicestershire Police,Leicestershire Police,-1.388519,52.534266,On or near William Iliffe Street,E01025856,Hinckley and Bosworth 012C,Anti-social behaviour,,
e8c0b2eaf140d324ce107678c2c8690353f0066410f6439458b38c9f1e8109be,2023-12,Leicestershire Police,Leicestershire Police,-1.388519,52.534266,On or near William Iliffe Street,E01025856,Hinckley and Bosworth 012C,Burglary,Investigation complete; no suspect identified,
affaf66208ccf160fdf33a2cdf485fef46a47196fc96309061a36fb21acc32f2,2023-12,Leicestershire Police,Leicestershire Police,-1.390840,52.539096,On or near Trent Road,E01025856,Hinckley and Bosworth 012C,Criminal damage and arson,Unable to prosecute suspect,
63f38a7fae0279e5a274f16a7664885e06aaef447886cc66b2b2ffe355ab9f03,2023-12,Leicestershire Police,Leicestershire Police,-1.392894,52.539871,On or near Dove Close,E01025856,Hinckley and Bosworth 012C,Criminal damage and arson,Investigation complete; no suspect identified,
d385c16f7e40c03a3f61cd2f62f851007bec879f181ecde921c5d757587089b6,2023-12,Leicestershire Police,Leicestershire Police,-1.386497,52.536557,On or near Hays Lane,E01025856,Hinckley and Bosworth 012C,Other theft,Investigation complete; no suspect identified,
a5db254ad10c9b2947d016ed73fa65249376904f1d727e5b9893c557f9d3c07d,2023-12,Leicestershire Police,Leicestershire Police,-1.386497,52.536557,On or near Hays Lane,E01025856,Hinckley and Bosworth 012C,Public order,Investigation complete; no suspect identified,
13f0e9337100e0f1ebe2d36b9076d3b1d32eb2d64ea5b804a18477c2d0d077e7,2023-12,Leicestershire Police,Leicestershire Police,-1.384906,52.536467,On or near Ashford Road,E01025856,Hinckley and Bosworth 012C,Public order,Unable to prosecute suspect,
7c85f501af1a361e2e5b22a5a15e6c578955549bb8a20d55b6aadbd9dfcfb69e,2023-12,Leicestershire Police,Leicestershire Police,-1.391789,52.538741,On or near Supermarket,E01025856,Hinckley and Bosworth 012C,Shoplifting,Investigation complete; no suspect identified,
076372921b2d562589ec7e3492e114644eb317920703482633b9825bea67467d,2023-12,Leicestershire Police,Leicestershire Police,-1.391789,52.538741,On or near Supermarket,E01025856,Hinckley and Bosworth 012C,Shoplifting,Investigation complete; no suspect identified,
e7ca63394cb7922a6f78a505a1228f6cabbc6424770653dd3652587489a697ab,2023-12,Leicestershire Police,Leicestershire Police,-1.393598,52.539038,On or near Lawnswood,E01025856,Hinckley and Bosworth 012C,Vehicle crime,Investigation complete; no suspect identified,
9004ed6349ebc69fb5c238ee5d207bcda30b3450c5b6007b0e039f692713e85c,2023-12,Leicestershire Police,Leicestershire Police,-1.390840,52.539096,On or near Trent Road,E01025856,Hinckley and Bosworth 012C,Violence and sexual offences,Action to be taken by another organisation,
89d5bda6a353afbd38f08b683cc8aa056a93959b5933410ce59fdde71b6c064c,2023-12,Leicestershire Police,Leicestershire Police,-1.388519,52.534266,On or near William Iliffe Street,E01025856,Hinckley and Bosworth 012C,Violence and sexual offences,Unable to prosecute suspect,
e778dad05a4ae35acc26e376b546da2c087c081dcdfea6393881c9d435ff7fc7,2023-12,Leicestershire Police,Leicestershire Police,-1.393598,52.539038,On or near Lawnswood,E01025856,Hinckley and Bosworth 012C,Violence and sexual offences,Unable to prosecute suspect,
993724c522481be05bcef2d3f4dc320de1b9c38679245d87e05520db60097f38,2023-12,Leicestershire Police,Leicestershire Police,-1.358652,52.533191,On or near Herford Way,E01025827,Hinckley and Bosworth 013A,Other crime,Unable to prosecute suspect,
68310d2e7df1e07d75e27264c356d0b0b1f047bbb3259d20fa700707bb48fcec,2023-12,Leicestershire Police,Leicestershire Police,-1.358482,52.534682,On or near Far Lash,E01025827,Hinckley and Bosworth 013A,Burglary,Unable to prosecute suspect,
2e424d456c1f03479ad4b6f513d24b53a3c717287657774920e650a316fc72b8,2023-12,Leicestershire Police,Leicestershire Police,-1.358482,52.534682,On or near Far Lash,E01025827,Hinckley and Bosworth 013A,Burglary,Unable to prosecute suspect,
b71db3fd6e330e0d032be984dbd44373a9db6e998b32ea16df2b43f86d00738c,2023-12,Leicestershire Police,Leicestershire Police,-1.363517,52.535195,On or near Brookside,E01025827,Hinckley and Bosworth 013A,Criminal damage and arson,Investigation complete; no suspect identified,
50398905fb2c193b69ce0c8fcd8512220a8af731480fe125debf64bd9a137553,2023-12,Leicestershire Police,Leicestershire Police,-1.356451,52.539535,On or near Petrol Station,E01025827,Hinckley and Bosworth 013A,Other theft,Investigation complete; no suspect identified,
b2a0838cb3c7d2404fbbb263e7ae4c367bf65830353b06061226a07819f6171b,2023-12,Leicestershire Police,Leicestershire Police,-1.358148,52.535372,On or near Forryan Road,E01025827,Hinckley and Bosworth 013A,Violence and sexual offences,Unable to prosecute suspect,
eaa4ec1803f7faad65b40924123046e7be27e0624a447bf7cc132171e05e0490,2023-12,Leicestershire Police,Leicestershire Police,-1.356809,52.535185,On or near St Catherine'S,E01025827,Hinckley and Bosworth 013A,Violence and sexual offences,Action to be taken by another organisation,
a0e0eb09f07cc1357f86c7bd7532cb4b42a8fc9fe22a49301f7f835897b9d2e4,2023-12,Leicestershire Police,Leicestershire Police,-1.350459,52.533910,On or near Stocking Leys,E01025828,Hinckley and Bosworth 013B,Other theft,Investigation complete; no suspect identified,
0761f1505c27afe6a46defe39053f765d09c9f8a11a346da30dc967af40a50ad,2023-12,Leicestershire Police,Leicestershire Police,-1.372106,52.533580,On or near Sports/Recreation Area,E01025829,Hinckley and Bosworth 013C,Violence and sexual offences,Unable to prosecute suspect,
523bb8266073e6b25eb72f79c06c9dbc2c48c12ed387d35ccf79e2a270366c98,2023-12,Leicestershire Police,Leicestershire Police,-1.364302,52.533940,On or near Fletcher Road,E01025829,Hinckley and Bosworth 013C,Violence and sexual offences,Unable to prosecute suspect,
ea611fa1fad8021f714dc6a02bf7fec0a95fcd6184bafcb3cbd8eaa102fae4cf,2023-12,Leicestershire Police,Leicestershire Police,-1.362058,52.532112,On or near North Close,E01025829,Hinckley and Bosworth 013C,Violence and sexual offences,Investigation complete; no suspect identified,
64fb1d0d2b9e24856af663920b1d450d320b066c954fb2b9d0fa3ceb822f9ac1,2023-12,Leicestershire Police,Leicestershire Police,-1.362058,52.532112,On or near North Close,E01025829,Hinckley and Bosworth 013C,Violence and sexual offences,Formal action is not in the public interest,
,2023-12,Leicestershire Police,Leicestershire Police,-1.352065,52.528938,On or near Grosvenor Crescent,E01025830,Hinckley and Bosworth 013D,Anti-social behaviour,,
37a402acdd420e33b4b84b5f44ff88d80d2cb8efd0bd793675c330047d5e7d9b,2023-12,Leicestershire Police,Leicestershire Police,-1.359113,52.531890,On or near Briar Close,E01025830,Hinckley and Bosworth 013D,Burglary,Investigation complete; no suspect identified,
594ac3447fc4d39285425c3798c017c3d6dcd7bccf700dc42806b9c53c87b22c,2023-12,Leicestershire Police,Leicestershire Police,-1.355903,52.532636,On or near Forresters Road,E01025830,Hinckley and Bosworth 013D,Burglary,Investigation complete; no suspect identified,
530c74b505c55f699ce8c9a00bc66419df46b26d597c5d39cf9d3c0d48162bf2,2023-12,Leicestershire Police,Leicestershire Police,-1.359113,52.531890,On or near Briar Close,E01025830,Hinckley and Bosworth 013D,Criminal damage and arson,Investigation complete; no suspect identified,
872b992a73544ee696f50cb53addc599f12a479df6d12694edd26d7cf7473de3,2023-12,Leicestershire Police,Leicestershire Police,-1.349020,52.531556,On or near Crossland Row,E01025830,Hinckley and Bosworth 013D,Public order,Local resolution,
7d9758614b4c94025e3f3eb05ef35b41fdc4389cc90b1083fa264b4ee20327a4,2023-12,Leicestershire Police,Leicestershire Police,-1.358369,52.531337,On or near Forresters Close,E01025830,Hinckley and Bosworth 013D,Violence and sexual offences,Investigation complete; no suspect identified,
f505cd7cd517ef93a824ea1bd6534a6f95c6138551eaee7829f2534b408e75b1,2023-12,Leicestershire Police,Leicestershire Police,-1.350348,52.530430,On or near Grove Park,E01025830,Hinckley and Bosworth 013D,Violence and sexual offences,Unable to prosecute suspect,
45ad3fcdcf8398c19fcbf6341fc17e098d79c2dbaaf87e376a4a84b9e1f1051f,2023-12,Leicestershire Police,Leicestershire Police,-1.350348,52.530430,On or near Grove Park,E01025830,Hinckley and Bosworth 013D,Violence and sexual offences,Unable to prosecute suspect,
62af5995b16c10dab91d2e5f54bb03d83fa2ade5aedcdded3dff006a62660ce2,2023-12,Leicestershire Police,Leicestershire Police,-1.350348,52.530430,On or near Grove Park,E01025830,Hinckley and Bosworth 013D,Violence and sexual offences,Unable to prosecute suspect,
ccefe0dfe3d16451f201a6a4c29c262b54d013e2df187e030bdabffd5fbab177,2023-12,Leicestershire Police,Leicestershire Police,-1.348560,52.533702,On or near Woodland Avenue,E01025830,Hinckley and Bosworth 013D,Violence and sexual offences,Unable to prosecute suspect,
082e48c22f4261e11adc571844f1e29a39f76612d714fb9e5052c389aa61b11f,2023-12,Leicestershire Police,Leicestershire Police,-1.360897,52.524725,On or near Maple Close,E01025831,Hinckley and Bosworth 014A,Violence and sexual offences,Unable to prosecute suspect,
64e43a2ae0c062e58015ea04556b033a4a9e6c0a84ec41304ccabdd84f3ac590,2023-12,Leicestershire Police,Leicestershire Police,-1.363273,52.525574,On or near Oak Close,E01025831,Hinckley and Bosworth 014A,Criminal damage and arson,Investigation complete; no suspect identified,
a2cca9a78edc8d9ff6bcd5a4a71af66a07677f7ffbc3598ca51b3311b0e98948,2023-12,Leicestershire Police,Leicestershire Police,-1.364502,52.528224,On or near Begonia Drive,E01025831,Hinckley and Bosworth 014A,Other theft,Investigation complete; no suspect identified,
9479eb3d6879af3fcbd1c07490dbb1a18c365bf14c3aa95232a303e14fe1d3b2,2023-12,Leicestershire Police,Leicestershire Police,-1.363273,52.525574,On or near Oak Close,E01025831,Hinckley and Bosworth 014A,Other theft,Investigation complete; no suspect identified,
241d63c438ec29b0ebb4f574737331af588d5c0210991d1b6744099dae962dbd,2023-12,Leicestershire Police,Leicestershire Police,-1.365037,52.521799,On or near Briarmead,E01025832,Hinckley and Bosworth 014B,Burglary,Investigation complete; no suspect identified,
1bbb91f7366b4d5e3ea3b2f486990f5c3570050c09977f6a7cce2059a7ec44bf,2023-12,Leicestershire Police,Leicestershire Police,-1.367714,52.520096,On or near Brockhurst Avenue,E01025832,Hinckley and Bosworth 014B,Other theft,Investigation complete; no suspect identified,
9104453b33813b01409a7d26bea5154e4910929f511676f31689839aa78deda0,2023-12,Leicestershire Police,Leicestershire Police,-1.367699,52.521166,On or near Newstead Avenue,E01025832,Hinckley and Bosworth 014B,Vehicle crime,Investigation complete; no suspect identified,
cc34ddcdca6d52b6c27b805a4c89d13b2e2765d354c5aa6505eb05078e08ca24,2023-12,Leicestershire Police,Leicestershire Police,-1.361317,52.522201,On or near Lysander Close,E01025832,Hinckley and Bosworth 014B,Vehicle crime,Investigation complete; no suspect identified,
7f1753d2dcf73b8083648192a7ee9126cd06a7538fa1a5f81b2297b01fd8db98,2023-12,Leicestershire Police,Leicestershire Police,-1.364336,52.520348,On or near Sunloch Close,E01025832,Hinckley and Bosworth 014B,Vehicle crime,Investigation complete; no suspect identified,
fab236490e62e2ba1d0ac29a44347e73ba28f923d30a5a467dcf535ade4d6c8f,2023-12,Leicestershire Police,Leicestershire Police,-1.372324,52.521334,On or near Highgrove Close,E01025832,Hinckley and Bosworth 014B,Violence and sexual offences,Unable to prosecute suspect,
c683772ca95583ae9110720241b315b580ced528b78dabe3a648785198673e3b,2023-12,Leicestershire Police,Leicestershire Police,-1.371129,52.522443,On or near Belfry Close,E01025832,Hinckley and Bosworth 014B,Violence and sexual offences,Unable to prosecute suspect,
2a510a87bbab7e1a961a0266e0ee8116cb4134600b9bd23595ad0848786bdf86,2023-12,Leicestershire Police,Leicestershire Police,-1.349220,52.525992,On or near Orchard Close,E01025833,Hinckley and Bosworth 014C,Criminal damage and arson,Further action is not in the public interest,
efe4dc95cce37a53faeccb444251802aec1008fe0938cf5e9c86cafa306ab319,2023-12,Leicestershire Police,Leicestershire Police,-1.353375,52.527121,On or near Salem Road,E01025833,Hinckley and Bosworth 014C,Vehicle crime,Unable to prosecute suspect,
5d09a9ef166385f5f0b98a989a8b340766a7afeb57372fee3a4aab2ad165c337,2023-12,Leicestershire Police,Leicestershire Police,-1.346966,52.527913,On or near Woodstock Close,E01025833,Hinckley and Bosworth 014C,Vehicle crime,Investigation complete; no suspect identified,
1d9b78d38f5d94b50662b87e3242b857b481b584d4818bceee667150ca064d26,2023-12,Leicestershire Police,Leicestershire Police,-1.349302,52.526433,On or near Strutt Road,E01025833,Hinckley and Bosworth 014C,Violence and sexual offences,Unable to prosecute suspect,
768810440bc4dce30274e14acc7c7ef699f448af0df43e4388cdf2c7df9286e6,2023-12,Leicestershire Police,Leicestershire Police,-1.349302,52.526433,On or near Strutt Road,E01025833,Hinckley and Bosworth 014C,Violence and sexual offences,Unable to prosecute suspect,
b18c1653b5eb9a119956c8b9283c050626bfb786c44b89f7706b5baed4aaf861,2023-12,Leicestershire Police,Leicestershire Police,-1.356690,52.525179,On or near Crossways,E01025834,Hinckley and Bosworth 014D,Burglary,Investigation complete; no suspect identified,
24ddacac69438df3f002bc12970375ef9dec04c107169740a7c26d250b8ba4be,2023-12,Leicestershire Police,Leicestershire Police,-1.360616,52.521775,On or near De Havilland Way,E01025834,Hinckley and Bosworth 014D,Vehicle crime,Investigation complete; no suspect identified,
24e4ce2dc82986c37ac79635de621a0442ef2e4eca29ded844116f08c895ec7a,2023-12,Leicestershire Police,Leicestershire Police,-1.356690,52.525179,On or near Crossways,E01025834,Hinckley and Bosworth 014D,Vehicle crime,Investigation complete; no suspect identified,
c66aad4a197b21537042695bdddc85536159d6646537fd130136334d97e56604,2023-12,Leicestershire Police,Leicestershire Police,-1.357718,52.527486,On or near Boyslade Road East,E01025834,Hinckley and Bosworth 014D,Violence and sexual offences,Unable to prosecute suspect,
4ecf8646a9168be5745d190b6913ca1063c5fde835cfa9fe814fc109f61ef57f,2023-12,Leicestershire Police,Leicestershire Police,-1.358543,52.524443,On or near Coventry Road,E01025834,Hinckley and Bosworth 014D,Violence and sexual offences,Status update unavailable,
d5665e63b5cd2ea834a1e48f6537a6e4a8d536094d73e3ea15f55538f94afe2c,2023-12,Leicestershire Police,Leicestershire Police,-1.378452,52.533071,On or near Brookfield Road,E01025835,Hinckley and Bosworth 014E,Public order,Court result unavailable,
189c519caacb53250715e9d49ecf4edfa101baf161263b9296875964855a894a,2023-12,Leicestershire Police,Leicestershire Police,-1.381117,52.533274,On or near Slate Drive,E01025835,Hinckley and Bosworth 014E,Violence and sexual offences,Unable to prosecute suspect,
24d569483c0fbd0f2d767ed7036d205f0c9aa9b57f427a989336c8f2177da7db,2023-12,Leicestershire Police,Leicestershire Police,-1.375712,52.525658,On or near Sketchley Old Village,E01025835,Hinckley and Bosworth 014E,Burglary,Unable to prosecute suspect,
9364a9804bff9da74351c67a24e403ebce7e32ca0131d84770dec84fcfa395cb,2023-12,Leicestershire Police,Leicestershire Police,-1.373743,52.532498,On or near Dudley Rise,E01025835,Hinckley and Bosworth 014E,Drugs,Local resolution,
94b6637802db77934a741f95b3cd4895e63518525021371e7315cc49ce90fc1d,2023-12,Leicestershire Police,Leicestershire Police,-1.375712,52.525658,On or near Sketchley Old Village,E01025835,Hinckley and Bosworth 014E,Other theft,Investigation complete; no suspect identified,
3dbbaadf947a4fb2f9e386305908642a708c4ec435ed4db16da3ccabeda499c7,2023-12,Leicestershire Police,Leicestershire Police,-1.369252,52.530038,On or near The Ridgeway,E01025835,Hinckley and Bosworth 014E,Other theft,Unable to prosecute suspect,
0951abcb7cd7cf24eabd1e04cfeebdc454d531b0be2eb52fcad1539978cf030e,2023-12,Leicestershire Police,Leicestershire Police,-1.375712,52.525658,On or near Sketchley Old Village,E01025835,Hinckley and Bosworth 014E,Public order,Investigation complete; no suspect identified,
41345ada8393057fe5874594b1e64b2092c2f4692dbfc38ac8ddae11774bdd08,2023-12,Leicestershire Police,Leicestershire Police,-1.373743,52.532498,On or near Dudley Rise,E01025835,Hinckley and Bosworth 014E,Public order,Unable to prosecute suspect,
b0a6327d6b1c0c3bb37c19033ba978cee56c780218c2c3968e75701a632fa571,2023-12,Leicestershire Police,Leicestershire Police,-1.375712,52.525658,On or near Sketchley Old Village,E01025835,Hinckley and Bosworth 014E,Public order,Investigation complete; no suspect identified,
347f1db5182fc9dc0bc7f47433d689bfae4076daaf2c140204eab5194080f22a,2023-12,Leicestershire Police,Leicestershire Police,-1.377031,52.533469,On or near Copper Drive,E01025835,Hinckley and Bosworth 014E,Shoplifting,Investigation complete; no suspect identified,
d478727832b689e5205cc41a6edd995cc73c539d797ba5bee6307451b5f5cfad,2023-12,Leicestershire Police,Leicestershire Police,-1.377031,52.533469,On or near Copper Drive,E01025835,Hinckley and Bosworth 014E,Shoplifting,Investigation complete; no suspect identified,
f6d5f96dd1eefbc0a79ea1ba42fe300ff79de7c58af1c077fd42e0802cb4d1bd,2023-12,Leicestershire Police,Leicestershire Police,-1.377031,52.533469,On or near Copper Drive,E01025835,Hinckley and Bosworth 014E,Shoplifting,Court result unavailable,
8cd5507b395c4d4c4b0201c4f8b07b3af88fb8f381df74ad2c5f9f3ccee895cd,2023-12,Leicestershire Police,Leicestershire Police,-1.375712,52.525658,On or near Sketchley Old Village,E01025835,Hinckley and Bosworth 014E,Vehicle crime,Investigation complete; no suspect identified,
f8e61541006a1c378c27628a78394764271ace8a5cfbeaf91a3784af4ab7c03c,2023-12,Leicestershire Police,Leicestershire Police,-1.373743,52.532498,On or near Dudley Rise,E01025835,Hinckley and Bosworth 014E,Vehicle crime,Investigation complete; no suspect identified,
69e92bf4fb08ec25fb45add70cdf49879dbfdc67ef1d3eea562c8671ade31a46,2023-12,Leicestershire Police,Leicestershire Police,-1.375712,52.525658,On or near Sketchley Old Village,E01025835,Hinckley and Bosworth 014E,Vehicle crime,Investigation complete; no suspect identified,
b47a72bb2c042b23727177c0e213054a97648094174a764749913d7e41713f0d,2023-12,Leicestershire Police,Leicestershire Police,-1.375712,52.525658,On or near Sketchley Old Village,E01025835,Hinckley and Bosworth 014E,Vehicle crime,Investigation complete; no suspect identified,
81b59a0a50900681f2a597be692cb93dbe75e3677a92dc6c74b346d9c8e3731d,2023-12,Leicestershire Police,Leicestershire Police,-1.375712,52.525658,On or near Sketchley Old Village,E01025835,Hinckley and Bosworth 014E,Vehicle crime,Investigation complete; no suspect identified,
7cb0294d0d91d74b0a281f59626db7423bfd78334d39a33d48d48b9c54828582,2023-12,Leicestershire Police,Leicestershire Police,-1.377031,52.533469,On or near Copper Drive,E01025835,Hinckley and Bosworth 014E,Violence and sexual offences,Investigation complete; no suspect identified,
9fdf569d5eebc4d3ce4ecc48c5ea89cc27228b4e5ad53a8ddf4bf9fd66015600,2023-12,Leicestershire Police,Leicestershire Police,-1.375712,52.525658,On or near Sketchley Old Village,E01025835,Hinckley and Bosworth 014E,Violence and sexual offences,Investigation complete; no suspect identified,
e7c4a574516771cfc03e158dd4d9209998765e434f1a895165f47b45ebacd966,2023-12,Leicestershire Police,Leicestershire Police,-1.378004,52.532395,On or near Dyers Close,E01025835,Hinckley and Bosworth 014E,Violence and sexual offences,Investigation complete; no suspect identified,
ee9dd38d55bf8d97f57a49fc755d153bc7eaea0ec73008f3cd8a4eefada745a8,2023-12,Leicestershire Police,Leicestershire Police,-1.375712,52.525658,On or near Sketchley Old Village,E01025835,Hinckley and Bosworth 014E,Violence and sexual offences,Investigation complete; no suspect identified,
3cc4c700b4f003ce19a1b8e7fc869da3c54430bafb20ad5834c91a9969498fca,2023-12,Leicestershire Police,Leicestershire Police,-1.369252,52.530038,On or near The Ridgeway,E01025835,Hinckley and Bosworth 014E,Violence and sexual offences,Unable to prosecute suspect,
6385abbf8c98b1e29cbdb821343654f86aded2b46bd1f5051187325f662d26b6,2023-12,Leicestershire Police,Leicestershire Police,-1.378004,52.532395,On or near Dyers Close,E01025835,Hinckley and Bosworth 014E,Violence and sexual offences,Unable to prosecute suspect,
92e825c4ebb8257936ce97f28e5bc81d73122a5a2145f559e5c2f8000181ddc6,2023-12,Leicestershire Police,Leicestershire Police,-1.377050,52.531113,On or near Maroon Drive,E01025835,Hinckley and Bosworth 014E,Violence and sexual offences,Investigation complete; no suspect identified,
508c5b26c7203f8f33954f3d1e8da829caa7022e316b2575575e351381f0285d,2023-12,Leicestershire Police,Leicestershire Police,-1.358530,52.529414,On or near Reeves Road,E01025836,Hinckley and Bosworth 014F,Violence and sexual offences,Unable to prosecute suspect,
52614eebc987a0b0fa67871ed904b1562da83134ca0feb57fac38322bf086c94,2023-12,Leicestershire Police,Leicestershire Police,-1.353934,52.532212,On or near Sunnyhill South,E01025836,Hinckley and Bosworth 014F,Violence and sexual offences,Unable to prosecute suspect,
6e2d6a09d4360e1a7e33633c896acccd83ebdb5bcfa014f972bb18f47737be93,2023-12,Leicestershire Police,Leicestershire Police,-1.361894,52.530223,On or near Tilton Road,E01025836,Hinckley and Bosworth 014F,Public order,Unable to prosecute suspect,
574d902bfddc81f27a0e062b4e4cb91025479b5cc83cec8a9564b5831858f32e,2023-12,Leicestershire Police,Leicestershire Police,-1.355576,52.531798,On or near Balliol Road,E01025836,Hinckley and Bosworth 014F,Vehicle crime,Investigation complete; no suspect identified,
98d0ca5d2229083848e6c225e6be7681a8759ee040f8bd9613db74b6d30292e8,2023-12,Leicestershire Police,Leicestershire Police,-1.162738,52.677471,On or near Cherrybrook Close,E01013615,Leicester 001A,Violence and sexual offences,Unable to prosecute suspect,
3ed93d459f8a342fa7be60d544697f1019fe857f83ac124b115286e79d751525,2023-12,Leicestershire Police,Leicestershire Police,-1.161472,52.676419,On or near St Mellion Close,E01013615,Leicester 001A,Violence and sexual offences,Unable to prosecute suspect,
c31f5888bebed71ad473e8bede5d838bf403dc925e4325f02da54f58ce9a5a53,2023-12,Leicestershire Police,Leicestershire Police,-1.154803,52.677882,On or near Taverners Road,E01013615,Leicester 001A,Violence and sexual offences,Unable to prosecute suspect,
a022ce56aef63d7f89539f5c212d5686a60b42acdd7f49b0059c336cfb057480,2023-12,Leicestershire Police,Leicestershire Police,-1.162851,52.673139,On or near Laithwaite Close,E01013616,Leicester 001B,Criminal damage and arson,Local resolution,
46f82796f30aded2501d8131052e026c42033c6ef53022ff8c7385ecdd8953f8,2023-12,Leicestershire Police,Leicestershire Police,-1.152514,52.673865,On or near Knights Road,E01013616,Leicester 001B,Other theft,Unable to prosecute suspect,
,2023-12,Leicestershire Police,Leicestershire Police,-1.161583,52.674451,On or near The Riding,E01013616,Leicester 001B,Anti-social behaviour,,
6110b3d9482733e7bbd492303bbebb61211cdf501779991bf50acd063cfa5f4f,2023-12,Leicestershire Police,Leicestershire Police,-1.165711,52.673599,On or near Phillips Crescent,E01013616,Leicester 001B,Criminal damage and arson,Unable to prosecute suspect,
288263a35523d8719895dca26c77d6dce4f7dfe9a28025d364bd6744dcd63387,2023-12,Leicestershire Police,Leicestershire Police,-1.162851,52.673139,On or near Laithwaite Close,E01013616,Leicester 001B,Vehicle crime,Unable to prosecute suspect,
e1cc1838e548473456c4645f7a4ac4461ac8cbb9ef85416f57193afa2baea303,2023-12,Leicestershire Police,Leicestershire Police,-1.165711,52.673599,On or near Phillips Crescent,E01013616,Leicester 001B,Violence and sexual offences,Unable to prosecute suspect,
d82febf1fc34c260a500a5c6bef05d17caf27a2ab9607a135a699f216b2682f0,2023-12,Leicestershire Police,Leicestershire Police,-1.155645,52.677160,On or near Durban Road,E01013616,Leicester 001B,Violence and sexual offences,Further action is not in the public interest,
19c4414904da047aa7a48e62a8d4f125b323badd9ab41e53701cab039de21582,2023-12,Leicestershire Police,Leicestershire Police,-1.167180,52.674886,On or near Astill Lodge Road,E01013616,Leicester 001B,Other crime,Further action is not in the public interest,
836a8a3ee63e5e13203b6b6d25941b002901fdd80f6accb2fcd59adffe543fab,2023-12,Leicestershire Police,Leicestershire Police,-1.162851,52.673139,On or near Laithwaite Close,E01013616,Leicester 001B,Other crime,Unable to prosecute suspect,
a87d77c7b3d7f9616fccf0a42cc8c3f40683d3b0bf377c84af34a26a587ffda1,2023-12,Leicestershire Police,Leicestershire Police,-1.168094,52.674299,On or near Peregrine Rise,E01013618,Leicester 001C,Criminal damage and arson,Investigation complete; no suspect identified,
5916d67a2fbae6cf2bf99abe1ff24f76acec484d9a910f4c5d3ec09dabc79c3c,2023-12,Leicestershire Police,Leicestershire Police,-1.170816,52.673473,On or near Ipswich Close,E01013618,Leicester 001C,Criminal damage and arson,Unable to prosecute suspect,
3813ade6da2f500fcafee8920af33a47bdea51518afc3bf8c78d06725b1b14c5,2023-12,Leicestershire Police,Leicestershire Police,-1.173294,52.670677,On or near Heatherbrook Road,E01013618,Leicester 001C,Public order,Unable to prosecute suspect,
a4599249f1bd2fe6456c7dd01c828e829751d1026105add5cc7385f821d800b0,2023-12,Leicestershire Police,Leicestershire Police,-1.173232,52.671611,On or near Barnsdale Road,E01013618,Leicester 001C,Violence and sexual offences,Unable to prosecute suspect,
cc667a5dfcfece0d2a7aef12d92b7aa3ea689351ee40a955b23aff198cbdf351,2023-12,Leicestershire Police,Leicestershire Police,-1.155562,52.666120,On or near Butterwick Drive,E01013619,Leicester 001D,Criminal damage and arson,Unable to prosecute suspect,
c17c760ed2d83e02bf08bb8086a5b48200935cd0acc49b3ebb661abe15cef77a,2023-12,Leicestershire Police,Leicestershire Police,-1.157338,52.664505,On or near Kelbrook Close,E01013619,Leicester 001D,Drugs,Court result unavailable,
cfc77ea613eb9da86d3c2313d4569f799c9872acd3fbb1a91bc76449a6c45efb,2023-12,Leicestershire Police,Leicestershire Police,-1.167833,52.666980,On or near Parking Area,E01013619,Leicester 001D,Violence and sexual offences,Court result unavailable,
5bd888075e8a2d0b3c4077d02868fdee7d0cf460b0751a111cc9bb06151b1ba8,2023-12,Leicestershire Police,Leicestershire Police,-1.155562,52.666120,On or near Butterwick Drive,E01013619,Leicester 001D,Violence and sexual offences,Unable to prosecute suspect,
,2023-12,Leicestershire Police,Leicestershire Police,-1.157338,52.664505,On or near Kelbrook Close,E01013619,Leicester 001D,Anti-social behaviour,,
7a10c15bcc06910a9824dc1e07f5df901dc4806c5f95bc95fdab464cc407cf51,2023-12,Leicestershire Police,Leicestershire Police,-1.152787,52.665839,On or near Acer Close,E01013619,Leicester 001D,Burglary,Unable to prosecute suspect,
0eb38cfe3e8a47a9db59d4b49164af5887b522d96fbadeb8a2376f9857963506,2023-12,Leicestershire Police,Leicestershire Police,-1.156903,52.663261,On or near Thornholme Close,E01013619,Leicester 001D,Burglary,Status update unavailable,
09918f07fe1c7a856fef1226995a42eb039de32c769c3bf10638b86f5e6e489e,2023-12,Leicestershire Police,Leicestershire Police,-1.157338,52.664505,On or near Kelbrook Close,E01013619,Leicester 001D,Criminal damage and arson,Investigation complete; no suspect identified,
365b54209a79c76dd27fb8aba85faab09c7ac0e8d1f97ab285c1f0199f7ffd81,2023-12,Leicestershire Police,Leicestershire Police,-1.162552,52.663256,On or near Thatcher Close,E01013619,Leicester 001D,Other theft,Investigation complete; no suspect identified,
ce95a174973833c349df14db35e4689be5e13037344be4ebbfe4c1247cafcf54,2023-12,Leicestershire Police,Leicestershire Police,-1.156903,52.663261,On or near Thornholme Close,E01013619,Leicester 001D,Public order,Court result unavailable,
67587ebab099bde32f5097f573c24110445bde209b1b0ff1ef5fde2e4f077731,2023-12,Leicestershire Police,Leicestershire Police,-1.157338,52.664505,On or near Kelbrook Close,E01013619,Leicester 001D,Public order,Offender given a caution,
ea1164e655184a017e74926f642aeb40de63b6051a0ddc0f3bd015af1cf64a24,2023-12,Leicestershire Police,Leicestershire Police,-1.157338,52.664505,On or near Kelbrook Close,E01013619,Leicester 001D,Vehicle crime,Investigation complete; no suspect identified,
7b05cd8a3000f2694fb23fee42d3489ad7c1779f059e0c5a3949dbe2e40764f9,2023-12,Leicestershire Police,Leicestershire Police,-1.162552,52.663256,On or near Thatcher Close,E01013619,Leicester 001D,Violence and sexual offences,Action to be taken by another organisation,
b88f57d90e5b40c0895dc9cb73b5a3bc2d897bb21aae6bbbe24e800de5421697,2023-12,Leicestershire Police,Leicestershire Police,-1.157338,52.664505,On or near Kelbrook Close,E01013619,Leicester 001D,Violence and sexual offences,Unable to prosecute suspect,
3368939db072b57a33bda1932eb074af281eeabee57335de72234fd09f8b58c5,2023-12,Leicestershire Police,Leicestershire Police,-1.154641,52.665538,On or near Cross Hedge Close,E01013619,Leicester 001D,Violence and sexual offences,Unable to prosecute suspect,
990ff9797d2f3488fbe2209553c3eab6e10b766d7f79cf8d02b49e92e5ed55d3,2023-12,Leicestershire Police,Leicestershire Police,-1.156903,52.663261,On or near Thornholme Close,E01013619,Leicester 001D,Violence and sexual offences,Unable to prosecute suspect,
1fb786d1ff64b57f7fa8b335eabb4c0ab208e3373471e5470e9aac0733e40c95,2023-12,Leicestershire Police,Leicestershire Police,-1.156301,52.665352,On or near Lime Grove Close,E01013619,Leicester 001D,Violence and sexual offences,Investigation complete; no suspect identified,
305b6447ac38bfced44db97b8ff8d7b1826a7e4467c61d53f055fb778d968d56,2023-12,Leicestershire Police,Leicestershire Police,-1.164043,52.661793,On or near Harvest Close,E01013619,Leicester 001D,Violence and sexual offences,Investigation complete; no suspect identified,
17bf0f36686749951d6627944fb72d85744dbb0d19819ed79dd5d56650ed0b35,2023-12,Leicestershire Police,Leicestershire Police,-1.156903,52.663261,On or near Thornholme Close,E01013619,Leicester 001D,Violence and sexual offences,Unable to prosecute suspect,
d731e7d6187a41019afb771d28491563f14313d0e5c3b1b64653c5a5c434909c,2023-12,Leicestershire Police,Leicestershire Police,-1.162552,52.663256,On or near Thatcher Close,E01013619,Leicester 001D,Violence and sexual offences,Investigation complete; no suspect identified,
de08d611efa776edc950281ac599828ddb442607fe37260640c5e70fcf67b454,2023-12,Leicestershire Police,Leicestershire Police,-1.162552,52.663256,On or near Thatcher Close,E01013619,Leicester 001D,Violence and sexual offences,Unable to prosecute suspect,
2ba30ab00630fba87e8b8a09520a5ec09f80af483e0abf3d68227c1d6c13a8a5,2023-12,Leicestershire Police,Leicestershire Police,-1.089630,52.658844,On or near Langham Road,E01013733,Leicester 002A,Violence and sexual offences,Unable to prosecute suspect,
bc90f3f2cf1d6adda01988d505a0b4875aba16bbe56c528214c9b7cac2655c80,2023-12,Leicestershire Police,Leicestershire Police,-1.090891,52.657200,On or near Trevanth Road,E01013733,Leicester 002A,Violence and sexual offences,Court result unavailable,
5ccfb00f130f07275c5809a5128066ca8add19dc9cb3245faa44cf80078f2b5e,2023-12,Leicestershire Police,Leicestershire Police,-1.089630,52.658844,On or near Langham Road,E01013733,Leicester 002A,Violence and sexual offences,Court result unavailable,
,2023-12,Leicestershire Police,Leicestershire Police,-1.075602,52.669245,On or near Arlington Close,E01013733,Leicester 002A,Anti-social behaviour,,
,2023-12,Leicestershire Police,Leicestershire Police,-1.075602,52.669245,On or near Arlington Close,E01013733,Leicester 002A,Anti-social behaviour,,
,2023-12,Leicestershire Police,Leicestershire Police,-1.075602,52.669245,On or near Arlington Close,E01013733,Leicester 002A,Anti-social behaviour,,
,2023-12,Leicestershire Police,Leicestershire Police,-1.075602,52.669245,On or near Arlington Close,E01013733,Leicester 002A,Anti-social behaviour,,
ff7d73df90e594761edf2b9e3f6dee94fab8d82c11f8c20c234b429c14db7298,2023-12,Leicestershire Police,Leicestershire Police,-1.078634,52.661456,On or near Tuxford Road,E01013733,Leicester 002A,Burglary,Investigation complete; no suspect identified,
39df849dc705712308441b48ac52f86f5d1dcb2f897f9a1bcc8ae6f772181242,2023-12,Leicestershire Police,Leicestershire Police,-1.084745,52.661971,On or near New Star Road,E01013733,Leicester 002A,Criminal damage and arson,Offender given a caution,
903f4440f70c7eca0bfe1597555ea05cb4efc04a06eafdc90fcece2d073119ef,2023-12,Leicestershire Police,Leicestershire Police,-1.098254,52.656474,On or near Dunbar Road,E01013733,Leicester 002A,Criminal damage and arson,Investigation complete; no suspect identified,
b114c8ba4b864370ecfc621b8a815a554ce3deba950a0d6b95a10a3b5a6caf3d,2023-12,Leicestershire Police,Leicestershire Police,-1.095894,52.658353,On or near Barkby Road,E01013733,Leicester 002A,Other theft,Investigation complete; no suspect identified,
5b67c0ceea883ccaccae97ec383ccd8a7c44a67d8d2bda08cf2e2374b5529a90,2023-12,Leicestershire Police,Leicestershire Police,-1.088872,52.661167,On or near Clipper Road,E01013733,Leicester 002A,Other theft,Investigation complete; no suspect identified,
7fcaec0a900ff2bee933f1120472b077c2e8e495fe418c960b83ad527c5dadd7,2023-12,Leicestershire Police,Leicestershire Police,-1.084529,52.665215,On or near Stanier Drive,E01013733,Leicester 002A,Public order,Investigation complete; no suspect identified,
6206549b9b3f6017c61e8f44f38987cd66f2f833b4f05c04e9fe7dbe4c844bbd,2023-12,Leicestershire Police,Leicestershire Police,-1.090891,52.657200,On or near Trevanth Road,E01013733,Leicester 002A,Vehicle crime,Investigation complete; no suspect identified,
2e4d262f4557799aba9c824ad75b44b3c1992b122287f2cb9fa9d3ec862fd0a9,2023-12,Leicestershire Police,Leicestershire Police,-1.086378,52.665912,On or near Christopher Drive,E01013733,Leicester 002A,Violence and sexual offences,Unable to prosecute suspect,
6e4bbccb8124eed31bd41ebe78fbed746859a5649b678980982aa57a9eacd1b9,2023-12,Leicestershire Police,Leicestershire Police,-1.093224,52.656624,On or near Lydford Road,E01013733,Leicester 002A,Violence and sexual offences,Unable to prosecute suspect,
706cbf373f41a50b9a2a002e2ff552146b02ad5895b71736802b4e5dbe7a837b,2023-12,Leicestershire Police,Leicestershire Police,-1.098254,52.656474,On or near Dunbar Road,E01013733,Leicester 002A,Violence and sexual offences,Investigation complete; no suspect identified,
,2023-12,Leicestershire Police,Leicestershire Police,-1.107590,52.666263,On or near Braemar Close,E01013734,Leicester 002B,Anti-social behaviour,,
,2023-12,Leicestershire Police,Leicestershire Police,-1.107590,52.666263,On or near Braemar Close,E01013734,Leicester 002B,Anti-social behaviour,,
,2023-12,Leicestershire Police,Leicestershire Police,-1.120621,52.662387,On or near Pauline Avenue,E01013734,Leicester 002B,Anti-social behaviour,,
1dcc73e4565013ae45527029081c31c6b276a810384445f18d6d1a9efba793c8,2023-12,Leicestershire Police,Leicestershire Police,-1.118660,52.666507,On or near Watermead Way,E01013734,Leicester 002B,Criminal damage and arson,Investigation complete; no suspect identified,
6985267887b88efe2ffb7ce685d98154cc408bca03e37d7a6aa994b86bc0e3d8,2023-12,Leicestershire Police,Leicestershire Police,-1.104057,52.667647,On or near Supermarket,E01013734,Leicester 002B,Public order,Investigation complete; no suspect identified,
928402362c5918a53182aef2623b443d37bbc7faebf8b4c52ece654a6e7b4fee,2023-12,Leicestershire Police,Leicestershire Police,-1.104057,52.667647,On or near Supermarket,E01013734,Leicester 002B,Public order,Investigation complete; no suspect identified,
13bbf88f46d9ebb831780b32b552168e3a3fb5ad36fcb9e72a939c979f1826dc,2023-12,Leicestershire Police,Leicestershire Police,-1.104901,52.670477,On or near Player Close,E01013734,Leicester 002B,Vehicle crime,Investigation complete; no suspect identified,
499927bdee4a6ec803b7e6a23ceec6a64358d518f4b181e8a4d8b374c626d5ad,2023-12,Leicestershire Police,Leicestershire Police,-1.120621,52.662387,On or near Pauline Avenue,E01013734,Leicester 002B,Violence and sexual offences,Unable to prosecute suspect,
8268c6e78e3d29035b0ad988c12499e84298c4231764410e1dd13770b54686db,2023-12,Leicestershire Police,Leicestershire Police,-1.104057,52.667647,On or near Supermarket,E01013734,Leicester 002B,Violence and sexual offences,Investigation complete; no suspect identified,
36d1ec34e66ec54bbbeb798161eb925a54d5cf5d06da09721666eaa82d6c830c,2023-12,Leicestershire Police,Leicestershire Police,-1.120621,52.662387,On or near Pauline Avenue,E01013734,Leicester 002B,Violence and sexual offences,Unable to prosecute suspect,
392c4dd0aeaa773964712714e55990d22dee79409431425c5a238e14ea82f012,2023-12,Leicestershire Police,Leicestershire Police,-1.107808,52.670058,On or near Alderton Close,E01013734,Leicester 002B,Violence and sexual offences,Unable to prosecute suspect,
c64fea96eeb344ceee2450f8d2d63c7e7f232125ff0d10039dd6b3cb0675adcd,2023-12,Leicestershire Police,Leicestershire Police,-1.106403,52.666461,On or near Invergarry Close,E01013734,Leicester 002B,Violence and sexual offences,Status update unavailable,
89d7837199e3ed2e23b83db1a10bb098a37639a483bf779d4a56073d7369e1cf,2023-12,Leicestershire Police,Leicestershire Police,-1.101364,52.669902,On or near Jacklin Drive,E01013735,Leicester 002C,Burglary,Investigation complete; no suspect identified,
870c535679c15dc4b809aaff1ec6fb0190d24a907b620b2c69b219d2ebac6a20,2023-12,Leicestershire Police,Leicestershire Police,-1.101078,52.666519,On or near Badminton Road,E01013735,Leicester 002C,Violence and sexual offences,Unable to prosecute suspect,
0da37f5c8a049e6a9a5b7dcdf70dfd523d15f8b5002a0dd396de92cfb3a1acf0,2023-12,Leicestershire Police,Leicestershire Police,-1.101078,52.666519,On or near Badminton Road,E01013735,Leicester 002C,Violence and sexual offences,Further action is not in the public interest,
e53f14946d43f27a4b8eab7703ee2d6266064a592498a67af04271815f9534f8,2023-12,Leicestershire Police,Leicestershire Police,-1.101078,52.666519,On or near Badminton Road,E01013735,Leicester 002C,Violence and sexual offences,Unable to prosecute suspect,
62a0e53e1c1678776c340868d13f4954bd8e04ae3553d242ac96f54eabea91f8,2023-12,Leicestershire Police,Leicestershire Police,-1.101078,52.666519,On or near Badminton Road,E01013735,Leicester 002C,Violence and sexual offences,Unable to prosecute suspect,
bf4f6a97ba73e2e123655a8f014c9ee48e3e944c3e49ca40f48a117733864c79,2023-12,Leicestershire Police,Leicestershire Police,-1.101078,52.666519,On or near Badminton Road,E01013735,Leicester 002C,Violence and sexual offences,Further action is not in the public interest,
feb6ebd40d8a32f90567d90674e44eacac97aed0eadf9dd3cc892a7ea5228e44,2023-12,Leicestershire Police,Leicestershire Police,-1.101078,52.666519,On or near Badminton Road,E01013735,Leicester 002C,Violence and sexual offences,Further action is not in the public interest,
0fff0ec8d97192b0b7d800e78dc8aad48248c60a660cdee5c29f5f3866a8c950,2023-12,Leicestershire Police,Leicestershire Police,-1.099308,52.667755,On or near Nicklaus Road,E01013735,Leicester 002C,Violence and sexual offences,Investigation complete; no suspect identified,
a9ca8e8c6be050716da4a7c389530676df7c599b08fa1b0ae17402302a85030e,2023-12,Leicestershire Police,Leicestershire Police,-1.101078,52.666519,On or near Badminton Road,E01013735,Leicester 002C,Violence and sexual offences,Action to be taken by another organisation,
ab63064769cdfdf9daa62a0e66a4b28316a3ab34210bfd1510dd4f742bf8f719,2023-12,Leicestershire Police,Leicestershire Police,-1.103409,52.669674,On or near Locke Avenue,E01013735,Leicester 002C,Violence and sexual offences,Local resolution,
143f53def2dfcca482ccb7ffa07deb219e75edea1f01471a4b2afed79f7f49f5,2023-12,Leicestershire Police,Leicestershire Police,-1.101078,52.666519,On or near Badminton Road,E01013735,Leicester 002C,Violence and sexual offences,Further action is not in the public interest,
02c72113208247157667317f578dbede6fc365caf75a163b5c0798e1f775fc12,2023-12,Leicestershire Police,Leicestershire Police,-1.101078,52.666519,On or near Badminton Road,E01013735,Leicester 002C,Violence and sexual offences,Investigation complete; no suspect identified,
a6c0f93c865c74a736da1edd7cadca83367c3eaf327c3335916eafeb0ce868c0,2023-12,Leicestershire Police,Leicestershire Police,-1.088804,52.664412,On or near Sherloyd Close,E01013736,Leicester 002D,Burglary,Investigation complete; no suspect identified,
2d300d32cc3f69116ea973b3034ff1d93de407bc3fbc1580d8c7b971225f327b,2023-12,Leicestershire Police,Leicestershire Police,-1.080987,52.667714,On or near Cookson Road,E01013736,Leicester 002D,Violence and sexual offences,Unable to prosecute suspect,
20bf061be8ef691456ed21f0f93fe91e183539ad076f3603285fa81995da0b8e,2023-12,Leicestershire Police,Leicestershire Police,-1.087556,52.666110,On or near Stancliff Road,E01013736,Leicester 002D,Criminal damage and arson,Unable to prosecute suspect,
7040b173c289e96011cc65e0390bf64ea27c770595421b1db41c754ed9c47df2,2023-12,Leicestershire Police,Leicestershire Police,-1.089728,52.666217,On or near Humberstone Lane,E01013736,Leicester 002D,Drugs,Local resolution,
db3038b18d85bd766f48c4b3b14a91b1e4083c7993287a149e4a047a64212232,2023-12,Leicestershire Police,Leicestershire Police,-1.089434,52.666844,On or near Humberstone Lane,E01013736,Leicester 002D,Other theft,Investigation complete; no suspect identified,
b27f5ee9f49db3163d32bfb7e8bcc35e0d456f4fabda0f94dfaf1b294da8ae6d,2023-12,Leicestershire Police,Leicestershire Police,-1.082780,52.668932,On or near June Avenue,E01013736,Leicester 002D,Public order,Investigation complete; no suspect identified,
baad8eb944f7482723a9faede375bc6587bdd9d93d7f0368853de479cf74ef80,2023-12,Leicestershire Police,Leicestershire Police,-1.088496,52.665749,On or near Gardenfield Road,E01013736,Leicester 002D,Shoplifting,Investigation complete; no suspect identified,
e131c73e34138f0e6257bd51b94cc9c255c4b91bbbe81fc892f4c6253329edbb,2023-12,Leicestershire Police,Leicestershire Police,-1.086458,52.668439,On or near Hill Rise,E01013736,Leicester 002D,Violence and sexual offences,Unable to prosecute suspect,
42f01ea0afffacea2ad97282462e6fcdcb161836b0561c50ff307db0649abb72,2023-12,Leicestershire Police,Leicestershire Police,-1.089238,52.669171,On or near Onyx Crescent,E01013736,Leicester 002D,Violence and sexual offences,Unable to prosecute suspect,
4b0c2ecc1a23bb083f70778be5bc6ced4a9f115f6da479b1d0e66ae63b7680b3,2023-12,Leicestershire Police,Leicestershire Police,-1.089238,52.669171,On or near Onyx Crescent,E01013736,Leicester 002D,Violence and sexual offences,Unable to prosecute suspect,
1aef95ab8bb9b914f2261dc02286ee0da2a77e65b9aac7c35ea954ae142d3af6,2023-12,Leicestershire Police,Leicestershire Police,-1.089728,52.666217,On or near Humberstone Lane,E01013736,Leicester 002D,Violence and sexual offences,Action to be taken by another organisation,
b0e20e2cbed59917a498d8e1eda0b4b523240eba00bb37a9d89b1aee1d3c3f30,2023-12,Leicestershire Police,Leicestershire Police,-1.087472,52.667323,On or near The Roundway,E01013736,Leicester 002D,Violence and sexual offences,Unable to prosecute suspect,
6d43e9036038753281bf317dbf2989e0a8c1f54f356cebc37c619ba48e81411e,2023-12,Leicestershire Police,Leicestershire Police,-1.089728,52.666217,On or near Humberstone Lane,E01013736,Leicester 002D,Violence and sexual offences,Unable to prosecute suspect,
5c2ec9d4052f4108cc6e5e410369fb74916d6a6411592f2a43960279d1c25101,2023-12,Leicestershire Police,Leicestershire Police,-1.089728,52.666217,On or near Humberstone Lane,E01013736,Leicester 002D,Violence and sexual offences,Action to be taken by another organisation,
,2023-12,Leicestershire Police,Leicestershire Police,-1.096597,52.665101,On or near Huggett Close,E01013737,Leicester 002E,Anti-social behaviour,,
9227f9f187d9d55ce76c977daa68a4f7d6a5b8e19ccbb83830134981e914dcc3,2023-12,Leicestershire Police,Leicestershire Police,-1.092543,52.667389,On or near Floyd Close,E01013737,Leicester 002E,Criminal damage and arson,Investigation complete; no suspect identified,
bfd2ef12ac730cfa17e55cf1ef03f428c656648eb503770920f9ac6756babfae,2023-12,Leicestershire Police,Leicestershire Police,-1.096723,52.666162,On or near Gilbert Close,E01013737,Leicester 002E,Public order,Investigation complete; no suspect identified,
4a9de59ab80eafa6871c0de0eb5fe1d53fbbf361ea6c847ee6903b42acac117b,2023-12,Leicestershire Police,Leicestershire Police,-1.150045,52.670000,On or near Bedale Drive,E01013600,Leicester 003A,Vehicle crime,Investigation complete; no suspect identified,
,2023-12,Leicestershire Police,Leicestershire Police,-1.149611,52.668738,On or near Morpeth Avenue,E01013600,Leicester 003A,Anti-social behaviour,,
c6e652acfefa700834a07decf2f94438dae373248ff51eb260eeaf8d9749430a,2023-12,Leicestershire Police,Leicestershire Police,-1.147839,52.667826,On or near Wheatland Road,E01013600,Leicester 003A,Criminal damage and arson,Formal action is not in the public interest,
e1cc81e3846c4b68e750895cbc4751bcb38cb623a291af050b8f72e061e5691e,2023-12,Leicestershire Police,Leicestershire Police,-1.142671,52.670495,On or near Galway Road,E01013600,Leicester 003A,Criminal damage and arson,Investigation complete; no suspect identified,
674a4c54729217b086ee955403f9fa9d6794d763f528cb090d1fcd737558ab57,2023-12,Leicestershire Police,Leicestershire Police,-1.151421,52.668418,On or near Cotley Road,E01013600,Leicester 003A,Other theft,Investigation complete; no suspect identified,
6abd9df0c8a7be904e033121f19b5e062808b0288f13fa7550d57bcac718d4be,2023-12,Leicestershire Police,Leicestershire Police,-1.148505,52.670097,On or near Colsterdale Close,E01013600,Leicester 003A,Other theft,Investigation complete; no suspect identified,
f113f5250dcc5364c871df68d5306e24eed326e67c6300771510f9f1b82bdbe8,2023-12,Leicestershire Police,Leicestershire Police,-1.147839,52.667826,On or near Wheatland Road,E01013600,Leicester 003A,Shoplifting,Investigation complete; no suspect identified,
7ff815cef6336467aeee857815ccd73f27f6385846fd3a3be0b4e30a155d4fc1,2023-12,Leicestershire Police,Leicestershire Police,-1.147839,52.667826,On or near Wheatland Road,E01013600,Leicester 003A,Shoplifting,Investigation complete; no suspect identified,
1eb29ca99053f5435781f8d96db0e366fa32aa1fca0c47c4ece5ad26e91cd63d,2023-12,Leicestershire Police,Leicestershire Police,-1.151421,52.668418,On or near Cotley Road,E01013600,Leicester 003A,Vehicle crime,Investigation complete; no suspect identified,
efb66c3d10d12e61a9f038ece6bd4ead904c135b83fc0b7990bce922802a10f6,2023-12,Leicestershire Police,Leicestershire Police,-1.146225,52.668705,On or near Bewcastle Grove,E01013600,Leicester 003A,Vehicle crime,Investigation complete; no suspect identified,
3e651812e07fff8c0ce83e76dd2e15a0eef2b8ee089299768bb544d4004f7be0,2023-12,Leicestershire Police,Leicestershire Police,-1.148505,52.670097,On or near Colsterdale Close,E01013600,Leicester 003A,Violence and sexual offences,Unable to prosecute suspect,
1b84bebf63551433b8011d71c7343cf593264ecb6d76ff01ce12beec09b49ece,2023-12,Leicestershire Police,Leicestershire Police,-1.150045,52.670000,On or near Bedale Drive,E01013600,Leicester 003A,Violence and sexual offences,Investigation complete; no suspect identified,
07034bda0112100a5b1c906e64a9f24f5af481b0ca67febffa96cdcb792aef1b,2023-12,Leicestershire Police,Leicestershire Police,-1.147839,52.667826,On or near Wheatland Road,E01013600,Leicester 003A,Violence and sexual offences,Unable to prosecute suspect,
fca07b563fe79dbc410c8124d1a746e2a6489a598fd1a92ebe7e4f8bae9c97b3,2023-12,Leicestershire Police,Leicestershire Police,-1.149611,52.668738,On or near Morpeth Avenue,E01013600,Leicester 003A,Violence and sexual offences,Formal action is not in the public interest,
d87bac9ec106112b212a25ac445b193ac1aa80871c7ef7f51abdde058e557029,2023-12,Leicestershire Police,Leicestershire Police,-1.151421,52.668418,On or near Cotley Road,E01013600,Leicester 003A,Violence and sexual offences,Investigation complete; no suspect identified,
a0d2783128d2d2bd1f4ae7e45b274ab65687366515c6aebbddf880c54522e24e,2023-12,Leicestershire Police,Leicestershire Police,-1.142671,52.670495,On or near Galway Road,E01013600,Leicester 003A,Violence and sexual offences,Local resolution,
31b431a1d084554912883a877bf8f59ea5c9b1f010d359d1c04d2124f56e3da5,2023-12,Leicestershire Police,Leicestershire Police,-1.148505,52.670097,On or near Colsterdale Close,E01013600,Leicester 003A,Violence and sexual offences,Unable to prosecute suspect,
2fc013d722bc8780de27aaef8bee3969e85a01af9ee6239e9ef629a60ba6d0f9,2023-12,Leicestershire Police,Leicestershire Police,-1.148505,52.670097,On or near Colsterdale Close,E01013600,Leicester 003A,Violence and sexual offences,Unable to prosecute suspect,
206b5c9195e48bc6ff05ce8ad1842e240bebd79b15ca017fd5814f587de592f2,2023-12,Leicestershire Police,Leicestershire Police,-1.144340,52.668314,On or near Tedworth Green,E01013600,Leicester 003A,Violence and sexual offences,Unable to prosecute suspect,
3bdab527021a58c87e0e4c93aec285be43c2aa05df1641fa51e519467fb04c41,2023-12,Leicestershire Police,Leicestershire Police,-1.148505,52.670097,On or near Colsterdale Close,E01013600,Leicester 003A,Violence and sexual offences,Status update unavailable,
ba5b284e6becd019d74394ed71dc67868a78175d89a8dd3d2ab240c2803aee7c,2023-12,Leicestershire Police,Leicestershire Police,-1.150045,52.670000,On or near Bedale Drive,E01013600,Leicester 003A,Violence and sexual offences,Unable to prosecute suspect,
4f0183f9fe06f53c80e5dec98b9936c03e67221521e1bf345a9df1c0b3ca8925,2023-12,Leicestershire Police,Leicestershire Police,-1.150045,52.670000,On or near Bedale Drive,E01013600,Leicester 003A,Violence and sexual offences,Further action is not in the public interest,
81faaa1e520eec657bb2604bc80d95d4b3d4669655fefd42ef7da37b2385a728,2023-12,Leicestershire Police,Leicestershire Police,-1.143834,52.664696,On or near Felstead Road,E01013601,Leicester 003B,Violence and sexual offences,Unable to prosecute suspect,
ce879a696c9d17359cc470072b8fa1ea10efd7613fab0b42cba362ccb18a7f2c,2023-12,Leicestershire Police,Leicestershire Police,-1.151670,52.667036,On or near Beaumont Leys Lane,E01013601,Leicester 003B,Violence and sexual offences,Court result unavailable,
8a9f1b28f814995066cc505c9d97d65fa2ec0d7d6413b386e3058cf73daecf73,2023-12,Leicestershire Police,Leicestershire Police,-1.151670,52.667036,On or near Beaumont Leys Lane,E01013601,Leicester 003B,Violence and sexual offences,Court result unavailable,
569d1e17dc16a0e4d9e27c71e06078b1234dde15e7e255d70657a172696dabb2,2023-12,Leicestershire Police,Leicestershire Police,-1.146996,52.666337,On or near Cashmore View,E01013601,Leicester 003B,Violence and sexual offences,Unable to prosecute suspect,
bee652ee9a5115b49b3321b788ab948db0f7e158f50a81106fac90aaadd1db9a,2023-12,Leicestershire Police,Leicestershire Police,-1.151670,52.667036,On or near Beaumont Leys Lane,E01013601,Leicester 003B,Violence and sexual offences,Court result unavailable,
efced8f4fc12ffbb4cd4edf047ae5d32a169e761fc290a2df2d09eff357d5deb,2023-12,Leicestershire Police,Leicestershire Police,-1.151670,52.667036,On or near Beaumont Leys Lane,E01013601,Leicester 003B,Violence and sexual offences,Court result unavailable,
,2023-12,Leicestershire Police,Leicestershire Police,-1.147760,52.665057,On or near Elliott Road,E01013601,Leicester 003B,Anti-social behaviour,,
11b38f06bca55503c75f9e9cf9c99bd2a0a79ef8aba761a10b64cbf9456ec37e,2023-12,Leicestershire Police,Leicestershire Police,-1.144424,52.663235,On or near Marwood Road,E01013601,Leicester 003B,Criminal damage and arson,Investigation complete; no suspect identified,
bb2f7ece2321412e38ad93b30be8415777980a2400ec30c5b0875a0af506d3eb,2023-12,Leicestershire Police,Leicestershire Police,-1.146996,52.666337,On or near Cashmore View,E01013601,Leicester 003B,Criminal damage and arson,Unable to prosecute suspect,
de089dd78340e42a49b653887fa063f8807c1f5ccb7dfefd267530b57e97677f,2023-12,Leicestershire Police,Leicestershire Police,-1.143646,52.666771,On or near Jersey Road,E01013601,Leicester 003B,Other theft,Investigation complete; no suspect identified,
9051d5f9cdd3658456a4a383c2f0fe235f137fc20e9bfea5e55309557227bd89,2023-12,Leicestershire Police,Leicestershire Police,-1.143834,52.664696,On or near Felstead Road,E01013601,Leicester 003B,Public order,Investigation complete; no suspect identified,
10994e557094bd1619302f1e45ceeee7288a75d8e91ec883268393d8bdc88130,2023-12,Leicestershire Police,Leicestershire Police,-1.144424,52.663235,On or near Marwood Road,E01013601,Leicester 003B,Vehicle crime,Investigation complete; no suspect identified,
3bea6a3e192e94e75ef64c1899b6309b0e1f8cdc7f758ca506e613419524565e,2023-12,Leicestershire Police,Leicestershire Police,-1.146996,52.666337,On or near Cashmore View,E01013601,Leicester 003B,Violence and sexual offences,Unable to prosecute suspect,
90967f25d9776f029fc82d841e1af44f3f521ccaa07782445f69cf36feae0315,2023-12,Leicestershire Police,Leicestershire Police,-1.151670,52.667036,On or near Beaumont Leys Lane,E01013601,Leicester 003B,Violence and sexual offences,Unable to prosecute suspect,
3c1b34140cf7e0107721264fd7ed2836b6d7e78ce0bbce29048a8090853d18c1,2023-12,Leicestershire Police,Leicestershire Police,-1.151670,52.667036,On or near Beaumont Leys Lane,E01013601,Leicester 003B,Violence and sexual offences,Unable to prosecute suspect,
26aee21c623113a9600447fbea7ea36f2b2c92b9dedd9ea505a3bcd4455af1b9,2023-12,Leicestershire Police,Leicestershire Police,-1.146996,52.666337,On or near Cashmore View,E01013601,Leicester 003B,Violence and sexual offences,Court result unavailable,
f06214a9efeb37ccded916d1c437e197203e0f22c59b388d29e827b38afb1932,2023-12,Leicestershire Police,Leicestershire Police,-1.146996,52.666337,On or near Cashmore View,E01013601,Leicester 003B,Violence and sexual offences,Unable to prosecute suspect,
2ea5f08d022a2f959311325523a5d37bc454fa8ba114251e2c7f35418d16caff,2023-12,Leicestershire Police,Leicestershire Police,-1.148517,52.665683,On or near Caswell Close,E01013601,Leicester 003B,Violence and sexual offences,Unable to prosecute suspect,
758526823726c5ec8fa6faf64af8f01481dac21ef212fa2529c8fea5bad6f3ac,2023-12,Leicestershire Police,Leicestershire Police,-1.147760,52.665057,On or near Elliott Road,E01013601,Leicester 003B,Violence and sexual offences,Unable to prosecute suspect,
eeaa7b345d027f0244dd6f5a84f42dc6705a2897a6bd720169e30e0774ba97c6,2023-12,Leicestershire Police,Leicestershire Police,-1.148517,52.665683,On or near Caswell Close,E01013601,Leicester 003B,Violence and sexual offences,Investigation complete; no suspect identified,
a4205ce30f7e4b980bfcd1686f8d532d1911406d6e128038c9f8fdd9ce40b840,2023-12,Leicestershire Police,Leicestershire Police,-1.146996,52.666337,On or near Cashmore View,E01013601,Leicester 003B,Violence and sexual offences,Court result unavailable,
60e166eb8c2f4648e4409d66b9440ed4a89832cccffc7920e296b15611eefaee,2023-12,Leicestershire Police,Leicestershire Police,-1.147578,52.665289,On or near Appleton Avenue,E01013601,Leicester 003B,Other crime,Formal action is not in the public interest,
493ec5e7163c1e6f16641b290da4e2c33ca7f1efb943126e870d8aaca6657e69,2023-12,Leicestershire Police,Leicestershire Police,-1.146116,52.662906,On or near Stapleford Road,E01013601,Leicester 003B,Other crime,Unable to prosecute suspect,
1b8c223c41c9de432e0f9117c44c55246aa91935af0ae043b48cc4ec8a827f5b,2023-12,Leicestershire Police,Leicestershire Police,-1.138133,52.667352,On or near Thurcaston Road,E01013602,Leicester 003C,Drugs,Court result unavailable,
028c29daeb0ca127d4c091303d9970ddd7d4b411309099ab6bc9a77fa3867d43,2023-12,Leicestershire Police,Leicestershire Police,-1.136788,52.666569,On or near Thurcaston Road,E01013602,Leicester 003C,Drugs,Court result unavailable,
f212dad551f069be39c54064c5f6ded5eeaaa684b7386172776ddc0fba67f21c,2023-12,Leicestershire Police,Leicestershire Police,-1.129725,52.667803,On or near Petrol Station,E01013602,Leicester 003C,Other theft,Unable to prosecute suspect,
8885ed71462d483bd0930081b55d04d3c281910a4a28669e03f69b35cffb6c96,2023-12,Leicestershire Police,Leicestershire Police,-1.129725,52.667803,On or near Petrol Station,E01013602,Leicester 003C,Violence and sexual offences,Unable to prosecute suspect,
,2023-12,Leicestershire Police,Leicestershire Police,-1.141518,52.666675,On or near Garth Avenue,E01013602,Leicester 003C,Anti-social behaviour,,
,2023-12,Leicestershire Police,Leicestershire Police,-1.139379,52.664151,On or near Pamela Place,E01013602,Leicester 003C,Anti-social behaviour,,
015cf8e7ac6ff0af866d2c181354d58a0d974ff4fa1e1adc77b8375db3f68821,2023-12,Leicestershire Police,Leicestershire Police,-1.141533,52.667430,On or near Border Drive,E01013602,Leicester 003C,Criminal damage and arson,Investigation complete; no suspect identified,
7b69a213d5a51540b4bbefcb8d63f827ae004410464c05c5e4b81e32dde57833,2023-12,Leicestershire Police,Leicestershire Police,-1.141518,52.666675,On or near Garth Avenue,E01013602,Leicester 003C,Criminal damage and arson,Unable to prosecute suspect,
e4c34f579e07262ed1baea0b7f29a813f842bbf1bd0330c90e2352853ee2b6a6,2023-12,Leicestershire Police,Leicestershire Police,-1.129725,52.667803,On or near Petrol Station,E01013602,Leicester 003C,Other theft,Investigation complete; no suspect identified,
1d8a99af162d065dd9865afff78d5db599fb66eb83a5abd7bed1d87cf018928f,2023-12,Leicestershire Police,Leicestershire Police,-1.140486,52.667270,On or near Bridlespur Way,E01013602,Leicester 003C,Other theft,Unable to prosecute suspect,
06b1749e504de8a635a9e45442c58e1a08f888e4808f094acb1d1407a6ca26af,2023-12,Leicestershire Police,Leicestershire Police,-1.136788,52.666569,On or near Thurcaston Road,E01013602,Leicester 003C,Possession of weapons,Status update unavailable,
1e261c4fa24bf9401bfffdc2989d8ed6aa00e8fbde10489d38ee128694266285,2023-12,Leicestershire Police,Leicestershire Police,-1.141533,52.667430,On or near Border Drive,E01013602,Leicester 003C,Public order,Investigation complete; no suspect identified,
0d3d223be62023e73fb2a737ae73e3d9db1457d87f73db0a085823ea00a2cda5,2023-12,Leicestershire Police,Leicestershire Police,-1.141533,52.667430,On or near Border Drive,E01013602,Leicester 003C,Public order,Court result unavailable,
d217028e8c209e4791ec42c4fbdaed3399b2d82ecbcbf6972e4cca66ca40c96c,2023-12,Leicestershire Police,Leicestershire Police,-1.129725,52.667803,On or near Petrol Station,E01013602,Leicester 003C,Public order,Unable to prosecute suspect,
46cc7d3374c0cffb39382008772e75265951d352c78482be4a9bbb6b9c23eabc,2023-12,Leicestershire Police,Leicestershire Police,-1.141518,52.666675,On or near Garth Avenue,E01013602,Leicester 003C,Public order,Unable to prosecute suspect,
0f83ece18fef74a5b155b7a5c761469f93a00b678b9cf93a86288afb15af32de,2023-12,Leicestershire Police,Leicestershire Police,-1.141518,52.666675,On or near Garth Avenue,E01013602,Leicester 003C,Public order,Status update unavailable,
98d564ef592eb27ec0584e4fd07248dd5a36fe76e2d262f465088a54de40e05f,2023-12,Leicestershire Police,Leicestershire Police,-1.136788,52.666569,On or near Thurcaston Road,E01013602,Leicester 003C,Shoplifting,Investigation complete; no suspect identified,
0e58a0c80bd897860cd3346d4708307fa95f42450bbede1cb53af84ce63325e8,2023-12,Leicestershire Police,Leicestershire Police,-1.136788,52.666569,On or near Thurcaston Road,E01013602,Leicester 003C,Shoplifting,Investigation complete; no suspect identified,
74bb5c22ed154810ad738e50752079d6c1045a9d657e07c3bea619ee05cc617f,2023-12,Leicestershire Police,Leicestershire Police,-1.140486,52.667270,On or near Bridlespur Way,E01013602,Leicester 003C,Violence and sexual offences,Unable to prosecute suspect,
231d9fbffceba4774015e95f96201d415a52b45ab31b9cf2ccee39382019a2c3,2023-12,Leicestershire Police,Leicestershire Police,-1.140486,52.667270,On or near Bridlespur Way,E01013602,Leicester 003C,Violence and sexual offences,Unable to prosecute suspect,
d52a3000baca6f5d1567e74923f6fff7e07144eb57488afc1591441dca7a1f54,2023-12,Leicestershire Police,Leicestershire Police,-1.140486,52.667270,On or near Bridlespur Way,E01013602,Leicester 003C,Violence and sexual offences,Unable to prosecute suspect,
f3ea6ab044197c90cabf172787223c9e99c9a1a5f3a6dbd976f43084a4ff7c87,2023-12,Leicestershire Police,Leicestershire Police,-1.140486,52.667270,On or near Bridlespur Way,E01013602,Leicester 003C,Violence and sexual offences,Unable to prosecute suspect,
ab82219ed53d1b2d5efe77225bb2ca661634118e1e2f24c7bbdb3aa80e9f3346,2023-12,Leicestershire Police,Leicestershire Police,-1.140486,52.667270,On or near Bridlespur Way,E01013602,Leicester 003C,Violence and sexual offences,Unable to prosecute suspect,
b861cc34095587ea4dfcd9277706ea5864f562ca03c9d98e648166702dea0597,2023-12,Leicestershire Police,Leicestershire Police,-1.134402,52.663126,On or near Mottisford Road,E01013603,Leicester 003D,Violence and sexual offences,Court result unavailable,
,2023-12,Leicestershire Police,Leicestershire Police,-1.135827,52.661348,On or near Millbrook Close,E01013603,Leicester 003D,Anti-social behaviour,,
,2023-12,Leicestershire Police,Leicestershire Police,-1.134572,52.661249,On or near Kingsthorpe Close,E01013603,Leicester 003D,Anti-social behaviour,,
,2023-12,Leicestershire Police,Leicestershire Police,-1.138601,52.662366,On or near Kinley Road,E01013603,Leicester 003D,Anti-social behaviour,,
,2023-12,Leicestershire Police,Leicestershire Police,-1.134983,52.660658,On or near Abbey Drive,E01013603,Leicester 003D,Anti-social behaviour,,
,2023-12,Leicestershire Police,Leicestershire Police,-1.133440,52.661672,On or near Langley Gardens,E01013603,Leicester 003D,Anti-social behaviour,,
cbabcfffe059f44e9135042123943584a3764ac14ba5e936209bb1ff3229c0e6,2023-12,Leicestershire Police,Leicestershire Police,-1.133953,52.664876,On or near Redhill Nook,E01013603,Leicester 003D,Burglary,Investigation complete; no suspect identified,
c14c458ea19ecd561a3c1d28697c897ca3876cc6b36cb7e9abedd4d572ea44ed,2023-12,Leicestershire Police,Leicestershire Police,-1.134402,52.663126,On or near Mottisford Road,E01013603,Leicester 003D,Criminal damage and arson,Investigation complete; no suspect identified,
2c5feebf1514b086b823c2f5ed7d140a1fb553b43e9cc6e2e27517b8fa13637b,2023-12,Leicestershire Police,Leicestershire Police,-1.135385,52.663484,On or near Barnwell Avenue,E01013603,Leicester 003D,Criminal damage and arson,Investigation complete; no suspect identified,
0432940fe89abaa8de20bc04e4e4b47f907af82d58411e202cdabc359ec2f208,2023-12,Leicestershire Police,Leicestershire Police,-1.130591,52.658442,On or near Robert Hall Street,E01013603,Leicester 003D,Drugs,Local resolution,
c880b1bfa32f280b19e772edcea56fd6da49b11b502ec846a424130394a4e0d6,2023-12,Leicestershire Police,Leicestershire Police,-1.133440,52.661672,On or near Langley Gardens,E01013603,Leicester 003D,Drugs,Investigation complete; no suspect identified,
0fe1eda5b25c3143e3dae5e706e6931c28fd200848881af534f805f6fbe1f39a,2023-12,Leicestershire Police,Leicestershire Police,-1.133440,52.661672,On or near Langley Gardens,E01013603,Leicester 003D,Drugs,Local resolution,
bce885d5e7722f537865dab10edcf163caa9bb06d184b8de886423c881b6059a,2023-12,Leicestershire Police,Leicestershire Police,-1.133440,52.661672,On or near Langley Gardens,E01013603,Leicester 003D,Drugs,Investigation complete; no suspect identified,
b92efbb7dc5ce0fc52fe4379c33e990a0c363753d596383aa18b31d138cc85fe,2023-12,Leicestershire Police,Leicestershire Police,-1.134796,52.662626,On or near Marwell Close,E01013603,Leicester 003D,Drugs,Local resolution,
e332ce4a0e0e5128cd48c473e2445cf869a74b10dab406a7d160d0da6b48ec2d,2023-12,Leicestershire Police,Leicestershire Police,-1.133440,52.661672,On or near Langley Gardens,E01013603,Leicester 003D,Other theft,Investigation complete; no suspect identified,
09738306bb24745b604e67733c968aa501291ffb21b5008ac0992a8eaccfd46e,2023-12,Leicestershire Police,Leicestershire Police,-1.134402,52.663126,On or near Mottisford Road,E01013603,Leicester 003D,Other theft,Investigation complete; no suspect identified,
1840783fc48e092e3e690147d8f3bd05b36cbd5f5f86ebd57ac92f5f3254497b,2023-12,Leicestershire Police,Leicestershire Police,-1.138601,52.662366,On or near Kinley Road,E01013603,Leicester 003D,Other theft,Investigation complete; no suspect identified,
535c09337aa8e5944b47ec4b7a74469f64a77fba42ce0187c45d682ce6a279a5,2023-12,Leicestershire Police,Leicestershire Police,-1.138601,52.662366,On or near Kinley Road,E01013603,Leicester 003D,Other theft,Investigation complete; no suspect identified,
916c57e216cf47061d08e8684da8c356b600206e008fc546b466cc5c607b693f,2023-12,Leicestershire Police,Leicestershire Police,-1.134402,52.663126,On or near Mottisford Road,E01013603,Leicester 003D,Public order,Investigation complete; no suspect identified,
d4ad2496e2740ada72958fe8867bd803df495b42d6135e7a32d14e179f8a96ec,2023-12,Leicestershire Police,Leicestershire Police,-1.133522,52.661241,On or near Langley Avenue,E01013603,Leicester 003D,Public order,Unable to prosecute suspect,
3946d9c34f9602ff3358d497661731e653fb7bf49d6a20e3d2f46fb52237f1ea,2023-12,Leicestershire Police,Leicestershire Police,-1.133440,52.661672,On or near Langley Gardens,E01013603,Leicester 003D,Vehicle crime,Investigation complete; no suspect identified,
91bd65ef820c089ba34650eae60064c97bc82f0de5c58dab783787947d30eb7f,2023-12,Leicestershire Police,Leicestershire Police,-1.134271,52.660006,On or near Abbey Rise,E01013603,Leicester 003D,Vehicle crime,Investigation complete; no suspect identified,
294005d7cffd0498d3b4f84cd4d16303a8981ed471eb52aba41d61150319f247,2023-12,Leicestershire Police,Leicestershire Police,-1.133953,52.664876,On or near Redhill Nook,E01013603,Leicester 003D,Vehicle crime,Investigation complete; no suspect identified,
472f3049ee59e51f1afc5d431b98b8f26836e5b9d36e095221f91e8c35c6c6dd,2023-12,Leicestershire Police,Leicestershire Police,-1.132671,52.658673,On or near Beaumanor Road,E01013603,Leicester 003D,Vehicle crime,Unable to prosecute suspect,
619093997d50a3d2702e861496d1ba71653b4983bc6f045818cfc646635255ca,2023-12,Leicestershire Police,Leicestershire Police,-1.137768,52.661874,On or near Greystoke Close,E01013603,Leicester 003D,Violence and sexual offences,Court result unavailable,
82d8f07f67ec79c27bccdad48b8228bb324ef18415d458203d9f1a30894f893d,2023-12,Leicestershire Police,Leicestershire Police,-1.134796,52.662626,On or near Marwell Close,E01013603,Leicester 003D,Violence and sexual offences,Unable to prosecute suspect,
d7e4d847ecb79597dd3561e2dc5bb03297aa38d822403dee17be46aa2e84a3be,2023-12,Leicestershire Police,Leicestershire Police,-1.134796,52.662626,On or near Marwell Close,E01013603,Leicester 003D,Violence and sexual offences,Action to be taken by another organisation,
15747e87e587d099599d53bd9e4206b59aa4c744fe90efa7e214a74d99573012,2023-12,Leicestershire Police,Leicestershire Police,-1.133440,52.661672,On or near Langley Gardens,E01013603,Leicester 003D,Violence and sexual offences,Investigation complete; no suspect identified,
13e5000d7873cfa9e1b764993d87f3dc45b249e2308e16c1394449d993588cda,2023-12,Leicestershire Police,Leicestershire Police,-1.138601,52.662366,On or near Kinley Road,E01013603,Leicester 003D,Violence and sexual offences,Investigation complete; no suspect identified,
4a16c241f7927014546a5fbb4e1c234bcbfd159520859048ec3e8f49a61af098,2023-12,Leicestershire Police,Leicestershire Police,-1.134796,52.662626,On or near Marwell Close,E01013603,Leicester 003D,Violence and sexual offences,Unable to prosecute suspect,
66c8d158d801a36bee901d770c5158b7fbd4c4d09dea6392d4af48e035a55a26,2023-12,Leicestershire Police,Leicestershire Police,-1.134796,52.662626,On or near Marwell Close,E01013603,Leicester 003D,Other crime,Unable to prosecute suspect,
6f682e7f91d076f5920eb4d2f67825fbd55b79fab5a653b809d9d5a0d8e98986,2023-12,Leicestershire Police,Leicestershire Police,-1.137768,52.661874,On or near Greystoke Close,E01013603,Leicester 003D,Other crime,Unable to prosecute suspect,
2e554cec9ae007379b7e5f4d7f201ddb51ca3db7721dae1adbe7662b420553e6,2023-12,Leicestershire Police,Leicestershire Police,-1.148385,52.662580,On or near Seddons Close,E01013604,Leicester 003E,Violence and sexual offences,Unable to prosecute suspect,
a5c0c412d29d614a2cd5507154c22d7d6e9778a99679942119d28c46ff98abf8,2023-12,Leicestershire Police,Leicestershire Police,-1.147643,52.663474,On or near Hefford Gardens,E01013604,Leicester 003E,Violence and sexual offences,Unable to prosecute suspect,
40f761c1f23159e96d3eb8e22b8a155249009dd71bfba796943f3f023e3c9be2,2023-12,Leicestershire Police,Leicestershire Police,-1.140314,52.660221,On or near Canonsleigh Road,E01013604,Leicester 003E,Violence and sexual offences,Unable to prosecute suspect,
1bdf18e9484c4d193345df1edbff7ce97b5863ddc2b04d513fbac0597d0bb372,2023-12,Leicestershire Police,Leicestershire Police,-1.142008,52.658273,On or near Petrol Station,E01013604,Leicester 003E,Burglary,Investigation complete; no suspect identified,
1d244a76cbeeaba6f544955dc0f1b4be7e1f3c3af17e7d2ca0e77cd0af2867e5,2023-12,Leicestershire Police,Leicestershire Police,-1.140314,52.660221,On or near Canonsleigh Road,E01013604,Leicester 003E,Criminal damage and arson,Unable to prosecute suspect,
2c001985ace9937dc49ab65b623c1bc68f9d8bb8fdafecb63332fcf5b7cea5f3,2023-12,Leicestershire Police,Leicestershire Police,-1.140314,52.660221,On or near Canonsleigh Road,E01013604,Leicester 003E,Other theft,Unable to prosecute suspect,
f970c7e1d22905646202eb18bd8ec0390a43ff8129c2c200e933e83304a90c6c,2023-12,Leicestershire Police,Leicestershire Police,-1.139812,52.662455,On or near Halifax Drive,E01013604,Leicester 003E,Other theft,Investigation complete; no suspect identified,
4099e52abd563934539f82ab42d4ea3ee07ae5a4889bce2d198cfe4be2d26893,2023-12,Leicestershire Police,Leicestershire Police,-1.139376,52.661284,On or near Rainsford Crescent,E01013604,Leicester 003E,Vehicle crime,Investigation complete; no suspect identified,
499d04b973428c954393df9b42fc4de92164a9ba035af5fde8b87e59e46fa7ec,2023-12,Leicestershire Police,Leicestershire Police,-1.136097,52.664127,On or near Helena Crescent,E01013604,Leicester 003E,Vehicle crime,Investigation complete; no suspect identified,
91acb38b1af542a969c207d7d9d2db8b6715c11f9eac6df55ad6829d8643fe4c,2023-12,Leicestershire Police,Leicestershire Police,-1.140314,52.660221,On or near Canonsleigh Road,E01013604,Leicester 003E,Vehicle crime,Investigation complete; no suspect identified,
64c25c36a940663c59add2a9906e770fd94514327cde32f2d91267bca2843dba,2023-12,Leicestershire Police,Leicestershire Police,-1.141452,52.663258,On or near Blenheim Way,E01013604,Leicester 003E,Violence and sexual offences,Unable to prosecute suspect,
0735db55cb86db0b5644d4ae0c3b212fbd6ceddaf27ebb2f729493bdbefee288,2023-12,Leicestershire Police,Leicestershire Police,-1.140314,52.660221,On or near Canonsleigh Road,E01013604,Leicester 003E,Violence and sexual offences,Unable to prosecute suspect,
94eb72cdb6b5bb14e4edfcd5e7f6d7ff6e96f16e476e03e5961306b48d3d2447,2023-12,Leicestershire Police,Leicestershire Police,-1.147643,52.663474,On or near Hefford Gardens,E01013604,Leicester 003E,Violence and sexual offences,Investigation complete; no suspect identified,
8f0d84e66904cd9fd1c6d095cbad9ae73957237be02b37626eb1d4f0b7517333,2023-12,Leicestershire Police,Leicestershire Police,-1.144616,52.659488,On or near Beaumont Leys Close,E01013604,Leicester 003E,Violence and sexual offences,Investigation complete; no suspect identified,
0aadae6b53d76224d70a5559eae24b88028c05f7e2d208212a78ea49069f34d0,2023-12,Leicestershire Police,Leicestershire Police,-1.140314,52.660221,On or near Canonsleigh Road,E01013604,Leicester 003E,Violence and sexual offences,Formal action is not in the public interest,
b2f347da913584deb953e31eb4515c2f395dac75eb8a144744236844ecc02163,2023-12,Leicestershire Police,Leicestershire Police,-1.141864,52.661868,On or near Packwood Road,E01013604,Leicester 003E,Violence and sexual offences,Court result unavailable,
3a9fa8b19043bf256ae8331a8ff811feba1ad8cc3a891b14d0acfa7759936d4a,2023-12,Leicestershire Police,Leicestershire Police,-1.142321,52.659669,On or near Hipwell Crescent,E01013604,Leicester 003E,Violence and sexual offences,Offender given a caution,
3396e415410fd79bd9d1e1a17ca57e4683627320d33b726a965092290d1f8142,2023-12,Leicestershire Police,Leicestershire Police,-1.134539,52.656933,On or near Abbey Lane,E01013605,Leicester 003F,Burglary,Investigation complete; no suspect identified,
7bb7866e65923174ea5eccef194a561d7bb97fd62b77a0794f24d37d771c6c40,2023-12,Leicestershire Police,Leicestershire Police,-1.135437,52.658603,On or near Orton Road,E01013605,Leicester 003F,Burglary,Investigation complete; no suspect identified,
7f2211b73c651ef3b73bada4687dc1f42a06806f7cb308a1a4273ec6d3fb5745,2023-12,Leicestershire Police,Leicestershire Police,-1.134336,52.658972,On or near Hobson Road,E01013605,Leicester 003F,Burglary,Unable to prosecute suspect,
d068c028d3709e072e45ce0106340b443233579d1f42a2de0ae11ea6cdafc266,2023-12,Leicestershire Police,Leicestershire Police,-1.135437,52.658603,On or near Orton Road,E01013605,Leicester 003F,Burglary,Investigation complete; no suspect identified,
544b3f1dbcbcf115c9ed4b04bc1c2732ff334569e11254147f93cad85fe4a84c,2023-12,Leicestershire Police,Leicestershire Police,-1.130258,52.660300,On or near Wesley Street,E01013605,Leicester 003F,Burglary,Investigation complete; no suspect identified,
7aefa9faf2065e666521a877d2330d3e8dd5de4e1c1261312833413c6a498894,2023-12,Leicestershire Police,Leicestershire Police,-1.131560,52.656543,On or near Rose Street,E01013605,Leicester 003F,Public order,Unable to prosecute suspect,
3e7888feba4fad134036dc76690844e92708b027f4377e0984b4102160f1a3f0,2023-12,Leicestershire Police,Leicestershire Police,-1.134336,52.658972,On or near Hobson Road,E01013605,Leicester 003F,Theft from the person,Investigation complete; no suspect identified,
7ef8b796cfcbdfbff6d20576b15be354513f1e8b1aa3e12cc809f27e5723b46c,2023-12,Leicestershire Police,Leicestershire Police,-1.134539,52.656933,On or near Abbey Lane,E01013605,Leicester 003F,Vehicle crime,Investigation complete; no suspect identified,
c485970c9b19027b4be5f933a7f585f198b96c9a53db9867c46501f6b70cac62,2023-12,Leicestershire Police,Leicestershire Police,-1.130258,52.660300,On or near Wesley Street,E01013605,Leicester 003F,Violence and sexual offences,Unable to prosecute suspect,
1e3c60fb8a8933497e9c1bc4b5972decb8fc6a91fb86cced5994fddfc9cd75cc,2023-12,Leicestershire Police,Leicestershire Police,-1.130258,52.660300,On or near Wesley Street,E01013605,Leicester 003F,Violence and sexual offences,Investigation complete; no suspect identified,
f4fb672dd15458bd72b6a3fdacb891111dd027f187320efa2f4e137e4992eaa7,2023-12,Leicestershire Police,Leicestershire Police,-1.131560,52.656543,On or near Rose Street,E01013605,Leicester 003F,Violence and sexual offences,Unable to prosecute suspect,
0be2a366312fdeceafddb946b70153cab62a907c86fa87ac723830b9b153517a,2023-12,Leicestershire Police,Leicestershire Police,-1.131560,52.656543,On or near Rose Street,E01013605,Leicester 003F,Violence and sexual offences,Unable to prosecute suspect,
b3691f5a38906c12d7644b6e7f0591a9413b528753882e71700c106d2bf87aa7,2023-12,Leicestershire Police,Leicestershire Police,-1.130258,52.660300,On or near Wesley Street,E01013605,Leicester 003F,Violence and sexual offences,Action to be taken by another organisation,
eddf24b4fd4c74296a34b2bf2284afc346faf9686f7f76b0cc097f8228cc46ea,2023-12,Leicestershire Police,Leicestershire Police,-1.131560,52.656543,On or near Rose Street,E01013605,Leicester 003F,Violence and sexual offences,Unable to prosecute suspect,
8bdf754c0d001fb2068b0f294d275880ca67c9ded500ebceefcee1bb5351a738,2023-12,Leicestershire Police,Leicestershire Police,-1.131793,52.656706,On or near Anchor Street,E01013605,Leicester 003F,Violence and sexual offences,Unable to prosecute suspect,
9e920b5bf21fa917d88e69ce086d52adc06b6a3d871d58e7bdb9ccdb49e98f1d,2023-12,Leicestershire Police,Leicestershire Police,-1.131560,52.656543,On or near Rose Street,E01013605,Leicester 003F,Violence and sexual offences,Local resolution,
1c6289d5f8d478a05e1834704b7439b23b0f589e0d190a5d7c83ebf8d46e389a,2023-12,Leicestershire Police,Leicestershire Police,-1.130258,52.660300,On or near Wesley Street,E01013605,Leicester 003F,Violence and sexual offences,Unable to prosecute suspect,
6ff828a0c721998604eb261ad7de8eca2205d9606703383b27fb6ec234d039a3,2023-12,Leicestershire Police,Leicestershire Police,-1.131560,52.656543,On or near Rose Street,E01013605,Leicester 003F,Violence and sexual offences,Unable to prosecute suspect,
a4df030b61409ee3aec97d94abc464b5c7fc6e478d8d08cab823aa3a550b910e,2023-12,Leicestershire Police,Leicestershire Police,-1.137362,52.656208,On or near Sudeley Avenue,E01013605,Leicester 003F,Violence and sexual offences,Unable to prosecute suspect,
09897ccc128ab6075bd2ecfef0f3259f9e474a736b0e1fe5175190b2eabbf209,2023-12,Leicestershire Police,Leicestershire Police,-1.169958,52.668783,On or near Clematis Close,E01013617,Leicester 004A,Criminal damage and arson,Court result unavailable,
ad60718b67e23edf9d8b5f16c275efbc0646029903d2444937d5a5c474d39e0c,2023-12,Leicestershire Police,Leicestershire Police,-1.169958,52.668783,On or near Clematis Close,E01013617,Leicester 004A,Public order,Court result unavailable,
9a466d20f4ab22b14b1b22c2b2636526213ff43fcfda28e904f1222df6d1741c,2023-12,Leicestershire Police,Leicestershire Police,-1.169958,52.668783,On or near Clematis Close,E01013617,Leicester 004A,Public order,Court result unavailable,
46138c2438e8ccfc8e27fce64cd6300c134d0eede6cc0ec76f717ec30719f0a3,2023-12,Leicestershire Police,Leicestershire Police,-1.167169,52.666166,On or near Shopping Area,E01013617,Leicester 004A,Violence and sexual offences,Court result unavailable,
,2023-12,Leicestershire Police,Leicestershire Police,-1.167169,52.666166,On or near Shopping Area,E01013617,Leicester 004A,Anti-social behaviour,,
,2023-12,Leicestershire Police,Leicestershire Police,-1.167169,52.666166,On or near Shopping Area,E01013617,Leicester 004A,Anti-social behaviour,,
a39e75f060f038daafb02acb151c74e0adde941c860823a6eb9b737e28d62057,2023-12,Leicestershire Police,Leicestershire Police,-1.168102,52.663718,On or near Orwell Drive,E01013617,Leicester 004A,Bicycle theft,Unable to prosecute suspect,
bf079c0294a621a55c247d3ed651105dd4cd2671efe8c4dcd3f646c056128ef1,2023-12,Leicestershire Police,Leicestershire Police,-1.177897,52.658680,On or near Strathern Road,E01013617,Leicester 004A,Bicycle theft,Investigation complete; no suspect identified,
7f19b7d3b967051e1e2d30f2ff30dd507389aa37e5eedafcabb20ecc5f674110,2023-12,Leicestershire Police,Leicestershire Police,-1.174112,52.662618,On or near A5630,E01013617,Leicester 004A,Burglary,Investigation complete; no suspect identified,
9ebb7ed26c4abd99c4503a8dc2ae1f9f878d5386c9be9ff1886b2b8c7afe69df,2023-12,Leicestershire Police,Leicestershire Police,-1.182821,52.660189,On or near Martinshaw Close,E01013617,Leicester 004A,Burglary,Investigation complete; no suspect identified,
1d95906505efeb831b3900c9f2f1f358c6b97af53be9aed46ea8541dbbaaaea1,2023-12,Leicestershire Police,Leicestershire Police,-1.172966,52.668481,On or near Blue Gates Road,E01013617,Leicester 004A,Criminal damage and arson,Investigation complete; no suspect identified,
aeb3135ceb94f61c5af8bfaa5ea8abef1830f7612e3b4682ecd9697469dc1195,2023-12,Leicestershire Police,Leicestershire Police,-1.183301,52.658268,On or near Buddon Close,E01013617,Leicester 004A,Criminal damage and arson,Unable to prosecute suspect,
ae3aac609fb9dd0bfdee10bc6395f79c40452adefa936a4b7dd0e2f887a5a420,2023-12,Leicestershire Police,Leicestershire Police,-1.183301,52.658268,On or near Buddon Close,E01013617,Leicester 004A,Criminal damage and arson,Unable to prosecute suspect,
848cbcefbc8c95301337c0942b17b318fe75501643098cdf780ecffbcd0f97fe,2023-12,Leicestershire Police,Leicestershire Police,-1.181819,52.658447,On or near Broadnook Close,E01013617,Leicester 004A,Criminal damage and arson,Unable to prosecute suspect,
36496b886a94a671185df817e25dd9b1f21de183018c765de580719d7f731621,2023-12,Leicestershire Police,Leicestershire Police,-1.179253,52.657314,On or near Thorntree Close,E01013617,Leicester 004A,Criminal damage and arson,Unable to prosecute suspect,
1b0122e83924d44dfbbee8328f1c92aae85671597257cea2d1959a63ce61f2a2,2023-12,Leicestershire Police,Leicestershire Police,-1.169561,52.667909,On or near Police Station,E01013617,Leicester 004A,Criminal damage and arson,Investigation complete; no suspect identified,
c9d358b584dd7608ef7b227e7275c4119a728af34d14582bb835e1aa12c57333,2023-12,Leicestershire Police,Leicestershire Police,-1.175212,52.658365,On or near Glenfrith Close,E01013617,Leicester 004A,Drugs,Local resolution,
920c17bc5bdb17ca578cc6d44915208212cdb9c6a79754e9e218006fd4c1b9c2,2023-12,Leicestershire Police,Leicestershire Police,-1.167169,52.666166,On or near Shopping Area,E01013617,Leicester 004A,Other theft,Investigation complete; no suspect identified,
9e1560d9e5e61750f8f4211c87f02861d215e59118266bdb5093da16ae206cb8,2023-12,Leicestershire Police,Leicestershire Police,-1.167169,52.666166,On or near Shopping Area,E01013617,Leicester 004A,Other theft,Investigation complete; no suspect identified,
fd4ae1dcb7779e8a44364b6249fbc64d5d377d07f055a651f2a1ff80ee2fff26,2023-12,Leicestershire Police,Leicestershire Police,-1.167169,52.666166,On or near Shopping Area,E01013617,Leicester 004A,Other theft,Investigation complete; no suspect identified,
390bfa459a3d9e2f3e4cfbb01cba4aad6d39138d5fc63ae6d2551927a27e258d,2023-12,Leicestershire Police,Leicestershire Police,-1.167169,52.666166,On or near Shopping Area,E01013617,Leicester 004A,Other theft,Investigation complete; no suspect identified,
f9d5495623ad6313a70aa92e5d57c69c2ccfb6761ff0da78fb2ce9777e81a8fc,2023-12,Leicestershire Police,Leicestershire Police,-1.167169,52.666166,On or near Shopping Area,E01013617,Leicester 004A,Possession of weapons,Court result unavailable,
046cf6242938889e9219f52fe3bd5541ccc0c267536ee85aa9ef2eda120fb6f6,2023-12,Leicestershire Police,Leicestershire Police,-1.172966,52.668481,On or near Blue Gates Road,E01013617,Leicester 004A,Public order,Unable to prosecute suspect,
2285fd2ddd5976f271a68b7d920f931799d0df0e4efe44f8384e11d690f6f9e1,2023-12,Leicestershire Police,Leicestershire Police,-1.167325,52.664189,On or near Parking Area,E01013617,Leicester 004A,Shoplifting,Investigation complete; no suspect identified,
fe19bde958ac016922961414d53c43944daf237c2177584dd71c77494be3983f,2023-12,Leicestershire Police,Leicestershire Police,-1.167169,52.666166,On or near Shopping Area,E01013617,Leicester 004A,Shoplifting,Investigation complete; no suspect identified,
51aecf0e3a57d7d9419f45840921b4e98db9d7f52da3703d18d43306be9fabe5,2023-12,Leicestershire Police,Leicestershire Police,-1.167169,52.666166,On or near Shopping Area,E01013617,Leicester 004A,Shoplifting,Investigation complete; no suspect identified,
6b4c6866b4a8275c7b009b7dffaf7951c2d9313f209d5b033ac324e57a899217,2023-12,Leicestershire Police,Leicestershire Police,-1.167325,52.664189,On or near Parking Area,E01013617,Leicester 004A,Shoplifting,Court result unavailable,
e449b13f50857e405b350cb585b111e03f98b1140364863bf666c748b6714788,2023-12,Leicestershire Police,Leicestershire Police,-1.176533,52.660451,On or near Sangha Close,E01013617,Leicester 004A,Vehicle crime,Investigation complete; no suspect identified,
8bd309532f13b82e035d6168fad3a4778420baf18fd706df027fda63236836cd,2023-12,Leicestershire Police,Leicestershire Police,-1.179253,52.657314,On or near Thorntree Close,E01013617,Leicester 004A,Violence and sexual offences,Unable to prosecute suspect,
055848e39e34b89c331c18014ea0503428040ce38540120d918af8a52d4038fc,2023-12,Leicestershire Police,Leicestershire Police,-1.179253,52.657314,On or near Thorntree Close,E01013617,Leicester 004A,Violence and sexual offences,Unable to prosecute suspect,
bff62e18a74b6abc3739e1ce1d22b24a0840995e18508389871673adec4880a7,2023-12,Leicestershire Police,Leicestershire Police,-1.167169,52.666166,On or near Shopping Area,E01013617,Leicester 004A,Violence and sexual offences,Investigation complete; no suspect identified,
3804d356bbfa5f6e039986c15588e6a53e71044cef2967e83ac30c3f3a65777d,2023-12,Leicestershire Police,Leicestershire Police,-1.179253,52.657314,On or near Thorntree Close,E01013617,Leicester 004A,Violence and sexual offences,Unable to prosecute suspect,
14cd2bf9739848b89da50f23a4e358b9b5ed5e2b3d2446f06eef04af53a1fd71,2023-12,Leicestershire Police,Leicestershire Police,-1.167169,52.666166,On or near Shopping Area,E01013617,Leicester 004A,Violence and sexual offences,Investigation complete; no suspect identified,
c91dd6f7c006f5c4d736c35193e5e400447d968b16cd5b2e6e2b352595f734f5,2023-12,Leicestershire Police,Leicestershire Police,-1.179253,52.657314,On or near Thorntree Close,E01013617,Leicester 004A,Violence and sexual offences,Investigation complete; no suspect identified,
e9b76e8c4db6f52e875ed4cd5d51d7679e25a50125fdf23ce300f0d865042856,2023-12,Leicestershire Police,Leicestershire Police,-1.183301,52.658268,On or near Buddon Close,E01013617,Leicester 004A,Violence and sexual offences,Unable to prosecute suspect,
13f85413e20e0384b0323ea7046fac95e2efb5df1b7cf353fb199110e53b5625,2023-12,Leicestershire Police,Leicestershire Police,-1.179253,52.657314,On or near Thorntree Close,E01013617,Leicester 004A,Violence and sexual offences,Unable to prosecute suspect,
e482044cfa31ab75ce3e4f194d0553b9c6fd2b83633d1a47e70d98af9a58e395,2023-12,Leicestershire Police,Leicestershire Police,-1.179253,52.657314,On or near Thorntree Close,E01013617,Leicester 004A,Violence and sexual offences,Unable to prosecute suspect,
f2a084dcc2e4fbf74313675bd3ddf965d27b89368883f5e1aa93917d99098f02,2023-12,Leicestershire Police,Leicestershire Police,-1.179253,52.657314,On or near Thorntree Close,E01013617,Leicester 004A,Violence and sexual offences,Unable to prosecute suspect,
daaf3ca23fd3b0cd9fc2ffa178803dd65b2165bceabea12189790fc3b55a7663,2023-12,Leicestershire Police,Leicestershire Police,-1.169561,52.667909,On or near Police Station,E01013617,Leicester 004A,Violence and sexual offences,Unable to prosecute suspect,
3c757851802b91aebd88007fb142c9e0abb784453a2bfb12e352d35abfc57f85,2023-12,Leicestershire Police,Leicestershire Police,-1.172682,52.674133,On or near Blackthorn Drive,E01013617,Leicester 004A,Violence and sexual offences,Unable to prosecute suspect,
ead3125a5e5884205c04e15da969bcea233fb50de0ad9e8ef4b643056cf5f600,2023-12,Leicestershire Police,Leicestershire Police,-1.181819,52.658447,On or near Broadnook Close,E01013617,Leicester 004A,Violence and sexual offences,Unable to prosecute suspect,
f17d2710337451698967b77ecdba65cecfa695ea015922d36986c49cc2471532,2023-12,Leicestershire Police,Leicestershire Police,-1.167169,52.666166,On or near Shopping Area,E01013617,Leicester 004A,Other crime,Investigation complete; no suspect identified,
4c1f5adc2fc0adc30f7381d41d479cf07595648b3b9826cc9d23ddc33616f5cd,2023-12,Leicestershire Police,Leicestershire Police,-1.151705,52.663719,On or near Gresley Close,E01013620,Leicester 004B,Burglary,Court result unavailable,
95198b5937920366cb9e0dff82e930a96efcf6f168fda4896e5b06d669a46e3d,2023-12,Leicestershire Police,Leicestershire Police,-1.152687,52.661101,On or near Home Farm Close,E01013620,Leicester 004B,Violence and sexual offences,Awaiting court outcome,
,2023-12,Leicestershire Police,Leicestershire Police,-1.151216,52.661450,On or near Peppercorn Close,E01013620,Leicester 004B,Anti-social behaviour,,
,2023-12,Leicestershire Police,Leicestershire Police,-1.153566,52.663022,On or near Tilling Road,E01013620,Leicester 004B,Anti-social behaviour,,
af0142c304d232c6b0b6a62ff942f35937738d14b73ac15753d62c5e17a16a9f,2023-12,Leicestershire Police,Leicestershire Police,-1.152687,52.661101,On or near Home Farm Close,E01013620,Leicester 004B,Criminal damage and arson,Unable to prosecute suspect,
3eece00ad3ad8cab895901cce9fea1a2d69fe657ca1e3dbdc64a5b860b351813,2023-12,Leicestershire Police,Leicestershire Police,-1.155351,52.660940,On or near Aysgarth Road,E01013620,Leicester 004B,Criminal damage and arson,Investigation complete; no suspect identified,
e2e2f69054abeb2061a6ed46830c722a76fa96b33d22046372d44b4632b1673d,2023-12,Leicestershire Police,Leicestershire Police,-1.151705,52.663719,On or near Gresley Close,E01013620,Leicester 004B,Drugs,Local resolution,
cfd7e39d6a21895395f0a2d0bba7ee7cd8604f85b8d9073c223c84db6c9aa5a6,2023-12,Leicestershire Police,Leicestershire Police,-1.151055,52.659821,On or near Glaisdale Close,E01013620,Leicester 004B,Public order,Unable to prosecute suspect,
a189a5fd805a569f13c5e6240b064bbf912502ea168c259153513fbcf006b120,2023-12,Leicestershire Police,Leicestershire Police,-1.150459,52.660087,On or near Eskdale Road,E01013620,Leicester 004B,Public order,Investigation complete; no suspect identified,
3355ad029246e119976318ce9289c71973a1f3e90396c70fb69d431f5684ec1c,2023-12,Leicestershire Police,Leicestershire Police,-1.154142,52.661552,On or near Parking Area,E01013620,Leicester 004B,Public order,Investigation complete; no suspect identified,
4610da71a5d5b2db5b04489bfd4e6756be31ee68ed0c44dfd93c93a98cc3755a,2023-12,Leicestershire Police,Leicestershire Police,-1.154142,52.661552,On or near Parking Area,E01013620,Leicester 004B,Public order,Unable to prosecute suspect,
fd2384c6141b5c53cc3e84efdf61a1a89497e6470651f92294a1ba61a10b5611,2023-12,Leicestershire Police,Leicestershire Police,-1.151055,52.659821,On or near Glaisdale Close,E01013620,Leicester 004B,Public order,Unable to prosecute suspect,
6da4fbb1372bdd1598249572870e9aca5c91c4a43a8f2eda919cb40fbf232b92,2023-12,Leicestershire Police,Leicestershire Police,-1.152687,52.661101,On or near Home Farm Close,E01013620,Leicester 004B,Robbery,Investigation complete; no suspect identified,
a3b5693dfbfa737ab2e1762e1c238acd98240f9568a629394a925457e7a14543,2023-12,Leicestershire Police,Leicestershire Police,-1.152687,52.661101,On or near Home Farm Close,E01013620,Leicester 004B,Vehicle crime,Investigation complete; no suspect identified,
8502b90be3bdca698d033a18fba4d4edf79c723a531ab5ba3d8099dce2d358c4,2023-12,Leicestershire Police,Leicestershire Police,-1.150494,52.662847,On or near Churchward Avenue,E01013620,Leicester 004B,Violence and sexual offences,Action to be taken by another organisation,
2c1fe493549d4504f17467c8bbe300556b60c1af953b33aaeb75ecac98c3286a,2023-12,Leicestershire Police,Leicestershire Police,-1.153566,52.663022,On or near Tilling Road,E01013620,Leicester 004B,Violence and sexual offences,Unable to prosecute suspect,
755eec3b64bc05748fac632ddd2a738abd29af1c8e88776752da9d23c37ba91a,2023-12,Leicestershire Police,Leicestershire Police,-1.151705,52.663719,On or near Gresley Close,E01013620,Leicester 004B,Violence and sexual offences,Unable to prosecute suspect,
bcc20d99c275dd7336450599ffcf2ff40b3f68908eb92f27d369460688e30047,2023-12,Leicestershire Police,Leicestershire Police,-1.151705,52.663719,On or near Gresley Close,E01013620,Leicester 004B,Violence and sexual offences,Investigation complete; no suspect identified,
0b05af1ad17467f6da7568506b84cece301aca246507440dca29af164a0fdbe7,2023-12,Leicestershire Police,Leicestershire Police,-1.149243,52.659485,On or near Wheeldale Close,E01013620,Leicester 004B,Violence and sexual offences,Unable to prosecute suspect,
6f1472658e766b44acee6912220adedf8fcb34a63d95edf92e156f885ad43f1a,2023-12,Leicestershire Police,Leicestershire Police,-1.151705,52.663719,On or near Gresley Close,E01013620,Leicester 004B,Violence and sexual offences,Unable to prosecute suspect,
499cf389e1ba7f7e08c49c075cd1e37b2e7c75e812a63ec5fad249aec7f1a8cf,2023-12,Leicestershire Police,Leicestershire Police,-1.153566,52.663022,On or near Tilling Road,E01013620,Leicester 004B,Violence and sexual offences,Unable to prosecute suspect,
cf60884411b2a06669f34e553f11962f5803642c44b0cb0bf1cea0cf5d3d8f9b,2023-12,Leicestershire Police,Leicestershire Police,-1.151705,52.663719,On or near Gresley Close,E01013620,Leicester 004B,Other crime,Unable to prosecute suspect,
ae8125d7d4e7e13d578f8ee9f58953721756eda51e822d45f723ba5d54287a98,2023-12,Leicestershire Police,Leicestershire Police,-1.151705,52.663719,On or near Gresley Close,E01013620,Leicester 004B,Other crime,Unable to prosecute suspect,
,2023-12,Leicestershire Police,Leicestershire Police,-1.158613,52.658167,On or near Malham Close,E01013621,Leicester 004C,Anti-social behaviour,,
09b45e41ec501969ca772e17cb79b9e0fc296c7078528c2f5ec5e9dc55234791,2023-12,Leicestershire Police,Leicestershire Police,-1.153931,52.653315,On or near Chelwood Lane,E01013621,Leicester 004C,Burglary,Investigation complete; no suspect identified,
d886ea0d98b3f32c1cce75fb52eafba4f73437100d08a1eab374de09714c395f,2023-12,Leicestershire Police,Leicestershire Police,-1.156544,52.658090,On or near Linney Road,E01013621,Leicester 004C,Criminal damage and arson,Investigation complete; no suspect identified,
85bf33ab07f7b1e671c2f65f291052dda0f110b79c80132052ee207103b05036,2023-12,Leicestershire Police,Leicestershire Police,-1.153931,52.653315,On or near Chelwood Lane,E01013621,Leicester 004C,Other theft,Investigation complete; no suspect identified,
96cd520f263eb425f5e2f74bb1a6b9575d125838f754d536a587a5277e6b2ff2,2023-12,Leicestershire Police,Leicestershire Police,-1.151941,52.653814,On or near Bramwell Lane,E01013621,Leicester 004C,Other theft,Investigation complete; no suspect identified,
bd8ab05c08fd87e4f6d2336c826f8b20c630e674a7d6f3ee1a2cafccf8bf083d,2023-12,Leicestershire Police,Leicestershire Police,-1.157072,52.662193,On or near Grassington Close,E01013621,Leicester 004C,Other theft,Status update unavailable,
a4f90f35d302c604378278f3f7d59c265837ea5b4c61d058f9e4007b83eecc64,2023-12,Leicestershire Police,Leicestershire Police,-1.152350,52.655578,On or near Lovington Lane,E01013621,Leicester 004C,Other theft,Investigation complete; no suspect identified,
500326402b553818febd48e4cc03e6af92b47b6770d24207ec7a5fcd615caa69,2023-12,Leicestershire Police,Leicestershire Police,-1.158028,52.661669,On or near Austwick Close,E01013621,Leicester 004C,Public order,Unable to prosecute suspect,
3ca7216c5c18bc0c1bfb2e03a47e3faf0328939dfa7d62c646360943ea6e39a5,2023-12,Leicestershire Police,Leicestershire Police,-1.155148,52.656929,On or near Portmore Close,E01013621,Leicester 004C,Public order,Action to be taken by another organisation,
29e74dee0e6fcdeb671f991755998e0a22c14200bcb13694fc4998a0e29fef64,2023-12,Leicestershire Police,Leicestershire Police,-1.156420,52.660705,On or near Bishopdale Road,E01013621,Leicester 004C,Robbery,Investigation complete; no suspect identified,
d8240ff3cd48be0e6ac8ad79c1ccef2022e6d316e68558e1ef1ebdb18c025e0e,2023-12,Leicestershire Police,Leicestershire Police,-1.154230,52.657723,On or near Rannoch Close,E01013621,Leicester 004C,Violence and sexual offences,Unable to prosecute suspect,
0d42f72e3c9ee4d1101d78de3f888bb4c28c1e3a69498d5338277e087c066c44,2023-12,Leicestershire Police,Leicestershire Police,-1.157999,52.660896,On or near Wymar Close,E01013621,Leicester 004C,Violence and sexual offences,Unable to prosecute suspect,
67df080b59391d50742d68d27e5c2c5c6cad06dce841778b6f34ec932c8b2044,2023-12,Leicestershire Police,Leicestershire Police,-1.150346,52.658279,On or near Torridon Close,E01013621,Leicester 004C,Violence and sexual offences,Investigation complete; no suspect identified,
d2a42f3a55d32e3238e71937f47c7b94f4e4611b91f95fba7d0d296fdcd24401,2023-12,Leicestershire Police,Leicestershire Police,-1.154230,52.657723,On or near Rannoch Close,E01013621,Leicester 004C,Violence and sexual offences,Unable to prosecute suspect,
aac315e6ad795d340b9fd6c71749a67376c76cca45a5737bca0a91fd1143ca9d,2023-12,Leicestershire Police,Leicestershire Police,-1.157999,52.660896,On or near Wymar Close,E01013621,Leicester 004C,Violence and sexual offences,Unable to prosecute suspect,
0a6d0cbb07aefc21f3cd90aeb0e708056c553788b9b784900add6a1a2ae15517,2023-12,Leicestershire Police,Leicestershire Police,-1.156544,52.658090,On or near Linney Road,E01013621,Leicester 004C,Other crime,Unable to prosecute suspect,
f99de8a6eae7ac26ae1098b72b7330ec5db47200416a87b45c6d70f966b09d87,2023-12,Leicestershire Police,Leicestershire Police,-1.159324,52.658847,On or near Oronsay Road,E01013622,Leicester 004D,Drugs,Unable to prosecute suspect,
49b189e5bf54c6b91411a277334aacdb6a496cd565086be0d104f3f5efa3ba25,2023-12,Leicestershire Police,Leicestershire Police,-1.159324,52.658847,On or near Oronsay Road,E01013622,Leicester 004D,Violence and sexual offences,Unable to prosecute suspect,
,2023-12,Leicestershire Police,Leicestershire Police,-1.159324,52.658847,On or near Oronsay Road,E01013622,Leicester 004D,Anti-social behaviour,,
b056c7542001ac64a8096b8bff98ab93fede054c168995e2423b81a2e75c69e1,2023-12,Leicestershire Police,Leicestershire Police,-1.166121,52.659056,On or near Calver Hey Road,E01013622,Leicester 004D,Criminal damage and arson,Investigation complete; no suspect identified,
06e04af42225327a602bf448dc37c713e7d0dfa8f19c4effb83fc5dae3250c4c,2023-12,Leicestershire Police,Leicestershire Police,-1.160253,52.658188,On or near Baxters Close,E01013622,Leicester 004D,Criminal damage and arson,Investigation complete; no suspect identified,
c06ade90098fe2dc14030cfa0937febcd41c1e78fb4acd5995a334fb2b7455b0,2023-12,Leicestershire Police,Leicestershire Police,-1.159324,52.658847,On or near Oronsay Road,E01013622,Leicester 004D,Criminal damage and arson,Investigation complete; no suspect identified,
5249a3839a36225fb6c908ee11391b785737fc6f91b692231dc24523a6e51b49,2023-12,Leicestershire Police,Leicestershire Police,-1.159324,52.658847,On or near Oronsay Road,E01013622,Leicester 004D,Criminal damage and arson,Investigation complete; no suspect identified,
a090eebdfb7b62d5379d1d3f0443db451f203c190571c991d998ed24684943cb,2023-12,Leicestershire Police,Leicestershire Police,-1.163254,52.658218,On or near Balisfire Grove,E01013622,Leicester 004D,Public order,Investigation complete; no suspect identified,
059bc8eaf5e85eedfd16fd606f471f5724c650af2ceba3a710d0578ac506b2fd,2023-12,Leicestershire Police,Leicestershire Police,-1.159324,52.658847,On or near Oronsay Road,E01013622,Leicester 004D,Public order,Unable to prosecute suspect,
995e82249436ef7135f52d1e50fe6f3106074b846270f11b8f2435e09812ab73,2023-12,Leicestershire Police,Leicestershire Police,-1.163254,52.658218,On or near Balisfire Grove,E01013622,Leicester 004D,Robbery,Investigation complete; no suspect identified,
437353730d5969021e353c15d73a1f01243f8453fee2638013e4c9a17023a99d,2023-12,Leicestershire Police,Leicestershire Police,-1.163254,52.658218,On or near Balisfire Grove,E01013622,Leicester 004D,Vehicle crime,Unable to prosecute suspect,
63c015ae7e479ad4376df99095a814c32228622de7ce3a7a4d614579481ab190,2023-12,Leicestershire Police,Leicestershire Police,-1.161188,52.659579,On or near Scalpay Close,E01013622,Leicester 004D,Violence and sexual offences,Unable to prosecute suspect,
b897f4f4e845795d39f509880ef605834e81304729f73a8cf52a9ea47ef3d975,2023-12,Leicestershire Police,Leicestershire Police,-1.161188,52.659579,On or near Scalpay Close,E01013622,Leicester 004D,Violence and sexual offences,Investigation complete; no suspect identified,
21227baaeb3b9a80c7c1aeb919eba90efdfcbeaa7b9ca966d7e35e57c8549ec5,2023-12,Leicestershire Police,Leicestershire Police,-1.160253,52.658188,On or near Baxters Close,E01013622,Leicester 004D,Violence and sexual offences,Investigation complete; no suspect identified,
ad67d2de8bb9b48d1f293a812de56780510f4884596243bacc1550109629e2c9,2023-12,Leicestershire Police,Leicestershire Police,-1.161188,52.659579,On or near Scalpay Close,E01013622,Leicester 004D,Violence and sexual offences,Unable to prosecute suspect,
67762320589fc27ec9e15c592b246301c0f786914117b5ba0398faef63fb38c7,2023-12,Leicestershire Police,Leicestershire Police,-1.166121,52.659056,On or near Calver Hey Road,E01013622,Leicester 004D,Violence and sexual offences,Investigation complete; no suspect identified,
0ef63c00352dedff7ff2d2fffca7714ce7a42c62c81d83fdc15d78b2cf30dcf6,2023-12,Leicestershire Police,Leicestershire Police,-1.163254,52.658218,On or near Balisfire Grove,E01013622,Leicester 004D,Other crime,Unable to prosecute suspect,
e4bb066dcbf9170392ccbdb548bf113727785f53b5fee36d03a598c77114461e,2023-12,Leicestershire Police,Leicestershire Police,-1.163254,52.658218,On or near Balisfire Grove,E01013622,Leicester 004D,Other crime,Unable to prosecute suspect,
b76762d6552420347fc352bd10a3a4908a7b18c0759940a384a8b7c28af632df,2023-12,Leicestershire Police,Leicestershire Police,-1.163500,52.656179,On or near Shottens Close,E01013623,Leicester 004E,Violence and sexual offences,Unable to prosecute suspect,
,2023-12,Leicestershire Police,Leicestershire Police,-1.161169,52.656702,On or near Cornwallis Avenue,E01013623,Leicester 004E,Anti-social behaviour,,
4fe8e33f23071065e61f8a090de4cac3568fd3bb00362e8607fbcbea8c4c0801,2023-12,Leicestershire Police,Leicestershire Police,-1.168365,52.651449,On or near Tatton Close,E01013623,Leicester 004E,Public order,Court result unavailable,
e268ac06bc1d7b46abb3b5656ae3d83b15856b1b1794776a2902837fb0e984d6,2023-12,Leicestershire Police,Leicestershire Police,-1.164540,52.652006,On or near Bestwood Close,E01013623,Leicester 004E,Vehicle crime,Investigation complete; no suspect identified,
24e8d60eb2982db8c8e252409ef11dddd74b3326769abe86959cbbfb25835288,2023-12,Leicestershire Police,Leicestershire Police,-1.162426,52.659021,On or near Gorsty Close,E01013623,Leicester 004E,Vehicle crime,Investigation complete; no suspect identified,
0d7c3993c273486e856ba8bba3d3dc6a6309de95675e092f6f89b672eab30f53,2023-12,Leicestershire Police,Leicestershire Police,-1.169689,52.651773,On or near Allerton Drive,E01013623,Leicester 004E,Vehicle crime,Unable to prosecute suspect,
59d7fc069cd2eef7435c96429710d5096f46cebcff9daad2ccc0204ad852b465,2023-12,Leicestershire Police,Leicestershire Police,-1.169689,52.651773,On or near Allerton Drive,E01013623,Leicester 004E,Vehicle crime,Unable to prosecute suspect,
6121d8ec61658254b1b6a14ce9ea0b9889700056c702a8092eb698805cf33284,2023-12,Leicestershire Police,Leicestershire Police,-1.168365,52.651449,On or near Tatton Close,E01013623,Leicester 004E,Violence and sexual offences,Court result unavailable,
291c7ba3b011bd4b9300f94e72d8d1c6dd4d4671550fa677dd5f8bf10a0de781,2023-12,Leicestershire Police,Leicestershire Police,-1.168365,52.651449,On or near Tatton Close,E01013623,Leicester 004E,Violence and sexual offences,Court result unavailable,
2f1a8093691133f6b3b7afe424ef66306730c1cd9974ee944eef914243b63ae5,2023-12,Leicestershire Police,Leicestershire Police,-1.164568,52.655989,On or near Anstey Lane,E01013623,Leicester 004E,Violence and sexual offences,Investigation complete; no suspect identified,
abdf243d59b5130c605b1351a508fb0119246d8af55e8d7415ea20c4598349cc,2023-12,Leicestershire Police,Leicestershire Police,-1.169297,52.659987,On or near Tyes End,E01013623,Leicester 004E,Violence and sexual offences,Unable to prosecute suspect,
aaaa403929d39af1d2b91ee5b9c93d41595e51c7827af0a69f63bcee318d0108,2023-12,Leicestershire Police,Leicestershire Police,-1.160687,52.656393,On or near Great Meadow Road,E01013623,Leicester 004E,Violence and sexual offences,Further action is not in the public interest,
0ab5320cdd94b17b27637bca669f31600c2a5e14eb1fdc5449bae1044014a57b,2023-12,Leicestershire Police,Leicestershire Police,-1.165113,52.660775,On or near Badgers Close,E01013623,Leicester 004E,Violence and sexual offences,Unable to prosecute suspect,
dc663f5461f4c04791d76a65bce8827b5a416e0690dd6a39204fdff8b17e9678,2023-12,Leicestershire Police,Leicestershire Police,-1.165113,52.660775,On or near Badgers Close,E01013623,Leicester 004E,Violence and sexual offences,Court result unavailable,
f139c906a0bec285fdd039f0a988e18ef916ffdaaed01ff7788364db692fe7b3,2023-12,Leicestershire Police,Leicestershire Police,-1.165113,52.660775,On or near Badgers Close,E01013623,Leicester 004E,Violence and sexual offences,Court result unavailable,
3162caf51f7e09f68fa0d865607fc030f9ee587f87cd0be1f17128f662644220,2023-12,Leicestershire Police,Leicestershire Police,-1.162957,52.655204,On or near Anstey Lane,E01013623,Leicester 004E,Violence and sexual offences,Local resolution,
4d2449a272a747bd48a1c0a87c135f8f3d343f8313648bbb351cad85bc2eccfa,2023-12,Leicestershire Police,Leicestershire Police,-1.160687,52.656393,On or near Great Meadow Road,E01013623,Leicester 004E,Violence and sexual offences,Further action is not in the public interest,
3cc7e9304bed30e68097d93d7f27593a1c47fd8cc03d660a325712d3aade8adf,2023-12,Leicestershire Police,Leicestershire Police,-1.168365,52.651449,On or near Tatton Close,E01013623,Leicester 004E,Violence and sexual offences,Court result unavailable,
ee85c55d45b6e81af3b1e79e62ac17bca94980915dd18ee271284defb4cbe066,2023-12,Leicestershire Police,Leicestershire Police,-1.172956,52.651786,On or near Parking Area,E01013623,Leicester 004E,Violence and sexual offences,Unable to prosecute suspect,
,2023-12,Leicestershire Police,Leicestershire Police,-1.105100,52.654953,On or near Supermarket,E01013732,Leicester 005A,Anti-social behaviour,,
,2023-12,Leicestershire Police,Leicestershire Police,-1.105100,52.654953,On or near Supermarket,E01013732,Leicester 005A,Anti-social behaviour,,
,2023-12,Leicestershire Police,Leicestershire Police,-1.105100,52.654953,On or near Supermarket,E01013732,Leicester 005A,Anti-social behaviour,,
d1081bd5304b6965f84e38c13fc12e4c7087702ba0c3d0b215493905312cbd86,2023-12,Leicestershire Police,Leicestershire Police,-1.105100,52.654953,On or near Supermarket,E01013732,Leicester 005A,Public order,Investigation complete; no suspect identified,
8dba5d321a95d5bfd9c8b0b159ea29b10f38239bee759901cf8816b33b0f3ebe,2023-12,Leicestershire Police,Leicestershire Police,-1.100618,52.655062,On or near Oliver Road,E01013732,Leicester 005A,Public order,Investigation complete; no suspect identified,
,2023-12,Leicestershire Police,Leicestershire Police,-1.104725,52.661027,On or near Cromarty Close,E01013739,Leicester 005B,Anti-social behaviour,,
,2023-12,Leicestershire Police,Leicestershire Police,-1.098855,52.666763,On or near Longhurst Close,E01013739,Leicester 005B,Anti-social behaviour,,
,2023-12,Leicestershire Police,Leicestershire Police,-1.105195,52.661867,On or near Coatbridge Avenue,E01013739,Leicester 005B,Anti-social behaviour,,
324841896491a99e768beccbaa31ba8676e0828b6cc626086e27480c3e0270bb,2023-12,Leicestershire Police,Leicestershire Police,-1.103488,52.663652,On or near Birsmore Avenue,E01013739,Leicester 005B,Burglary,Investigation complete; no suspect identified,
3b40ba256c4893490bcafafa0dac59da05d95e1fe81fbaf96e34fef6bf93757f,2023-12,Leicestershire Police,Leicestershire Police,-1.105707,52.662859,On or near Broadford Close,E01013739,Leicester 005B,Drugs,Investigation complete; no suspect identified,
b712e80c7824e8a1162569d1a4c4da8563d9aab247f1353cb6eef602b385e1b6,2023-12,Leicestershire Police,Leicestershire Police,-1.105707,52.662859,On or near Broadford Close,E01013739,Leicester 005B,Public order,Unable to prosecute suspect,
1b2dc097c7ac855b1780d1132cf6bb81fd34cc273dc564b233f00e058cf2d1d9,2023-12,Leicestershire Police,Leicestershire Police,-1.098746,52.665584,On or near Archer Close,E01013739,Leicester 005B,Public order,Court result unavailable,
2bbfc5941995d3076544c21ed4ce6c89966a50042c09791cd14019b5bbe07104,2023-12,Leicestershire Police,Leicestershire Police,-1.104725,52.661027,On or near Cromarty Close,E01013739,Leicester 005B,Public order,Unable to prosecute suspect,
1aed833dd14ba76e2b54acdc72447418025fbcdad4b82a459257258bd5c66bf0,2023-12,Leicestershire Police,Leicestershire Police,-1.098746,52.665584,On or near Archer Close,E01013739,Leicester 005B,Public order,Investigation complete; no suspect identified,
71954a802bc050c465c4d6c577203016e93eeeae1267108ed3389ca59a7ac077,2023-12,Leicestershire Police,Leicestershire Police,-1.105195,52.661867,On or near Coatbridge Avenue,E01013739,Leicester 005B,Vehicle crime,Unable to prosecute suspect,
9b3a5d32ff8bb040352cd8ad472c6849799dfdda87f46525c0684165d6eea39d,2023-12,Leicestershire Police,Leicestershire Police,-1.106667,52.662911,On or near Dalkeith Road,E01013739,Leicester 005B,Violence and sexual offences,Formal action is not in the public interest,
4188bb115dd552c4d51ae89be949d8ecdf37c9453a4713f753da9ff59223fc8d,2023-12,Leicestershire Police,Leicestershire Police,-1.104314,52.663038,On or near Parking Area,E01013739,Leicester 005B,Violence and sexual offences,Unable to prosecute suspect,
e9325cc5467057e87815bb44c17902af40109ae5093804eda58ba7369f80d02d,2023-12,Leicestershire Police,Leicestershire Police,-1.104314,52.663038,On or near Parking Area,E01013739,Leicester 005B,Violence and sexual offences,Unable to prosecute suspect,
253664fc9c13f7f345653164d92347d50d5447936e4f0e087a48ca9e58b23bee,2023-12,Leicestershire Police,Leicestershire Police,-1.104725,52.661027,On or near Cromarty Close,E01013739,Leicester 005B,Violence and sexual offences,Unable to prosecute suspect,
20eac35adfdce1d587be0a3ca49f52b28284c4199ec1e68a46889222cca18ab5,2023-12,Leicestershire Police,Leicestershire Police,-1.097175,52.663404,On or near Sports/Recreation Area,E01013740,Leicester 005C,Violence and sexual offences,Further investigation is not in the public interest,
6f5ef4449fab89f45bd69ba1c1c311bbfa3811f419193780ad45a9f4bca2c9e8,2023-12,Leicestershire Police,Leicestershire Police,-1.099755,52.658247,On or near Strathmore Avenue,E01013740,Leicester 005C,Violence and sexual offences,Unable to prosecute suspect,
16531ee0f7dff6963f80b21e7ba9997e31dc749c53e83f5c867b22d129095a27,2023-12,Leicestershire Police,Leicestershire Police,-1.098666,52.657978,On or near Roseneath Avenue,E01013740,Leicester 005C,Violence and sexual offences,Investigation complete; no suspect identified,
60d1dcf717d380a3246e999d9100cdb20671b0c26812bada78a1222b748003aa,2023-12,Leicestershire Police,Leicestershire Police,-1.102446,52.661819,On or near Edenhall Close,E01013740,Leicester 005C,Violence and sexual offences,Unable to prosecute suspect,
b3b54212804b499283533ae4e06991e5ce885a4328158a06980d568ed799fe85,2023-12,Leicestershire Police,Leicestershire Police,-1.102446,52.661819,On or near Edenhall Close,E01013740,Leicester 005C,Violence and sexual offences,Unable to prosecute suspect,
3810d260871a0e268191281bfe5afe3496246b05b6797211530513f819c29877,2023-12,Leicestershire Police,Leicestershire Police,-1.102446,52.661819,On or near Edenhall Close,E01013740,Leicester 005C,Violence and sexual offences,Unable to prosecute suspect,
12c4379a050a674b8dd530488b76da2ee08d049cd9000bc6d936af3ee8c8b985,2023-12,Leicestershire Police,Leicestershire Police,-1.102446,52.661819,On or near Edenhall Close,E01013740,Leicester 005C,Violence and sexual offences,Unable to prosecute suspect,
7795876f4eb669e2e86c7aa0f07788681f7ee71fbb293c51410af29cdff70c25,2023-12,Leicestershire Police,Leicestershire Police,-1.102446,52.661819,On or near Edenhall Close,E01013740,Leicester 005C,Violence and sexual offences,Unable to prosecute suspect,
97e460a3527302b3c7da4651aedbe14498b87a343c16f50cff3987e887433da4,2023-12,Leicestershire Police,Leicestershire Police,-1.102446,52.661819,On or near Edenhall Close,E01013740,Leicester 005C,Violence and sexual offences,Unable to prosecute suspect,
a874ab47afd89c2d33d6a691e210a49fa0a956f7a979686221ff57fc1e86aa8b,2023-12,Leicestershire Police,Leicestershire Police,-1.102180,52.656755,On or near Wyvern Avenue,E01013741,Leicester 005D,Public order,Investigation complete; no suspect identified,
9abc3b30a33d65263a37f5af18a649bf84cb80e5e1264ce39d966adf2c058d62,2023-12,Leicestershire Police,Leicestershire Police,-1.102211,52.656675,On or near Kerrysdale Avenue,E01013741,Leicester 005D,Vehicle crime,Unable to prosecute suspect,
671978fd9110366f74161128e56947c9b97906a79db0b258be848da660467978,2023-12,Leicestershire Police,Leicestershire Police,-1.119094,52.658168,On or near St Bernards Avenue,E01013625,Leicester 006A,Violence and sexual offences,Awaiting court outcome,
,2023-12,Leicestershire Police,Leicestershire Police,-1.121037,52.651988,On or near Nightclub,E01013625,Leicester 006A,Anti-social behaviour,,
e162fbd4e9135ffe9eab3fb6df0232170a1604a3c41ea6b80591acc05b93050d,2023-12,Leicestershire Police,Leicestershire Police,-1.119678,52.654873,On or near Herbert Avenue,E01013625,Leicester 006A,Criminal damage and arson,Investigation complete; no suspect identified,
200613c567007295188ba71ecc5d119309e3dfe64d69fdc5da54074cb26172d2,2023-12,Leicestershire Police,Leicestershire Police,-1.118222,52.657442,On or near Checketts Close,E01013625,Leicester 006A,Other theft,Investigation complete; no suspect identified,
da90160e8235286588046a90a17bcc90ee5b9f75020c63cf61d753a59ac1c515,2023-12,Leicestershire Police,Leicestershire Police,-1.119678,52.654873,On or near Herbert Avenue,E01013625,Leicester 006A,Other theft,Investigation complete; no suspect identified,
75b842e5b469c3e7456e3b5552d413ca38c7a9fe8f1369e23df4683cc71fee86,2023-12,Leicestershire Police,Leicestershire Police,-1.121037,52.651988,On or near Nightclub,E01013625,Leicester 006A,Public order,Investigation complete; no suspect identified,
412b61de83d0a67f9b20c16e91cbabe7e62ff4edc4abf21d61fb4a1d93642d95,2023-12,Leicestershire Police,Leicestershire Police,-1.121037,52.651988,On or near Nightclub,E01013625,Leicester 006A,Public order,Unable to prosecute suspect,
acf730b789bb25fc1f70e3d9a38fbed98db238a77e1a3e0e92e84efb9fe18e53,2023-12,Leicestershire Police,Leicestershire Police,-1.118860,52.653644,On or near Broadhurst Street,E01013625,Leicester 006A,Public order,Unable to prosecute suspect,
060c97397e6bf5f651054b7049581a945d755830a21ce907a900fdef9508df9e,2023-12,Leicestershire Police,Leicestershire Police,-1.121037,52.651988,On or near Nightclub,E01013625,Leicester 006A,Public order,Investigation complete; no suspect identified,
a63bcc59ef2f7528157a93a549301a9fb1309e35574059299d2ee943f2daa090,2023-12,Leicestershire Police,Leicestershire Police,-1.120029,52.654336,On or near Wingfield Street,E01013625,Leicester 006A,Public order,Investigation complete; no suspect identified,
acd85365e1088880617c0bbbdc610678092717092210d215746c0ff9684f1067,2023-12,Leicestershire Police,Leicestershire Police,-1.121037,52.651988,On or near Nightclub,E01013625,Leicester 006A,Public order,Investigation complete; no suspect identified,
d2176c9f9db9d7feaf8d0ee3cb76b3f972ac41e2023ba4054cbcb2c117a08769,2023-12,Leicestershire Police,Leicestershire Police,-1.118860,52.653644,On or near Broadhurst Street,E01013625,Leicester 006A,Shoplifting,Local resolution,
2d4d45ad5b1a323584114f88d7e2a1a751a34907aa47606f25fc4c3e02bd96f0,2023-12,Leicestershire Police,Leicestershire Police,-1.121037,52.651988,On or near Nightclub,E01013625,Leicester 006A,Violence and sexual offences,Investigation complete; no suspect identified,
ae849057b7d23d58e92ac115e7763b67a7662271e741d8b715d75741f4d9e8f0,2023-12,Leicestershire Police,Leicestershire Police,-1.119945,52.655540,On or near Royal Road,E01013625,Leicester 006A,Violence and sexual offences,Investigation complete; no suspect identified,
3efda537ed57ee74d3a060d35467f0f3f5d31fff1e9dfb9e27e95b917e2e879b,2023-12,Leicestershire Police,Leicestershire Police,-1.121037,52.651988,On or near Nightclub,E01013625,Leicester 006A,Violence and sexual offences,Unable to prosecute suspect,
1be529fa9c0d75df08d45584a38a99ea86071f12f7036c908e414acb6a94adf6,2023-12,Leicestershire Police,Leicestershire Police,-1.121037,52.651988,On or near Nightclub,E01013625,Leicester 006A,Violence and sexual offences,Unable to prosecute suspect,
85781d28c27e572302fed507a0ce7b384342cda71d81cf6f164de9cdffbdcc4b,2023-12,Leicestershire Police,Leicestershire Police,-1.118860,52.653644,On or near Broadhurst Street,E01013625,Leicester 006A,Violence and sexual offences,Unable to prosecute suspect,
459b3d2019125fab3dd31bf94f1d9274e9c6d6286146f994cfbf9f4741f2b6dd,2023-12,Leicestershire Police,Leicestershire Police,-1.118860,52.653644,On or near Broadhurst Street,E01013625,Leicester 006A,Violence and sexual offences,Unable to prosecute suspect,
fcb73b6b658be34123957c557ed390660d56e6cf2f61392586a9ecfdcbd52b67,2023-12,Leicestershire Police,Leicestershire Police,-1.121037,52.651988,On or near Nightclub,E01013625,Leicester 006A,Violence and sexual offences,Investigation complete; no suspect identified,
9327bc795d343cf5d047676889c3a8eafc7ea7cdd42df882567c7186b449e87d,2023-12,Leicestershire Police,Leicestershire Police,-1.118860,52.653644,On or near Broadhurst Street,E01013625,Leicester 006A,Violence and sexual offences,Court result unavailable,
037df1147cfd9dc5029331ce25467796a9290a757f549e0aca87bd1070ee6868,2023-12,Leicestershire Police,Leicestershire Police,-1.118667,52.655872,On or near Ascot Road,E01013625,Leicester 006A,Violence and sexual offences,Further action is not in the public interest,
068c135ce6836f7f34e72ec448c18beae4f7b2a2f47f89c01cd3f7758674e152,2023-12,Leicestershire Police,Leicestershire Police,-1.120217,52.657457,On or near Laundry Lane,E01013628,Leicester 006B,Public order,Unable to prosecute suspect,
3ea872037463c075d24aef6e04aeb5d41db170abf0c7eee5c9389cb46044d2cd,2023-12,Leicestershire Police,Leicestershire Police,-1.120217,52.657457,On or near Laundry Lane,E01013628,Leicester 006B,Violence and sexual offences,Unable to prosecute suspect,
54a88f5541264cc60f64ca5ac789c57beb8d2f26884ca7fd559ed552842a6eb3,2023-12,Leicestershire Police,Leicestershire Police,-1.121223,52.658166,On or near Victoria Road North,E01013628,Leicester 006B,Violence and sexual offences,Awaiting court outcome,
,2023-12,Leicestershire Police,Leicestershire Police,-1.124483,52.654819,On or near Asha Margh,E01013628,Leicester 006B,Anti-social behaviour,,
af9be0d913f977fa7ffaee756808cee834946dc4c92a2b6d0a5e3a45dbece9fc,2023-12,Leicestershire Police,Leicestershire Police,-1.120887,52.657237,On or near Jackson Street,E01013628,Leicester 006B,Criminal damage and arson,Unable to prosecute suspect,
9a4a18aa76796523935431c14a9bd57af6c362dbe64e8aa5a7d677c8932e3b09,2023-12,Leicestershire Police,Leicestershire Police,-1.120887,52.657237,On or near Jackson Street,E01013628,Leicester 006B,Criminal damage and arson,Unable to prosecute suspect,
ace56fdcc7496e6b7bd7243f57e0c9ab4480e4f889f0104a5b1b0731b0bb5bce,2023-12,Leicestershire Police,Leicestershire Police,-1.120875,52.659296,On or near Bellholme Close,E01013628,Leicester 006B,Criminal damage and arson,Investigation complete; no suspect identified,
d490958552174f391eb5606d368b116ccbb72a8671ff8dcd15bb6f3b1bbe4460,2023-12,Leicestershire Police,Leicestershire Police,-1.122361,52.657473,On or near Loughborough Road,E01013628,Leicester 006B,Other theft,Investigation complete; no suspect identified,
ec158f1292614e32fe73cf388d3cf024910dfc0e076e7dbd8fa3bcc8d7fb42d7,2023-12,Leicestershire Police,Leicestershire Police,-1.121716,52.657180,On or near Roughton Street,E01013628,Leicester 006B,Other theft,Investigation complete; no suspect identified,
25357ad02e32faea7b792b5a5a88f03274584b45002fafa1da82123ec7bedbb1,2023-12,Leicestershire Police,Leicestershire Police,-1.125794,52.660258,On or near Talbot Street,E01013628,Leicester 006B,Vehicle crime,Investigation complete; no suspect identified,
195eca1cc156967fd2b3d9ecdab32ff6df947a69040a8f0748e48023f263ad15,2023-12,Leicestershire Police,Leicestershire Police,-1.123487,52.661014,On or near Overing Close,E01013628,Leicester 006B,Vehicle crime,Investigation complete; no suspect identified,
4163f88f91b3597ae8e97e78d63bfdad59486d0efc19e60cf9a7431838902b2d,2023-12,Leicestershire Police,Leicestershire Police,-1.120887,52.657237,On or near Jackson Street,E01013628,Leicester 006B,Violence and sexual offences,Investigation complete; no suspect identified,
aedf9dbedc976412570e5a6c65233368d088e7d550800d215c8a5373f953d8d0,2023-12,Leicestershire Police,Leicestershire Police,-1.120217,52.657457,On or near Laundry Lane,E01013628,Leicester 006B,Violence and sexual offences,Unable to prosecute suspect,
b65c7a79d78eccbc95d4964918feae7636ee0b0a67a5967f024dda8b1e65f3f6,2023-12,Leicestershire Police,Leicestershire Police,-1.116312,52.661959,On or near Lanesborough Road,E01013738,Leicester 006E,Violence and sexual offences,Unable to prosecute suspect,
,2023-12,Leicestershire Police,Leicestershire Police,-1.120268,52.661566,On or near Berridge Lane,E01013738,Leicester 006E,Anti-social behaviour,,
36efffb46790c6252c342d5f088a10f017745593971324a3c316763d89da4435,2023-12,Leicestershire Police,Leicestershire Police,-1.116312,52.661959,On or near Lanesborough Road,E01013738,Leicester 006E,Public order,Offender given a caution,
57caf4812225228c9a358c59b88d4506baf962bcbe5524a182fc9060b9955e10,2023-12,Leicestershire Police,Leicestershire Police,-1.116312,52.661959,On or near Lanesborough Road,E01013738,Leicester 006E,Public order,Offender given a caution,
00d64b2f2a30f546d3d707fdb018df4e1b6059a2378bc4d8126df2eacde4f272,2023-12,Leicestershire Police,Leicestershire Police,-1.109217,52.664072,On or near Glencoe Avenue,E01013738,Leicester 006E,Violence and sexual offences,Unable to prosecute suspect,
29527bb031d53e0438a6d4f09ede82e1b3b54984b42d495f8763c6e02955db2c,2023-12,Leicestershire Police,Leicestershire Police,-1.109727,52.662943,On or near Rushey Close,E01013738,Leicester 006E,Violence and sexual offences,Investigation complete; no suspect identified,
d2e9cf5539db939680a4f8a1fd267c95ae30f3097a990f6e7c99cb30928415d8,2023-12,Leicestershire Police,Leicestershire Police,-1.109727,52.662943,On or near Rushey Close,E01013738,Leicester 006E,Violence and sexual offences,Investigation complete; no suspect identified,
da000af2e190f15bdf99aaa6a4fb202314cd7b9d9a63670c979fcdcd090741c9,2023-12,Leicestershire Police,Leicestershire Police,-1.124235,52.650214,On or near Law Street,E01034008,Leicester 006F,Burglary,Unable to prosecute suspect,
65c943d8aca0cb12eb0ae3cba19fe5d2b02b2c8b6b9528787932aff31ec91ae0,2023-12,Leicestershire Police,Leicestershire Police,-1.128524,52.650129,On or near Hildyard Road,E01034008,Leicester 006F,Other theft,Unable to prosecute suspect,
f85434cff3e0cf1a044629eead076080cb3c2f9561a8c3210207b94291ae812f,2023-12,Leicestershire Police,Leicestershire Police,-1.127150,52.651557,On or near Sandal Avenue,E01034008,Leicester 006F,Other theft,Investigation complete; no suspect identified,
e2967cf04dff4e0bd0115c4285ebecd44fc94fa91dac30b1f1ae7ed2fb80eb7f,2023-12,Leicestershire Police,Leicestershire Police,-1.126151,52.651990,On or near Ross Walk,E01034008,Leicester 006F,Violence and sexual offences,Investigation complete; no suspect identified,
,2023-12,Leicestershire Police,Leicestershire Police,-1.128473,52.650434,On or near Baseball Walk,E01034009,Leicester 006G,Anti-social behaviour,,
,2023-12,Leicestershire Police,Leicestershire Police,-1.125848,52.646459,On or near Garfield Street,E01034009,Leicester 006G,Anti-social behaviour,,
ebfc207d66d68a4b6ea4b54fd1d5cd0d2188fda79b8db74c5c90aa4ec8d6849f,2023-12,Leicestershire Police,Leicestershire Police,-1.126815,52.646116,On or near Abbey Park Street,E01034009,Leicester 006G,Bicycle theft,Investigation complete; no suspect identified,
b56acadacdd7cbc0d901e9417c3f56838f9b4a57f205ba38489abb3c49d3938f,2023-12,Leicestershire Police,Leicestershire Police,-1.128473,52.650434,On or near Baseball Walk,E01034009,Leicester 006G,Other theft,Investigation complete; no suspect identified,
ce3540e62c3bf3e9521b393dd2e21368a8b4175286351f184090ea13f67d3068,2023-12,Leicestershire Police,Leicestershire Police,-1.126695,52.646942,On or near Ross' Walk,E01034009,Leicester 006G,Other theft,Unable to prosecute suspect,
55d0378a7342da32b52b8652bc87de8475729249a9d28b2017325a612e21d3fc,2023-12,Leicestershire Police,Leicestershire Police,-1.125848,52.646459,On or near Garfield Street,E01034009,Leicester 006G,Other theft,Investigation complete; no suspect identified,
1b3a50f99a58ef058aee8e3303cd435c1b9e5fe29d89bee87c3d53a759cbe7f6,2023-12,Leicestershire Police,Leicestershire Police,-1.125848,52.646459,On or near Garfield Street,E01034009,Leicester 006G,Violence and sexual offences,Investigation complete; no suspect identified,
9f1640e99355c966cd586e29751f51be69731e76576f540f6ff198b8c709ab43,2023-12,Leicestershire Police,Leicestershire Police,-1.126815,52.646116,On or near Abbey Park Street,E01034009,Leicester 006G,Violence and sexual offences,Unable to prosecute suspect,
38b1e14877c4042c6d8d26247b95a0deb7738c300b83512bc2605fd288f00b12,2023-12,Leicestershire Police,Leicestershire Police,-1.128473,52.650434,On or near Baseball Walk,E01034009,Leicester 006G,Violence and sexual offences,Investigation complete; no suspect identified,
6d91cb29e4486a74c88f373066de9fc14dc437ef27591f6927e27a9961cc0389,2023-12,Leicestershire Police,Leicestershire Police,-1.128473,52.650434,On or near Baseball Walk,E01034009,Leicester 006G,Violence and sexual offences,Investigation complete; no suspect identified,
f793048d226046dc8c45e48023505b90b350ad214fe4e1cb456c87deb5b711d2,2023-12,Leicestershire Police,Leicestershire Police,-1.126695,52.646942,On or near Ross' Walk,E01034009,Leicester 006G,Violence and sexual offences,Unable to prosecute suspect,
5e4fe50eacc49cd2628700e5b5e7668906dee6756de0f7be91b0035b26c0ff2f,2023-12,Leicestershire Police,Leicestershire Police,-1.105767,52.654130,On or near Tranter Place,E01013624,Leicester 007A,Drugs,Local resolution,
d02e9ff37d1f98e99fc53cd996a2b3aa37e110d56e8d851611493a31af503013,2023-12,Leicestershire Police,Leicestershire Police,-1.107094,52.653601,On or near Wakefield Place,E01013624,Leicester 007A,Public order,Investigation complete; no suspect identified,
8eedc26e7dfdfa6dd56173d27adf7740eeda2bc7c1b88f16a2e1837ed14ea29e,2023-12,Leicestershire Police,Leicestershire Police,-1.105767,52.654130,On or near Tranter Place,E01013624,Leicester 007A,Violence and sexual offences,Unable to prosecute suspect,
4a2abf59fcf587e0c716f6c4f7e410282f7ca1b9f17ac22cc2c87222c99a4545,2023-12,Leicestershire Police,Leicestershire Police,-1.105185,52.651528,On or near Rotherby Avenue,E01013624,Leicester 007A,Violence and sexual offences,Unable to prosecute suspect,
c8c73be7afd67e4d8f7b1dccb553c8945069ad35710c3d315b8587b648a9d0ce,2023-12,Leicestershire Police,Leicestershire Police,-1.108153,52.653106,On or near Sutton Avenue,E01013624,Leicester 007A,Violence and sexual offences,Unable to prosecute suspect,
9bf3b3a09862d1cfcb16d94e70290cccb8bd39a7eee90fd0d584008e2c73bf99,2023-12,Leicestershire Police,Leicestershire Police,-1.107094,52.653601,On or near Wakefield Place,E01013624,Leicester 007A,Other crime,Unable to prosecute suspect,
98ef1b675c6583784213cfe6d7f8049aa2a2d4eb0792f3874f189d6da1d4f578,2023-12,Leicestershire Police,Leicestershire Police,-1.114503,52.652731,On or near Redcar Road,E01013626,Leicester 007B,Violence and sexual offences,Unable to prosecute suspect,
560260f125fe8cd71668256f97dc2d2eb33c5bcccfb175fd0f9de2c037994529,2023-12,Leicestershire Police,Leicestershire Police,-1.114503,52.652731,On or near Redcar Road,E01013626,Leicester 007B,Criminal damage and arson,Investigation complete; no suspect identified,
6907538b2211a4a88788d3a14b675c87b6e3369991b257068a56313d87ab5665,2023-12,Leicestershire Police,Leicestershire Police,-1.115676,52.653207,On or near Harrison Road,E01013626,Leicester 007B,Public order,Unable to prosecute suspect,
be228da63fea7dd0224ed766c0dc3a066e419fa6af486c4a114de86a61015e69,2023-12,Leicestershire Police,Leicestershire Police,-1.115676,52.653207,On or near Harrison Road,E01013626,Leicester 007B,Violence and sexual offences,Unable to prosecute suspect,
931ca0f102c1153108310bd679b5c78f29e7430ed65f938e6184725550a613b0,2023-12,Leicestershire Police,Leicestershire Police,-1.115900,52.653829,On or near Acorn Street,E01013626,Leicester 007B,Violence and sexual offences,Unable to prosecute suspect,
cc748e4f0972ea0901f4eb3f24cf6d6b558bee1ab35d2e3f9a7b80869d934a8b,2023-12,Leicestershire Police,Leicestershire Police,-1.117659,52.653078,On or near Glen Street,E01013626,Leicester 007B,Violence and sexual offences,Unable to prosecute suspect,
8a18cc552f14c1b90d0c48aa50bda4fff1e1ed32fa1ba1faba9eb659ec97e88b,2023-12,Leicestershire Police,Leicestershire Police,-1.117159,52.653667,On or near Jermyn Street,E01013626,Leicester 007B,Violence and sexual offences,Investigation complete; no suspect identified,
d91d8b062907994a91d2ae13e2c5733ecd97ed5fe931392fc6674b0db9f7c839,2023-12,Leicestershire Police,Leicestershire Police,-1.118051,52.655643,On or near A607,E01013626,Leicester 007B,Violence and sexual offences,Investigation complete; no suspect identified,
c552f606ac765ca12139d7930cc10bb2328bb41867d7628f8d4f4f3bcc99e0df,2023-12,Leicestershire Police,Leicestershire Police,-1.116804,52.655184,On or near Arbour Road,E01013626,Leicester 007B,Violence and sexual offences,Unable to prosecute suspect,
ab0d7d8325aa1634bfe52149482fdf43adbea9d61e536e24fd156f02284d7361,2023-12,Leicestershire Police,Leicestershire Police,-1.110742,52.651543,On or near Norbury Avenue,E01013627,Leicester 007C,Violence and sexual offences,Unable to prosecute suspect,
2a6de3fd883cb2e02000a5484e99402f09d33e47b1a537c6cb7641e10e19ee45,2023-12,Leicestershire Police,Leicestershire Police,-1.112008,52.653287,On or near Yorkshire Road,E01013627,Leicester 007C,Violence and sexual offences,Unable to prosecute suspect,
5214c10aaab3c036d703e157793bbe5ded9b96ca6154667f7710ffdafc53b0c5,2023-12,Leicestershire Police,Leicestershire Police,-1.113303,52.658682,On or near Stafford Street,E01013629,Leicester 007D,Other theft,Investigation complete; no suspect identified,
17c895104d6ade20b09ab0d8b0dcc03f5c288e02fbe3aaa52551253558094dd4,2023-12,Leicestershire Police,Leicestershire Police,-1.110292,52.656996,On or near Shanti Margh,E01013629,Leicester 007D,Public order,Court result unavailable,
1cd1a4977384e8cec128b1a89c92c72e9e6f6178b7a9c404a8a0dcd98d30102b,2023-12,Leicestershire Police,Leicestershire Police,-1.110292,52.656996,On or near Shanti Margh,E01013629,Leicester 007D,Violence and sexual offences,Unable to prosecute suspect,
c27c40cdacfb3ca01976c9ffcc29628f405a8ab2f522b537da7a764450ded1a5,2023-12,Leicestershire Police,Leicestershire Police,-1.114390,52.658286,On or near Lancashire Street,E01013629,Leicester 007D,Violence and sexual offences,Unable to prosecute suspect,
adeb322fbf6d8f83485a384eaeeaec44a9bbde89eef72e7627c87b216c776ac6,2023-12,Leicestershire Police,Leicestershire Police,-1.113046,52.658968,On or near Edensor Street,E01013629,Leicester 007D,Violence and sexual offences,Action to be taken by another organisation,
dc15c7f5735f8f7771721c21da6012c449c697416258f1459a3d29692aff9546,2023-12,Leicestershire Police,Leicestershire Police,-1.110292,52.656996,On or near Shanti Margh,E01013629,Leicester 007D,Violence and sexual offences,Unable to prosecute suspect,
ab48f16f167cf60b3b28a1b8a6934898bc668520b918882cbabca2db201114cf,2023-12,Leicestershire Police,Leicestershire Police,-1.114447,52.655490,On or near Moores Road,E01013630,Leicester 007E,Violence and sexual offences,Court result unavailable,
4c8485e69e8d93db0d497ed5ea674592e27cdfe0884ae132e110a04e3db8ee86,2023-12,Leicestershire Police,Leicestershire Police,-1.114420,52.656812,On or near Marfitt Street,E01013630,Leicester 007E,Drugs,Investigation complete; no suspect identified,
74f51e1d71ef806d52c5f99fd75e0f2477fc4f89d0f4cf3bfa9e380a5ba21737,2023-12,Leicestershire Police,Leicestershire Police,-1.114405,52.657549,On or near St Michaels Avenue,E01013630,Leicester 007E,Violence and sexual offences,Unable to prosecute suspect,
bf4c499827b2c914e81391cee63caf5a0d78271cab2b110886a35721101872e1,2023-12,Leicestershire Police,Leicestershire Police,-1.114420,52.656812,On or near Marfitt Street,E01013630,Leicester 007E,Violence and sexual offences,Action to be taken by another organisation,
89fc3eb8fcf931243dcf51cb9039971f7f990b24e8d34be699c3a288228998e9,2023-12,Leicestershire Police,Leicestershire Police,-1.144534,52.657635,On or near Homemead Avenue,E01013606,Leicester 008A,Criminal damage and arson,Unable to prosecute suspect,
33d2e13440699db664df0ec4e76cf2cb4c40c98ca503770019bb543a6b74c5a1,2023-12,Leicestershire Police,Leicestershire Police,-1.144534,52.657635,On or near Homemead Avenue,E01013606,Leicester 008A,Criminal damage and arson,Unable to prosecute suspect,
478a5c90217a05bbf97e26b2760af981848a2d02c1750bf30fa3b0293698874c,2023-12,Leicestershire Police,Leicestershire Police,-1.144534,52.657635,On or near Homemead Avenue,E01013606,Leicester 008A,Criminal damage and arson,Unable to prosecute suspect,
fff6b0585a3a48e9f6aa076d9da60c9093ea3816a0ff1c48598afeff26ae7eff,2023-12,Leicestershire Police,Leicestershire Police,-1.144534,52.657635,On or near Homemead Avenue,E01013606,Leicester 008A,Criminal damage and arson,Unable to prosecute suspect,
612ab8720242bf64cd5c0cbad105a48ce5a68bc9d16745cea16d5f2f9a04377e,2023-12,Leicestershire Police,Leicestershire Police,-1.145656,52.655423,On or near Babingley Drive,E01013606,Leicester 008A,Other theft,Investigation complete; no suspect identified,
e1eb5abcdb4dd1274290c978d3d8ec35c89e75178cd00297dbf2e87a6d165112,2023-12,Leicestershire Police,Leicestershire Police,-1.144534,52.657635,On or near Homemead Avenue,E01013606,Leicester 008A,Other theft,Formal action is not in the public interest,
78929cfb03d4b0eaf870fb295729180de49631f881e51e02076531d5acf4ef1e,2023-12,Leicestershire Police,Leicestershire Police,-1.149274,52.656393,On or near Rossett Drive,E01013606,Leicester 008A,Vehicle crime,Investigation complete; no suspect identified,
234eed6a0fd330187d83742b03cbf8bd29ab6ca6cc866954c105e74ff5aa8871,2023-12,Leicestershire Police,Leicestershire Police,-1.144534,52.657635,On or near Homemead Avenue,E01013606,Leicester 008A,Violence and sexual offences,Unable to prosecute suspect,
561c2dcbaa33beea7318b765f71e584e1723ce566a3df7288cc50825e514bef5,2023-12,Leicestershire Police,Leicestershire Police,-1.144534,52.657635,On or near Homemead Avenue,E01013606,Leicester 008A,Violence and sexual offences,Unable to prosecute suspect,
0cb8716aaa3609e425fb9164ef1d7727552f649961211aebf6590efd25cf9b49,2023-12,Leicestershire Police,Leicestershire Police,-1.144534,52.657635,On or near Homemead Avenue,E01013606,Leicester 008A,Violence and sexual offences,Unable to prosecute suspect,
e0b603d2872d7c2f5e52a975edd8a820b5fd41dd0ffa7951c3b275e815757628,2023-12,Leicestershire Police,Leicestershire Police,-1.144534,52.657635,On or near Homemead Avenue,E01013606,Leicester 008A,Violence and sexual offences,Unable to prosecute suspect,
bcbb8be256261ef207d84681915715395d9f72bc547ea0ab2f48d09348cf4416,2023-12,Leicestershire Police,Leicestershire Police,-1.144534,52.657635,On or near Homemead Avenue,E01013606,Leicester 008A,Violence and sexual offences,Unable to prosecute suspect,
d4aa67c476c600bd8b57d444035db07c0da9780a3b56e28ad9a5f3bd6b6b7f64,2023-12,Leicestershire Police,Leicestershire Police,-1.145656,52.655423,On or near Babingley Drive,E01013606,Leicester 008A,Violence and sexual offences,Investigation complete; no suspect identified,
c35ad728b18af002280fc10e5568f7b9c8ac8d9853f60868721bae24dff6513a,2023-12,Leicestershire Police,Leicestershire Police,-1.152429,52.656865,On or near Heacham Drive,E01013606,Leicester 008A,Violence and sexual offences,Unable to prosecute suspect,
0011c45879c74db2769884c583226302e80aa70fc6f5efdddf52b4b2bccbd64a,2023-12,Leicestershire Police,Leicestershire Police,-1.144534,52.657635,On or near Homemead Avenue,E01013606,Leicester 008A,Violence and sexual offences,Investigation complete; no suspect identified,
b843a9b56a374027666f3c26c342d523dc7303431cbd94d6e29a5d47ce389f84,2023-12,Leicestershire Police,Leicestershire Police,-1.140276,52.656139,On or near Tollemache Avenue,E01013606,Leicester 008A,Violence and sexual offences,Investigation complete; no suspect identified,
,2023-12,Leicestershire Police,Leicestershire Police,-1.145077,52.647957,On or near Blackbird Road,E01013680,Leicester 008C,Anti-social behaviour,,
,2023-12,Leicestershire Police,Leicestershire Police,-1.143105,52.649057,On or near Devonshire Road,E01013680,Leicester 008C,Anti-social behaviour,,
f3771c236ccf1dd0f0f3905698a80943f3e87fd770555e917de7bedae5bfc639,2023-12,Leicestershire Police,Leicestershire Police,-1.150236,52.647185,On or near Bembridge Road,E01013680,Leicester 008C,Bicycle theft,Investigation complete; no suspect identified,
d2e78c6eba8860b3a767c695ccad1918d38f57c29daccd5930548713a1f4eafa,2023-12,Leicestershire Police,Leicestershire Police,-1.148411,52.646803,On or near Colwell Road,E01013680,Leicester 008C,Other theft,Investigation complete; no suspect identified,
d311c14c41c7a1dee1f7aa584aa63a81209aa045cc86aa60e33128fc5308f1f4,2023-12,Leicestershire Police,Leicestershire Police,-1.150672,52.646055,On or near Buckminster Road,E01013680,Leicester 008C,Possession of weapons,Investigation complete; no suspect identified,
b71f59bec4822a9f9fee1692231138223602d5d1d63a47467ffe31fd9f3a79da,2023-12,Leicestershire Police,Leicestershire Police,-1.154794,52.647676,On or near Whitwick Way,E01013680,Leicester 008C,Public order,Investigation complete; no suspect identified,
6a3c877721b6b03643bcc2629570dd2736a794a8d896029c8108109f9733e8e6,2023-12,Leicestershire Police,Leicestershire Police,-1.145077,52.647957,On or near Blackbird Road,E01013680,Leicester 008C,Public order,Investigation complete; no suspect identified,
b755db63354140a3324297ab9bbcbd863bc0a2a72349507edca94fa4775b15e2,2023-12,Leicestershire Police,Leicestershire Police,-1.143105,52.649057,On or near Devonshire Road,E01013680,Leicester 008C,Public order,Investigation complete; no suspect identified,
9f5f87d6b3ff81cb45617bbfd0616af0d6837d57e27691892f545af264b0cf3f,2023-12,Leicestershire Police,Leicestershire Police,-1.145769,52.648870,On or near Englewood Close,E01013680,Leicester 008C,Public order,Unable to prosecute suspect,
b73c63ff241cc16504edd8c276e2323c3a93940c12ff9f8817c67ce357fc26b0,2023-12,Leicestershire Police,Leicestershire Police,-1.140467,52.647878,On or near Wolsey Street,E01013680,Leicester 008C,Shoplifting,Local resolution,
0c36203abe61cc507b6dcd47de1e7b4dbccc43dcd689eba89f871196eeba150c,2023-12,Leicestershire Police,Leicestershire Police,-1.143105,52.649057,On or near Devonshire Road,E01013680,Leicester 008C,Shoplifting,Investigation complete; no suspect identified,
eb56d29ce8e50a3fff92e8bc6337dc56205529b2b642d37400f35dace285f9c7,2023-12,Leicestershire Police,Leicestershire Police,-1.143105,52.649057,On or near Devonshire Road,E01013680,Leicester 008C,Shoplifting,Investigation complete; no suspect identified,
8a2859a0b29c1a50e6e1bbd89da438c9f08a02df7afe65c556468b83645bd179,2023-12,Leicestershire Police,Leicestershire Police,-1.140467,52.647878,On or near Wolsey Street,E01013680,Leicester 008C,Shoplifting,Investigation complete; no suspect identified,
67ecb7715c924fae8b49f543a9c8c5a37b3f08c74f6398357d0e1093caa90b2c,2023-12,Leicestershire Police,Leicestershire Police,-1.143105,52.649057,On or near Devonshire Road,E01013680,Leicester 008C,Shoplifting,Court result unavailable,
0803cfd9e2b71b8fb3a90f735bce02685f6eff4e46f1c1bf0ab83f9023335b8d,2023-12,Leicestershire Police,Leicestershire Police,-1.143105,52.649057,On or near Devonshire Road,E01013680,Leicester 008C,Shoplifting,Investigation complete; no suspect identified,
d3b4408966d15bd433d8565767c7079fe87ea86322a81055f21924ca32336f24,2023-12,Leicestershire Police,Leicestershire Police,-1.148411,52.646803,On or near Colwell Road,E01013680,Leicester 008C,Violence and sexual offences,Investigation complete; no suspect identified,
6cd93b6ee269cf5cee11a7b51aa796d9756f33567e5e2523028b1d5d8fe1b5df,2023-12,Leicestershire Police,Leicestershire Police,-1.155467,52.645730,On or near Culver Road,E01013680,Leicester 008C,Violence and sexual offences,Court result unavailable,
0267481fd83dba4c7b2950f7b3eeab5367a7a7b0c0ac201aad7f4311425ad5e2,2023-12,Leicestershire Police,Leicestershire Police,-1.154910,52.651605,On or near Rockley Road,E01013685,Leicester 008D,Burglary,Investigation complete; no suspect identified,
50c76f77ad7fab88666d94ddfcd96c0ae426111e691456bb1a96e43614219f13,2023-12,Leicestershire Police,Leicestershire Police,-1.155902,52.647684,On or near Wroxall Way,E01013685,Leicester 008D,Vehicle crime,Investigation complete; no suspect identified,
21003ec11d1da05766fdad3780947712c311c39644b35c665fa4af5cc5e27577,2023-12,Leicestershire Police,Leicestershire Police,-1.154910,52.651605,On or near Rockley Road,E01013685,Leicester 008D,Bicycle theft,Investigation complete; no suspect identified,
a7d02de3e9f2b92337e54ffef554b802aa86d77cfdbac57a88abe1ed7c1079a6,2023-12,Leicestershire Police,Leicestershire Police,-1.154712,52.649590,On or near Snow Hill,E01013685,Leicester 008D,Burglary,Investigation complete; no suspect identified,
99b75c607a34302ae4545516c04a6ae75e04ae3e0ae4ee62ebef4304725d137d,2023-12,Leicestershire Police,Leicestershire Police,-1.154712,52.649590,On or near Snow Hill,E01013685,Leicester 008D,Burglary,Investigation complete; no suspect identified,
a0ea02c0d3e63aa904792b1dc3707d7fa3e176bdebfb4c4ff20fe660c9bede13,2023-12,Leicestershire Police,Leicestershire Police,-1.155628,52.648086,On or near Felley Way,E01013685,Leicester 008D,Criminal damage and arson,Investigation complete; no suspect identified,
37ef750fe159a735c8453a0209a62b0876a8edf77cea100a10ee5e595321d9c7,2023-12,Leicestershire Police,Leicestershire Police,-1.158766,52.653242,On or near Roydene Crescent,E01013685,Leicester 008D,Vehicle crime,Investigation complete; no suspect identified,
0567e5168bf5c51efbde1b98856605b6e5a9d01926383b67b93561dff9c7d766,2023-12,Leicestershire Police,Leicestershire Police,-1.158766,52.653242,On or near Roydene Crescent,E01013685,Leicester 008D,Vehicle crime,Investigation complete; no suspect identified,
8818eabff22d5bea23ddfa4df3b6ef6492871bdd258c0e5d4e4f7ca6f3f3b1d1,2023-12,Leicestershire Police,Leicestershire Police,-1.155797,52.652367,On or near Savernake Road,E01013685,Leicester 008D,Violence and sexual offences,Further action is not in the public interest,
3c2177a6e8addceeabba0a77c2a091e9412eb762063ab1d17e985bebe6471997,2023-12,Leicestershire Police,Leicestershire Police,-1.154910,52.651605,On or near Rockley Road,E01013685,Leicester 008D,Violence and sexual offences,Investigation complete; no suspect identified,
db9255e2beecc2e6fc089fe5d488a6e9419950b826ab31a2697bdfc95f440ab9,2023-12,Leicestershire Police,Leicestershire Police,-1.158766,52.653242,On or near Roydene Crescent,E01013685,Leicester 008D,Violence and sexual offences,Unable to prosecute suspect,
,2023-12,Leicestershire Police,Leicestershire Police,-1.151527,52.649199,On or near St Helens Close,E01013686,Leicester 008E,Anti-social behaviour,,
1480c22fa0d3b0e6eeb974f706ff4acfeb15467faae6c5882481982773693dde,2023-12,Leicestershire Police,Leicestershire Police,-1.148438,52.650723,On or near Axbridge Close,E01013686,Leicester 008E,Other theft,Investigation complete; no suspect identified,
f324e44584b3c8ca310c0668a9c4bc9eaf986b12d704ac28121772d5612b2694,2023-12,Leicestershire Police,Leicestershire Police,-1.145711,52.651827,On or near Bristol Avenue,E01013686,Leicester 008E,Public order,Unable to prosecute suspect,
493ac0fb345ac5b3dc0646b755f74c522cb0aa1b866dc93045ceefe85883e9ee,2023-12,Leicestershire Police,Leicestershire Police,-1.151472,52.651284,On or near Mendip Avenue,E01013686,Leicester 008E,Vehicle crime,Investigation complete; no suspect identified,
9756a711a1a8cea47f152df3fb6dc04388c5ec0d1a27cb7ec3db60c92074844b,2023-12,Leicestershire Police,Leicestershire Police,-1.149066,52.649577,On or near Jean Drive,E01013686,Leicester 008E,Violence and sexual offences,Unable to prosecute suspect,
69509e316bced6232914be3949a2da8fbb1a8e04e0170b43499e2e82b04c5ccc,2023-12,Leicestershire Police,Leicestershire Police,-1.149066,52.649577,On or near Jean Drive,E01013686,Leicester 008E,Violence and sexual offences,Unable to prosecute suspect,
cfdab49613d663137b07d3270fa1a316e0579adf9d8c1e3204218dc70c8a2951,2023-12,Leicestershire Police,Leicestershire Police,-1.149404,52.651997,On or near Amersham Road,E01013686,Leicester 008E,Violence and sexual offences,Unable to prosecute suspect,
da2a8240f5b2b78bf294194a7bf7eb248d5fd429ed96ea5a4c5a06da0b080f34,2023-12,Leicestershire Police,Leicestershire Police,-1.149066,52.649577,On or near Jean Drive,E01013686,Leicester 008E,Violence and sexual offences,Unable to prosecute suspect,
3272ad0b2625ea89c32243032996a81911d862d936df801b6fcac43336ecfec0,2023-12,Leicestershire Police,Leicestershire Police,-1.147373,52.648486,On or near Montvale Gardens,E01013686,Leicester 008E,Violence and sexual offences,Action to be taken by another organisation,
0e24ce11164d358caf069e93907a9b3b5d16581ea087f0e57dcd15b1c92a95ff,2023-12,Leicestershire Police,Leicestershire Police,-1.145125,52.653837,On or near Peldon Close,E01034010,Leicester 008F,Burglary,Awaiting court outcome,
867766e4e75e5cb58227a715d06b9cb4836273f43aca032e9f0332fe84c36250,2023-12,Leicestershire Police,Leicestershire Police,-1.145685,52.653175,On or near Tiptree Close,E01034010,Leicester 008F,Burglary,Investigation complete; no suspect identified,
16398320797ecba80e70af7bc9467a94e8c4c8dc47f8126f7134b29375173e44,2023-12,Leicestershire Police,Leicestershire Police,-1.145685,52.653175,On or near Tiptree Close,E01034010,Leicester 008F,Vehicle crime,Investigation complete; no suspect identified,
2f5cf16f403043ccf77ae8ae0870db58291d11496f320e957a0395cb1edbf9cd,2023-12,Leicestershire Police,Leicestershire Police,-1.139426,52.651979,On or near Supermarket,E01034010,Leicester 008F,Burglary,Investigation complete; no suspect identified,
e26a99d783d6e84fad04cccbb4779d6eebdb54beb23e52fcb2d217c743ad99a2,2023-12,Leicestershire Police,Leicestershire Police,-1.139426,52.651979,On or near Supermarket,E01034010,Leicester 008F,Criminal damage and arson,Investigation complete; no suspect identified,
63e5ac1ba565f8a401614682077694bccd3bb1de53dd8d4e0f7f914155bdb08c,2023-12,Leicestershire Police,Leicestershire Police,-1.139426,52.651979,On or near Supermarket,E01034010,Leicester 008F,Other theft,Investigation complete; no suspect identified,
ed31eb39f49805e3b33c9db18de2d7b8833bcd86f6b35680937b95334785811f,2023-12,Leicestershire Police,Leicestershire Police,-1.137750,52.652264,On or near Supermarket,E01034010,Leicester 008F,Other theft,Investigation complete; no suspect identified,
5c88c7b0f5dad4426c1025aef90baa6b50ec2db0603ed50a80ca8c0f44e08e17,2023-12,Leicestershire Police,Leicestershire Police,-1.139426,52.651979,On or near Supermarket,E01034010,Leicester 008F,Other theft,Investigation complete; no suspect identified,
100b95a955419701b9f02a21298bc10d0e599b2151a76e79cdc7b3669d76b1df,2023-12,Leicestershire Police,Leicestershire Police,-1.139476,52.653184,On or near Byford Road,E01034010,Leicester 008F,Other theft,Investigation complete; no suspect identified,
4cf2aa4a454c09e046d67ce3a7dd6b189c12eb0684f62a27d182c485d7a0e4c8,2023-12,Leicestershire Police,Leicestershire Police,-1.139426,52.651979,On or near Supermarket,E01034010,Leicester 008F,Public order,Investigation complete; no suspect identified,
a9dcbeb6f9e2c08cc6d10a6e17437f9c8a299e511f48de46f07286b82ca0465c,2023-12,Leicestershire Police,Leicestershire Police,-1.139426,52.651979,On or near Supermarket,E01034010,Leicester 008F,Public order,Investigation complete; no suspect identified,
871087058630c9bf828b9a07c60cc8b83ff8f8f5e94dbfb205cfc192cc751411,2023-12,Leicestershire Police,Leicestershire Police,-1.139426,52.651979,On or near Supermarket,E01034010,Leicester 008F,Shoplifting,Investigation complete; no suspect identified,
fa9af221939fc62aa47bb7e68d0b0d80d4d65089bc3df19047ba2406cb90dcf6,2023-12,Leicestershire Police,Leicestershire Police,-1.139426,52.651979,On or near Supermarket,E01034010,Leicester 008F,Shoplifting,Investigation complete; no suspect identified,
610cec16cf5a6623185be805a7d9d66c2fd585f0b7218083aa4d27ea85f623d6,2023-12,Leicestershire Police,Leicestershire Police,-1.139426,52.651979,On or near Supermarket,E01034010,Leicester 008F,Shoplifting,Investigation complete; no suspect identified,
1caca7817b716fb9e9768c4dd74a386a26bff95bc4b760effc8cdbc077e2b484,2023-12,Leicestershire Police,Leicestershire Police,-1.139426,52.651979,On or near Supermarket,E01034010,Leicester 008F,Shoplifting,Investigation complete; no suspect identified,
0663351344ae80aa04eb05757bb6e60a3481ccb17f5651d95b9edd8ad2cb5024,2023-12,Leicestershire Police,Leicestershire Police,-1.139426,52.651979,On or near Supermarket,E01034010,Leicester 008F,Shoplifting,Investigation complete; no suspect identified,
586962b2ee5e4bcc8e9a93799a1f2d3c31c268568ce5e3fe5b05748a48c65b4a,2023-12,Leicestershire Police,Leicestershire Police,-1.136195,52.652423,On or near Petrol Station,E01034010,Leicester 008F,Vehicle crime,Investigation complete; no suspect identified,
7ab5129db1e38ed33ca31c4f75c5ef6a23f24c1c430e90f7e96664fde3b25886,2023-12,Leicestershire Police,Leicestershire Police,-1.136195,52.652423,On or near Petrol Station,E01034010,Leicester 008F,Vehicle crime,Investigation complete; no suspect identified,
e9443f0613fcf8a345558e8d051fe65e07c40400f57db8cbae68714ee315d17d,2023-12,Leicestershire Police,Leicestershire Police,-1.135896,52.655577,On or near Chale Road,E01034010,Leicester 008F,Vehicle crime,Investigation complete; no suspect identified,
3fbdeed7b17b3fac030b3576ed31be8807298f6fc3c69abd42794527c03e0519,2023-12,Leicestershire Police,Leicestershire Police,-1.137750,52.652264,On or near Supermarket,E01034010,Leicester 008F,Vehicle crime,Local resolution,
856336a75c8bfedfd9e6661a93972745beb3cc18317660a73d9103da862102ce,2023-12,Leicestershire Police,Leicestershire Police,-1.139476,52.653184,On or near Byford Road,E01034010,Leicester 008F,Violence and sexual offences,Unable to prosecute suspect,
0534b7b232e91decbb4e040438319df9e2325ddc3acbb7a48d59798602613efb,2023-12,Leicestershire Police,Leicestershire Police,-1.136703,52.651393,On or near Pioneer Close,E01034010,Leicester 008F,Violence and sexual offences,Unable to prosecute suspect,
d1f8e020b2f7243b60968245dbb7f75b990aeb896bd8d180b45c64480db4ec1f,2023-12,Leicestershire Police,Leicestershire Police,-1.136703,52.651393,On or near Pioneer Close,E01034010,Leicester 008F,Violence and sexual offences,Unable to prosecute suspect,
5baa45f7ad00405b8ceb1357bfcef0cbbba88297d04382d44f634985099c3ed6,2023-12,Leicestershire Police,Leicestershire Police,-1.140347,52.654000,On or near Eileen Avenue,E01034010,Leicester 008F,Violence and sexual offences,Unable to prosecute suspect,
ab3fc80d2f32a7720e2909826ccd6784a0abf92edd4e0143fd623171a2b39af1,2023-12,Leicestershire Police,Leicestershire Police,-1.140347,52.654000,On or near Eileen Avenue,E01034010,Leicester 008F,Violence and sexual offences,Unable to prosecute suspect,
0ff47727cdcaa3cd25a5a14c6626af264c53861e7ecd7545b82dbb1bab9f25fe,2023-12,Leicestershire Police,Leicestershire Police,-1.137750,52.652264,On or near Supermarket,E01034010,Leicester 008F,Violence and sexual offences,Unable to prosecute suspect,
c3f929bfa5461670c1c7d637172c7bda38a9005c1ccafecf28b0992ee54bb36b,2023-12,Leicestershire Police,Leicestershire Police,-1.128869,52.643191,On or near Memory Lane,E01034011,Leicester 008G,Violence and sexual offences,Unable to prosecute suspect,
bfb62bd462cd756826964e5ad7e44280f51055741de26464ff4c9bcb0a9c052e,2023-12,Leicestershire Police,Leicestershire Police,-1.136767,52.650360,On or near Markfield Court,E01034011,Leicester 008G,Violence and sexual offences,Court result unavailable,
cfdeba7bcb1a54531da332e86593486a7e3c0fd622e8bb86acfdf322be5dd4ba,2023-12,Leicestershire Police,Leicestershire Police,-1.133802,52.645564,On or near Park/Open Space,E01034011,Leicester 008G,Violence and sexual offences,Court result unavailable,
d1c82968ac49413cb816dbc28046a2f4c4c3c940ca67736764f87d27dac091fa,2023-12,Leicestershire Police,Leicestershire Police,-1.128869,52.643191,On or near Memory Lane,E01034011,Leicester 008G,Violence and sexual offences,Unable to prosecute suspect,
,2023-12,Leicestershire Police,Leicestershire Police,-1.132627,52.651184,On or near Abbey Meadows,E01034011,Leicester 008G,Anti-social behaviour,,
,2023-12,Leicestershire Police,Leicestershire Police,-1.136799,52.640498,On or near St Margaret'S Street,E01034011,Leicester 008G,Anti-social behaviour,,
,2023-12,Leicestershire Police,Leicestershire Police,-1.128869,52.643191,On or near Memory Lane,E01034011,Leicester 008G,Anti-social behaviour,,
79e04c211e9aef4c86286f1feca17723fab48750382a2022aa58c79a69796d1e,2023-12,Leicestershire Police,Leicestershire Police,-1.131256,52.642049,On or near Navigation Street,E01034011,Leicester 008G,Criminal damage and arson,Unable to prosecute suspect,
d75db240c3de18a577ffec5cef0d9cc2323d951a67f1c9f34f590647dfd86b4b,2023-12,Leicestershire Police,Leicestershire Police,-1.132627,52.651184,On or near Abbey Meadows,E01034011,Leicester 008G,Criminal damage and arson,Investigation complete; no suspect identified,
edcd8445b349196ac3ca595cc6d31d3a98fc39c4be1a071b8428594a2e9bfe9b,2023-12,Leicestershire Police,Leicestershire Police,-1.131256,52.642049,On or near Navigation Street,E01034011,Leicester 008G,Criminal damage and arson,Investigation complete; no suspect identified,
4920deaef22b791a179337318df90d5da4b55110b6bd72929212f40ea5a2420f,2023-12,Leicestershire Police,Leicestershire Police,-1.143892,52.642024,On or near North Bridge Place,E01034011,Leicester 008G,Other theft,Investigation complete; no suspect identified,
0a90fd1c93566a019717d53f7da38bccfb073e506d5ef898473de492eab381c0,2023-12,Leicestershire Police,Leicestershire Police,-1.136799,52.640498,On or near St Margaret'S Street,E01034011,Leicester 008G,Other theft,Investigation complete; no suspect identified,
1191e5ebe1fe70aefeaec11d05ec5cc1496060b59ae8b95b7b96a483a78f2d1c,2023-12,Leicestershire Police,Leicestershire Police,-1.128869,52.643191,On or near Memory Lane,E01034011,Leicester 008G,Other theft,Investigation complete; no suspect identified,
326001842c8b8498c6d43b3b9286c5714795f6c88ef1e6bbcebd5a51db8606d5,2023-12,Leicestershire Police,Leicestershire Police,-1.132362,52.648898,On or near Corbridge Close,E01034011,Leicester 008G,Other theft,Investigation complete; no suspect identified,
194d7c49df741c041149c603a8364cc11055626a215e01e4d5be4782de2531c9,2023-12,Leicestershire Police,Leicestershire Police,-1.131256,52.642049,On or near Navigation Street,E01034011,Leicester 008G,Other theft,Unable to prosecute suspect,
1a04d29f5d424bf61238c698760d743437b6e95bdda175e14e61946878cf3cf8,2023-12,Leicestershire Police,Leicestershire Police,-1.130498,52.642987,On or near Charter Street,E01034011,Leicester 008G,Robbery,Investigation complete; no suspect identified,
715abab8a5935e6a52c6ca7b16d3bdae48d25d5f4b154264a1147f097616432b,2023-12,Leicestershire Police,Leicestershire Police,-1.133802,52.645564,On or near Park/Open Space,E01034011,Leicester 008G,Robbery,Unable to prosecute suspect,
27ad48826589603694389536c6137ea987b13544ffbfd8e58f96aaa32f114205,2023-12,Leicestershire Police,Leicestershire Police,-1.128869,52.643191,On or near Memory Lane,E01034011,Leicester 008G,Shoplifting,Investigation complete; no suspect identified,
9c9c84f805d8e320e48197828aa9929c6a814e92895c6a2a3fd0fe946a86b868,2023-12,Leicestershire Police,Leicestershire Police,-1.143892,52.642024,On or near North Bridge Place,E01034011,Leicester 008G,Violence and sexual offences,Investigation complete; no suspect identified,
c6dbddd162e2752b58a3d66a1420b1d3ed881ad5b984bb5661d38876c6e0d06e,2023-12,Leicestershire Police,Leicestershire Police,-1.131256,52.642049,On or near Navigation Street,E01034011,Leicester 008G,Violence and sexual offences,Unable to prosecute suspect,
90875e62b46241f033d9b0a3301900c40203201071fa59e96dfa75a55b560364,2023-12,Leicestershire Police,Leicestershire Police,-1.131256,52.642049,On or near Navigation Street,E01034011,Leicester 008G,Violence and sexual offences,Unable to prosecute suspect,
0264ac3d5c55f8b1da9fa29f77993941c9f1599f02d852dca61fa56f462b3cf5,2023-12,Leicestershire Police,Leicestershire Police,-1.136767,52.650360,On or near Markfield Court,E01034011,Leicester 008G,Violence and sexual offences,Unable to prosecute suspect,
fe0d621db3e71c086681865f2ff17872bac6eeb94e20e1084be06c00af6ea127,2023-12,Leicestershire Police,Leicestershire Police,-1.131256,52.642049,On or near Navigation Street,E01034011,Leicester 008G,Violence and sexual offences,Court result unavailable,
a56579459f7e1de58392b7e807159c6b8d77766dab947aa77f988aadc75dc416,2023-12,Leicestershire Police,Leicestershire Police,-1.142691,52.634706,On or near Bath Lane,E01034012,Leicester 008H,Violence and sexual offences,Unable to prosecute suspect,
,2023-12,Leicestershire Police,Leicestershire Police,-1.142691,52.634706,On or near Bath Lane,E01034012,Leicester 008H,Anti-social behaviour,,
,2023-12,Leicestershire Police,Leicestershire Police,-1.142978,52.636623,On or near Ruding Street,E01034012,Leicester 008H,Anti-social behaviour,,
2b588e61fe3c381b335b3c2ced74b824c0feaac61a72b1989d94d00d24f2e74c,2023-12,Leicestershire Police,Leicestershire Police,-1.142691,52.634706,On or near Bath Lane,E01034012,Leicester 008H,Bicycle theft,Investigation complete; no suspect identified,
3d8cc4c92f497409728885764c94fe6fbd2c25f1dd53dbc04406f0606f766d57,2023-12,Leicestershire Police,Leicestershire Police,-1.140686,52.636723,On or near Friars Causeway,E01034012,Leicester 008H,Bicycle theft,Investigation complete; no suspect identified,
1bae2acc5fbb954b66dc23fb19b308c9170dea49368fc065fb9c43c97ac10be5,2023-12,Leicestershire Police,Leicestershire Police,-1.142691,52.634706,On or near Bath Lane,E01034012,Leicester 008H,Burglary,Unable to prosecute suspect,
574a007cad28dcef112fd2f08103c33bf10f294a5e35c176b724400b9e161565,2023-12,Leicestershire Police,Leicestershire Police,-1.139936,52.637257,On or near Highcross Street,E01034012,Leicester 008H,Burglary,Investigation complete; no suspect identified,
25dcf0ac4afae5181c183bcf491c2867b9d858270edfa54eabb11e95be3da509,2023-12,Leicestershire Police,Leicestershire Police,-1.140686,52.636723,On or near Friars Causeway,E01034012,Leicester 008H,Burglary,Court result unavailable,
a7f445813a3b5218acabb50d42761029e2348674d13ef2262b5c8b67d96acdec,2023-12,Leicestershire Police,Leicestershire Police,-1.137609,52.639155,On or near Junior Street,E01034012,Leicester 008H,Criminal damage and arson,Investigation complete; no suspect identified,
2c69bb54cc2daf24eae352dc853d3db6364d2e68b310af92ee44de4ad6ca9df6,2023-12,Leicestershire Police,Leicestershire Police,-1.142978,52.636623,On or near Ruding Street,E01034012,Leicester 008H,Drugs,Local resolution,
55adb7705b83ee1aeb0fc64c3fd99e80837edd87c1f9e46859b04b70c86bdb59,2023-12,Leicestershire Police,Leicestershire Police,-1.139936,52.637257,On or near Highcross Street,E01034012,Leicester 008H,Drugs,Local resolution,
681c2c0e401eb90502246b67be221abb5fcf54fb0fdc4ecd310fbc9ec3a83217,2023-12,Leicestershire Police,Leicestershire Police,-1.142978,52.636623,On or near Ruding Street,E01034012,Leicester 008H,Other theft,Unable to prosecute suspect,
5a51ba6936f629bcd2ddf1a3175aa7a75fab950d589f789fc6a0b2d5465b1618,2023-12,Leicestershire Police,Leicestershire Police,-1.142978,52.636623,On or near Ruding Street,E01034012,Leicester 008H,Other theft,Investigation complete; no suspect identified,
57481c81f00a268b396ac1c9c20447a1058a4c40f31f6875647364748f93108d,2023-12,Leicestershire Police,Leicestershire Police,-1.142691,52.634706,On or near Bath Lane,E01034012,Leicester 008H,Other theft,Investigation complete; no suspect identified,
d583c3fa9921e59dec6141e6bec6971228bcbfc01e2b8026ab8ac82477f35f87,2023-12,Leicestershire Police,Leicestershire Police,-1.142794,52.636235,On or near Blackfriars Street,E01034012,Leicester 008H,Other theft,Investigation complete; no suspect identified,
d8fb818e485dccbd2e7ff28eab2365b7c47bfef4e6509a3c133532ce6cf33367,2023-12,Leicestershire Police,Leicestershire Police,-1.143748,52.636557,On or near All Saints Road,E01034012,Leicester 008H,Other theft,Investigation complete; no suspect identified,
cab7e57a9e87e889f166c440989c13aaa8a0cefc9ccce01046eb99ebaf9d0ce4,2023-12,Leicestershire Police,Leicestershire Police,-1.138290,52.639052,On or near Burgess Street,E01034012,Leicester 008H,Other theft,Investigation complete; no suspect identified,
e1d000d737b6ee064d644fd76199a7855bd9c695c320919a9ae0468a0115d8df,2023-12,Leicestershire Police,Leicestershire Police,-1.138290,52.639052,On or near Burgess Street,E01034012,Leicester 008H,Other theft,Investigation complete; no suspect identified,
846664a1dc7dbbfc85728079e8b6d24f1bdbb696e81efc67b8e144eeb79999d7,2023-12,Leicestershire Police,Leicestershire Police,-1.142978,52.636623,On or near Ruding Street,E01034012,Leicester 008H,Other theft,Investigation complete; no suspect identified,
2888a7ffd304f8eca69d58c923ea0dea3ec5355a6154578b7aef40b3afe45c10,2023-12,Leicestershire Police,Leicestershire Police,-1.140686,52.636723,On or near Friars Causeway,E01034012,Leicester 008H,Possession of weapons,Status update unavailable,
369ea0a1bcdb057dee9d070bd027f3251442fdba8ba4d86003cc992d72efb5a0,2023-12,Leicestershire Police,Leicestershire Police,-1.137609,52.639155,On or near Junior Street,E01034012,Leicester 008H,Public order,Unable to prosecute suspect,
5da7975171ba81cced13b19891fa85f403a50bb06505299377363d8a967a0c3f,2023-12,Leicestershire Police,Leicestershire Police,-1.139035,52.638770,On or near Parking Area,E01034012,Leicester 008H,Theft from the person,Investigation complete; no suspect identified,
199177b11b514bb449040aa4395f2114b3ad3f46ad38564c1a9cfa0dbcde3b69,2023-12,Leicestershire Police,Leicestershire Police,-1.142691,52.634706,On or near Bath Lane,E01034012,Leicester 008H,Vehicle crime,Investigation complete; no suspect identified,
22fd78c0d6d3e3b713e9f05d4b6250b7d89e8182777637e7e40a488fb139557d,2023-12,Leicestershire Police,Leicestershire Police,-1.143748,52.636557,On or near All Saints Road,E01034012,Leicester 008H,Vehicle crime,Status update unavailable,
bbbb508834406ab0a4c40e3f82b0f4dd08c50d25aef3387e93ae7e89f07e7ff9,2023-12,Leicestershire Police,Leicestershire Police,-1.140686,52.636723,On or near Friars Causeway,E01034012,Leicester 008H,Violence and sexual offences,Local resolution,
98bcdf49aec34fc4028b05594e000a912c4af6c02c91f661f389cb832e40e7f7,2023-12,Leicestershire Police,Leicestershire Police,-1.142978,52.636623,On or near Ruding Street,E01034012,Leicester 008H,Violence and sexual offences,Investigation complete; no suspect identified,
cef68efdc8c34d7d9ddbd938c87437722517d5152b707d6fbd3ef92bc013fa9b,2023-12,Leicestershire Police,Leicestershire Police,-1.138290,52.639052,On or near Burgess Street,E01034012,Leicester 008H,Violence and sexual offences,Unable to prosecute suspect,
45bf63eff7db38c91a79e4e745862559153b5101c87c2a756870cf951e1f7cca,2023-12,Leicestershire Police,Leicestershire Police,-1.140686,52.636723,On or near Friars Causeway,E01034012,Leicester 008H,Violence and sexual offences,Action to be taken by another organisation,
aaba737ad79c7ac3e5b2a47bee2de280eb34abbf6bf9555e829ab1c1c0291bf2,2023-12,Leicestershire Police,Leicestershire Police,-1.142691,52.634706,On or near Bath Lane,E01034012,Leicester 008H,Violence and sexual offences,Investigation complete; no suspect identified,
b7696b3907f084e8d9e9fdde72f0c5e2cae69324d62ae47025924adcc22a07ea,2023-12,Leicestershire Police,Leicestershire Police,-1.139936,52.637257,On or near Highcross Street,E01034012,Leicester 008H,Violence and sexual offences,Unable to prosecute suspect,
ccfb160d9d72d4aa61807fb83fa79eb0a3b063bef70f8108b24e95794593c213,2023-12,Leicestershire Police,Leicestershire Police,-1.140686,52.636723,On or near Friars Causeway,E01034012,Leicester 008H,Violence and sexual offences,Unable to prosecute suspect,
d007f7f4717ced64dbb085c77579a932d94e139432e539ba23e21403320d8c40,2023-12,Leicestershire Police,Leicestershire Police,-1.137609,52.639155,On or near Junior Street,E01034012,Leicester 008H,Violence and sexual offences,Unable to prosecute suspect,
137e6968152ca4da0dafec0fe448b720b319a18d3fc439477f46ae6a33b2dba7,2023-12,Leicestershire Police,Leicestershire Police,-1.143748,52.636557,On or near All Saints Road,E01034012,Leicester 008H,Violence and sexual offences,Investigation complete; no suspect identified,
e482e0d00a3f3780f13aa67e197a769a6b40663abb865d325dc469cace60ff20,2023-12,Leicestershire Police,Leicestershire Police,-1.138290,52.639052,On or near Burgess Street,E01034012,Leicester 008H,Violence and sexual offences,Unable to prosecute suspect,
2bf0348fb6909d3c6e428bc69e1c07235777852e1faf061cc7b1526041c3af86,2023-12,Leicestershire Police,Leicestershire Police,-1.140686,52.636723,On or near Friars Causeway,E01034012,Leicester 008H,Violence and sexual offences,Unable to prosecute suspect,
3dd5bf39b94194a0455e5258e64e31e48eb9f97bd9e147f6b42b36e4606a36d3,2023-12,Leicestershire Police,Leicestershire Police,-1.140686,52.636723,On or near Friars Causeway,E01034012,Leicester 008H,Violence and sexual offences,Local resolution,
a49509007b6d40010fef47ef6d1dbe78432c1220f9e39b6e7dac15d460ccaeff,2023-12,Leicestershire Police,Leicestershire Police,-1.120588,52.650753,On or near Cossington Street,E01013713,Leicester 010A,Drugs,Court result unavailable,
83465d9dbb1a671c97854e1d3f13ff979f6fa7425b76f07a6beabc96628c3b59,2023-12,Leicestershire Police,Leicestershire Police,-1.120588,52.650753,On or near Cossington Street,E01013713,Leicester 010A,Drugs,Court result unavailable,
58787f923093972b90ce08b37062146ed3ab69132622275cf35f774aad820f66,2023-12,Leicestershire Police,Leicestershire Police,-1.121468,52.649636,On or near Rendell Road,E01013713,Leicester 010A,Other theft,Investigation complete; no suspect identified,
5b31a883a304bd53e6a3fb2d435c88c2cdbab9d2434da7ae8ae69a2af6ab5225,2023-12,Leicestershire Police,Leicestershire Police,-1.121468,52.649636,On or near Rendell Road,E01013713,Leicester 010A,Public order,Further action is not in the public interest,
a12236f8273f5f9d2b2deba77df4be1157429386d444c32565c1d06efd794947,2023-12,Leicestershire Police,Leicestershire Police,-1.118175,52.651697,On or near Down Street,E01013713,Leicester 010A,Public order,Investigation complete; no suspect identified,
68f101f26c7632f74c80752032f0e5dc7376537298f74d7faa122837b63f37ea,2023-12,Leicestershire Police,Leicestershire Police,-1.120717,52.649481,On or near Sports/Recreation Area,E01013713,Leicester 010A,Public order,Court result unavailable,
fe17abe4279568aae767be9d587c0cf60445f74a6b49fc0dcce528976ae6fb8b,2023-12,Leicestershire Police,Leicestershire Police,-1.120588,52.650753,On or near Cossington Street,E01013713,Leicester 010A,Public order,Unable to prosecute suspect,
f14bd17573f49a085371b6169d7c5035cf0280b6f8cf03e20ec6fe9d5e64d003,2023-12,Leicestershire Police,Leicestershire Police,-1.120717,52.649481,On or near Sports/Recreation Area,E01013713,Leicester 010A,Violence and sexual offences,Action to be taken by another organisation,
1da9a2cbdb4ab074d03276f7ab5777e8f510d998887b749700db041259c66599,2023-12,Leicestershire Police,Leicestershire Police,-1.118175,52.651697,On or near Down Street,E01013713,Leicester 010A,Violence and sexual offences,Unable to prosecute suspect,
251ce27719b2ebe641612785fa808597abf84e10ff26a303b4271fd2c1793916,2023-12,Leicestershire Police,Leicestershire Police,-1.115990,52.649335,On or near Melrose Street,E01013714,Leicester 010B,Violence and sexual offences,Investigation complete; no suspect identified,
11810613a3380f6946a8e225de3702b0452a70fc189c8aabce389510b6b114ff,2023-12,Leicestershire Police,Leicestershire Police,-1.112115,52.647292,On or near Carter Street,E01013717,Leicester 010C,Burglary,Unable to prosecute suspect,
98a6cc4ee3447b5772463755a3c0ee420e1462378ff1725eae59275d871b072a,2023-12,Leicestershire Police,Leicestershire Police,-1.108625,52.647338,On or near Ironworks Road,E01013717,Leicester 010C,Burglary,Unable to prosecute suspect,
a132e0e8f54781ec682b1652cd441235cbc876c4577e430fc7daf8a6bcf4298e,2023-12,Leicestershire Police,Leicestershire Police,-1.111288,52.645766,On or near Harrington Street,E01013717,Leicester 010C,Burglary,Unable to prosecute suspect,
c5d747d7eec9e068293cf1ee2639315dc50aeb081aeca92ec2dd09dc3b595bb1,2023-12,Leicestershire Police,Leicestershire Police,-1.109240,52.649095,On or near Finsbury Road,E01013717,Leicester 010C,Burglary,Unable to prosecute suspect,
691af1b9a0285b28666bfb4fff70229ffaa0c4adb19f350200a7a87d73a95f7e,2023-12,Leicestershire Police,Leicestershire Police,-1.109240,52.649095,On or near Finsbury Road,E01013717,Leicester 010C,Vehicle crime,Unable to prosecute suspect,
,2023-12,Leicestershire Police,Leicestershire Police,-1.113965,52.647153,On or near Bardolph Street East,E01013717,Leicester 010C,Anti-social behaviour,,
95cb06a0ac506dc86c7d82cfbd6813b42aabe5679c510ac4332fb706a92e3df0,2023-12,Leicestershire Police,Leicestershire Police,-1.108826,52.648382,On or near Highbury Road,E01013717,Leicester 010C,Burglary,Investigation complete; no suspect identified,
1d481a31a7c88aec9082445c380daf3fef6db52dfcbc9f38ffe6306c99257ff5,2023-12,Leicestershire Police,Leicestershire Police,-1.108826,52.648382,On or near Highbury Road,E01013717,Leicester 010C,Burglary,Investigation complete; no suspect identified,
d89a4a4d67f791158644e63511772952b60444ca51425cf7ac21575ed3f3e408,2023-12,Leicestershire Police,Leicestershire Police,-1.111288,52.645766,On or near Harrington Street,E01013717,Leicester 010C,Criminal damage and arson,Investigation complete; no suspect identified,
,2023-12,Leicestershire Police,Leicestershire Police,-1.115082,52.648186,On or near Surrey Street,E01013718,Leicester 010D,Anti-social behaviour,,
,2023-12,Leicestershire Police,Leicestershire Police,-1.118863,52.647612,On or near Burfield Street,E01013718,Leicester 010D,Anti-social behaviour,,
,2023-12,Leicestershire Police,Leicestershire Police,-1.118863,52.647612,On or near Burfield Street,E01013718,Leicester 010D,Anti-social behaviour,,
f84472879dd6d3b4e968a453ff4e51bd4d15206c191f28f8279b2ddf611ddb81,2023-12,Leicestershire Police,Leicestershire Police,-1.116661,52.647596,On or near Bardolph Street,E01013718,Leicester 010D,Burglary,Investigation complete; no suspect identified,
905fa94f27d1f787589db57bf2a2dc33efc23d756b680127dca5b6d5d8bd7c71,2023-12,Leicestershire Police,Leicestershire Police,-1.114587,52.648533,On or near Belper Street,E01013718,Leicester 010D,Drugs,Investigation complete; no suspect identified,
1cf37337c10c0fbe67384270afa83c1cba9cad12b247e6a3629ee327048378ce,2023-12,Leicestershire Police,Leicestershire Police,-1.118863,52.647612,On or near Burfield Street,E01013718,Leicester 010D,Other theft,Investigation complete; no suspect identified,
aa7edfdc1adf6f6a09565b1760c9b4b869b335732017c0987c443b2d31a18613,2023-12,Leicestershire Police,Leicestershire Police,-1.116661,52.647596,On or near Bardolph Street,E01013718,Leicester 010D,Other theft,Investigation complete; no suspect identified,
0c58e9685219b58fb04ff8a49c78218cd7d95770e9b46c600a95fa0a524d6291,2023-12,Leicestershire Police,Leicestershire Police,-1.116661,52.647596,On or near Bardolph Street,E01013718,Leicester 010D,Possession of weapons,Court result unavailable,
d563f0e367f35891febbe89c0b86e2bfaa28dfc1e732094f542ebf6ddf62a8ad,2023-12,Leicestershire Police,Leicestershire Police,-1.116661,52.647596,On or near Bardolph Street,E01013718,Leicester 010D,Violence and sexual offences,Court result unavailable,
5b4b7cd29a4156efcb0be35557b64476b819bc72f1219f431d1d33f150bda5eb,2023-12,Leicestershire Police,Leicestershire Police,-1.113212,52.649278,On or near Catherine Street,E01013718,Leicester 010D,Violence and sexual offences,Unable to prosecute suspect,
b2df2c73a5b88432ae977961c7aa240470e2abfa4aaf3e01588166632aad0be4,2023-12,Leicestershire Police,Leicestershire Police,-1.116661,52.647596,On or near Bardolph Street,E01013718,Leicester 010D,Violence and sexual offences,Unable to prosecute suspect,
c0e55a56fe5c4a37a58870d7516cedd5d1f42b2ef24c5b348a77918fa556bebe,2023-12,Leicestershire Police,Leicestershire Police,-1.116661,52.647596,On or near Bardolph Street,E01013718,Leicester 010D,Violence and sexual offences,Unable to prosecute suspect,
261694c62db94396b0c0d96679a093feb8f235fdb64dcfbd337cdeead066bece,2023-12,Leicestershire Police,Leicestershire Police,-1.118863,52.647612,On or near Burfield Street,E01013718,Leicester 010D,Violence and sexual offences,Unable to prosecute suspect,
2c55f5e2a84dca641970b23988ed43f9b12ca5afef6286e878644e14472bad4f,2023-12,Leicestershire Police,Leicestershire Police,-1.116661,52.647596,On or near Bardolph Street,E01013718,Leicester 010D,Violence and sexual offences,Unable to prosecute suspect,
8788aba799722caa999a30786ae8407d70fb6922d05154de1bfcea6790bee621,2023-12,Leicestershire Police,Leicestershire Police,-1.124371,52.647886,On or near Shopping Area,E01013719,Leicester 010E,Violence and sexual offences,Offender given a caution,
1c708fdb877903f6a023fc271dd242c62f00ce95cf7cedac4029da9ab5b47790,2023-12,Leicestershire Police,Leicestershire Police,-1.122833,52.648639,On or near Rothley Street,E01013719,Leicester 010E,Criminal damage and arson,Investigation complete; no suspect identified,
8584803341e0b52db0274fcaaf1ed77e8b8a7d5cb64a2758c9d301d70af8b9fd,2023-12,Leicestershire Police,Leicestershire Police,-1.122833,52.648639,On or near Rothley Street,E01013719,Leicester 010E,Drugs,Local resolution,
4f8fa4e9f51d1f4a261536b95f88f6845191583e4baeff7ba8ae8f7804706390,2023-12,Leicestershire Police,Leicestershire Police,-1.124371,52.647886,On or near Shopping Area,E01013719,Leicester 010E,Other theft,Investigation complete; no suspect identified,
0f5ba4b491b3f599a52752a0a484a640fc7d17caf99aa285b0b3bb13cbec1292,2023-12,Leicestershire Police,Leicestershire Police,-1.122833,52.648639,On or near Rothley Street,E01013719,Leicester 010E,Public order,Unable to prosecute suspect,
52a1c1eae8d8b2a53c478b1a2f8b998ebc9d00879805bc8000321568013632d1,2023-12,Leicestershire Police,Leicestershire Police,-1.125984,52.648510,On or near Kensington Street,E01013719,Leicester 010E,Public order,Investigation complete; no suspect identified,
2fbe651c809234a78000e830a4485f217d51ddd5fe3512c4754992906fe6510b,2023-12,Leicestershire Police,Leicestershire Police,-1.124087,52.649494,On or near Macdonald Road,E01013719,Leicester 010E,Theft from the person,Investigation complete; no suspect identified,
99320c09cb3131a301b93b06be6e586ad987696f8ec666a421b20a0fcfd4ace0,2023-12,Leicestershire Police,Leicestershire Police,-1.124371,52.647886,On or near Shopping Area,E01013719,Leicester 010E,Violence and sexual offences,Investigation complete; no suspect identified,
e9c3761469ea23c8094a10c685b72098dffb4ad55f2b13ad9bff1dab869ca239,2023-12,Leicestershire Police,Leicestershire Police,-1.124087,52.649494,On or near Macdonald Road,E01013719,Leicester 010E,Violence and sexual offences,Unable to prosecute suspect,
4857d7d26b3a4b8acf059129055285989e3e51d1fb0ba67fe11236963737d0f7,2023-12,Leicestershire Police,Leicestershire Police,-1.124371,52.647886,On or near Shopping Area,E01013719,Leicester 010E,Violence and sexual offences,Court result unavailable,
f7dc2371fed4f98f3d5d186c81d160797c10839e83a28a2a3ab9827682ffc55a,2023-12,Leicestershire Police,Leicestershire Police,-1.123282,52.646872,On or near Gibbons Close,E01013720,Leicester 010F,Burglary,Investigation complete; no suspect identified,
,2023-12,Leicestershire Police,Leicestershire Police,-1.123282,52.646872,On or near Gibbons Close,E01013720,Leicester 010F,Anti-social behaviour,,
,2023-12,Leicestershire Police,Leicestershire Police,-1.123861,52.647505,On or near Purcell Road,E01013720,Leicester 010F,Anti-social behaviour,,
8a8494a487cf1708b295c4fd13afc78afb6f2d5a716cc79ed39c9e8c66be69ab,2023-12,Leicestershire Police,Leicestershire Police,-1.122589,52.647559,On or near Dorset Street,E01013720,Leicester 010F,Burglary,Investigation complete; no suspect identified,
5cb869bab887187cf473e9152273acbdaeddec2ebd50920df0f4e3a245026fb2,2023-12,Leicestershire Police,Leicestershire Police,-1.114743,52.644507,On or near Hathaway Close,E01013720,Leicester 010F,Criminal damage and arson,Court result unavailable,
a73c364ba88dafa7e1035acb310c01a1cbe98a1d645ef39a4bdfa1ba466a8a0c,2023-12,Leicestershire Police,Leicestershire Police,-1.120937,52.644418,On or near Munnings Close,E01013720,Leicester 010F,Drugs,Local resolution,
21448e9dd1ed88e7bf95b18a855393968fd6fc820b93d1f8113893f07d65b88c,2023-12,Leicestershire Police,Leicestershire Police,-1.124116,52.644361,On or near Syston Street West,E01013720,Leicester 010F,Other theft,Further action is not in the public interest,
17145d9deccc532b44dd24dd4821a761cd844b6249f1289e41982e8163fe05f3,2023-12,Leicestershire Police,Leicestershire Police,-1.113919,52.645049,On or near Ulverscroft Road,E01013720,Leicester 010F,Other theft,Investigation complete; no suspect identified,
ff5c2fde7dcd5094d04b068b04aae548eff90a433e10e5138e1cd8ab680c697e,2023-12,Leicestershire Police,Leicestershire Police,-1.118983,52.646049,On or near Southey Close,E01013720,Leicester 010F,Other theft,Investigation complete; no suspect identified,
b3e6847b00e1e5af4d97b83608398b9fa6d5e4832de73c80ce77e20e306c2140,2023-12,Leicestershire Police,Leicestershire Police,-1.116420,52.641220,On or near Haramead Road,E01013720,Leicester 010F,Possession of weapons,Unable to prosecute suspect,
98284235f2f2d705b92f4255e052056ede8f39214fa1320ad4d410892045df26,2023-12,Leicestershire Police,Leicestershire Police,-1.114743,52.644507,On or near Hathaway Close,E01013720,Leicester 010F,Public order,Action to be taken by another organisation,
533fa9a2a80afe818c44a711dee236a833189891e707faade6892f50e0750f82,2023-12,Leicestershire Police,Leicestershire Police,-1.123454,52.644940,On or near Shopping Area,E01013720,Leicester 010F,Public order,Unable to prosecute suspect,
018a26ba4e59f4917c2e5d3e450d20d7448b670a910c9d2d6966f8456b7863b7,2023-12,Leicestershire Police,Leicestershire Police,-1.115553,52.642445,On or near Syston Street East,E01013720,Leicester 010F,Public order,Investigation complete; no suspect identified,
1f683dcf11b477ef00d82db6e4c11e949ff2dec4136403c989fe3ea1280531ad,2023-12,Leicestershire Police,Leicestershire Police,-1.114743,52.644507,On or near Hathaway Close,E01013720,Leicester 010F,Public order,Investigation complete; no suspect identified,
7381a7ee72c8101b55be26f9b1efee4f6ca3491635b43ddfebc6ccef447e5f69,2023-12,Leicestershire Police,Leicestershire Police,-1.114743,52.644507,On or near Hathaway Close,E01013720,Leicester 010F,Public order,Unable to prosecute suspect,
ea930da5d5fdf9bc33475868585a5c051af511f733a32c1712a879093555455c,2023-12,Leicestershire Police,Leicestershire Police,-1.118983,52.646049,On or near Southey Close,E01013720,Leicester 010F,Public order,Local resolution,
ea2064140f28061f3feab8f20a4a3ceb4bbc10aba11adbede844636259120679,2023-12,Leicestershire Police,Leicestershire Police,-1.123454,52.644940,On or near Shopping Area,E01013720,Leicester 010F,Public order,Investigation complete; no suspect identified,
7e40288d5e5a6adcab1b9cb7766bceb25dc333abb341e9a3a6e8f3bbaa7e0be7,2023-12,Leicestershire Police,Leicestershire Police,-1.120814,52.647608,On or near Allington Street,E01013720,Leicester 010F,Robbery,Investigation complete; no suspect identified,
8f71619a867397f6eea6e20a89d98b4f22762ade62142e65196e0519594a298e,2023-12,Leicestershire Police,Leicestershire Police,-1.123454,52.644940,On or near Shopping Area,E01013720,Leicester 010F,Shoplifting,Unable to prosecute suspect,
00bbada131b87daea8dbd9ae3080c7ee3988be2257ee16eb61e41bdfc7d06b9d,2023-12,Leicestershire Police,Leicestershire Police,-1.123454,52.644940,On or near Shopping Area,E01013720,Leicester 010F,Shoplifting,Investigation complete; no suspect identified,
ff3bd14f7afe32029c8365171e212d8465efdc09bc16099ff052d96e5bcc47e3,2023-12,Leicestershire Police,Leicestershire Police,-1.123454,52.644940,On or near Shopping Area,E01013720,Leicester 010F,Shoplifting,Investigation complete; no suspect identified,
7e3f493fdd4f9dd9fa4c8107a223ae6f116c2f07fdb185564b44caf8e0b4c6a1,2023-12,Leicestershire Police,Leicestershire Police,-1.122109,52.644939,On or near Theatre/Concert Hall,E01013720,Leicester 010F,Vehicle crime,Court result unavailable,
e60b65524cd406461213b8f84e5292ec3b20e0f550400eba1d09343bc50cbf7e,2023-12,Leicestershire Police,Leicestershire Police,-1.119416,52.647301,On or near Brandon Street,E01013720,Leicester 010F,Violence and sexual offences,Unable to prosecute suspect,
acd86c377053189a7b0e8445a988d581d26d5ec971c4c7f37937c7316ea548c4,2023-12,Leicestershire Police,Leicestershire Police,-1.114743,52.644507,On or near Hathaway Close,E01013720,Leicester 010F,Violence and sexual offences,Unable to prosecute suspect,
8cf4422acaed7ce266ac18a67cb92a9dfd17f3cf8745c48fa4f20cb4222e707e,2023-12,Leicestershire Police,Leicestershire Police,-1.114743,52.644507,On or near Hathaway Close,E01013720,Leicester 010F,Violence and sexual offences,Investigation complete; no suspect identified,
b43769d1f71d001c855f84bde0f4a6c5d523a5893c3cdacc024f210079346c7c,2023-12,Leicestershire Police,Leicestershire Police,-1.114743,52.644507,On or near Hathaway Close,E01013720,Leicester 010F,Violence and sexual offences,Unable to prosecute suspect,
85ce5fe610ff5ebed1ef76da9251dcd0cf7c6cbcd35fd060cc2050d3dae78fb1,2023-12,Leicestershire Police,Leicestershire Police,-1.116720,52.641735,On or near Cobden Street,E01013720,Leicester 010F,Violence and sexual offences,Investigation complete; no suspect identified,
66fd8db1395480bbba6e7048efbfc17493308b7038b5a1b1f6be4566ef164e0c,2023-12,Leicestershire Police,Leicestershire Police,-1.120814,52.647608,On or near Allington Street,E01013720,Leicester 010F,Violence and sexual offences,Further action is not in the public interest,
e0a69e4a087eb55b99dfa24b7eddfda3177d0f3a6722de09b10a7c32449b6e09,2023-12,Leicestershire Police,Leicestershire Police,-1.123454,52.644940,On or near Shopping Area,E01013720,Leicester 010F,Violence and sexual offences,Investigation complete; no suspect identified,
d49632a0558165e740949502ae03576130ba4a3cdf815eb7055ef374763dbef1,2023-12,Leicestershire Police,Leicestershire Police,-1.123454,52.644940,On or near Shopping Area,E01013720,Leicester 010F,Violence and sexual offences,Unable to prosecute suspect,
442a4f1715a28ee948bfb61f93c24bf9545d8b29eeaa25e048b16322a6cfc9e9,2023-12,Leicestershire Police,Leicestershire Police,-1.101629,52.648328,On or near Attingham Close,E01013651,Leicester 011A,Burglary,Unable to prosecute suspect,
67d474fb2d07542d16b85c5271c7227fd0e4aefd0f563a7f7c3321144ad658fb,2023-12,Leicestershire Police,Leicestershire Police,-1.101629,52.648328,On or near Attingham Close,E01013651,Leicester 011A,Burglary,Unable to prosecute suspect,
cf5673918776235cfdd01dcb9b884ef8b51c289a6d0273fedc27d6c3b16874e6,2023-12,Leicestershire Police,Leicestershire Police,-1.099048,52.645881,On or near Berrington Close,E01013651,Leicester 011A,Vehicle crime,Unable to prosecute suspect,
5be4bea3a6bd419bfb940891ca17855281a6d8fa689f84d04d9be828756137d4,2023-12,Leicestershire Police,Leicestershire Police,-1.099048,52.645881,On or near Berrington Close,E01013651,Leicester 011A,Violence and sexual offences,Court result unavailable,
d02c81a2b1ff031e26d604bd528314e3d0bb71b3beb1c0287a0abd9963b57e24,2023-12,Leicestershire Police,Leicestershire Police,-1.099048,52.645881,On or near Berrington Close,E01013651,Leicester 011A,Violence and sexual offences,Court result unavailable,
aafc6fb9d021640c0115d68a30518ed555d4a77b299e637b610ed98baeb0c330,2023-12,Leicestershire Police,Leicestershire Police,-1.096360,52.650814,On or near Dunholme Road,E01013651,Leicester 011A,Violence and sexual offences,Unable to prosecute suspect,
,2023-12,Leicestershire Police,Leicestershire Police,-1.096557,52.649835,On or near Bale Road,E01013651,Leicester 011A,Anti-social behaviour,,
,2023-12,Leicestershire Police,Leicestershire Police,-1.096360,52.650814,On or near Dunholme Road,E01013651,Leicester 011A,Anti-social behaviour,,
25d0700f9145a52438ecb0439e35c22c37fa8c9d425965660bd6cadbb1eaa982,2023-12,Leicestershire Police,Leicestershire Police,-1.096557,52.649835,On or near Bale Road,E01013651,Leicester 011A,Burglary,Investigation complete; no suspect identified,
5d313c940fb283f03491f18b1d6b69c50c442db92108c65324bbc84c3296e28d,2023-12,Leicestershire Police,Leicestershire Police,-1.096557,52.649835,On or near Bale Road,E01013651,Leicester 011A,Criminal damage and arson,Unable to prosecute suspect,
5f2ad21e8e6d40f134c37698b1722514595be082ec262096e6a071fc0eecf4f4,2023-12,Leicestershire Police,Leicestershire Police,-1.098054,52.651078,On or near Northfield Road,E01013651,Leicester 011A,Criminal damage and arson,Unable to prosecute suspect,
1075c2c5cf3da1a0c16aba91561a27a6500347f5cf6fcb2f9fb5b0c555fbda7e,2023-12,Leicestershire Police,Leicestershire Police,-1.096360,52.650814,On or near Dunholme Road,E01013651,Leicester 011A,Public order,Local resolution,
7297afb5ea0152f1c92af5cac0405e1ef147109d780fa9849070cb3a85526e80,2023-12,Leicestershire Police,Leicestershire Police,-1.102504,52.649620,On or near Rushford Drive,E01013651,Leicester 011A,Vehicle crime,Investigation complete; no suspect identified,
02eb1c884dfdbc09afe85b66776605b4a1b0d3cd7ac789d387d646bd959d410f,2023-12,Leicestershire Police,Leicestershire Police,-1.098054,52.651078,On or near Northfield Road,E01013651,Leicester 011A,Violence and sexual offences,Unable to prosecute suspect,
9197f61d43ac648d0bcfa00df14326a108a6c5008f57b39bfc769731cbe0ae55,2023-12,Leicestershire Police,Leicestershire Police,-1.098408,52.648986,On or near Thornville Close,E01013651,Leicester 011A,Violence and sexual offences,Unable to prosecute suspect,
e3ce930d2a42be137930d9861e71e1a9f18b1febabe53ca44565de64d8f0829e,2023-12,Leicestershire Police,Leicestershire Police,-1.101629,52.648328,On or near Attingham Close,E01013651,Leicester 011A,Violence and sexual offences,Action to be taken by another organisation,
b3a549f2a8016e1f8780b102de89a21795a331fd57495bab1b2f6497bdfc5f87,2023-12,Leicestershire Police,Leicestershire Police,-1.101629,52.648328,On or near Attingham Close,E01013651,Leicester 011A,Violence and sexual offences,Action to be taken by another organisation,
32f36b45b23de53b183a37bf9a9426065d0bf5dd4ad60c1faa448acf7a89c563,2023-12,Leicestershire Police,Leicestershire Police,-1.098408,52.648986,On or near Thornville Close,E01013651,Leicester 011A,Violence and sexual offences,Unable to prosecute suspect,
e3ea07392b89bf35ca0a9a6ff2ed8fb8fb44ca159717103fc054d278948aa49e,2023-12,Leicestershire Police,Leicestershire Police,-1.101629,52.648328,On or near Attingham Close,E01013651,Leicester 011A,Violence and sexual offences,Unable to prosecute suspect,
ad98df7364f2604579bcecfbcf1965f80fec5859282c3d825b222153a05439e8,2023-12,Leicestershire Police,Leicestershire Police,-1.098054,52.651078,On or near Northfield Road,E01013651,Leicester 011A,Violence and sexual offences,Court result unavailable,
49cb7bc1f0705d8432a32e1868202af44df2948ad85efd10cd3bf287d323f652,2023-12,Leicestershire Police,Leicestershire Police,-1.096227,52.652215,On or near Gipsy Lane,E01013652,Leicester 011B,Violence and sexual offences,Court result unavailable,
,2023-12,Leicestershire Police,Leicestershire Police,-1.102154,52.650831,On or near Rushford Close,E01013652,Leicester 011B,Anti-social behaviour,,
a229cb36011b8b9913112771aaa3f934948e2bdec91f30e5e3f12cb296930f7e,2023-12,Leicestershire Police,Leicestershire Police,-1.096227,52.652215,On or near Gipsy Lane,E01013652,Leicester 011B,Other theft,Investigation complete; no suspect identified,
f563ca51689161e41af8d6e3f179cb3f408d580823b3ba8b26f34cab3212b37e,2023-12,Leicestershire Police,Leicestershire Police,-1.095054,52.650345,On or near Tomlin Road,E01013652,Leicester 011B,Possession of weapons,Court result unavailable,
9b8fa41afc721193c3e44ac2880da16625068b82bf5c361910d2578b37c834c8,2023-12,Leicestershire Police,Leicestershire Police,-1.095054,52.650345,On or near Tomlin Road,E01013652,Leicester 011B,Public order,Formal action is not in the public interest,
4024c834808313fe184310fc71250a536b1b8afe6e9f8f33b1ef7e5bbef6752d,2023-12,Leicestershire Police,Leicestershire Police,-1.099209,52.648085,On or near Tunstall Crescent,E01013652,Leicester 011B,Vehicle crime,Investigation complete; no suspect identified,
bf619a64e15344c2669e1f093013ab2dd6f6e64fb0c860b3c6b8c45c695d06da,2023-12,Leicestershire Police,Leicestershire Police,-1.100366,52.649343,On or near Hagley Close,E01013652,Leicester 011B,Violence and sexual offences,Further action is not in the public interest,
d92e983ade441cf25bec8b123075ed70bc5b90eb25733898faa899e01dbecec6,2023-12,Leicestershire Police,Leicestershire Police,-1.096227,52.652215,On or near Gipsy Lane,E01013652,Leicester 011B,Violence and sexual offences,Unable to prosecute suspect,
eb593317543af996cee62b91063c975c37247e1367256427713a1d9297bd863e,2023-12,Leicestershire Police,Leicestershire Police,-1.095054,52.650345,On or near Tomlin Road,E01013652,Leicester 011B,Violence and sexual offences,Unable to prosecute suspect,
ce2e662f32df8310e6c5c703e055153b8f0ad5809b30525173eb7fa5d1a86dae,2023-12,Leicestershire Police,Leicestershire Police,-1.100675,52.651602,On or near Woodgreen Road,E01013652,Leicester 011B,Violence and sexual offences,Unable to prosecute suspect,
70f093cdeff2dd03f26a96336a0a0f3153cb5f10789fe6aef1452ba5d59ac46f,2023-12,Leicestershire Police,Leicestershire Police,-1.086856,52.644376,On or near Hallaton Road,E01013653,Leicester 011C,Criminal damage and arson,Investigation complete; no suspect identified,
facbeb30ae31b7c8ec860a44cc32372f110b38b31395c59f41ebab710ff36b01,2023-12,Leicestershire Police,Leicestershire Police,-1.097364,52.646524,On or near Portishead Road,E01013653,Leicester 011C,Vehicle crime,Investigation complete; no suspect identified,
a91876bdb7778267a9b0346edae83ab1ff1a3f9dbc03573a8bff114af8e2a6bf,2023-12,Leicestershire Police,Leicestershire Police,-1.094136,52.648271,On or near Cordelia Close,E01013653,Leicester 011C,Other crime,Court result unavailable,
,2023-12,Leicestershire Police,Leicestershire Police,-1.092188,52.643815,On or near The Portwey,E01013653,Leicester 011C,Anti-social behaviour,,
1a26885ca8f23a08372a42293f0e5fb8ce7953a57e0e64f8fc4fe5de3f35a943,2023-12,Leicestershire Police,Leicestershire Police,-1.095379,52.643902,On or near Martival,E01013653,Leicester 011C,Criminal damage and arson,Investigation complete; no suspect identified,
6fb7ae56f15c7f0f2abcb6fcbaad42d527c668118d170b6deb7155cd8248f46a,2023-12,Leicestershire Police,Leicestershire Police,-1.092188,52.643815,On or near The Portwey,E01013653,Leicester 011C,Criminal damage and arson,Investigation complete; no suspect identified,
d662ce99651eff526d8119908669c5660bab1cd02c51529cd720883b2a42c528,2023-12,Leicestershire Police,Leicestershire Police,-1.092188,52.643815,On or near The Portwey,E01013653,Leicester 011C,Criminal damage and arson,Local resolution,
01c3071c0916f97a1a9fb701bf1cac5b2c1f1161503f3a1dd1e530a1b1535d8b,2023-12,Leicestershire Police,Leicestershire Police,-1.095379,52.643902,On or near Martival,E01013653,Leicester 011C,Criminal damage and arson,Local resolution,
14adc5962229d6c43d4692d1485fda63f48316e6e022ea8184784c35722b5222,2023-12,Leicestershire Police,Leicestershire Police,-1.094136,52.648271,On or near Cordelia Close,E01013653,Leicester 011C,Criminal damage and arson,Unable to prosecute suspect,
7d18199da61522ca483084830dd1b0f1e2adefc246dc323844ffe015e42461ee,2023-12,Leicestershire Police,Leicestershire Police,-1.092188,52.643815,On or near The Portwey,E01013653,Leicester 011C,Criminal damage and arson,Investigation complete; no suspect identified,
32a8ae2b2690c8ac7dd0d7afefe66359298c9ea5367cbbfdd8c75705b430591f,2023-12,Leicestershire Police,Leicestershire Police,-1.092188,52.643815,On or near The Portwey,E01013653,Leicester 011C,Drugs,Unable to prosecute suspect,
50a200ea86ae9d219c8088f6867fb012192bb7182e59f39264903bdcf1f84fa1,2023-12,Leicestershire Police,Leicestershire Police,-1.096951,52.643653,On or near Bramall Court,E01013653,Leicester 011C,Other theft,Investigation complete; no suspect identified,
52b00995ed40cfc49a3920b239ad513ddd6bdb6d134951758fc9f4f933ddb873,2023-12,Leicestershire Police,Leicestershire Police,-1.094228,52.643084,On or near Litelmede,E01013653,Leicester 011C,Other theft,Investigation complete; no suspect identified,
b2e6f380a3e4d642a75263428ec56ede716083ee6a24e6689d456bb208a45883,2023-12,Leicestershire Police,Leicestershire Police,-1.096951,52.643653,On or near Bramall Court,E01013653,Leicester 011C,Other theft,Unable to prosecute suspect,
d7fe1c3f97e683e0eb6d2c36a94dad97dc6da6b2f8f5351534c435b064306720,2023-12,Leicestershire Police,Leicestershire Police,-1.095028,52.647999,On or near Leveric Road,E01013653,Leicester 011C,Other theft,Unable to prosecute suspect,
ec527f783371c47488696cdef5355571c6dcf5cbc76408c60b858f93ca8c8e2a,2023-12,Leicestershire Police,Leicestershire Police,-1.095028,52.647999,On or near Leveric Road,E01013653,Leicester 011C,Public order,Investigation complete; no suspect identified,
186cc3670cefcc7bf5174724e75c81bb8c3e958f1c557fbe31e7213ec556591d,2023-12,Leicestershire Police,Leicestershire Police,-1.086856,52.644376,On or near Hallaton Road,E01013653,Leicester 011C,Public order,Investigation complete; no suspect identified,
e49045f92af85bc62322670b1bb7c19f51770fcedbda474adb0f3b0404cb6ba5,2023-12,Leicestershire Police,Leicestershire Police,-1.094136,52.648271,On or near Cordelia Close,E01013653,Leicester 011C,Public order,Offender given a caution,
0f9f677350a21fa5ccd93299e74adf26ea796e4904dc7ff17e3d27f540eaf059,2023-12,Leicestershire Police,Leicestershire Police,-1.099779,52.644079,On or near Ickworth Close,E01013653,Leicester 011C,Public order,Investigation complete; no suspect identified,
dec2cba9b3f2b251496497595a9a1f934c00ab0b1d2f5f16c60e83e21811b349,2023-12,Leicestershire Police,Leicestershire Police,-1.089596,52.644082,On or near Lily Road,E01013653,Leicester 011C,Vehicle crime,Investigation complete; no suspect identified,
de7ac6a56a1612adeb536b82e1a97fdf94c76521607ec7f3c901b1da99ba5c74,2023-12,Leicestershire Police,Leicestershire Police,-1.092765,52.643801,On or near Depot Close,E01013653,Leicester 011C,Violence and sexual offences,Investigation complete; no suspect identified,
937e77ac1578ab27c4990f1bae6a1013f1dc0f5767eb5d6bef48404e17f533d0,2023-12,Leicestershire Police,Leicestershire Police,-1.099779,52.644079,On or near Ickworth Close,E01013653,Leicester 011C,Violence and sexual offences,Investigation complete; no suspect identified,
cc4717dd6944935cb267de489b12277334a368adaa416fff3575989f4bdc9f85,2023-12,Leicestershire Police,Leicestershire Police,-1.094459,52.646916,On or near Mallory Place,E01013653,Leicester 011C,Violence and sexual offences,Investigation complete; no suspect identified,
eda90d2c3262554db1d02f499ebd7b7d5b18c24e9b0f29e9f2677f56cc9c6870,2023-12,Leicestershire Police,Leicestershire Police,-1.094459,52.646916,On or near Mallory Place,E01013653,Leicester 011C,Violence and sexual offences,Investigation complete; no suspect identified,
5c3279f7d994aca6c55a122c34bea48e76f55a6577ced954711383dedd7de51c,2023-12,Leicestershire Police,Leicestershire Police,-1.094459,52.646916,On or near Mallory Place,E01013653,Leicester 011C,Violence and sexual offences,Investigation complete; no suspect identified,
d521f3128c9b7a260f4fc3ff9f7e8aa437b111830820bc2a6f4c0273e5e0975d,2023-12,Leicestershire Police,Leicestershire Police,-1.095033,52.644888,On or near Claydon Road,E01013653,Leicester 011C,Violence and sexual offences,Unable to prosecute suspect,
cae135cf5f0644cee9b155c11a38ee26769a4e2bdc13464c13e900cd004c4db6,2023-12,Leicestershire Police,Leicestershire Police,-1.095033,52.644888,On or near Claydon Road,E01013653,Leicester 011C,Violence and sexual offences,Unable to prosecute suspect,
05091d3b1b9a26c2a9571b0481bacbffe52b396fb8216d36250caae20b551ece,2023-12,Leicestershire Police,Leicestershire Police,-1.094228,52.643084,On or near Litelmede,E01013653,Leicester 011C,Violence and sexual offences,Unable to prosecute suspect,
40be37b40f6fc2a105857e0500046191fa7f7744035fb5e0ec6c24c99c35b525,2023-12,Leicestershire Police,Leicestershire Police,-1.094136,52.648271,On or near Cordelia Close,E01013653,Leicester 011C,Violence and sexual offences,Investigation complete; no suspect identified,
917e4baf15178122e55e88bb55c1c0082c1c8ef4a3bcbfd71aa57fed0e219f26,2023-12,Leicestershire Police,Leicestershire Police,-1.096951,52.643653,On or near Bramall Court,E01013653,Leicester 011C,Violence and sexual offences,Unable to prosecute suspect,
4fb8839cf7b6688e8665f05e7974d5171be622b2fd54915c2304a588d85e575b,2023-12,Leicestershire Police,Leicestershire Police,-1.094981,52.646003,On or near Tailby Avenue,E01013653,Leicester 011C,Violence and sexual offences,Unable to prosecute suspect,
937fd9dedf0ff9dffeb7b803c6fcd1e6c8284b656072098cbd588dd52aea7e6c,2023-12,Leicestershire Police,Leicestershire Police,-1.097364,52.646524,On or near Portishead Road,E01013653,Leicester 011C,Violence and sexual offences,Court result unavailable,
9c18504891caa9bb8986a69bb5abab12ee065918aa507f783aba8cf57fed86df,2023-12,Leicestershire Police,Leicestershire Police,-1.094136,52.648271,On or near Cordelia Close,E01013653,Leicester 011C,Violence and sexual offences,Unable to prosecute suspect,
77a54f13d47d0bad81fd979e08dfb6d17b8d88e41e9a84a3d0e2e1d8f3c03816,2023-12,Leicestershire Police,Leicestershire Police,-1.089601,52.644559,On or near Lotus Road,E01013653,Leicester 011C,Violence and sexual offences,Unable to prosecute suspect,
f5b85668063b34b0a9044c0b3d5cf90ac0284a560df06bb25fd4755b03b76e8d,2023-12,Leicestershire Police,Leicestershire Police,-1.088060,52.643315,On or near Iris Close,E01013653,Leicester 011C,Violence and sexual offences,Further action is not in the public interest,
24c95824615a301ace27deccafe4f33b8f418ab614df3094c2104846fbf9872d,2023-12,Leicestershire Police,Leicestershire Police,-1.095033,52.644888,On or near Claydon Road,E01013653,Leicester 011C,Violence and sexual offences,Unable to prosecute suspect,
cb6dba2411f73e86be008a76517a033143dfbaf0d764d028ae3d1fb2b971e1aa,2023-12,Leicestershire Police,Leicestershire Police,-1.095033,52.644888,On or near Claydon Road,E01013653,Leicester 011C,Violence and sexual offences,Unable to prosecute suspect,
74da790f00598293bc57956fda61d6a203c0ddeb0bc9cf28515c192342ab6767,2023-12,Leicestershire Police,Leicestershire Police,-1.101855,52.643052,On or near Overton Road,E01013655,Leicester 011D,Criminal damage and arson,Local resolution,
4a04025b61ba1c5772a6e2f13c4419eac98081fd168094a2d476c493dcd5217d,2023-12,Leicestershire Police,Leicestershire Police,-1.100373,52.645396,On or near Smedmore Road,E01013655,Leicester 011D,Other theft,Investigation complete; no suspect identified,
b0212a2527906bfffc30ad04daefc458a8ab467cfb4a47c9f615f92056305293,2023-12,Leicestershire Police,Leicestershire Police,-1.098704,52.642471,On or near Layton Road,E01013655,Leicester 011D,Other theft,Investigation complete; no suspect identified,
2d824cd8a9b0efb6d7cfc0bb9fbd127939299c8bd4cd7135f6b84274c4900268,2023-12,Leicestershire Police,Leicestershire Police,-1.101855,52.643052,On or near Overton Road,E01013655,Leicester 011D,Public order,Unable to prosecute suspect,
fe5b27d8cc90e2b6c941ef2ccdb2595accf4d80740f8a611985f67ab8340e185,2023-12,Leicestershire Police,Leicestershire Police,-1.098704,52.642471,On or near Layton Road,E01013655,Leicester 011D,Public order,Unable to prosecute suspect,
9ef6d0a0c8099437cf1efed3f6f2fa0c4a7c9d646037566b37fcedc3b3fef456,2023-12,Leicestershire Police,Leicestershire Police,-1.098704,52.642471,On or near Layton Road,E01013655,Leicester 011D,Public order,Unable to prosecute suspect,
7521d4f979cfa4ecdb02213fd0befe136b7bf9f19631b151baacd36ebffdb6c5,2023-12,Leicestershire Police,Leicestershire Police,-1.101855,52.643052,On or near Overton Road,E01013655,Leicester 011D,Vehicle crime,Investigation complete; no suspect identified,
7a93ced1e0c9eae1a9c999e62b116c40dace7b773bfe4d1d6f2585e2cc7b3b09,2023-12,Leicestershire Police,Leicestershire Police,-1.100518,52.642682,On or near Sulgrave Road,E01013655,Leicester 011D,Violence and sexual offences,Unable to prosecute suspect,
739ef845a2b563ccae95e69aaf6615c2509912f2e2af7acd2d8183a969b0064e,2023-12,Leicestershire Police,Leicestershire Police,-1.098704,52.642471,On or near Layton Road,E01013655,Leicester 011D,Violence and sexual offences,Investigation complete; no suspect identified,
a6c60251675af299c0ff287314be6afd96680a5957d3462316e0b93b9dfd7a19,2023-12,Leicestershire Police,Leicestershire Police,-1.101855,52.643052,On or near Overton Road,E01013655,Leicester 011D,Violence and sexual offences,Unable to prosecute suspect,
79c8559accbff004702ffabd6b75d8ef19fbbf17061febf95fdfa84c12b0a681,2023-12,Leicestershire Police,Leicestershire Police,-1.101855,52.643052,On or near Overton Road,E01013655,Leicester 011D,Violence and sexual offences,Local resolution,
bbc1c69a865ce2aff5d8f1d4c69ce3a53a1c4e7989ad52884f9cf11665d5508d,2023-12,Leicestershire Police,Leicestershire Police,-1.102859,52.646000,On or near Mereworth Close,E01013655,Leicester 011D,Violence and sexual offences,Unable to prosecute suspect,
6c3f058ee3e0afac1e1e4114f9f7ad9b26daf040ef7fe4ebfbb6409d73b11d5f,2023-12,Leicestershire Police,Leicestershire Police,-1.101855,52.643052,On or near Overton Road,E01013655,Leicester 011D,Violence and sexual offences,Unable to prosecute suspect,
7d21bdf08e236b86dbce7d976a5d40073234f0fc066d1f3634de0778d42e72c5,2023-12,Leicestershire Police,Leicestershire Police,-1.102859,52.646000,On or near Mereworth Close,E01013655,Leicester 011D,Violence and sexual offences,Unable to prosecute suspect,
26c10251d52b3bf57ca1b39af7dba7f859b109fc500cb9fddc90b0c38801ddaf,2023-12,Leicestershire Police,Leicestershire Police,-1.172140,52.649551,On or near Hodgson Close,E01013721,Leicester 012A,Other theft,Investigation complete; no suspect identified,
e8fbae5fc888f26ded3cf5ae046f5b036f4c2dbfaaeb61b1423235eb344ff375,2023-12,Leicestershire Police,Leicestershire Police,-1.159317,52.646108,On or near Garland Crescent,E01013721,Leicester 012A,Other theft,Investigation complete; no suspect identified,
006eca9c633f1cd1c969795815cdcd3b9cdc10505bca297e152bcecf86908b9b,2023-12,Leicestershire Police,Leicestershire Police,-1.172448,52.645805,On or near Caledine Road,E01013721,Leicester 012A,Other theft,Investigation complete; no suspect identified,
743b00164798afd6c0959653064f7b0c2e5372402d9ba3f6ff75dc2cff976062,2023-12,Leicestershire Police,Leicestershire Police,-1.172140,52.649551,On or near Hodgson Close,E01013721,Leicester 012A,Public order,Investigation complete; no suspect identified,
0c898054a0a2ecc8697d66ecb5ffbe816abbf19d5fe16667d31f5dbf14a1c528,2023-12,Leicestershire Police,Leicestershire Police,-1.174266,52.646581,On or near Kay Road,E01013721,Leicester 012A,Public order,Investigation complete; no suspect identified,
50e336298f1dcbc624177a5f662777aacb7a6fd4d7544f10b88067f6c4abf5d9,2023-12,Leicestershire Police,Leicestershire Police,-1.172140,52.649551,On or near Hodgson Close,E01013721,Leicester 012A,Violence and sexual offences,Investigation complete; no suspect identified,
f40df7fbf7401559e5f1cf7732c286a4f08198d4a5f909555251833f00372215,2023-12,Leicestershire Police,Leicestershire Police,-1.172448,52.645805,On or near Caledine Road,E01013721,Leicester 012A,Violence and sexual offences,Unable to prosecute suspect,
8f2d3ba39711fe38e1e3d8fc065671325b374c4a80e6fec406931a864d98d301,2023-12,Leicestershire Police,Leicestershire Police,-1.172448,52.645805,On or near Caledine Road,E01013721,Leicester 012A,Violence and sexual offences,Unable to prosecute suspect,
c6e08c2f16fe303541e3daa1d9602caa382767ef83c56de3064101e768fe13f3,2023-12,Leicestershire Police,Leicestershire Police,-1.172001,52.647564,On or near Glazebrook Road,E01013723,Leicester 012B,Drugs,Court result unavailable,
52946721e6ae401e9639760f0cd3e61d5fdc75f997e4a7626d8cbf4b283e544d,2023-12,Leicestershire Police,Leicestershire Police,-1.176437,52.646650,On or near Elgin Avenue,E01013723,Leicester 012B,Burglary,Investigation complete; no suspect identified,
40bad6755daed8c1647eb4048afc3fdb8b1d206805bf63cfae338cf366c2b55a,2023-12,Leicestershire Police,Leicestershire Police,-1.172001,52.647564,On or near Glazebrook Road,E01013723,Leicester 012B,Drugs,Status update unavailable,
c2f42ca2e56ce20204958cd614427e547aebe4fab373c8b9588a02c5984846ae,2023-12,Leicestershire Police,Leicestershire Police,-1.176146,52.646433,On or near Supermarket,E01013723,Leicester 012B,Public order,Unable to prosecute suspect,
d560f27cf3d5f541802ac878e68c6fdfb9323d7d827bca9150ad5bef716ea7b6,2023-12,Leicestershire Police,Leicestershire Police,-1.171179,52.648043,On or near Bonney Road,E01013723,Leicester 012B,Robbery,Investigation complete; no suspect identified,
0c17e0902dd486f43a72f775386a4432c885c1a7e36f9fc598c93acff411a98c,2023-12,Leicestershire Police,Leicestershire Police,-1.176146,52.646433,On or near Supermarket,E01013723,Leicester 012B,Violence and sexual offences,Further investigation is not in the public interest,
1a63cd058ce1951526daf411f89ac8b50ebf72a2526a6146a753adfbf0de7e99,2023-12,Leicestershire Police,Leicestershire Police,-1.171179,52.648043,On or near Bonney Road,E01013723,Leicester 012B,Violence and sexual offences,Unable to prosecute suspect,
faf6a2d660750a1700dac01a5845023406b9a90822d82ea80a049255fbef979b,2023-12,Leicestershire Police,Leicestershire Police,-1.172712,52.647488,On or near Glazebrook Square,E01013723,Leicester 012B,Violence and sexual offences,Unable to prosecute suspect,
fcd13deb3b5672f66646b368847fc2886d296e657714310e474546811f21b0d1,2023-12,Leicestershire Police,Leicestershire Police,-1.171179,52.648043,On or near Bonney Road,E01013723,Leicester 012B,Violence and sexual offences,Unable to prosecute suspect,
19e0075bb3bb89e63303c66c7ed2228b3bb8d11060da1c4920fa46e3477e460f,2023-12,Leicestershire Police,Leicestershire Police,-1.176146,52.646433,On or near Supermarket,E01013723,Leicester 012B,Violence and sexual offences,Further investigation is not in the public interest,
,2023-12,Leicestershire Police,Leicestershire Police,-1.159516,52.643457,On or near Fosse Lane,E01013725,Leicester 012C,Anti-social behaviour,,
,2023-12,Leicestershire Police,Leicestershire Police,-1.155544,52.642494,On or near Swannington Road,E01013725,Leicester 012C,Anti-social behaviour,,
,2023-12,Leicestershire Police,Leicestershire Police,-1.153146,52.644189,On or near Petrol Station,E01013725,Leicester 012C,Anti-social behaviour,,
,2023-12,Leicestershire Police,Leicestershire Police,-1.155544,52.642494,On or near Swannington Road,E01013725,Leicester 012C,Anti-social behaviour,,
,2023-12,Leicestershire Police,Leicestershire Police,-1.155544,52.642494,On or near Swannington Road,E01013725,Leicester 012C,Anti-social behaviour,,
,2023-12,Leicestershire Police,Leicestershire Police,-1.165225,52.642464,On or near Bateman Road,E01013725,Leicester 012C,Anti-social behaviour,,
54b089f3f22a2b6567f9e40d6ca7c63fd8ab0804654cae6624b6af4562266e08,2023-12,Leicestershire Police,Leicestershire Police,-1.159516,52.643457,On or near Fosse Lane,E01013725,Leicester 012C,Criminal damage and arson,Unable to prosecute suspect,
712b61e919e740c33fcefda24f40872cf37ecc8aec9e4171cdb5814054fad563,2023-12,Leicestershire Police,Leicestershire Police,-1.161900,52.643986,On or near Samson Road,E01013725,Leicester 012C,Criminal damage and arson,Investigation complete; no suspect identified,
aee0daa7792f6d4c04e097423da4b2acdc669f7697b06323210ee88434b431a7,2023-12,Leicestershire Police,Leicestershire Police,-1.160062,52.643497,On or near Comet Close,E01013725,Leicester 012C,Criminal damage and arson,Investigation complete; no suspect identified,
26968584e325b5b5e91c898a5e18bc7bdc7e921887529d9e3577ae3e1456039b,2023-12,Leicestershire Police,Leicestershire Police,-1.161491,52.643714,On or near Phoenix Close,E01013725,Leicester 012C,Criminal damage and arson,Investigation complete; no suspect identified,
6ce7d8bbc1fc544a1b79597688f08276a23cd3cabbf5c3de929b8ba6cbe6f14f,2023-12,Leicestershire Police,Leicestershire Police,-1.164769,52.642326,On or near Bloxham Road,E01013725,Leicester 012C,Other theft,Unable to prosecute suspect,
5b875e5c389b3a2ff19aa1be876ecccd7480c2c72009b9e4b33a48c37f5e1b4b,2023-12,Leicestershire Police,Leicestershire Police,-1.156189,52.641968,On or near Stephenson Drive,E01013725,Leicester 012C,Public order,Investigation complete; no suspect identified,
a23e6dcf5946cfeed0500d3dabcd26859d3703ee4f4d6238fca316119c19f547,2023-12,Leicestershire Police,Leicestershire Police,-1.160062,52.643497,On or near Comet Close,E01013725,Leicester 012C,Public order,Investigation complete; no suspect identified,
523e5fb92c5d49b3d4957c25b55124c2dfb286f9adc51c2a731e209ce2557264,2023-12,Leicestershire Police,Leicestershire Police,-1.160062,52.643497,On or near Comet Close,E01013725,Leicester 012C,Shoplifting,Investigation complete; no suspect identified,
90f64f2310d5f57c737b020628a8f680d51978c76b40c41ea967fca86c469985,2023-12,Leicestershire Police,Leicestershire Police,-1.163916,52.642877,On or near Biddle Road,E01013725,Leicester 012C,Violence and sexual offences,Investigation complete; no suspect identified,
1b19b54f4c934e25c3c9d8dd4b00bc26ea4051affb1109dc23dc68e345a6c445,2023-12,Leicestershire Police,Leicestershire Police,-1.161491,52.643714,On or near Phoenix Close,E01013725,Leicester 012C,Violence and sexual offences,Unable to prosecute suspect,
d96e057bbe82c083dd06350f32c7d315ea8455895af221ced7a36400818032e0,2023-12,Leicestershire Police,Leicestershire Police,-1.156189,52.641968,On or near Stephenson Drive,E01013725,Leicester 012C,Violence and sexual offences,Investigation complete; no suspect identified,
2e110fb223271b93023c83cd22deef7efbde41992ad84d96accd72d7511add63,2023-12,Leicestershire Police,Leicestershire Police,-1.159516,52.643457,On or near Fosse Lane,E01013725,Leicester 012C,Violence and sexual offences,Status update unavailable,
d81ee9324efe32977be7eba298ef8ca023e1ec1ada1a1cdb43dd6de065bff4ff,2023-12,Leicestershire Police,Leicestershire Police,-1.161491,52.643714,On or near Phoenix Close,E01013725,Leicester 012C,Violence and sexual offences,Court result unavailable,
ad24538e35052b2bd5c0ad585c697d1692a5b4646124f0cf22ab83fdfdc16885,2023-12,Leicestershire Police,Leicestershire Police,-1.165225,52.642464,On or near Bateman Road,E01013725,Leicester 012C,Violence and sexual offences,Unable to prosecute suspect,
8db7d93ab4039a4b963bf32f71e987e7f477fcaf533b64bb17c70e93726b5d71,2023-12,Leicestershire Police,Leicestershire Police,-1.161491,52.643714,On or near Phoenix Close,E01013725,Leicester 012C,Other crime,Unable to prosecute suspect,
823c1f6c2a1e003efe94464ed9e7c3c658cb4f5dfe9d23e652d0d4a05d1af312,2023-12,Leicestershire Police,Leicestershire Police,-1.173005,52.643696,On or near Glengarry Court,E01013726,Leicester 012D,Possession of weapons,Unable to prosecute suspect,
755d3ee48cfa7169efb4152feda51cf3b71533c3399a7e7acab43bd5ffbe54ac,2023-12,Leicestershire Police,Leicestershire Police,-1.168953,52.641483,On or near Wood End,E01013726,Leicester 012D,Violence and sexual offences,Unable to prosecute suspect,
ce10d2fc2028b20ba04ad9cff033f9099a1d0955d8ead6f8169b6532c7be7aa5,2023-12,Leicestershire Police,Leicestershire Police,-1.174293,52.644361,On or near Glengarry Way,E01013726,Leicester 012D,Violence and sexual offences,Offender given a caution,
,2023-12,Leicestershire Police,Leicestershire Police,-1.174293,52.644361,On or near Glengarry Way,E01013726,Leicester 012D,Anti-social behaviour,,
,2023-12,Leicestershire Police,Leicestershire Police,-1.174293,52.644361,On or near Glengarry Way,E01013726,Leicester 012D,Anti-social behaviour,,
,2023-12,Leicestershire Police,Leicestershire Police,-1.167095,52.640454,On or near Mossgate,E01013726,Leicester 012D,Anti-social behaviour,,
,2023-12,Leicestershire Police,Leicestershire Police,-1.169957,52.640717,On or near Withens Close,E01013726,Leicester 012D,Anti-social behaviour,,
,2023-12,Leicestershire Police,Leicestershire Police,-1.169957,52.640717,On or near Withens Close,E01013726,Leicester 012D,Anti-social behaviour,,
,2023-12,Leicestershire Police,Leicestershire Police,-1.168953,52.641483,On or near Wood End,E01013726,Leicester 012D,Anti-social behaviour,,
,2023-12,Leicestershire Police,Leicestershire Police,-1.174293,52.644361,On or near Glengarry Way,E01013726,Leicester 012D,Anti-social behaviour,,
5f175da9fc3f89a327549328bd0aeee87e454626346abcd711b9a57f0760fc6f,2023-12,Leicestershire Police,Leicestershire Police,-1.174293,52.644361,On or near Glengarry Way,E01013726,Leicester 012D,Burglary,Investigation complete; no suspect identified,
662bc4b5d80f7da3a7cff38509afe0aa8a0d33833c581e66dd6c94dc70980034,2023-12,Leicestershire Police,Leicestershire Police,-1.169957,52.640717,On or near Withens Close,E01013726,Leicester 012D,Burglary,Investigation complete; no suspect identified,
10014a5426b9bf1861ddc45433bbf20a71979e811514c49978b6b64840749792,2023-12,Leicestershire Police,Leicestershire Police,-1.174293,52.644361,On or near Glengarry Way,E01013726,Leicester 012D,Criminal damage and arson,Investigation complete; no suspect identified,
bb5b526769ad1979463299dcb74f068202cd944137a68d0c6dc09dd2872e4ef2,2023-12,Leicestershire Police,Leicestershire Police,-1.167095,52.640454,On or near Mossgate,E01013726,Leicester 012D,Criminal damage and arson,Unable to prosecute suspect,
f0b59c0688f29cd279377c7aed89079a9c5f87788c4327d6b06224b59468c125,2023-12,Leicestershire Police,Leicestershire Police,-1.169309,52.642178,On or near Aikman Avenue,E01013726,Leicester 012D,Criminal damage and arson,Investigation complete; no suspect identified,
86994d2565980873a97e45ab8f341a0a2e084229e68a1fb386e245db8dcb2a05,2023-12,Leicestershire Police,Leicestershire Police,-1.183604,52.645936,On or near Overseal Road,E01013726,Leicester 012D,Criminal damage and arson,Investigation complete; no suspect identified,
27a5a5af02c0bcc0c4f8d84e8a0ae266cee6acd6f4d803ba78c67848b45655fb,2023-12,Leicestershire Police,Leicestershire Police,-1.169309,52.642178,On or near Aikman Avenue,E01013726,Leicester 012D,Criminal damage and arson,Offender given a caution,
12d6685824019464462bc20ac466805b0f3b172fd4cf3a75b15920d1131bf1a2,2023-12,Leicestershire Police,Leicestershire Police,-1.174293,52.644361,On or near Glengarry Way,E01013726,Leicester 012D,Criminal damage and arson,Investigation complete; no suspect identified,
ea1d480b93d011c1bd462da5d64ef828b89694a11ce21a48a862a805b7e77606,2023-12,Leicestershire Police,Leicestershire Police,-1.174293,52.644361,On or near Glengarry Way,E01013726,Leicester 012D,Criminal damage and arson,Investigation complete; no suspect identified,
04cf7bed7a3b4969cb9e726f75b8aa54bb8cdf3de5e5c0fcf60d06e991eabeb3,2023-12,Leicestershire Police,Leicestershire Police,-1.174293,52.644361,On or near Glengarry Way,E01013726,Leicester 012D,Criminal damage and arson,Investigation complete; no suspect identified,
dd838bbcbd0c15dd0e261d348ad69dc669c522ae58817190ff21e0b7c5e26857,2023-12,Leicestershire Police,Leicestershire Police,-1.174293,52.644361,On or near Glengarry Way,E01013726,Leicester 012D,Criminal damage and arson,Investigation complete; no suspect identified,
1a0311291e947920baf2378d50eda11aa8e1675bd2ae628113fc2905f7ad1bf1,2023-12,Leicestershire Police,Leicestershire Police,-1.174293,52.644361,On or near Glengarry Way,E01013726,Leicester 012D,Criminal damage and arson,Investigation complete; no suspect identified,
c91f032082383a1fcf751ee580895b26e45781d0526153b5c85631022496929e,2023-12,Leicestershire Police,Leicestershire Police,-1.169309,52.642178,On or near Aikman Avenue,E01013726,Leicester 012D,Other theft,Investigation complete; no suspect identified,
dccaa1712f6d72f9fc6178b42585bf85f3c351535d18740f2b587f0ed7a44a02,2023-12,Leicestershire Police,Leicestershire Police,-1.173005,52.643696,On or near Glengarry Court,E01013726,Leicester 012D,Other theft,Unable to prosecute suspect,
913612c08379efabb38820689d9f9c6f0feadad3e98b0ae43b6b2ece9825a19d,2023-12,Leicestershire Police,Leicestershire Police,-1.181511,52.642496,On or near Greencoat Road,E01013726,Leicester 012D,Public order,Court result unavailable,
1723dfcc90f9526f906713486c6a05a3858890b4fe1b0ab8140ee01bca3aaab4,2023-12,Leicestershire Police,Leicestershire Police,-1.169309,52.642178,On or near Aikman Avenue,E01013726,Leicester 012D,Public order,Unable to prosecute suspect,
06d6036334ce2fdda3e390a4d77540a0520132bd7113f17cff71880e812c3896,2023-12,Leicestershire Police,Leicestershire Police,-1.174293,52.644361,On or near Glengarry Way,E01013726,Leicester 012D,Violence and sexual offences,Unable to prosecute suspect,
ef0f88249555a2a5f6c566bfcd90046846f8c2c435a14f759ec66d42dcdf1e55,2023-12,Leicestershire Police,Leicestershire Police,-1.181511,52.642496,On or near Greencoat Road,E01013726,Leicester 012D,Violence and sexual offences,Unable to prosecute suspect,
aaa7ecfd50f625932d6fffab3f6058602e70639cb5cd4ea6d006c8720eace58c,2023-12,Leicestershire Police,Leicestershire Police,-1.170600,52.641881,On or near Perth Avenue,E01013726,Leicester 012D,Violence and sexual offences,Investigation complete; no suspect identified,
0b003f34d8702896dfedfbf7d48517141a98956561b1ec9dca36392fef96fdb6,2023-12,Leicestershire Police,Leicestershire Police,-1.181511,52.642496,On or near Greencoat Road,E01013726,Leicester 012D,Violence and sexual offences,Further action is not in the public interest,
66cb52454cce539b0711e2bf6cda034eff00542a1d3168b6e77b4394dec7f60b,2023-12,Leicestershire Police,Leicestershire Police,-1.174293,52.644361,On or near Glengarry Way,E01013726,Leicester 012D,Violence and sexual offences,Further investigation is not in the public interest,
4f54587ca2998258b0dfc859520cc5ebc8745f97a73ab53a0f895979932a46b0,2023-12,Leicestershire Police,Leicestershire Police,-1.167095,52.640454,On or near Mossgate,E01013726,Leicester 012D,Violence and sexual offences,Unable to prosecute suspect,
72e1e70ee5b23cce1ed76a1d590568e0a5b4606290b952c129df963aaf306b9d,2023-12,Leicestershire Police,Leicestershire Police,-1.168953,52.641483,On or near Wood End,E01013726,Leicester 012D,Violence and sexual offences,Further investigation is not in the public interest,
6fe0352185c7f0df444b53738204480fb3969c4035ad04a679369ce10361af7f,2023-12,Leicestershire Police,Leicestershire Police,-1.174293,52.644361,On or near Glengarry Way,E01013726,Leicester 012D,Violence and sexual offences,Unable to prosecute suspect,
41578e31d0281bc980b7f1e32c7c02ce6f0410a71172f2ea1f834105b85801d0,2023-12,Leicestershire Police,Leicestershire Police,-1.170600,52.641881,On or near Perth Avenue,E01013726,Leicester 012D,Violence and sexual offences,Unable to prosecute suspect,
c73ca716181bbef9d14fcb4503e37b31174a25a2cb8cae2b3772a53a74ae547e,2023-12,Leicestershire Police,Leicestershire Police,-1.174293,52.644361,On or near Glengarry Way,E01013726,Leicester 012D,Violence and sexual offences,Unable to prosecute suspect,
53f051add8aebb612304b8cfad87d7feab44102f64f011dba0f1032a8069422e,2023-12,Leicestershire Police,Leicestershire Police,-1.169957,52.640717,On or near Withens Close,E01013726,Leicester 012D,Violence and sexual offences,Unable to prosecute suspect,
c68868c37b58ecb248503dfec6510c0a6d8fb95b03d9bbec3ba10c5bc672221d,2023-12,Leicestershire Police,Leicestershire Police,-1.181511,52.642496,On or near Greencoat Road,E01013726,Leicester 012D,Violence and sexual offences,Further action is not in the public interest,
94737ccb1a73194d84e5473ae74048fe587758aa1775f623d8d63bd09a5f113e,2023-12,Leicestershire Police,Leicestershire Police,-1.167095,52.640454,On or near Mossgate,E01013726,Leicester 012D,Violence and sexual offences,Status update unavailable,
70164ae237fd08b65847525fb9974419b99929b7e210f93772acaf67e2c7a05c,2023-12,Leicestershire Police,Leicestershire Police,-1.170407,52.643534,On or near Aikman Close,E01013726,Leicester 012D,Violence and sexual offences,Unable to prosecute suspect,
7d2dd1527754813137177baec2cef568c0cf4c5f1e0c8c2a7a410f6a54161e13,2023-12,Leicestershire Police,Leicestershire Police,-1.167095,52.640454,On or near Mossgate,E01013726,Leicester 012D,Violence and sexual offences,Unable to prosecute suspect,
6feb62fe89e15f56656240be1646d20643e7a41cbd9b6b41adf2890f0564baee,2023-12,Leicestershire Police,Leicestershire Police,-1.168953,52.641483,On or near Wood End,E01013726,Leicester 012D,Other crime,Further action is not in the public interest,
2087f9e50073dbebbea58c758e2323676436d93c29874ef3f5c3272400192fe3,2023-12,Leicestershire Police,Leicestershire Police,-1.165134,52.641034,On or near Blissett Road,E01013728,Leicester 012E,Violence and sexual offences,Court result unavailable,
744846d683ae9f8726e1b60f108e3db21a93ddd14b0a850883e26401204e9b25,2023-12,Leicestershire Police,Leicestershire Police,-1.165134,52.641025,On or near Adcock Road,E01013728,Leicester 012E,Violence and sexual offences,Court result unavailable,
ccaa1b99e3cb6162989a7a804b2bbbdfc6957f47c03f141f95f0bc29affed390,2023-12,Leicestershire Police,Leicestershire Police,-1.160860,52.639610,On or near Sandhurst Road,E01013728,Leicester 012E,Criminal damage and arson,Investigation complete; no suspect identified,
b901b0e5718a186b4a0a4c5471da77264b1b99635f67a1dea7e869536e942927,2023-12,Leicestershire Police,Leicestershire Police,-1.165134,52.641034,On or near Blissett Road,E01013728,Leicester 012E,Criminal damage and arson,Unable to prosecute suspect,
92bff543a597bf3ab4c34b67b3428acdfce4173c04f6f8f6e8a48346b8d8f6e1,2023-12,Leicestershire Police,Leicestershire Police,-1.162334,52.639054,On or near Dartmouth Gardens,E01013728,Leicester 012E,Criminal damage and arson,Unable to prosecute suspect,
08674cac3bc0b7da0048cc1e3f8a1030b16bb5de73713576a0390ae3406ef564,2023-12,Leicestershire Police,Leicestershire Police,-1.165134,52.641034,On or near Blissett Road,E01013728,Leicester 012E,Violence and sexual offences,Unable to prosecute suspect,
2548ff26a1dcd6ff2bdd67956e04baa169ebbc218b0e2b27872059131ff14884,2023-12,Leicestershire Police,Leicestershire Police,-1.168047,52.643284,On or near Coates Avenue,E01013728,Leicester 012E,Violence and sexual offences,Investigation complete; no suspect identified,
5efb5ec50a700fe570f29bf5408473e075876a29aa96e488cc0e9eefd16d3cc6,2023-12,Leicestershire Police,Leicestershire Police,-1.166893,52.644121,On or near Pindar Road,E01013728,Leicester 012E,Violence and sexual offences,Unable to prosecute suspect,
015e16455fa951ea918f5875475a24453d724c6a28085b80d0488ee281265c64,2023-12,Leicestershire Police,Leicestershire Police,-1.168047,52.643284,On or near Coates Avenue,E01013728,Leicester 012E,Violence and sexual offences,Investigation complete; no suspect identified,
a46e06a7ba70c5ba309a97e8b2aff2880310ae40dbbc1742ae4c27a04b317658,2023-12,Leicestershire Police,Leicestershire Police,-1.168047,52.643284,On or near Coates Avenue,E01013728,Leicester 012E,Violence and sexual offences,Investigation complete; no suspect identified,
a74f91f2485c18a99e31e9eb67b7f4674ffb437ac59e8fa26ce78a65f5500b43,2023-12,Leicestershire Police,Leicestershire Police,-1.060798,52.652704,On or near Bentley Close,E01013694,Leicester 013A,Criminal damage and arson,Local resolution,
8763ce232caa0bcbdefb09f20a670328489673c41d6fd8fe17693bac10652b99,2023-12,Leicestershire Police,Leicestershire Police,-1.064662,52.646199,On or near Grantham Road,E01013694,Leicester 013A,Criminal damage and arson,Court result unavailable,
0521b29038f05123accce156f2aff23921595a763365a3c200e32e7aa1eb4db0,2023-12,Leicestershire Police,Leicestershire Police,-1.058025,52.650353,On or near Limehurst Road,E01013694,Leicester 013A,Other theft,Investigation complete; no suspect identified,
36beaf01950c7e1297bfdd14947efbe2e76fca19ae49d55676459c1b99b1d927,2023-12,Leicestershire Police,Leicestershire Police,-1.061571,52.650436,On or near Abelia Close,E01013694,Leicester 013A,Public order,Unable to prosecute suspect,
c7c29b1f10692fde04204e74f7225c01908814622027ed41a4ceecfada23fb74,2023-12,Leicestershire Police,Leicestershire Police,-1.061834,52.648505,On or near Netherhall Road,E01013694,Leicester 013A,Public order,Investigation complete; no suspect identified,
80f17a447f6da1c42f7d4b7817f2b77c358aa75e6cc7a7745e1ed94b403bb2a1,2023-12,Leicestershire Police,Leicestershire Police,-1.061834,52.648505,On or near Netherhall Road,E01013694,Leicester 013A,Shoplifting,Unable to prosecute suspect,
e4f5253e97b18c26dae0b2e63a1a4ba6b17825ae0ead7439f22dca3ccf482198,2023-12,Leicestershire Police,Leicestershire Police,-1.061834,52.648505,On or near Netherhall Road,E01013694,Leicester 013A,Violence and sexual offences,Investigation complete; no suspect identified,
9f1e0a359bd116e09e516cfed1334d62bb6be2486d2517d277e9954265d689dc,2023-12,Leicestershire Police,Leicestershire Police,-1.064662,52.646199,On or near Grantham Road,E01013694,Leicester 013A,Violence and sexual offences,Court result unavailable,
56a1984e586a7bba79f9ac724a0028664624603b7c45f0fa161f68e7d4da625d,2023-12,Leicestershire Police,Leicestershire Police,-1.064662,52.646199,On or near Grantham Road,E01013694,Leicester 013A,Violence and sexual offences,Investigation complete; no suspect identified,
ecf600e96c5e4ea863069f368a7c1773ff485dcfaf460bcef44d3c707448eded,2023-12,Leicestershire Police,Leicestershire Police,-1.057550,52.649765,On or near Greenbank Road,E01013694,Leicester 013A,Violence and sexual offences,Investigation complete; no suspect identified,
1ecb4374fec8f2125701c2b61d8b361344025b1c0e19ca10271d5d5ac40dce6b,2023-12,Leicestershire Police,Leicestershire Police,-1.063201,52.652345,On or near Meadowsweet Road,E01013694,Leicester 013A,Violence and sexual offences,Status update unavailable,
9eac0dafd431b32712ff9e7dbc2c5ee52d6862f1685732354062097cb38075d1,2023-12,Leicestershire Police,Leicestershire Police,-1.064662,52.646199,On or near Grantham Road,E01013694,Leicester 013A,Violence and sexual offences,Investigation complete; no suspect identified,
9747b7e23761bd6e49ccf0f01ff425da4eecbb6e7d523124f5c53e00dfa7bdb8,2023-12,Leicestershire Police,Leicestershire Police,-1.059474,52.650356,On or near Barry Road,E01013694,Leicester 013A,Violence and sexual offences,Investigation complete; no suspect identified,
44cfcd7f3734c83190b0a99bff424afc7e7c0e631b919cc6f6b9d6d0162c8fb6,2023-12,Leicestershire Police,Leicestershire Police,-1.064662,52.646199,On or near Grantham Road,E01013694,Leicester 013A,Violence and sexual offences,Unable to prosecute suspect,
28d220ffa8f28a68341fb3934553820fdc0ff484cfd1dc0cd8d05e6855f37606,2023-12,Leicestershire Police,Leicestershire Police,-1.060485,52.650751,On or near Berberis Close,E01013694,Leicester 013A,Violence and sexual offences,Unable to prosecute suspect,
348c4dbd29b71b0ba28b7369250f9a07e12e0df0f63e946abba1787819153f0f,2023-12,Leicestershire Police,Leicestershire Police,-1.069731,52.644162,On or near Abbots Road South,E01013700,Leicester 013B,Violence and sexual offences,Unable to prosecute suspect,
,2023-12,Leicestershire Police,Leicestershire Police,-1.060971,52.646035,On or near Parking Area,E01013700,Leicester 013B,Anti-social behaviour,,
,2023-12,Leicestershire Police,Leicestershire Police,-1.062940,52.646536,On or near Upper Hall Green,E01013700,Leicester 013B,Anti-social behaviour,,
,2023-12,Leicestershire Police,Leicestershire Police,-1.060971,52.646035,On or near Parking Area,E01013700,Leicester 013B,Anti-social behaviour,,
67e6173e32d4a1b7a2902270481dc22cebd76128cf36ace884074b06fd35bc7e,2023-12,Leicestershire Police,Leicestershire Police,-1.063782,52.645877,On or near Armadale Green,E01013700,Leicester 013B,Criminal damage and arson,Unable to prosecute suspect,
e6554d884715993389d9b2e24432c27a974419c03d26e00ac8fb7080401c7612,2023-12,Leicestershire Police,Leicestershire Police,-1.066311,52.645834,On or near Wigley Road,E01013700,Leicester 013B,Criminal damage and arson,Investigation complete; no suspect identified,
8b23318d4adff23e3261e98783ade4da9646d80c1f39ee0e5dbcfc9a5d26125f,2023-12,Leicestershire Police,Leicestershire Police,-1.062323,52.644292,On or near Hartfield Road,E01013700,Leicester 013B,Other theft,Investigation complete; no suspect identified,
61b458dd75361a1b18a3d2a7ea7d2fc9d396711ca53e8313a01e929be1bbcbb7,2023-12,Leicestershire Police,Leicestershire Police,-1.060971,52.646035,On or near Parking Area,E01013700,Leicester 013B,Possession of weapons,Investigation complete; no suspect identified,
3df56c2f2fc1de213ea9f003e8fa2a64c60be3c165eb44a500188649dc161aa8,2023-12,Leicestershire Police,Leicestershire Police,-1.063782,52.645877,On or near Armadale Green,E01013700,Leicester 013B,Public order,Local resolution,
e2f9784df8820b93e66c2acbe6d7bff5dcb3559d810130aef71fb63b1b82cd2c,2023-12,Leicestershire Police,Leicestershire Police,-1.062940,52.646536,On or near Upper Hall Green,E01013700,Leicester 013B,Violence and sexual offences,Unable to prosecute suspect,
162349946c8cdd5c4a69e564c4f95a17c03e3aefb09b928f87a5099d8811a011,2023-12,Leicestershire Police,Leicestershire Police,-1.063782,52.645877,On or near Armadale Green,E01013700,Leicester 013B,Violence and sexual offences,Unable to prosecute suspect,
f6928e2807ad8441ff4b548f5967393e84859ee6e43f3152100d2c92b4cf3f97,2023-12,Leicestershire Police,Leicestershire Police,-1.069731,52.644162,On or near Abbots Road South,E01013700,Leicester 013B,Violence and sexual offences,Unable to prosecute suspect,
8308ebcf98c5b9b96a5062b21b6eecf737bbfc22a6f51555c9587b337c8e0b43,2023-12,Leicestershire Police,Leicestershire Police,-1.071446,52.643847,On or near Hospital,E01013700,Leicester 013B,Violence and sexual offences,Further action is not in the public interest,
f58e0c1cb9822003f71dc2ae184a109ff4fca02f6584b6ea569fd98e917b12f2,2023-12,Leicestershire Police,Leicestershire Police,-1.062940,52.646536,On or near Upper Hall Green,E01013700,Leicester 013B,Violence and sexual offences,Investigation complete; no suspect identified,
a51940e8c75ef6d0ea75df009aa5499c34efcf1111e4c9807dddc524a9f7df31,2023-12,Leicestershire Police,Leicestershire Police,-1.069731,52.644162,On or near Abbots Road South,E01013700,Leicester 013B,Violence and sexual offences,Court result unavailable,
a1c5c0c6b4cab9c08fea9f8d156a87de096d0020d33b38d68bd8b8a977f0a459,2023-12,Leicestershire Police,Leicestershire Police,-1.069731,52.644162,On or near Abbots Road South,E01013700,Leicester 013B,Violence and sexual offences,Unable to prosecute suspect,
5361362ca62a9fef565b9091fae80aab7bfab580d08bf45c0ac48a311a33efde,2023-12,Leicestershire Police,Leicestershire Police,-1.069731,52.644162,On or near Abbots Road South,E01013700,Leicester 013B,Violence and sexual offences,Unable to prosecute suspect,
220de2f42f6ceecc700360636901b5946a65b3c23b75a78b509d744b4f40001f,2023-12,Leicestershire Police,Leicestershire Police,-1.064839,52.642083,On or near Radiant Road,E01013770,Leicester 013C,Violence and sexual offences,Unable to prosecute suspect,
33a5cfa8f31245b1547b879932bef694ace34271373c243fecb3664b9d25902e,2023-12,Leicestershire Police,Leicestershire Police,-1.070799,52.640493,On or near Elmcroft Avenue,E01013770,Leicester 013C,Violence and sexual offences,Unable to prosecute suspect,
e46f7ec8947ec1ae8315742ab9a15c7d43f1e518404465108b9160cf6ccd90fc,2023-12,Leicestershire Police,Leicestershire Police,-1.078540,52.642010,On or near Crofters Drive,E01013771,Leicester 013D,Burglary,Investigation complete; no suspect identified,
2e7cde604e65cdef4f586106d5fa2064983c13e69f45707b66046ea72edcb61a,2023-12,Leicestershire Police,Leicestershire Police,-1.074366,52.640917,On or near Havencrest Drive,E01013771,Leicester 013D,Drugs,Investigation complete; no suspect identified,
77955edcbc81fa6235611717bb72489d6ce727a6cbbdecd0c89db929e078bd6a,2023-12,Leicestershire Police,Leicestershire Police,-1.072074,52.637483,On or near Chrisett Close,E01013771,Leicester 013D,Criminal damage and arson,Unable to prosecute suspect,
aec3ecf6c5dad913d44537f86ff31e28fe4412c836b3544fe4baa84636bccd24,2023-12,Leicestershire Police,Leicestershire Police,-1.077738,52.640790,On or near Treetops Close,E01013771,Leicester 013D,Criminal damage and arson,Local resolution,
4253cccc5719b992f7de9a850aee2dfeadd8dc5c5ad22f972eedc931dfdd8f69,2023-12,Leicestershire Police,Leicestershire Police,-1.082936,52.641685,On or near Petrol Station,E01013771,Leicester 013D,Public order,Unable to prosecute suspect,
73ffaf7523a9423f156614fc484def7dadee657c7c4e1f05ce2965406219b76d,2023-12,Leicestershire Police,Leicestershire Police,-1.082936,52.641685,On or near Petrol Station,E01013771,Leicester 013D,Shoplifting,Court result unavailable,
fdf3006bd471f64734a4669b9803ffc5ec5aea1aed6ff1605babce3aecedf0c1,2023-12,Leicestershire Police,Leicestershire Police,-1.075494,52.640692,On or near Barbara Avenue,E01013771,Leicester 013D,Violence and sexual offences,Status update unavailable,
52a953c65101793ae45046b8609c7b7dd6150c03690eae76560200d3a246b849,2023-12,Leicestershire Police,Leicestershire Police,-1.078540,52.642010,On or near Crofters Drive,E01013771,Leicester 013D,Violence and sexual offences,Court result unavailable,
f3f40164deb087508f3646066f847e5626b93d265273a53beb13b3006ae4b97a,2023-12,Leicestershire Police,Leicestershire Police,-1.066399,52.641681,On or near Thurncourt Close,E01013773,Leicester 013E,Criminal damage and arson,Investigation complete; no suspect identified,
c97b0b5162b1fae33bc9ecd79e79776f90bc30b4ddc6204c5a97274d358e2007,2023-12,Leicestershire Police,Leicestershire Police,-1.068872,52.640065,On or near Ocean Road,E01013773,Leicester 013E,Criminal damage and arson,Unable to prosecute suspect,
3cb8727d2edd0bd35259a2b3fbfdfff3b6f14955c386c695c05e78ca3ada9064,2023-12,Leicestershire Police,Leicestershire Police,-1.066978,52.637389,On or near Amyson Road,E01013773,Leicester 013E,Criminal damage and arson,Investigation complete; no suspect identified,
7644295783e1e2ae50c2e70c996e53e347370daa65acf3750de193ca1c2157ec,2023-12,Leicestershire Police,Leicestershire Police,-1.066089,52.636123,On or near Uppingham Road,E01013773,Leicester 013E,Criminal damage and arson,Investigation complete; no suspect identified,
b1cc9a5be36ef496ee215afc7e39b07c2ce1d8859d7b59471b9ff3e1939ee08f,2023-12,Leicestershire Police,Leicestershire Police,-1.068872,52.640065,On or near Ocean Road,E01013773,Leicester 013E,Criminal damage and arson,Unable to prosecute suspect,
4cf643fa40dfbbf4f06cbc6579bdec807ea8e7e0ab691d50382e613f23adca64,2023-12,Leicestershire Police,Leicestershire Police,-1.063196,52.637341,On or near Herthull Road,E01013773,Leicester 013E,Other theft,Investigation complete; no suspect identified,
87b4735e93466f0bd061f99d358cbab681727070ada05091e3522e900429d7a6,2023-12,Leicestershire Police,Leicestershire Police,-1.068872,52.640065,On or near Ocean Road,E01013773,Leicester 013E,Other theft,Investigation complete; no suspect identified,
1cf75fa3294d6199eace2c51b3db4ec4630806486bd300463f4104400165c12d,2023-12,Leicestershire Police,Leicestershire Police,-1.068685,52.639830,On or near Ocean Close,E01013773,Leicester 013E,Public order,Investigation complete; no suspect identified,
58745e3a8fb4d49cebeafcd2c0413c9758dedcf50105224ce98777e3f09b8722,2023-12,Leicestershire Police,Leicestershire Police,-1.068872,52.640065,On or near Ocean Road,E01013773,Leicester 013E,Public order,Investigation complete; no suspect identified,
ed08e33ee0b478c40bccc74b7cf122c21c56453c3a839a1a85d64333690624e4,2023-12,Leicestershire Police,Leicestershire Police,-1.068872,52.640065,On or near Ocean Road,E01013773,Leicester 013E,Violence and sexual offences,Investigation complete; no suspect identified,
b38ac886e83ebc6fe99db95aea22a6405bb8072487a0565909a30a3ae141727f,2023-12,Leicestershire Police,Leicestershire Police,-1.068872,52.640065,On or near Ocean Road,E01013773,Leicester 013E,Violence and sexual offences,Investigation complete; no suspect identified,
1276856806b2aa4c2b9638351509b9f9da9c6d96b88c4f50c6d5dc66456f5503,2023-12,Leicestershire Police,Leicestershire Police,-1.068872,52.640065,On or near Ocean Road,E01013773,Leicester 013E,Violence and sexual offences,Unable to prosecute suspect,
5375acc40fb456f215a81ba31217a316cca2fdacf54e60ba7f1ff0653d7f295c,2023-12,Leicestershire Police,Leicestershire Police,-1.068872,52.640065,On or near Ocean Road,E01013773,Leicester 013E,Violence and sexual offences,Investigation complete; no suspect identified,
4542b620bdeb333b800aba5bfe7360928dc3be722dd1aa492d853587416478e3,2023-12,Leicestershire Police,Leicestershire Police,-1.068872,52.640065,On or near Ocean Road,E01013773,Leicester 013E,Violence and sexual offences,Investigation complete; no suspect identified,
8d5a31a282337205ec0f7ccb8f9f216ff85c6340b31fb8e329c9f5e6857af60f,2023-12,Leicestershire Police,Leicestershire Police,-1.068872,52.640065,On or near Ocean Road,E01013773,Leicester 013E,Violence and sexual offences,Investigation complete; no suspect identified,
aa9415e1357768286edcf50611bd0f2e34dd6b21791aedc558de24cac8044d8c,2023-12,Leicestershire Police,Leicestershire Police,-1.070077,52.637575,On or near Century Court,E01013773,Leicester 013E,Violence and sexual offences,Investigation complete; no suspect identified,
5f1679e4d45bad03eba2e227748183c0a7d59a62967b6182660f7b2dff259b20,2023-12,Leicestershire Police,Leicestershire Police,-1.068872,52.640065,On or near Ocean Road,E01013773,Leicester 013E,Violence and sexual offences,Investigation complete; no suspect identified,
f744e7a3e385d9f426c47cd903f5c9e7c632e94f1d3198c25564358d6bd8207f,2023-12,Leicestershire Police,Leicestershire Police,-1.068872,52.640065,On or near Ocean Road,E01013773,Leicester 013E,Violence and sexual offences,Investigation complete; no suspect identified,
e983bf52b342277bbcb743e82ebf6d5a9f600676c10105b19bbf3f52bb8b4129,2023-12,Leicestershire Police,Leicestershire Police,-1.068872,52.640065,On or near Ocean Road,E01013773,Leicester 013E,Violence and sexual offences,Investigation complete; no suspect identified,
deaf9cb896abeff9ab55bca3e17bbf10f83538ade7589a88bddd00369d938978,2023-12,Leicestershire Police,Leicestershire Police,-1.068872,52.640065,On or near Ocean Road,E01013773,Leicester 013E,Violence and sexual offences,Unable to prosecute suspect,
92b97adc9236d1e7db5f7ade4195ad486a7da7cbe4a3efe674bceb8b4ab02d7c,2023-12,Leicestershire Police,Leicestershire Police,-1.068872,52.640065,On or near Ocean Road,E01013773,Leicester 013E,Violence and sexual offences,Investigation complete; no suspect identified,
3f324e05771d1bcbce59a1da6ef6b5e8bf6c09be9e268945c89abf09a16ede7a,2023-12,Leicestershire Police,Leicestershire Police,-1.068872,52.640065,On or near Ocean Road,E01013773,Leicester 013E,Violence and sexual offences,Investigation complete; no suspect identified,
d251b2d5089271739467fd1f222bba393e08769b24c44ac20e63ccf8886454d8,2023-12,Leicestershire Police,Leicestershire Police,-1.068872,52.640065,On or near Ocean Road,E01013773,Leicester 013E,Violence and sexual offences,Investigation complete; no suspect identified,
24918a6f6fd27bfa5471c3ebaca0e2ca270f956f6501d365e2cfcf0d2da8e352,2023-12,Leicestershire Police,Leicestershire Police,-1.068872,52.640065,On or near Ocean Road,E01013773,Leicester 013E,Violence and sexual offences,Investigation complete; no suspect identified,
515a188cf228b9975add1cfd39994d6e8961108dfe07c8450ac231a0e234848d,2023-12,Leicestershire Police,Leicestershire Police,-1.068872,52.640065,On or near Ocean Road,E01013773,Leicester 013E,Violence and sexual offences,Investigation complete; no suspect identified,
767e2049feea51f9edcce746687bb4a7a4b84d779c93e5fa15f16577f03d2276,2023-12,Leicestershire Police,Leicestershire Police,-1.068872,52.640065,On or near Ocean Road,E01013773,Leicester 013E,Violence and sexual offences,Investigation complete; no suspect identified,
5305bb31ae15f09987fa33f8ae8fae5ad5f6a10e9e5a281f7ce6d9ce6db5c5c1,2023-12,Leicestershire Police,Leicestershire Police,-1.068872,52.640065,On or near Ocean Road,E01013773,Leicester 013E,Violence and sexual offences,Investigation complete; no suspect identified,
7e2547deb7fb358082bf283b41a9d2aeae3b58c5f41e27d3f167fed001b88298,2023-12,Leicestershire Police,Leicestershire Police,-1.068872,52.640065,On or near Ocean Road,E01013773,Leicester 013E,Other crime,Investigation complete; no suspect identified,
,2023-12,Leicestershire Police,Leicestershire Police,-1.148894,52.643220,On or near Balfour Street,E01013681,Leicester 016A,Anti-social behaviour,,
,2023-12,Leicestershire Police,Leicestershire Police,-1.145406,52.643203,On or near Storey Street,E01013681,Leicester 016A,Anti-social behaviour,,
e5a41f4f1c6b1ed817d6cf1cb795197cc370122f9297a1e27816aeb31653a5b3,2023-12,Leicestershire Police,Leicestershire Police,-1.148894,52.643220,On or near Balfour Street,E01013681,Leicester 016A,Bicycle theft,Investigation complete; no suspect identified,
b2e8a83e1e36782535049e91c2a8254f7e95fc122388c04314d19345a3d888c9,2023-12,Leicestershire Police,Leicestershire Police,-1.148722,52.642202,On or near Central Road,E01013681,Leicester 016A,Burglary,Unable to prosecute suspect,
01ae90b051b31387c2ee5a3945a98619700b500f194c3a40f1e34a2abaf5f850,2023-12,Leicestershire Police,Leicestershire Police,-1.148722,52.642202,On or near Central Road,E01013681,Leicester 016A,Criminal damage and arson,Unable to prosecute suspect,
15a7ba0f27be4108e55fa40c8e51a11b16a2651fca947a2359a130d302a80ad0,2023-12,Leicestershire Police,Leicestershire Police,-1.149226,52.641334,On or near Bonchurch Street,E01013681,Leicester 016A,Criminal damage and arson,Investigation complete; no suspect identified,
b1d5c2ab0354931615910deac84eb6ffd22466101833fb60e84b89d572818f04,2023-12,Leicestershire Police,Leicestershire Police,-1.145747,52.644680,On or near Bradgate Street,E01013681,Leicester 016A,Criminal damage and arson,Investigation complete; no suspect identified,
73bf5f45e8ed460386ed48390561515b573133db2d5c206b321c17e778353475,2023-12,Leicestershire Police,Leicestershire Police,-1.144412,52.644149,On or near Littleton Street,E01013681,Leicester 016A,Criminal damage and arson,Investigation complete; no suspect identified,
a33e38e78c8fa72e35ac2ad4b55657a7d883ee94d5d7cfc0995ddd36dced43be,2023-12,Leicestershire Police,Leicestershire Police,-1.149226,52.641334,On or near Bonchurch Street,E01013681,Leicester 016A,Other theft,Unable to prosecute suspect,
1f04987248b31a2e57ac11f1da86f1eadf4b09058c2da24bed7d463d8a2c42ce,2023-12,Leicestershire Police,Leicestershire Police,-1.149226,52.641334,On or near Bonchurch Street,E01013681,Leicester 016A,Other theft,Unable to prosecute suspect,
079e68ed56cb2556ce490c0726c80e878f8609dd89836e5146320d22869440a2,2023-12,Leicestershire Police,Leicestershire Police,-1.147514,52.644092,On or near Supermarket,E01013681,Leicester 016A,Public order,Investigation complete; no suspect identified,
83e05c41f0588eb0552a7e87ba8b8c974858ead73974cd9fae4ed77e7ed29b1b,2023-12,Leicestershire Police,Leicestershire Police,-1.147514,52.644092,On or near Supermarket,E01013681,Leicester 016A,Public order,Unable to prosecute suspect,
45b2b8ab29a3d53a4343851e4e17bfeb1fc9366bc0d3eb4cfb1944cedb9b917d,2023-12,Leicestershire Police,Leicestershire Police,-1.144412,52.644149,On or near Littleton Street,E01013681,Leicester 016A,Public order,Investigation complete; no suspect identified,
765ba0ea295210791a567a475475a7e4f668699072a6a0351d853d6399de689f,2023-12,Leicestershire Police,Leicestershire Police,-1.147514,52.644092,On or near Supermarket,E01013681,Leicester 016A,Public order,Unable to prosecute suspect,
9e56ea6565625e80c2e8531ef785a3d0fec1b48a522c32f96f68f6157c8d3acf,2023-12,Leicestershire Police,Leicestershire Police,-1.147514,52.644092,On or near Supermarket,E01013681,Leicester 016A,Robbery,Unable to prosecute suspect,
eb7d410f5918028666b2d526376ec69e3d4d9c1eb75096c3c101932a94511974,2023-12,Leicestershire Police,Leicestershire Police,-1.144412,52.644149,On or near Littleton Street,E01013681,Leicester 016A,Theft from the person,Investigation complete; no suspect identified,
24ad663602a4f23139af1bc726aec96fee79c62fe0ce3f641aebdecf074c0967,2023-12,Leicestershire Police,Leicestershire Police,-1.149226,52.641334,On or near Bonchurch Street,E01013681,Leicester 016A,Vehicle crime,Investigation complete; no suspect identified,
a622bd226449646add51e3a3b1502b367d39daa60b584e2d7bf7afe6ade25826,2023-12,Leicestershire Police,Leicestershire Police,-1.148045,52.642054,On or near Bassett Street,E01013681,Leicester 016A,Vehicle crime,Investigation complete; no suspect identified,
3c84e540c7254f5a71dd7175dfdb356831865d2c3048fa0060bf71964beb50d7,2023-12,Leicestershire Police,Leicestershire Police,-1.148722,52.642202,On or near Central Road,E01013681,Leicester 016A,Violence and sexual offences,Unable to prosecute suspect,
a21c9d2c4325fe8817d20e15645fdc04f441a9f156db58c113ee5b7ee90f7e5d,2023-12,Leicestershire Police,Leicestershire Police,-1.149226,52.641334,On or near Bonchurch Street,E01013681,Leicester 016A,Violence and sexual offences,Unable to prosecute suspect,
2717cc6c249bd551f69b2ed5eac8842e523bf253ee8cfc47d48086673e90f413,2023-12,Leicestershire Police,Leicestershire Police,-1.148045,52.642054,On or near Bassett Street,E01013681,Leicester 016A,Violence and sexual offences,Court result unavailable,
0952b0972a4211dc146d2f4fd460a44246ba19718ab97e1a795d639d7eb8fb60,2023-12,Leicestershire Police,Leicestershire Police,-1.148722,52.642202,On or near Central Road,E01013681,Leicester 016A,Violence and sexual offences,Unable to prosecute suspect,
137a8defcc16b2d04a1147ed3c65a62f5412473df160530ab234774df711fbd9,2023-12,Leicestershire Police,Leicestershire Police,-1.147227,52.643846,On or near Woodgate,E01013681,Leicester 016A,Violence and sexual offences,Action to be taken by another organisation,
23d6aab7c560c39565d825ef5b4a8306a0ff5c85ce8029f280b7e82bac47b280,2023-12,Leicestershire Police,Leicestershire Police,-1.148722,52.642202,On or near Central Road,E01013681,Leicester 016A,Violence and sexual offences,Unable to prosecute suspect,
35124810245f726ba827e451959cd2e3c6c1abbbcd515a73bc383515fc4713c6,2023-12,Leicestershire Police,Leicestershire Police,-1.145406,52.643203,On or near Storey Street,E01013681,Leicester 016A,Violence and sexual offences,Unable to prosecute suspect,
4694b8d8b4324a75ff56922eddd2868cc8a90409c6b3ffb34d88e4a0ac108284,2023-12,Leicestershire Police,Leicestershire Police,-1.144412,52.644149,On or near Littleton Street,E01013681,Leicester 016A,Violence and sexual offences,Investigation complete; no suspect identified,
bf35e06df30a08b6cbdf0d480a17fc8c729b81711dd311e5cf9957140b263f85,2023-12,Leicestershire Police,Leicestershire Police,-1.148722,52.642202,On or near Central Road,E01013681,Leicester 016A,Violence and sexual offences,Unable to prosecute suspect,
d8b0fb62530c6937b460e3487035786b6bf8b61a63da4a88fc34a8dfae31ddbd,2023-12,Leicestershire Police,Leicestershire Police,-1.148894,52.643220,On or near Balfour Street,E01013681,Leicester 016A,Violence and sexual offences,Unable to prosecute suspect,
1bfb2891a04acd516758b21ecb34f7cafad65ff23bf917ba95147d92e65136bb,2023-12,Leicestershire Police,Leicestershire Police,-1.148722,52.642202,On or near Central Road,E01013681,Leicester 016A,Violence and sexual offences,Investigation complete; no suspect identified,
bf6deda8d7b1b30a54700a48800629087e6acc074ce85f5bc1991513612d7072,2023-12,Leicestershire Police,Leicestershire Police,-1.146202,52.642580,On or near Rugby Street,E01013681,Leicester 016A,Violence and sexual offences,Unable to prosecute suspect,
ffb0f8ec0dfa5d57119ae66d627a8b77ef7527d2e7215a9edf5384a9ea5163af,2023-12,Leicestershire Police,Leicestershire Police,-1.148722,52.642202,On or near Central Road,E01013681,Leicester 016A,Violence and sexual offences,Investigation complete; no suspect identified,
,2023-12,Leicestershire Police,Leicestershire Police,-1.156113,52.641329,On or near Beatrice Road,E01013682,Leicester 016B,Anti-social behaviour,,
21b0a34c52ffc88fd6c70a0c42cb7b2d2ca34fba01303dd1db47b11d661b4362,2023-12,Leicestershire Police,Leicestershire Police,-1.156113,52.641329,On or near Beatrice Road,E01013682,Leicester 016B,Criminal damage and arson,Investigation complete; no suspect identified,
a2c3481fbc676ab488b93a3dcf2b01e9ed269c5aa04eeb4067fb8f63aa97ae9d,2023-12,Leicestershire Police,Leicestershire Police,-1.156912,52.639744,On or near Ruby Street,E01013682,Leicester 016B,Drugs,Investigation complete; no suspect identified,
07d3578f0c35b5ba1ffe36c262a622c82251000ff54c83a098c0e9e10c6fd011,2023-12,Leicestershire Police,Leicestershire Police,-1.156113,52.641329,On or near Beatrice Road,E01013682,Leicester 016B,Public order,Investigation complete; no suspect identified,
85f0965c1ac115014944ee93ce15b0de8f396e2097e21e93fca7ea21711a6618,2023-12,Leicestershire Police,Leicestershire Police,-1.156113,52.641329,On or near Beatrice Road,E01013682,Leicester 016B,Violence and sexual offences,Unable to prosecute suspect,
b87c64bfdb5d16b83aaca00d267dbecbc66bc5b4b0d58f5f2f87752b5629e930,2023-12,Leicestershire Police,Leicestershire Police,-1.159204,52.641981,On or near Ingle Street,E01013682,Leicester 016B,Violence and sexual offences,Formal action is not in the public interest,
5ed8c0227ac1ae6f0446bef18bc164ef704b514721431048efe36bc515b6aadd,2023-12,Leicestershire Police,Leicestershire Police,-1.157754,52.639750,On or near Rowan Street,E01013682,Leicester 016B,Violence and sexual offences,Unable to prosecute suspect,
36eb23a9f33bf473e46bd71f278c349b36f09db636d51577aa005ff4d1933ba9,2023-12,Leicestershire Police,Leicestershire Police,-1.157754,52.639750,On or near Rowan Street,E01013682,Leicester 016B,Violence and sexual offences,Status update unavailable,
ce9c58dcf0a8aa2eef58a73f08ef349aa0988932240988926aec07bb49fcc79d,2023-12,Leicestershire Police,Leicestershire Police,-1.156113,52.641329,On or near Beatrice Road,E01013682,Leicester 016B,Violence and sexual offences,Unable to prosecute suspect,
7a0eead6caa909486f33e3f180064b6ac7dc705a7ccecf4539725f4170cca41a,2023-12,Leicestershire Police,Leicestershire Police,-1.159204,52.641981,On or near Ingle Street,E01013682,Leicester 016B,Violence and sexual offences,Investigation complete; no suspect identified,
79c919972cf3b2e630e189a5b0ea505cca362cdde68894074982d2fa7232b0c3,2023-12,Leicestershire Police,Leicestershire Police,-1.156025,52.639737,On or near Ivanhoe Street,E01013682,Leicester 016B,Other crime,Unable to prosecute suspect,
e569295d7c2834502a535963fa8fe2446a12231d5bcda73c538be06a137eb47c,2023-12,Leicestershire Police,Leicestershire Police,-1.156025,52.639737,On or near Ivanhoe Street,E01013682,Leicester 016B,Other crime,Investigation complete; no suspect identified,
7f5e0cc059843f7487249db4278de240a6d5c348185857b58bcbabf10e4a6ad6,2023-12,Leicestershire Police,Leicestershire Police,-1.150403,52.638538,On or near Paget Road,E01013683,Leicester 016C,Violence and sexual offences,Court result unavailable,
,2023-12,Leicestershire Police,Leicestershire Police,-1.149381,52.637146,On or near Vaughan Street,E01013683,Leicester 016C,Anti-social behaviour,,
,2023-12,Leicestershire Police,Leicestershire Police,-1.149381,52.637146,On or near Vaughan Street,E01013683,Leicester 016C,Anti-social behaviour,,
,2023-12,Leicestershire Police,Leicestershire Police,-1.152849,52.639670,On or near Supermarket,E01013683,Leicester 016C,Anti-social behaviour,,
,2023-12,Leicestershire Police,Leicestershire Police,-1.150850,52.639916,On or near Empire Road,E01013683,Leicester 016C,Anti-social behaviour,,
,2023-12,Leicestershire Police,Leicestershire Police,-1.150403,52.638538,On or near Paget Road,E01013683,Leicester 016C,Anti-social behaviour,,
33461b29f3d504ad2ceca0cab6dd4e897dcbdaf8abf182db74e721f7c3c0564d,2023-12,Leicestershire Police,Leicestershire Police,-1.154011,52.639993,On or near Oban Street,E01013683,Leicester 016C,Burglary,Investigation complete; no suspect identified,
506975d302bdcedf25ce93d37c431a565568c60ac67eaf1fabafe1ba08644d0b,2023-12,Leicestershire Police,Leicestershire Police,-1.154011,52.639993,On or near Oban Street,E01013683,Leicester 016C,Burglary,Investigation complete; no suspect identified,
d59eaa1f18983eb3d95a32fbb06318d28f840144b32c8e5bc16d1eaa34c597fb,2023-12,Leicestershire Police,Leicestershire Police,-1.155080,52.639731,On or near Sylvan Street,E01013683,Leicester 016C,Burglary,Investigation complete; no suspect identified,
7b37eb4f1371cd9ad1482041218491486ee4330e0f240623145d179863902a9c,2023-12,Leicestershire Police,Leicestershire Police,-1.150803,52.639260,On or near Mantle Road,E01013683,Leicester 016C,Criminal damage and arson,Unable to prosecute suspect,
1e2e7430f09e091312a2448a67507ae4d97110c45b5042cce7dbd8b97197f112,2023-12,Leicestershire Police,Leicestershire Police,-1.154011,52.639993,On or near Oban Street,E01013683,Leicester 016C,Criminal damage and arson,Court result unavailable,
344f42a40aae52636eff26044fce87c16e6ff345829ca71073f23e5a49a47dd2,2023-12,Leicestershire Police,Leicestershire Police,-1.153213,52.639187,On or near Petrol Station,E01013683,Leicester 016C,Drugs,Local resolution,
ec0fa4355b4b2f969de7860471451e96dcf72e7994e0bf3dd488ba5cd871e35a,2023-12,Leicestershire Police,Leicestershire Police,-1.150850,52.639916,On or near Empire Road,E01013683,Leicester 016C,Drugs,Court result unavailable,
745cd5e5bd229dbf96b39cabb24ede7b87e14f0c95dd0afd4a77bf3e761c1279,2023-12,Leicestershire Police,Leicestershire Police,-1.153213,52.639187,On or near Petrol Station,E01013683,Leicester 016C,Other theft,Investigation complete; no suspect identified,
50c87a8cb401d7dfe0c9925b1ba534529c33f83fbdbfc0c9d67607810f701853,2023-12,Leicestershire Police,Leicestershire Police,-1.150850,52.639916,On or near Empire Road,E01013683,Leicester 016C,Other theft,Unable to prosecute suspect,
e6507b05fab022bed0bd194dac32dd26067eef30db2d01c5ba7285c0ff1076ee,2023-12,Leicestershire Police,Leicestershire Police,-1.150850,52.639916,On or near Empire Road,E01013683,Leicester 016C,Public order,Unable to prosecute suspect,
94d5d9a8600ac345286976b56685597b71cfd41e91c41fdbe4832f8332d45d15,2023-12,Leicestershire Police,Leicestershire Police,-1.150803,52.639260,On or near Mantle Road,E01013683,Leicester 016C,Public order,Investigation complete; no suspect identified,
3c8df35cc47578c45b7c4e9f8960e9f29036a437251f33024040b0012af9744a,2023-12,Leicestershire Police,Leicestershire Police,-1.150850,52.639916,On or near Empire Road,E01013683,Leicester 016C,Public order,Investigation complete; no suspect identified,
a11ec7ddd42c75ed1bc768046c15e4e94ace1579600bed57ffb70b1d9b6b4d79,2023-12,Leicestershire Police,Leicestershire Police,-1.151343,52.638859,On or near Battenberg Road,E01013683,Leicester 016C,Public order,Investigation complete; no suspect identified,
375dcd1e7d6c3780baa32352d3b13ff056479394bd0868f7dfe7fbe7b516e85d,2023-12,Leicestershire Police,Leicestershire Police,-1.153213,52.639187,On or near Petrol Station,E01013683,Leicester 016C,Shoplifting,Investigation complete; no suspect identified,
651699094cd32cd58eb7d39cccb3c0cf031deaf0e9b415478e72d3f02265f0b5,2023-12,Leicestershire Police,Leicestershire Police,-1.153213,52.639187,On or near Petrol Station,E01013683,Leicester 016C,Shoplifting,Investigation complete; no suspect identified,
ef94d6ac1967620da53895cda522d749038ce90b76768f3f186b392747efea4d,2023-12,Leicestershire Police,Leicestershire Police,-1.150850,52.639916,On or near Empire Road,E01013683,Leicester 016C,Vehicle crime,Unable to prosecute suspect,
bf0f66b9809005bf7a5bb540ab4518d4122b8431dc5fe676cc06819ab683d475,2023-12,Leicestershire Police,Leicestershire Police,-1.150403,52.638538,On or near Paget Road,E01013683,Leicester 016C,Vehicle crime,Investigation complete; no suspect identified,
89e56a3b4166d1420e0693548be420d5627825580fa09781303e4856cecfc648,2023-12,Leicestershire Police,Leicestershire Police,-1.150403,52.638538,On or near Paget Road,E01013683,Leicester 016C,Vehicle crime,Investigation complete; no suspect identified,
2446ec0fe2b8bb2e879396418e9451dcbe3ff4d726890e2c21bdff7e60698018,2023-12,Leicestershire Police,Leicestershire Police,-1.150850,52.639916,On or near Empire Road,E01013683,Leicester 016C,Violence and sexual offences,Local resolution,
c21cad8b2af261f78b7a363366b1195caae44de0c70d218c5a129acaba538202,2023-12,Leicestershire Police,Leicestershire Police,-1.150807,52.637552,On or near Borlace Street,E01013683,Leicester 016C,Violence and sexual offences,Investigation complete; no suspect identified,
37a6f5e5f10d483b3cae44ea66f2dae3f598767576ab75b8592f071a2e4af60b,2023-12,Leicestershire Police,Leicestershire Police,-1.153213,52.639187,On or near Petrol Station,E01013683,Leicester 016C,Violence and sexual offences,Investigation complete; no suspect identified,
23f4f80f625e8ed043a20f358a825e3c725d1f360bf79e16b5e29bfe6a95996c,2023-12,Leicestershire Police,Leicestershire Police,-1.149724,52.637769,On or near Vernon Street,E01013683,Leicester 016C,Violence and sexual offences,Local resolution,
8f3b1507ab66f2273b4969d567ae99481639ff58f4924f9010fe6fcd96e7dcb0,2023-12,Leicestershire Police,Leicestershire Police,-1.153213,52.639187,On or near Petrol Station,E01013683,Leicester 016C,Violence and sexual offences,Investigation complete; no suspect identified,
a2c6c77e1392228cb0eb46f89cc1518d94da3ecd61d254d5e2794b8d35e13e9f,2023-12,Leicestershire Police,Leicestershire Police,-1.150403,52.638538,On or near Paget Road,E01013683,Leicester 016C,Violence and sexual offences,Investigation complete; no suspect identified,
f60c3af0f7a7787ef7f8362941bb64719984d9ec009cdbc36d2b572c413d0e29,2023-12,Leicestershire Police,Leicestershire Police,-1.155080,52.639731,On or near Sylvan Street,E01013683,Leicester 016C,Violence and sexual offences,Unable to prosecute suspect,
07b7a047d1a16d1ca0d3aa1f3d1bfee26ccbfb17aeb45799a85e1dfd6dc1385a,2023-12,Leicestershire Police,Leicestershire Police,-1.154011,52.639993,On or near Oban Street,E01013683,Leicester 016C,Violence and sexual offences,Unable to prosecute suspect,
64a6ffde987ca15a0c9e936d9a48fa7ae99e85dc5624e2f800b7d6384ebd1b78,2023-12,Leicestershire Police,Leicestershire Police,-1.154011,52.639993,On or near Oban Street,E01013683,Leicester 016C,Violence and sexual offences,Court result unavailable,
0f8d96c037484595e294f2487bdfd009bdd08eaa079c9f3bd1cc7f7eeaa0f772,2023-12,Leicestershire Police,Leicestershire Police,-1.149724,52.637769,On or near Vernon Street,E01013683,Leicester 016C,Violence and sexual offences,Unable to prosecute suspect,
dcce9de27258de16343f511528a5e8e085876bad4a84d811d89d2de722585f52,2023-12,Leicestershire Police,Leicestershire Police,-1.150850,52.639916,On or near Empire Road,E01013683,Leicester 016C,Violence and sexual offences,Action to be taken by another organisation,
8b19ab140a5b57f972eb8d500fa397e5febd94106f6fcc2f215715cb5e5dfc30,2023-12,Leicestershire Police,Leicestershire Police,-1.153213,52.639187,On or near Petrol Station,E01013683,Leicester 016C,Violence and sexual offences,Investigation complete; no suspect identified,
fc9bf84dc372aac51550a764cc41d8f2b37e2c1d817f9cff763d6903ab55bf06,2023-12,Leicestershire Police,Leicestershire Police,-1.151524,52.637134,On or near Tyrrell Street,E01013683,Leicester 016C,Violence and sexual offences,Unable to prosecute suspect,
293c45a63f3362d1589652ce061cf8b1ed3a619d26938e280700f6ddaa06ff9f,2023-12,Leicestershire Police,Leicestershire Police,-1.147906,52.637791,On or near Tudor Road,E01013684,Leicester 016D,Criminal damage and arson,Offender given a caution,
2c6f8379970088070bb73cbdd2978207525bedefdce57eef668b6b013ad3d57b,2023-12,Leicestershire Police,Leicestershire Police,-1.150247,52.636702,On or near Tewkesbury Street,E01013684,Leicester 016D,Criminal damage and arson,Unable to prosecute suspect,
529b7d31a718332c7833b26d3067f867488011e010f440bd06a02baa65f991de,2023-12,Leicestershire Police,Leicestershire Police,-1.147906,52.637791,On or near Tudor Road,E01013684,Leicester 016D,Violence and sexual offences,Investigation complete; no suspect identified,
be803a31c3d47f047d977750fb0b7860881cabf0be60468e8a4eed365ae14a4a,2023-12,Leicestershire Police,Leicestershire Police,-1.150247,52.636702,On or near Tewkesbury Street,E01013684,Leicester 016D,Other crime,Unable to prosecute suspect,
,2023-12,Leicestershire Police,Leicestershire Police,-1.147448,52.634732,On or near Tudor Close,E01013684,Leicester 016D,Anti-social behaviour,,
,2023-12,Leicestershire Police,Leicestershire Police,-1.149403,52.634503,On or near Kate Street,E01013684,Leicester 016D,Anti-social behaviour,,
,2023-12,Leicestershire Police,Leicestershire Police,-1.149403,52.634503,On or near Kate Street,E01013684,Leicester 016D,Anti-social behaviour,,
,2023-12,Leicestershire Police,Leicestershire Police,-1.149403,52.634503,On or near Kate Street,E01013684,Leicester 016D,Anti-social behaviour,,
,2023-12,Leicestershire Police,Leicestershire Police,-1.149403,52.634503,On or near Kate Street,E01013684,Leicester 016D,Anti-social behaviour,,
,2023-12,Leicestershire Police,Leicestershire Police,-1.144030,52.634995,On or near Richard Iii Road,E01013684,Leicester 016D,Anti-social behaviour,,
,2023-12,Leicestershire Police,Leicestershire Police,-1.144030,52.634995,On or near Richard Iii Road,E01013684,Leicester 016D,Anti-social behaviour,,
124a67d53865de690772e611b041223517a30731e40ba05b78dcb46c1f29fcab,2023-12,Leicestershire Police,Leicestershire Police,-1.144030,52.634995,On or near Richard Iii Road,E01013684,Leicester 016D,Bicycle theft,Investigation complete; no suspect identified,
84cddb27bf97605c81ec9fecc5e56dfebde8e539d83bf75ef653938cdf82bc10,2023-12,Leicestershire Police,Leicestershire Police,-1.144030,52.634995,On or near Richard Iii Road,E01013684,Leicester 016D,Bicycle theft,Investigation complete; no suspect identified,
505465ae4c7d852d14a9a823e4fe2ac4882f2a4444465ae851b0cc1ccdfb523e,2023-12,Leicestershire Police,Leicestershire Police,-1.147906,52.637791,On or near Tudor Road,E01013684,Leicester 016D,Burglary,Investigation complete; no suspect identified,
3d071e1326ca395f1b01a919134eda08b0e7672c752c19ef3b6a50aedafcad2b,2023-12,Leicestershire Police,Leicestershire Police,-1.147448,52.634732,On or near Tudor Close,E01013684,Leicester 016D,Criminal damage and arson,Investigation complete; no suspect identified,
fa69698272ab442c02306d15353fa1b6c0f801e8d3ca2908b811a9f6bd6d0847,2023-12,Leicestershire Police,Leicestershire Police,-1.144030,52.634995,On or near Richard Iii Road,E01013684,Leicester 016D,Criminal damage and arson,Investigation complete; no suspect identified,
174e5946574699417c37fc09512d3a6c6f604304d087c09a79a32f8e63e60e84,2023-12,Leicestershire Police,Leicestershire Police,-1.147448,52.634732,On or near Tudor Close,E01013684,Leicester 016D,Criminal damage and arson,Investigation complete; no suspect identified,
a8c6ffc8c584223dc72a1f6974350ad19a3831d588fd0faca790a26d885164eb,2023-12,Leicestershire Police,Leicestershire Police,-1.147448,52.634732,On or near Tudor Close,E01013684,Leicester 016D,Criminal damage and arson,Investigation complete; no suspect identified,
ce97906bf52574d9065e656090d40a92fa9e1a0302fcd70ca9d2baade0ba540c,2023-12,Leicestershire Police,Leicestershire Police,-1.147906,52.637791,On or near Tudor Road,E01013684,Leicester 016D,Drugs,Investigation complete; no suspect identified,
a89db1b31b302a1ee56b1f37c324d05dbc78471e7c5639a13b8d15984ab4cd43,2023-12,Leicestershire Police,Leicestershire Police,-1.147448,52.634732,On or near Tudor Close,E01013684,Leicester 016D,Drugs,Status update unavailable,
f25d9b1689e8868b67a6e40a967a0e410901c37414031af7b53a4104939008a9,2023-12,Leicestershire Police,Leicestershire Police,-1.144030,52.634995,On or near Richard Iii Road,E01013684,Leicester 016D,Other theft,Investigation complete; no suspect identified,
fb4b5935a2ec9bd70e17ebaa90a20dbc97ee613dd3a9c0685f966b7ee62f86ff,2023-12,Leicestershire Police,Leicestershire Police,-1.147646,52.635182,On or near Rivers Street,E01013684,Leicester 016D,Other theft,Investigation complete; no suspect identified,
fcf632b81bfe00bc5c0afc399352e8ee9a5d91804322855024336f4a5bdfa11c,2023-12,Leicestershire Police,Leicestershire Police,-1.150236,52.636487,On or near Dannett Street,E01013684,Leicester 016D,Other theft,Unable to prosecute suspect,
db2fe9f10d0b6736bb3f5eb6efc75ccc793ca2106cc1dff53c9f574d70af6453,2023-12,Leicestershire Police,Leicestershire Police,-1.149403,52.634503,On or near Kate Street,E01013684,Leicester 016D,Other theft,Investigation complete; no suspect identified,
d4fa3f4132e4d06cb7e18c383c1cfa1527692bba9a035af849949ba9b219775b,2023-12,Leicestershire Police,Leicestershire Police,-1.147906,52.637791,On or near Tudor Road,E01013684,Leicester 016D,Possession of weapons,Court result unavailable,
4850e7c7ef8018f27ed222225df4010d9bfa5606b0dff9c0d5e733178cf7eb05,2023-12,Leicestershire Police,Leicestershire Police,-1.149403,52.634503,On or near Kate Street,E01013684,Leicester 016D,Public order,Investigation complete; no suspect identified,
f67b47ff6eab98f5ca7fbec25695aee52284216746b5a3f65c2b1e8973b71149,2023-12,Leicestershire Police,Leicestershire Police,-1.149403,52.634503,On or near Kate Street,E01013684,Leicester 016D,Public order,Investigation complete; no suspect identified,
2748580f95ce781978317d40af6f4055a0c8af165ce4f8e2935606d93be3e406,2023-12,Leicestershire Police,Leicestershire Police,-1.144030,52.634995,On or near Richard Iii Road,E01013684,Leicester 016D,Public order,Status update unavailable,
8cd57323879a84bc47c3667d8f1601f63dee4ec35855eba9ed6460c2391fc6bd,2023-12,Leicestershire Police,Leicestershire Police,-1.147906,52.637791,On or near Tudor Road,E01013684,Leicester 016D,Public order,Unable to prosecute suspect,
05139d6280a6964897b9c24db05e24cb98aec3b4b537b4cb209e7f96673a4806,2023-12,Leicestershire Police,Leicestershire Police,-1.144030,52.634995,On or near Richard Iii Road,E01013684,Leicester 016D,Vehicle crime,Investigation complete; no suspect identified,
cb359994dbeaeafe88f322d8e91042ea312fdae75252cc16f935aaed7125e40d,2023-12,Leicestershire Police,Leicestershire Police,-1.144030,52.634995,On or near Richard Iii Road,E01013684,Leicester 016D,Vehicle crime,Investigation complete; no suspect identified,
cb468549423035c14a20399d64efafeaabce97c610b5f309b5a3fd375b93a42a,2023-12,Leicestershire Police,Leicestershire Police,-1.148856,52.635290,On or near Clifford Street,E01013684,Leicester 016D,Vehicle crime,Investigation complete; no suspect identified,
dea3e226c61e19942c3be13f7f8db41c9f716f0ba3b17254197ae4530db4182c,2023-12,Leicestershire Police,Leicestershire Police,-1.147646,52.635182,On or near Rivers Street,E01013684,Leicester 016D,Violence and sexual offences,Unable to prosecute suspect,
3163c4c658d5f597081d5119690e5efb0b670d683fd1c7f0f8dfaa433978ef5d,2023-12,Leicestershire Police,Leicestershire Police,-1.151353,52.635308,On or near Noble Street,E01013684,Leicester 016D,Violence and sexual offences,Formal action is not in the public interest,
c9522efb4fa78b4b1308fa2febaa1a5d14ccc0e6df784650e719745d0aad6fa3,2023-12,Leicestershire Police,Leicestershire Police,-1.147906,52.637791,On or near Tudor Road,E01013684,Leicester 016D,Violence and sexual offences,Unable to prosecute suspect,
8e6f2f62ad39e1fcb6aec4c5e2ea7b7d7c265565ac63e9d27d405e3d80a886e3,2023-12,Leicestershire Police,Leicestershire Police,-1.148856,52.635290,On or near Clifford Street,E01013684,Leicester 016D,Violence and sexual offences,Investigation complete; no suspect identified,
4340e29566ecc90de87432d78533a34ba9a87fc932c4bc4743b3e39e2868f31c,2023-12,Leicestershire Police,Leicestershire Police,-1.147646,52.635182,On or near Rivers Street,E01013684,Leicester 016D,Violence and sexual offences,Unable to prosecute suspect,
5b62c347f3abb8170ee6a9a109847a3fb94efcfd9a64e9257774d1f33ab2fc74,2023-12,Leicestershire Police,Leicestershire Police,-1.150236,52.636487,On or near Dannett Street,E01013684,Leicester 016D,Violence and sexual offences,Unable to prosecute suspect,
12948f05402661f7037ea38fb25f66387794da370608df6d9c7013298d63c7dd,2023-12,Leicestershire Police,Leicestershire Police,-1.150236,52.636487,On or near Dannett Street,E01013684,Leicester 016D,Violence and sexual offences,Unable to prosecute suspect,
d030012ed9a48c10a354a358b4f4cc788d844bdd28266934b86865831be3f8b8,2023-12,Leicestershire Police,Leicestershire Police,-1.147646,52.635182,On or near Rivers Street,E01013684,Leicester 016D,Violence and sexual offences,Court result unavailable,
e21a16d1a3139141882a3123aa62ddf7dcbfe863402c1bbd73db45bf096278f4,2023-12,Leicestershire Police,Leicestershire Police,-1.147646,52.635182,On or near Rivers Street,E01013684,Leicester 016D,Violence and sexual offences,Court result unavailable,
feae952d02dd46f9ecb72f161b04cb712e9bb7614232b4763723bc579bf207fd,2023-12,Leicestershire Police,Leicestershire Police,-1.150236,52.636487,On or near Dannett Street,E01013684,Leicester 016D,Violence and sexual offences,Investigation complete; no suspect identified,
ba565bd12f20c6ce2a5ae23baff8edcbd487d60cb262f8eb558f9d93537ea489,2023-12,Leicestershire Police,Leicestershire Police,-1.149403,52.634503,On or near Kate Street,E01013684,Leicester 016D,Violence and sexual offences,Formal action is not in the public interest,
f91d4f2f66e4fb6e2203e8560c4fbb5e13d6914d6e83bb5f08f5955d13b6fa10,2023-12,Leicestershire Police,Leicestershire Police,-1.147646,52.635182,On or near Rivers Street,E01013684,Leicester 016D,Violence and sexual offences,Unable to prosecute suspect,
4ab1f4fafdc908707436f58ac45b5e56f02a37440bc723f84e178d159a2dfb74,2023-12,Leicestershire Police,Leicestershire Police,-1.144030,52.634995,On or near Richard Iii Road,E01013684,Leicester 016D,Other crime,Action to be taken by another organisation,
62493b69ccb366bcfbd74e0e7dd41db515068f2e0987edef7539d83c90561659,2023-12,Leicestershire Police,Leicestershire Police,-1.111081,52.642870,On or near Farringdon Street,E01013654,Leicester 017A,Violence and sexual offences,Unable to prosecute suspect,
8c56e912da11f5a78a09c8e5e81a361546098082afea4ed817788f54eb0480a3,2023-12,Leicestershire Police,Leicestershire Police,-1.109185,52.642361,On or near Lombardy Rise,E01013654,Leicester 017A,Criminal damage and arson,Investigation complete; no suspect identified,
8a4f8ea1b929e72ebed1e13ceda900385097a958bbbdb33bc224d2ccb1509049,2023-12,Leicestershire Police,Leicestershire Police,-1.111189,52.640435,On or near Sandpiper Close,E01013654,Leicester 017A,Other theft,Unable to prosecute suspect,
3e9dc88021087c3dee0a452fe68ee22e839db06c11e18d2abf4e5bf56b37034e,2023-12,Leicestershire Police,Leicestershire Police,-1.108386,52.640935,On or near Spinney Hill Road,E01013654,Leicester 017A,Public order,Investigation complete; no suspect identified,
ed6d70e51a919e885a8d1144ca0b6bccecb851c500837dc45e8968001f1f8877,2023-12,Leicestershire Police,Leicestershire Police,-1.109185,52.642361,On or near Lombardy Rise,E01013654,Leicester 017A,Theft from the person,Investigation complete; no suspect identified,
480cbda4df3c589d6f44a282d448bb0efe6e884d443a1844f7a819d5a1631097,2023-12,Leicestershire Police,Leicestershire Police,-1.107067,52.642588,On or near Longcliffe Road,E01013654,Leicester 017A,Violence and sexual offences,Unable to prosecute suspect,
9af41ff2ffe292a41aa196331373e21f2aa30800ff70fc659b34603b6e565419,2023-12,Leicestershire Police,Leicestershire Police,-1.111189,52.640435,On or near Sandpiper Close,E01013654,Leicester 017A,Violence and sexual offences,Investigation complete; no suspect identified,
302206e72cae3ab7204cd39591a7a902172a97d5fa1d70fe0926edd39c64fda4,2023-12,Leicestershire Police,Leicestershire Police,-1.105870,52.644009,On or near Galby Street,E01013654,Leicester 017A,Violence and sexual offences,Unable to prosecute suspect,
9a3c140a7e7d02b306eb177a1dc9e726239b71e5b1aba5dd31e1f4d9b1209ff6,2023-12,Leicestershire Police,Leicestershire Police,-1.111636,52.640977,On or near Pembroke Street,E01013654,Leicester 017A,Violence and sexual offences,Status update unavailable,
02d45c045e78744e30858b4668a279bef64c7f6b14a7aa4fa49fd9fb7c092ce4,2023-12,Leicestershire Police,Leicestershire Police,-1.113244,52.638931,On or near Charnwood Street,E01013654,Leicester 017A,Violence and sexual offences,Local resolution,
dd3ce0e65edef00020ac5d3d206efd32fb2ec8b85f0679be3a211e3557ca7e2e,2023-12,Leicestershire Police,Leicestershire Police,-1.109155,52.644546,On or near Hammercliffe Road,E01013654,Leicester 017A,Violence and sexual offences,Action to be taken by another organisation,
ce24ce41c31d46db25ec73fec530912dc4d76210b63079ee8f7fcac88811c194,2023-12,Leicestershire Police,Leicestershire Police,-1.105870,52.644009,On or near Galby Street,E01013654,Leicester 017A,Other crime,Investigation complete; no suspect identified,
1a2e75a2188e7d0eda5c530a55ebdcd3f29affd5343d4a2eb851b1d81f7bcbf0,2023-12,Leicestershire Police,Leicestershire Police,-1.103182,52.639565,On or near Stroud Road,E01013656,Leicester 017B,Other theft,Investigation complete; no suspect identified,
4f5f8b7c0e95ffbc2daeda5488bd3599133424b821e95c77a45a4e42d684106b,2023-12,Leicestershire Police,Leicestershire Police,-1.106568,52.640939,On or near Percival Street,E01013656,Leicester 017B,Public order,Investigation complete; no suspect identified,
,2023-12,Leicestershire Police,Leicestershire Police,-1.110710,52.638561,On or near Mount Road,E01013657,Leicester 017C,Anti-social behaviour,,
,2023-12,Leicestershire Police,Leicestershire Police,-1.110710,52.638561,On or near Mount Road,E01013657,Leicester 017C,Anti-social behaviour,,
4959aa929022a66be57a8124ac9d7fff92130fb85d0d1ca7812468e59be8acf8,2023-12,Leicestershire Police,Leicestershire Police,-1.108006,52.639251,On or near Mere Close,E01013657,Leicester 017C,Burglary,Investigation complete; no suspect identified,
123d260a366d29b5d0c34c59f35d4437be6f6dbe88dc6a29394c4ed6acb62d86,2023-12,Leicestershire Police,Leicestershire Police,-1.106807,52.639377,On or near Brambling Road,E01013657,Leicester 017C,Drugs,Investigation complete; no suspect identified,
bad7341f48d23d61e913c62b0460d512328bc6961a9763b2c2264733527f77a7,2023-12,Leicestershire Police,Leicestershire Police,-1.106145,52.639228,On or near Mount Avenue,E01013657,Leicester 017C,Public order,Investigation complete; no suspect identified,
bf3af817db060b2863b4daac8dfba364aa58439ee2a6418daa2373fac004f1e4,2023-12,Leicestershire Police,Leicestershire Police,-1.106145,52.639228,On or near Mount Avenue,E01013657,Leicester 017C,Violence and sexual offences,Unable to prosecute suspect,
8101fe4dbabff7ac65009e72794c6f1dde851ff89f3a0e62c4fec5f6bfc5d258,2023-12,Leicestershire Police,Leicestershire Police,-1.099719,52.639836,On or near Duxbury Road,E01013658,Leicester 017D,Criminal damage and arson,Investigation complete; no suspect identified,
8e67cedaaed5576eefbc11af5bbae33fc471f70f1e5cbf9a5136805f2b1d1dfc,2023-12,Leicestershire Police,Leicestershire Police,-1.103213,52.641696,On or near Quorn Road,E01013658,Leicester 017D,Violence and sexual offences,Formal action is not in the public interest,
60fb117f8d3cb80a8b23228b794d6bae5d19d9558e7197e1289b9d2ee9cf1527,2023-12,Leicestershire Police,Leicestershire Police,-1.102712,52.640892,On or near Oakley Road,E01013658,Leicester 017D,Violence and sexual offences,Further investigation is not in the public interest,
,2023-12,Leicestershire Police,Leicestershire Police,-1.106704,52.636454,On or near Halstead Street,E01013659,Leicester 017E,Anti-social behaviour,,
220dfaa667e3d9727cc26c37a97676e165f076d712b3f319e9aa5382d94ce680,2023-12,Leicestershire Police,Leicestershire Police,-1.105377,52.637775,On or near Asfordby Street,E01013659,Leicester 017E,Bicycle theft,Further investigation is not in the public interest,
d110c3d507277de4b5868d47c056d7efce05c04d54195020140dfe2179a3dac9,2023-12,Leicestershire Police,Leicestershire Police,-1.103664,52.637681,On or near Rolleston Street,E01013659,Leicester 017E,Drugs,Investigation complete; no suspect identified,
c1dfe914bb46f4a2f33954b95ac8ce9d5a06f1751ae3dc399acd0e48463838b3,2023-12,Leicestershire Police,Leicestershire Police,-1.106704,52.636454,On or near Halstead Street,E01013659,Leicester 017E,Drugs,Investigation complete; no suspect identified,
2677f9695f64aa46346e04ab9e7954e4ee0ed93e55d8b0fcf37086913485fa1f,2023-12,Leicestershire Police,Leicestershire Police,-1.106601,52.637874,On or near Wood Hill,E01013659,Leicester 017E,Violence and sexual offences,Unable to prosecute suspect,
57ddbe62ad25ef6166c4d4dd65f12a12195caad91145fafe655f74ba98549f8a,2023-12,Leicestershire Police,Leicestershire Police,-1.106704,52.636454,On or near Halstead Street,E01013659,Leicester 017E,Violence and sexual offences,Unable to prosecute suspect,
41f606ae01896d618ac285cd2db260af1c2bdfc5dc570af989c458fdc930701c,2023-12,Leicestershire Police,Leicestershire Police,-1.110565,52.637697,On or near Frederick Road,E01013743,Leicester 017F,Violence and sexual offences,Unable to prosecute suspect,
,2023-12,Leicestershire Police,Leicestershire Police,-1.108428,52.635973,On or near Shelbourne Street,E01013745,Leicester 017G,Anti-social behaviour,,
,2023-12,Leicestershire Police,Leicestershire Police,-1.100841,52.634135,On or near St Saviour'S Road,E01013745,Leicester 017G,Anti-social behaviour,,
,2023-12,Leicestershire Police,Leicestershire Police,-1.104040,52.634751,On or near Police Station,E01013745,Leicester 017G,Anti-social behaviour,,
c2da21fb52323fd68b8670bd804de3a3bbc755a962b9c2425b4b116cb54a1512,2023-12,Leicestershire Police,Leicestershire Police,-1.105553,52.632751,On or near East Park Road,E01013745,Leicester 017G,Burglary,Investigation complete; no suspect identified,
6666e6452f44f816c351a0e640b5756b6da94302b9242fa91847d519f62227c8,2023-12,Leicestershire Police,Leicestershire Police,-1.112830,52.633821,On or near Ashbourne Street,E01013745,Leicester 017G,Criminal damage and arson,Investigation complete; no suspect identified,
27b478ad57a3ce3a4dafa165e033ae0faf60ebabb3abbb25b0d38884970d48cd,2023-12,Leicestershire Police,Leicestershire Police,-1.103584,52.634381,On or near Petrol Station,E01013745,Leicester 017G,Other theft,Investigation complete; no suspect identified,
9de287d91cb2c15ac4fadd5b547ac055b3c1daa190aaa06c53c7058b5c93a159,2023-12,Leicestershire Police,Leicestershire Police,-1.105553,52.632751,On or near East Park Road,E01013745,Leicester 017G,Public order,Investigation complete; no suspect identified,
3c3fb81c13c66b43658ec603b1cf48c52337fdadb4909dfd2dc2f1c40623a543,2023-12,Leicestershire Police,Leicestershire Police,-1.108428,52.635973,On or near Shelbourne Street,E01013745,Leicester 017G,Violence and sexual offences,Unable to prosecute suspect,
6addd423b615aea66c4aa36f8966d36b2e3307cce6a0d4183bf5a901e34f094d,2023-12,Leicestershire Police,Leicestershire Police,-1.105553,52.632751,On or near East Park Road,E01013745,Leicester 017G,Violence and sexual offences,Investigation complete; no suspect identified,
,2023-12,Leicestershire Police,Leicestershire Police,-1.114534,52.635066,On or near Wilson Street,E01013742,Leicester 018A,Anti-social behaviour,,
b6299adf8fe701dc3113c6b0fbf2981971305c29758c75b3f2ec42c92c5f50b6,2023-12,Leicestershire Police,Leicestershire Police,-1.114835,52.636281,On or near Melbourne Street,E01013742,Leicester 018A,Bicycle theft,Investigation complete; no suspect identified,
04acdec2e56ead875121faf0fd9bb666b578c5160a09f2c772d91edf5e5dec84,2023-12,Leicestershire Police,Leicestershire Police,-1.115685,52.635865,On or near Garendon Street,E01013742,Leicester 018A,Other theft,Status update unavailable,
3b32dd1d55433b318138911b376f82a29dd7d4a94de9304d513e5a04e38df01a,2023-12,Leicestershire Police,Leicestershire Police,-1.113475,52.634833,On or near Duffield Street,E01013742,Leicester 018A,Vehicle crime,Investigation complete; no suspect identified,
d54a9e5db4341c8061492483a474c2e9c5e9b205929e27747b5ecc24af0e7423,2023-12,Leicestershire Police,Leicestershire Police,-1.114935,52.635725,On or near Keythorpe Street,E01013742,Leicester 018A,Violence and sexual offences,Investigation complete; no suspect identified,
9f47d920ba669943c1a856bef986bef63e5cbfad35ae44c5612f905c09f0bf6b,2023-12,Leicestershire Police,Leicestershire Police,-1.112901,52.636905,On or near Florence Road,E01013744,Leicester 018B,Violence and sexual offences,Unable to prosecute suspect,
1f13b00a09acbdbae53b50348439c13d798219184008b82f5952a2019daa2f88,2023-12,Leicestershire Police,Leicestershire Police,-1.114617,52.633880,On or near Mensa Close,E01013746,Leicester 018C,Public order,Investigation complete; no suspect identified,
,2023-12,Leicestershire Police,Leicestershire Police,-1.116450,52.634585,On or near Taurus Close,E01013746,Leicester 018C,Anti-social behaviour,,
4507de0a4168b60c3e82bc684d59ce8f1f43cae5717a428b0cf7e2c33a08bb3c,2023-12,Leicestershire Police,Leicestershire Police,-1.117195,52.634996,On or near Jupiter Close,E01013746,Leicester 018C,Criminal damage and arson,Investigation complete; no suspect identified,
2b0ce5f4c8ea200db8c3015ac339618cc01ed0b804ab54d9f0982bb25b2c36d5,2023-12,Leicestershire Police,Leicestershire Police,-1.122939,52.638194,On or near Brougham Street,E01013746,Leicester 018C,Drugs,Local resolution,
6fda8d25c696e4780fbb2fe9ec799d6bc346433c6a961cdeabdae28c05675e5f,2023-12,Leicestershire Police,Leicestershire Police,-1.123105,52.638734,On or near Crafton Street East,E01013746,Leicester 018C,Other theft,Investigation complete; no suspect identified,
ba784e8ca49c4d5f8e36b57a328e60a12495cf3337b603ee30a970bd68c54de6,2023-12,Leicestershire Police,Leicestershire Police,-1.114617,52.633880,On or near Mensa Close,E01013746,Leicester 018C,Other theft,Investigation complete; no suspect identified,
b6179cb03be184de67ad6df6a9c527b8305b0556a4b094294769ff2ccf365593,2023-12,Leicestershire Police,Leicestershire Police,-1.119034,52.637616,On or near Kent Street,E01013746,Leicester 018C,Other theft,Investigation complete; no suspect identified,
b31d6c44b8ec8bba7d6df0d1c2d6f356b6c995e8f274ad93eb0cc9ee3790e885,2023-12,Leicestershire Police,Leicestershire Police,-1.118959,52.639872,On or near Parking Area,E01013746,Leicester 018C,Other theft,Investigation complete; no suspect identified,
de23c4abbaf567bd0526ae3b06a36d64eadbcd04872b32dabe544465ef4fdd49,2023-12,Leicestershire Police,Leicestershire Police,-1.117195,52.634996,On or near Jupiter Close,E01013746,Leicester 018C,Possession of weapons,Unable to prosecute suspect,
c61aa7f4f8b3bf16a93e4a94f9a7bf60e5c9ca59e4201614da3d66c69d1003d7,2023-12,Leicestershire Police,Leicestershire Police,-1.114617,52.633880,On or near Mensa Close,E01013746,Leicester 018C,Public order,Unable to prosecute suspect,
20253f2ed6e6b18d1cb4c6c20de2feed9c24d13e4d0e67ee4f0a3971edacc8a1,2023-12,Leicestershire Police,Leicestershire Police,-1.120153,52.636060,On or near Supermarket,E01013746,Leicester 018C,Public order,Investigation complete; no suspect identified,
3b38be97484f08dabb79f5f48a1bf53f502f9e03adb451fc96489ad7aad9a5c2,2023-12,Leicestershire Police,Leicestershire Police,-1.116450,52.634585,On or near Taurus Close,E01013746,Leicester 018C,Public order,Unable to prosecute suspect,
fc68c3f86865328027bd445138985f5c0392f4721acd1c0e91746e08eee14053,2023-12,Leicestershire Police,Leicestershire Police,-1.118959,52.639872,On or near Parking Area,E01013746,Leicester 018C,Public order,Investigation complete; no suspect identified,
a483710ea2e7785ac80d31fb8545330657f4020aaa1531ca83b85b1d31001799,2023-12,Leicestershire Police,Leicestershire Police,-1.118959,52.639872,On or near Parking Area,E01013746,Leicester 018C,Public order,Unable to prosecute suspect,
d41ee36787a5efdeefc59dc54e561f5f631be90cdf2b491d8def69e2de7bf61f,2023-12,Leicestershire Police,Leicestershire Police,-1.119302,52.633860,On or near Hutchinson Street,E01013746,Leicester 018C,Robbery,Unable to prosecute suspect,
95e46f3d8402675553222d203cd750e7d847bed886314255875f026a76ffc00d,2023-12,Leicestershire Police,Leicestershire Police,-1.119738,52.636399,On or near Shopping Area,E01013746,Leicester 018C,Shoplifting,Investigation complete; no suspect identified,
a3f9f5d5e081ebf3aef41fe36dac99bff29d0897f9abafaf37222e616ca9da98,2023-12,Leicestershire Police,Leicestershire Police,-1.120153,52.636060,On or near Supermarket,E01013746,Leicester 018C,Shoplifting,Investigation complete; no suspect identified,
b75aca086cb71d354f067f374fa6c09b41827b9befc625fd493d0b3c23f87c27,2023-12,Leicestershire Police,Leicestershire Police,-1.120153,52.636060,On or near Supermarket,E01013746,Leicester 018C,Shoplifting,Court result unavailable,
5347ae722a2f88297e5e9d2600b7caeeabf415cc463714a9894a6e5679247c35,2023-12,Leicestershire Police,Leicestershire Police,-1.120153,52.636060,On or near Supermarket,E01013746,Leicester 018C,Vehicle crime,Investigation complete; no suspect identified,
9c8926ea2cd8f2b765fb2670189f262c5d845626955c32f753c8238602706b07,2023-12,Leicestershire Police,Leicestershire Police,-1.117754,52.634397,On or near Pegasus Close,E01013746,Leicester 018C,Vehicle crime,Investigation complete; no suspect identified,
a759d006dad9b7d6d700d9688240d33454e90de0c56c7f4e17a6bece2e7adb69,2023-12,Leicestershire Police,Leicestershire Police,-1.116450,52.634585,On or near Taurus Close,E01013746,Leicester 018C,Violence and sexual offences,Unable to prosecute suspect,
aa419e6b66330d08063348d2dc385f44ad5d90e201b2742a325714a5e6362f12,2023-12,Leicestershire Police,Leicestershire Police,-1.119034,52.637616,On or near Kent Street,E01013746,Leicester 018C,Violence and sexual offences,Investigation complete; no suspect identified,
5d3fa032ed9d5df97c388f6b8847e1163cd0cd98e05a44e9a96edc5849b00876,2023-12,Leicestershire Police,Leicestershire Police,-1.116450,52.634585,On or near Taurus Close,E01013746,Leicester 018C,Violence and sexual offences,Unable to prosecute suspect,
654d632284558a56c5454a0a3012412d05cfc01f250ecb0633224a445ba84e9c,2023-12,Leicestershire Police,Leicestershire Police,-1.114617,52.633880,On or near Mensa Close,E01013746,Leicester 018C,Violence and sexual offences,Unable to prosecute suspect,
bad0734eb5658fab8d5d630bdd0132b98becd6054488383e9309541a81514ef4,2023-12,Leicestershire Police,Leicestershire Police,-1.114617,52.633880,On or near Mensa Close,E01013746,Leicester 018C,Violence and sexual offences,Unable to prosecute suspect,
e6c7b5b522c2ee5f0eb9a801bc187e6e93389dc887f551d7a4391e5767c7652a,2023-12,Leicestershire Police,Leicestershire Police,-1.120153,52.636060,On or near Supermarket,E01013746,Leicester 018C,Violence and sexual offences,Local resolution,
123a3b2f97468efa71e7df1b366c455f92e5c4d071d2e9c5046f6261d78052c2,2023-12,Leicestershire Police,Leicestershire Police,-1.118959,52.639872,On or near Parking Area,E01013746,Leicester 018C,Violence and sexual offences,Unable to prosecute suspect,
963dd5c514ba6138557e7f3a73ac3d3b0de89bac92812419e79ebf825b8cc07b,2023-12,Leicestershire Police,Leicestershire Police,-1.116450,52.634585,On or near Taurus Close,E01013746,Leicester 018C,Violence and sexual offences,Unable to prosecute suspect,
1c84494047f1abbd481749dc0ae9b155bc4d70ebbb18ec5db294a67c53752a91,2023-12,Leicestershire Police,Leicestershire Police,-1.119302,52.633860,On or near Hutchinson Street,E01013746,Leicester 018C,Violence and sexual offences,Investigation complete; no suspect identified,
efddd6a0f305b9a43a761bed274a9749f3c1eeb65fe78b6ee74430409cd31059,2023-12,Leicestershire Police,Leicestershire Police,-1.116450,52.634585,On or near Taurus Close,E01013746,Leicester 018C,Other crime,Unable to prosecute suspect,
b9233a522af3567d05962a81f63128a51f2de61bb75a0f00dffb173f368366b5,2023-12,Leicestershire Police,Leicestershire Police,-1.119738,52.636399,On or near Shopping Area,E01013746,Leicester 018C,Other crime,Investigation complete; no suspect identified,
,2023-12,Leicestershire Police,Leicestershire Police,-1.119593,52.631876,On or near Moon Close,E01013748,Leicester 018D,Anti-social behaviour,,
,2023-12,Leicestershire Police,Leicestershire Police,-1.116121,52.633297,On or near Pluto Close,E01013748,Leicester 018D,Anti-social behaviour,,
,2023-12,Leicestershire Police,Leicestershire Police,-1.119593,52.631876,On or near Moon Close,E01013748,Leicester 018D,Anti-social behaviour,,
735478b837b0781eef9573084daa56a87490ac3119f29034e2341310cbffb2fb,2023-12,Leicestershire Police,Leicestershire Police,-1.116121,52.633297,On or near Pluto Close,E01013748,Leicester 018D,Other theft,Unable to prosecute suspect,
101c7decdfe87c26b8b57884606f114851dd5299e881825c5aa648d01757c55a,2023-12,Leicestershire Police,Leicestershire Police,-1.119593,52.631876,On or near Moon Close,E01013748,Leicester 018D,Other theft,Formal action is not in the public interest,
1517b408430f0455bf549d81a287c7b5a8b2184d82aaaff6158b76a9142d32b4,2023-12,Leicestershire Police,Leicestershire Police,-1.117277,52.633135,On or near Atlas Close,E01013748,Leicester 018D,Public order,Unable to prosecute suspect,
825ee4a15e42d0ac19f1173eba893d0a60d333a618960d33ff9525020b94822b,2023-12,Leicestershire Police,Leicestershire Police,-1.116121,52.633297,On or near Pluto Close,E01013748,Leicester 018D,Vehicle crime,Investigation complete; no suspect identified,
65457b6cef5ecc471da692520def4c689be6ef66ebf7c6c82ae2f0206a029087,2023-12,Leicestershire Police,Leicestershire Police,-1.119593,52.631876,On or near Moon Close,E01013748,Leicester 018D,Violence and sexual offences,Unable to prosecute suspect,
a0672dfe51112a9b8745e4f480582f6b72dd83df2b3afebe3005948ea24b4fd3,2023-12,Leicestershire Police,Leicestershire Police,-1.117334,52.631769,On or near Guthlaxton Street,E01013748,Leicester 018D,Violence and sexual offences,Unable to prosecute suspect,
de1315a3b14d9d64e544862d5a661afe7c180d052644f32cdf35cab367bf125f,2023-12,Leicestershire Police,Leicestershire Police,-1.117825,52.632348,On or near Apollo Court,E01013748,Leicester 018D,Violence and sexual offences,Unable to prosecute suspect,
87860574867508046f7f32eabee73e3a1ec1749cc48b325af39c8c4d2c13265e,2023-12,Leicestershire Police,Leicestershire Police,-1.124914,52.642883,On or near Calgary Road,E01013754,Leicester 018E,Possession of weapons,Court result unavailable,
09c5f8627eb1e029af67fb69dd1fe99bf515a87998196f1f182c46d19e2c6a9f,2023-12,Leicestershire Police,Leicestershire Police,-1.124355,52.640533,On or near Manitoba Road,E01013754,Leicester 018E,Public order,Court result unavailable,
5c08b7a69623cf7c5fa12967f058e394ae28e7cb956eded0081cddaf03ad8c12,2023-12,Leicestershire Police,Leicestershire Police,-1.125518,52.640002,On or near Lethbridge Close,E01013754,Leicester 018E,Violence and sexual offences,Local resolution,
498bf762e604cfba332ee1600b2893359341d10d68c10a39df13f8db2418d04a,2023-12,Leicestershire Police,Leicestershire Police,-1.125518,52.640002,On or near Lethbridge Close,E01013754,Leicester 018E,Burglary,Investigation complete; no suspect identified,
9b120f7943322b6f9c5026814d711a3f8f0d02207ded06455a9b6801d037b42e,2023-12,Leicestershire Police,Leicestershire Police,-1.125518,52.640002,On or near Lethbridge Close,E01013754,Leicester 018E,Criminal damage and arson,Investigation complete; no suspect identified,
f5da9d6639b7c8febe69fad0b7dbd52c13f9af49067c9430fc358f86c4ce3174,2023-12,Leicestershire Police,Leicestershire Police,-1.125793,52.642530,On or near Junction Road,E01013754,Leicester 018E,Other theft,Investigation complete; no suspect identified,
403dd9f7dca1275d4d88d0972e5ee07be2426b28d68a9ea00522a9e632f7d53a,2023-12,Leicestershire Police,Leicestershire Police,-1.125793,52.642530,On or near Junction Road,E01013754,Leicester 018E,Other theft,Investigation complete; no suspect identified,
80b007ec28d0ad4d9af60df986c95d68759e55fdd47fe17a011df518fae2bf81,2023-12,Leicestershire Police,Leicestershire Police,-1.125793,52.642530,On or near Junction Road,E01013754,Leicester 018E,Public order,Local resolution,
b48e05fe903a431cb43c6348cb5bea387a52baed7690537395c98faca1ee2950,2023-12,Leicestershire Police,Leicestershire Police,-1.124355,52.640533,On or near Manitoba Road,E01013754,Leicester 018E,Public order,Investigation complete; no suspect identified,
c5d80700dabef5c3270a5a21f67ba635a274e8a470b2e1b5b18e2a265bc008f5,2023-12,Leicestershire Police,Leicestershire Police,-1.125793,52.642530,On or near Junction Road,E01013754,Leicester 018E,Violence and sexual offences,Investigation complete; no suspect identified,
12cc0e2390d6a9ddd5488852e60146aa7b17b51a699c60aa7b6621cbfe6bf0ab,2023-12,Leicestershire Police,Leicestershire Police,-1.123972,52.641941,On or near Montreal Road,E01013754,Leicester 018E,Violence and sexual offences,Investigation complete; no suspect identified,
33e2a27850325a7a035e56a4e52557834ee664885025e2dbc11f7aed535763a4,2023-12,Leicestershire Police,Leicestershire Police,-1.126247,52.641967,On or near Russell Square,E01013754,Leicester 018E,Violence and sexual offences,Unable to prosecute suspect,
b8db89017826f76444d2be9b1dbd3c063596801fe94bb9e2482495350dc2a302,2023-12,Leicestershire Police,Leicestershire Police,-1.122736,52.642408,On or near Taylor Road,E01013754,Leicester 018E,Violence and sexual offences,Unable to prosecute suspect,
35dad87292114685a648ef9c6c5693a852e97711bbf181eff8748c0edba964c6,2023-12,Leicestershire Police,Leicestershire Police,-1.124936,52.641795,On or near Monckton Close,E01013754,Leicester 018E,Violence and sexual offences,Investigation complete; no suspect identified,
6af02cf047571987e96839d341e875a36ca5ebb8e05e5bb29eb609a9e1902d63,2023-12,Leicestershire Police,Leicestershire Police,-1.124914,52.642883,On or near Calgary Road,E01013754,Leicester 018E,Violence and sexual offences,Unable to prosecute suspect,
255654ffabb6d850d5136a3a5d6003290882d9c84ade1113c22333eaff193400,2023-12,Leicestershire Police,Leicestershire Police,-1.124276,52.640793,On or near Yukon Way,E01013754,Leicester 018E,Violence and sexual offences,Unable to prosecute suspect,
523503a78be99a0b4fccfa9ddcf3ed91443ce2fe2a96b20e69a89ab098c093f4,2023-12,Leicestershire Police,Leicestershire Police,-1.122736,52.642408,On or near Taylor Road,E01013754,Leicester 018E,Violence and sexual offences,Court result unavailable,
a6d0bb4e1e2c7c8ff7d6bda92c1caddb268e7156fb3605d54c583ef562e3fbb9,2023-12,Leicestershire Police,Leicestershire Police,-1.122736,52.642408,On or near Taylor Road,E01013754,Leicester 018E,Violence and sexual offences,Court result unavailable,
646e408eba87ce51a977602f081c19d5e3cc73b933ede4eb7b4e627f49b408b6,2023-12,Leicestershire Police,Leicestershire Police,-1.120416,52.643119,On or near Dysart Way,E01013755,Leicester 018F,Possession of weapons,Unable to prosecute suspect,
c70bfd5ae1c1d3af75ff7efb4a4553db35165abe7de10cf2c75b4deb79995f8e,2023-12,Leicestershire Police,Leicestershire Police,-1.120416,52.643119,On or near Dysart Way,E01013755,Leicester 018F,Violence and sexual offences,Unable to prosecute suspect,
c00f1437e120d7523b94ee8ac9f164f3b32494044ed549bb6efb12c78d030fe5,2023-12,Leicestershire Police,Leicestershire Police,-1.120416,52.643119,On or near Dysart Way,E01013755,Leicester 018F,Violence and sexual offences,Unable to prosecute suspect,
69d8d12868fc8687a4d003e2583776fe4804055c8f63526390d248a79d65362d,2023-12,Leicestershire Police,Leicestershire Police,-1.120041,52.639709,On or near Arnold Street,E01013755,Leicester 018F,Violence and sexual offences,Unable to prosecute suspect,
,2023-12,Leicestershire Police,Leicestershire Police,-1.123401,52.639465,On or near Ottawa Road,E01013755,Leicester 018F,Anti-social behaviour,,
a1bf4979a576745f7cddf50568c3e2b6a5ac514d73c6189fedf739f1d590dd85,2023-12,Leicestershire Police,Leicestershire Police,-1.120041,52.639709,On or near Arnold Street,E01013755,Leicester 018F,Bicycle theft,Investigation complete; no suspect identified,
9f1daf7e4ec4a64114a1d37d1624bb9b7bd119bc2290a63c79db00e8ad9a66dc,2023-12,Leicestershire Police,Leicestershire Police,-1.120416,52.643119,On or near Dysart Way,E01013755,Leicester 018F,Criminal damage and arson,Investigation complete; no suspect identified,
c00de16c1f67fa8a74c57639069bcdd72830564cfaad47ab54f89536d7e769a3,2023-12,Leicestershire Police,Leicestershire Police,-1.120416,52.643119,On or near Dysart Way,E01013755,Leicester 018F,Criminal damage and arson,Investigation complete; no suspect identified,
340c9b9f5a408f1a8acb0b8cda99328becccdf618720998c3f16aeb8336d435e,2023-12,Leicestershire Police,Leicestershire Police,-1.123401,52.639465,On or near Ottawa Road,E01013755,Leicester 018F,Criminal damage and arson,Investigation complete; no suspect identified,
2cacd3a730e11a68dc87637c14ed054573a9300857779db70f632e2f6fe3c5cd,2023-12,Leicestershire Police,Leicestershire Police,-1.120416,52.643119,On or near Dysart Way,E01013755,Leicester 018F,Criminal damage and arson,Investigation complete; no suspect identified,
e936e6922b1cba07baefa2dc8f00f7d9693636f200d498484d2efe9da80a166b,2023-12,Leicestershire Police,Leicestershire Police,-1.121415,52.641230,On or near Chester Close,E01013755,Leicester 018F,Criminal damage and arson,Unable to prosecute suspect,
3e4ef8f2dd05a42c240db96e82f27f05ce7bd9fd01fbd7964421febd12de2861,2023-12,Leicestershire Police,Leicestershire Police,-1.120416,52.643119,On or near Dysart Way,E01013755,Leicester 018F,Drugs,Unable to prosecute suspect,
e81ec69e404e8b8823329f587050acb9bab6336bc2421eb48d1c7b5efb4ccc50,2023-12,Leicestershire Police,Leicestershire Police,-1.120041,52.639709,On or near Arnold Street,E01013755,Leicester 018F,Other theft,Investigation complete; no suspect identified,
5d597b3eacd52cbba73492823d137e6fb7b17015b4a674aba70cf10046a510c5,2023-12,Leicestershire Police,Leicestershire Police,-1.121415,52.641230,On or near Chester Close,E01013755,Leicester 018F,Other theft,Investigation complete; no suspect identified,
ea208852fc3296cd193bdd36d6270bd8a087b54b1a68711b9a465d44598961db,2023-12,Leicestershire Police,Leicestershire Police,-1.120416,52.643119,On or near Dysart Way,E01013755,Leicester 018F,Possession of weapons,Unable to prosecute suspect,
5cfedef052f0c3f8246ceffc9d4a08e6e43f19873577590d926c42628558fb07,2023-12,Leicestershire Police,Leicestershire Police,-1.119859,52.642180,On or near Kashmir Road,E01013755,Leicester 018F,Violence and sexual offences,Unable to prosecute suspect,
0e7180b55fc45a90d3ee36747737b69df4b7f8957f9bf0fa4d30c74f98c49650,2023-12,Leicestershire Police,Leicestershire Police,-1.120041,52.639709,On or near Arnold Street,E01013755,Leicester 018F,Violence and sexual offences,Investigation complete; no suspect identified,
a60d4d77517177bcfd7194b09187ded41afba6f15674651197bb88b56d98e44a,2023-12,Leicestershire Police,Leicestershire Police,-1.120041,52.639709,On or near Arnold Street,E01013755,Leicester 018F,Violence and sexual offences,Investigation complete; no suspect identified,
cd96e3b1aef8a8a621eae0eafbe686f363f4ecf9b51de91c21a7345234188890,2023-12,Leicestershire Police,Leicestershire Police,-1.119859,52.642180,On or near Kashmir Road,E01013755,Leicester 018F,Violence and sexual offences,Unable to prosecute suspect,
47319f8cab18b31c3718145aa2dc6f31c371d31fd7d6231d400082e840d2a55e,2023-12,Leicestershire Police,Leicestershire Police,-1.120041,52.639709,On or near Arnold Street,E01013755,Leicester 018F,Violence and sexual offences,Investigation complete; no suspect identified,
23b19b536fa2f4e626d44905bae2558d221f2edd9e514b6f33bf4afac9cc9a08,2023-12,Leicestershire Police,Leicestershire Police,-1.122256,52.640544,On or near Christow Street,E01013755,Leicester 018F,Violence and sexual offences,Unable to prosecute suspect,
afd63a8379e284d8f745da19d1c4e251c6f3c70b89917cd51902b03a3d00bbe1,2023-12,Leicestershire Police,Leicestershire Police,-1.087767,52.637506,On or near Deepdale,E01013660,Leicester 019A,Drugs,Local resolution,
,2023-12,Leicestershire Police,Leicestershire Police,-1.087256,52.641484,On or near Abbotsford Road,E01013660,Leicester 019A,Anti-social behaviour,,
f4f8ed0236a9cdc4cd27669fb35d9808a047c7e1c3b2b4ddd6ac16746497f79a,2023-12,Leicestershire Police,Leicestershire Police,-1.087767,52.637506,On or near Deepdale,E01013660,Leicester 019A,Bicycle theft,Local resolution,
ac0f7e84a46df8a3c850a2fec8f56041035d1dc638187fda08ce273ecf45197b,2023-12,Leicestershire Police,Leicestershire Police,-1.090700,52.642149,On or near Trafford Road,E01013660,Leicester 019A,Criminal damage and arson,Further action is not in the public interest,
379799e03e2eac3d273b2776d9613f742f34511717e9c1824922843b5b3515c2,2023-12,Leicestershire Police,Leicestershire Police,-1.087767,52.637506,On or near Deepdale,E01013660,Leicester 019A,Criminal damage and arson,Unable to prosecute suspect,
1513ccbf79b1f21085d50d17e0306d8409a21f632e760d899458c70e242dd7d2,2023-12,Leicestershire Police,Leicestershire Police,-1.088633,52.639958,On or near Freeman Road North,E01013660,Leicester 019A,Criminal damage and arson,Investigation complete; no suspect identified,
22a420fefb1344ceb767524377984f395c2bdb8e2410e629fdbb2f8db42194af,2023-12,Leicestershire Police,Leicestershire Police,-1.081283,52.636646,On or near Davison Close,E01013660,Leicester 019A,Other theft,Investigation complete; no suspect identified,
134f048d74d1b461824b3e8ffd24a9dff32e25704435f913ab8ddf86bfd73aca,2023-12,Leicestershire Police,Leicestershire Police,-1.089770,52.642124,On or near King Edward Road,E01013660,Leicester 019A,Possession of weapons,Court result unavailable,
2119bef19801e6f5a6ad9c05ec7a7a1848e501ad0694851ab2c9dff77d494e75,2023-12,Leicestershire Police,Leicestershire Police,-1.087478,52.641477,On or near Melford Street,E01013660,Leicester 019A,Public order,Investigation complete; no suspect identified,
1206bde719f33d7ab57e6d26bffdd16b458820cf06afc2478dc34e6a26796048,2023-12,Leicestershire Police,Leicestershire Police,-1.087256,52.641484,On or near Abbotsford Road,E01013660,Leicester 019A,Robbery,Investigation complete; no suspect identified,
815f55dc95ef491aa49a631fc684a08457561b39dc6aadca84ef58da0fee2ca1,2023-12,Leicestershire Police,Leicestershire Police,-1.087478,52.641477,On or near Melford Street,E01013660,Leicester 019A,Shoplifting,Investigation complete; no suspect identified,
5e1a356b61c0029b71b8f755d27781bd6fda9f0aad13bdd4d33c65894c26b8c1,2023-12,Leicestershire Police,Leicestershire Police,-1.087478,52.641477,On or near Melford Street,E01013660,Leicester 019A,Shoplifting,Investigation complete; no suspect identified,
13e75d638044045749ef0e4f63264f678dd0ddb88cd557a76bf43fb54ca6748e,2023-12,Leicestershire Police,Leicestershire Police,-1.089770,52.642124,On or near King Edward Road,E01013660,Leicester 019A,Shoplifting,Investigation complete; no suspect identified,
546092c7f2a5c5ec0476b512a3ad5ee71bd5776d5da3fd4b7268e663601ab629,2023-12,Leicestershire Police,Leicestershire Police,-1.087478,52.641477,On or near Melford Street,E01013660,Leicester 019A,Theft from the person,Investigation complete; no suspect identified,
1ead7fa58b6a1bb31358ade1d3efeadb9907ff4c646404d0bda0fd53086e0df5,2023-12,Leicestershire Police,Leicestershire Police,-1.087256,52.641484,On or near Abbotsford Road,E01013660,Leicester 019A,Vehicle crime,Investigation complete; no suspect identified,
106b686ac1fc08fb480e84625339120fdca229306355715931988b6f5e031cf0,2023-12,Leicestershire Police,Leicestershire Police,-1.087478,52.641477,On or near Melford Street,E01013660,Leicester 019A,Violence and sexual offences,Investigation complete; no suspect identified,
eb431e89853e1202c548a4ec6529331212d07734c280cb3ef8c63e8c576be414,2023-12,Leicestershire Police,Leicestershire Police,-1.089770,52.642124,On or near King Edward Road,E01013660,Leicester 019A,Violence and sexual offences,Unable to prosecute suspect,
1ad19e8b43a5fda8a2a78a48408c41ab49c2c3a3cc593414a2c43b96cd1e7b09,2023-12,Leicestershire Police,Leicestershire Police,-1.087478,52.641477,On or near Melford Street,E01013660,Leicester 019A,Violence and sexual offences,Unable to prosecute suspect,
28e1e702298145c01d8e489401951b85882709e89fab038e8e9d28cb59de8f06,2023-12,Leicestershire Police,Leicestershire Police,-1.088918,52.639007,On or near Greenwood Road,E01013660,Leicester 019A,Violence and sexual offences,Unable to prosecute suspect,
6d12a76ca3d6aca813e5a9bb6e36d91d3997b666aeabb4a9552fd73c6190d7cd,2023-12,Leicestershire Police,Leicestershire Police,-1.089770,52.642124,On or near King Edward Road,E01013660,Leicester 019A,Other crime,Further action is not in the public interest,
b06d8e2b0c414183f6873a7c68ba96908d3dab55e1413ba667762df4ac03503f,2023-12,Leicestershire Police,Leicestershire Police,-1.087255,52.633717,On or near Avonside Drive,E01013661,Leicester 019B,Violence and sexual offences,Unable to prosecute suspect,
a6c47061da44a4ec9d5cb6a06bb47eccd6cba405450ae41caa1a78749edd2844,2023-12,Leicestershire Police,Leicestershire Police,-1.086377,52.634717,On or near Devon Way,E01013661,Leicester 019B,Violence and sexual offences,Unable to prosecute suspect,
,2023-12,Leicestershire Police,Leicestershire Police,-1.088013,52.632779,On or near Cropthorne Avenue,E01013661,Leicester 019B,Anti-social behaviour,,
d449321d7274cdd03af7c26bc249f709e9028041bd7a726855f25e6897b01a50,2023-12,Leicestershire Police,Leicestershire Police,-1.082316,52.637428,On or near Rowlatts Hill Road,E01013661,Leicester 019B,Burglary,Investigation complete; no suspect identified,
5d7eaebf5cdb8b56c29ea53bffb32aebc349401cd79a9ba5fd85b170f8909fad,2023-12,Leicestershire Police,Leicestershire Police,-1.082316,52.637428,On or near Rowlatts Hill Road,E01013661,Leicester 019B,Criminal damage and arson,Investigation complete; no suspect identified,
af3236c608d77fea704a652133e51620f377f5ed8e09f9b45feb8710ce3e3e2e,2023-12,Leicestershire Police,Leicestershire Police,-1.087255,52.633717,On or near Avonside Drive,E01013661,Leicester 019B,Other theft,Unable to prosecute suspect,
30dd169330bb88a4d753ab3de89bc1ce2aef5f35cda1dce461b7a6581e14ef83,2023-12,Leicestershire Police,Leicestershire Police,-1.087390,52.635759,On or near Thorpewell,E01013661,Leicester 019B,Public order,Unable to prosecute suspect,
bb10d6c2d815960911711f5554dde0d245f46633a59364d985d9a997229f1749,2023-12,Leicestershire Police,Leicestershire Police,-1.082316,52.637428,On or near Rowlatts Hill Road,E01013661,Leicester 019B,Public order,Unable to prosecute suspect,
e3a4ce338e8a3388c3c990134b244b3b598a4b7f1fbbe497fb552b1e8fcbfd22,2023-12,Leicestershire Police,Leicestershire Police,-1.084672,52.633571,On or near Hurst Rise,E01013661,Leicester 019B,Vehicle crime,Investigation complete; no suspect identified,
86b6e97b34a209e47462d23e18cfc77a13daa57c2de464a23416c4a644085591,2023-12,Leicestershire Police,Leicestershire Police,-1.082316,52.637428,On or near Rowlatts Hill Road,E01013661,Leicester 019B,Vehicle crime,Investigation complete; no suspect identified,
5a5129bf2ca73641af0202fed2942afb3b7b7419c4811d2f6228643474191399,2023-12,Leicestershire Police,Leicestershire Police,-1.084862,52.635802,On or near Radley Road,E01013661,Leicester 019B,Violence and sexual offences,Unable to prosecute suspect,
04fb17cc230756178c0226e5c669ae3c0993d8af030ca4448f7d1cd9c001019e,2023-12,Leicestershire Police,Leicestershire Police,-1.084672,52.633571,On or near Hurst Rise,E01013661,Leicester 019B,Violence and sexual offences,Local resolution,
8459ab923a6f09228e8b1452d8f1c92f088a428d4994b173b0aa9af0c88c0792,2023-12,Leicestershire Police,Leicestershire Police,-1.086377,52.634717,On or near Devon Way,E01013661,Leicester 019B,Violence and sexual offences,Unable to prosecute suspect,
449633491af3d2c175e87f46c27a2936ddd486634ce661efc4089d203bfd9a02,2023-12,Leicestershire Police,Leicestershire Police,-1.086377,52.634717,On or near Devon Way,E01013661,Leicester 019B,Violence and sexual offences,Unable to prosecute suspect,
9aec3843503d12663900c61f39291daafaa67a9b2e895a8248750fef5c3bed1f,2023-12,Leicestershire Police,Leicestershire Police,-1.087390,52.635759,On or near Thorpewell,E01013661,Leicester 019B,Violence and sexual offences,Formal action is not in the public interest,
113b707ee31a5f683a7ae3b529b92506f87a13f7479dc20cac38b5160ed10956,2023-12,Leicestershire Police,Leicestershire Police,-1.080670,52.636291,On or near Mcvicker Close,E01013664,Leicester 019C,Violence and sexual offences,Investigation complete; no suspect identified,
39e075840d8c7ce4ee738f8a74c89921019d0f44009745b64c6f20cb3058aa4c,2023-12,Leicestershire Police,Leicestershire Police,-1.080550,52.634969,On or near Balderstone Close,E01013664,Leicester 019C,Criminal damage and arson,Court result unavailable,
f047be17deecf6c61de0fa3443ccae903469c8d086ff66cc91ff8b2a06cd659d,2023-12,Leicestershire Police,Leicestershire Police,-1.084326,52.635304,On or near Sandford Close,E01013664,Leicester 019C,Other theft,Investigation complete; no suspect identified,
98e9eff2e1f762911d871f89c67b1750ccbee1d076cd8aad1b53e6aefc455a7a,2023-12,Leicestershire Police,Leicestershire Police,-1.079058,52.635667,On or near Supermarket,E01013664,Leicester 019C,Other theft,Investigation complete; no suspect identified,
f470d9a00ed427d4255fdd819d3dcc04ad6f266bfbb800cd79c72257e93afc3a,2023-12,Leicestershire Police,Leicestershire Police,-1.077968,52.632656,On or near Higgs Close,E01013664,Leicester 019C,Other theft,Investigation complete; no suspect identified,
94e9fcc30492fd080b057c2a1f4718c24fc76a49cfaa33b77ebe2ba6177c2a26,2023-12,Leicestershire Police,Leicestershire Police,-1.077968,52.632656,On or near Higgs Close,E01013664,Leicester 019C,Other theft,Investigation complete; no suspect identified,
6b2ba54a8ace692681c9183a81c70d37edd27005b6778cabbffc1438d7d23363,2023-12,Leicestershire Police,Leicestershire Police,-1.077677,52.634560,On or near Illingworth Road,E01013664,Leicester 019C,Possession of weapons,Investigation complete; no suspect identified,
d2acc77a9bd892508389285398aa3c45582c3d8b0b980a6553318912856950f3,2023-12,Leicestershire Police,Leicestershire Police,-1.080550,52.634969,On or near Balderstone Close,E01013664,Leicester 019C,Public order,Unable to prosecute suspect,
4b7173e6ed8ce40d92b7400f111ccfa8c99a39f5541a9fe535141b66caa02dc7,2023-12,Leicestershire Police,Leicestershire Police,-1.078847,52.633014,On or near Dudleston Close,E01013664,Leicester 019C,Public order,Unable to prosecute suspect,
10059c02efcbf85ad02ccd33042cfd4dbd026f99bf7065d245ed7100d81aefb2,2023-12,Leicestershire Police,Leicestershire Police,-1.080670,52.636291,On or near Mcvicker Close,E01013664,Leicester 019C,Violence and sexual offences,Unable to prosecute suspect,
adf226124792cf74c5501218192eb5b36469d1f3bd87ba9c32cff29bfd360823,2023-12,Leicestershire Police,Leicestershire Police,-1.080550,52.634969,On or near Balderstone Close,E01013664,Leicester 019C,Violence and sexual offences,Action to be taken by another organisation,
89d03ad41a67455f34d5db8ea5a5c0ee2fb60c956286e426ce8fbe1283547a9f,2023-12,Leicestershire Police,Leicestershire Police,-1.078420,52.635797,On or near Ambassador Road,E01013664,Leicester 019C,Violence and sexual offences,Investigation complete; no suspect identified,
20a2dd1563ec3af692f17119cd9f8be57f83bc6a6e520cd8dcfe7e620f4ed0a0,2023-12,Leicestershire Police,Leicestershire Police,-1.078240,52.636587,On or near Allinson Close,E01013664,Leicester 019C,Violence and sexual offences,Unable to prosecute suspect,
4a536d21f3cf8d9335e1d28d96fe61e44967e31bedf6390af7025da5144facc4,2023-12,Leicestershire Police,Leicestershire Police,-1.078420,52.635797,On or near Ambassador Road,E01013664,Leicester 019C,Violence and sexual offences,Unable to prosecute suspect,
4d99fc17e3439567aaac4b2dd0c552526480cedd46a4d2f64b96d0f86a165490,2023-12,Leicestershire Police,Leicestershire Police,-1.077677,52.634560,On or near Illingworth Road,E01013664,Leicester 019C,Violence and sexual offences,Investigation complete; no suspect identified,
189399a8e84a80c32b579507c0d6de024755ef2ede3dce2a86d893bbb461d00a,2023-12,Leicestershire Police,Leicestershire Police,-1.078240,52.636587,On or near Allinson Close,E01013664,Leicester 019C,Violence and sexual offences,Unable to prosecute suspect,
5a19046a4963afea366bcf84473ca4666a32c19608b48fa6cfa2681b7e8ad9e0,2023-12,Leicestershire Police,Leicestershire Police,-1.077213,52.635572,On or near Rockingham Close,E01013664,Leicester 019C,Violence and sexual offences,Unable to prosecute suspect,
e9f1da2b30b2abfb03933cfc943d543f1895eeedb33b5b11dafcdf616b6ea00e,2023-12,Leicestershire Police,Leicestershire Police,-1.078240,52.636587,On or near Allinson Close,E01013664,Leicester 019C,Violence and sexual offences,Unable to prosecute suspect,
052d860acc2a0f89c21076c963b151fe63636d7250c7d1395629cf06ebaf9089,2023-12,Leicestershire Police,Leicestershire Police,-1.078240,52.636587,On or near Allinson Close,E01013664,Leicester 019C,Violence and sexual offences,Unable to prosecute suspect,
,2023-12,Leicestershire Police,Leicestershire Police,-1.093049,52.642203,On or near Exton Road,E01013665,Leicester 019D,Anti-social behaviour,,
1496d0a366a38049e244094f8a085b9bb2ada9395fe1c40c38bca8045d019f13,2023-12,Leicestershire Police,Leicestershire Police,-1.092053,52.639642,On or near Robinson Road,E01013665,Leicester 019D,Criminal damage and arson,Investigation complete; no suspect identified,
4f7570581cc1f7b25f584c50db34cda19caea79513bbe0f49f4c5ffd24cc6496,2023-12,Leicestershire Police,Leicestershire Police,-1.098389,52.640536,On or near Barnabas Road,E01013665,Leicester 019D,Criminal damage and arson,Investigation complete; no suspect identified,
18f677a31323cd3c286aa211fb259f599a049c18a6448599ede3ee9d1a77da11,2023-12,Leicestershire Police,Leicestershire Police,-1.093032,52.637303,On or near Ollerton Close,E01013665,Leicester 019D,Other theft,Unable to prosecute suspect,
d7e419bc17feb00051898045d6ccc23a54558f8ce19e528613e995457070f833,2023-12,Leicestershire Police,Leicestershire Police,-1.090644,52.639874,On or near Coleman Close,E01013665,Leicester 019D,Vehicle crime,Investigation complete; no suspect identified,
1fd6179e82e21655502bfd7a7e24aa20f65f9b17acbbf48cda2807b876f1c102,2023-12,Leicestershire Police,Leicestershire Police,-1.093032,52.637303,On or near Ollerton Close,E01013665,Leicester 019D,Vehicle crime,Investigation complete; no suspect identified,
a2d4ec51bfebabefcad84e246237419f47aa6a3895011f9e91231113fb0c9771,2023-12,Leicestershire Police,Leicestershire Police,-1.098389,52.640536,On or near Barnabas Road,E01013665,Leicester 019D,Violence and sexual offences,Unable to prosecute suspect,
c507a6b4fdb513139416f0dab64e54c4bf60ec59a66a3ba1b403b616b72f5639,2023-12,Leicestershire Police,Leicestershire Police,-1.098389,52.640536,On or near Barnabas Road,E01013665,Leicester 019D,Violence and sexual offences,Unable to prosecute suspect,
1af27ba4eb57ece2e144f5d4f97fbfc4534020b6e0d8d2d0ef2f2fa54cd7ccdd,2023-12,Leicestershire Police,Leicestershire Police,-1.071334,52.630546,On or near Harringworth Road,E01013667,Leicester 019E,Criminal damage and arson,Court result unavailable,
,2023-12,Leicestershire Police,Leicestershire Police,-1.075676,52.628566,On or near Ellwood Close,E01013667,Leicester 019E,Anti-social behaviour,,
0ce896992a834735f8876be133d01f482f8fee7674df3b51ccdca9d4fdf7ad4a,2023-12,Leicestershire Police,Leicestershire Police,-1.075676,52.628566,On or near Ellwood Close,E01013667,Leicester 019E,Burglary,Investigation complete; no suspect identified,
992dc4db47322ec40aa11c1c221f01b479d44ac71e7d19ee44c5e7232b0a1495,2023-12,Leicestershire Police,Leicestershire Police,-1.076994,52.628423,On or near Bracken Close,E01013667,Leicester 019E,Criminal damage and arson,Investigation complete; no suspect identified,
17f06763469f8a3e92cab751ea41f8e0e1827424545b219533d147c3b71d0f4e,2023-12,Leicestershire Police,Leicestershire Police,-1.076994,52.628423,On or near Bracken Close,E01013667,Leicester 019E,Criminal damage and arson,Investigation complete; no suspect identified,
25be452b1ffb1359cb0db8fca18bf4e0b4facca2a973e52f607c4012f8c4ef74,2023-12,Leicestershire Police,Leicestershire Police,-1.076435,52.631098,On or near Waterfield Close,E01013667,Leicester 019E,Criminal damage and arson,Investigation complete; no suspect identified,
f4de0f3eae146611b42c5bfcd8913ed97c479ba645b361f231437074201c06ac,2023-12,Leicestershire Police,Leicestershire Police,-1.076994,52.628423,On or near Bracken Close,E01013667,Leicester 019E,Criminal damage and arson,Investigation complete; no suspect identified,
0027bd228f404388d61a75768aaa57b175278e84eddb7ab591529a4923d32303,2023-12,Leicestershire Police,Leicestershire Police,-1.076994,52.628423,On or near Bracken Close,E01013667,Leicester 019E,Criminal damage and arson,Investigation complete; no suspect identified,
5921051fd997722000b1d55e601e01a264d02b8c1427b49e56c51d215596d552,2023-12,Leicestershire Police,Leicestershire Police,-1.075676,52.628566,On or near Ellwood Close,E01013667,Leicester 019E,Other theft,Unable to prosecute suspect,
1501bc81c1ece15a14af38e70a016df01dedb2941b555409d347a71525c8d591,2023-12,Leicestershire Police,Leicestershire Police,-1.076435,52.631098,On or near Waterfield Close,E01013667,Leicester 019E,Other theft,Investigation complete; no suspect identified,
7e953ac875d7d85f4427f301ba8ad4f48164a69fdf15a526d1640c2dcef0cec2,2023-12,Leicestershire Police,Leicestershire Police,-1.076435,52.631098,On or near Waterfield Close,E01013667,Leicester 019E,Public order,Unable to prosecute suspect,
8e6a028886ca7cf532d57111ac008b1da0517bc21034b4ae6594607ba888f7df,2023-12,Leicestershire Police,Leicestershire Police,-1.076994,52.628423,On or near Bracken Close,E01013667,Leicester 019E,Violence and sexual offences,Unable to prosecute suspect,
bbab41f1b7290b09c1ccb88ee3f6910fdae7b2c513aeba4427e05a4f90bb589a,2023-12,Leicestershire Police,Leicestershire Police,-1.075676,52.628566,On or near Ellwood Close,E01013667,Leicester 019E,Violence and sexual offences,Action to be taken by another organisation,
45c294b5952ae85a1ca70bc9aa352658b7d4aa710ba506c085762a218f95ce7c,2023-12,Leicestershire Police,Leicestershire Police,-1.073216,52.633122,On or near Bayham Close,E01013667,Leicester 019E,Violence and sexual offences,Unable to prosecute suspect,
a687bb6dbe7d6be9de4349dc8bf5f1ac592ffc2db55ec0a5e59cbce46bdcf7cf,2023-12,Leicestershire Police,Leicestershire Police,-1.072778,52.632175,On or near Gamel Road,E01013667,Leicester 019E,Violence and sexual offences,Investigation complete; no suspect identified,
11287f3cc252fc5fe423e67c8ac46a6b00257e5fbe769fea9ba271a0946c04b8,2023-12,Leicestershire Police,Leicestershire Police,-1.073216,52.633122,On or near Bayham Close,E01013667,Leicester 019E,Violence and sexual offences,Unable to prosecute suspect,
a2340e85d7c547d533e8a493ac88f96353a26842fff46c32617ae73f7f7fef4c,2023-12,Leicestershire Police,Leicestershire Police,-1.085263,52.627903,On or near Hospital Close,E01013668,Leicester 019F,Violence and sexual offences,Awaiting court outcome,
3fdfed1db69be2184558118c238968d52f0ba02e22c91e108b070b7c72305456,2023-12,Leicestershire Police,Leicestershire Police,-1.086267,52.626535,On or near Supermarket,E01013668,Leicester 019F,Violence and sexual offences,Unable to prosecute suspect,
e0f3dcf7a06c88d628113b8c4510778b5d591edd4a813f9af51cb99f63860e79,2023-12,Leicestershire Police,Leicestershire Police,-1.086267,52.626535,On or near Supermarket,E01013668,Leicester 019F,Burglary,Investigation complete; no suspect identified,
0a48479180d29648df41e9739858a59c4a496bab8d8150dd9f3bb17de007d72d,2023-12,Leicestershire Police,Leicestershire Police,-1.078377,52.621664,On or near The Common,E01013668,Leicester 019F,Burglary,Investigation complete; no suspect identified,
280f1733fe74cb937e63ae93269d149edb6f3959a7adc4e3dcc6cf25cf91c155,2023-12,Leicestershire Police,Leicestershire Police,-1.081559,52.631929,On or near Parking Area,E01013668,Leicester 019F,Burglary,Investigation complete; no suspect identified,
494b523c98b2976060dffe36c8f6514b98622594b138f8b6ee4ac8e79b68011b,2023-12,Leicestershire Police,Leicestershire Police,-1.080911,52.623392,On or near Grocot Road,E01013668,Leicester 019F,Burglary,Investigation complete; no suspect identified,
3b55c72625027ad46d454720288e6271ef77a19976ccf9459982c27f5f21dbb2,2023-12,Leicestershire Police,Leicestershire Police,-1.081559,52.631929,On or near Parking Area,E01013668,Leicester 019F,Burglary,Investigation complete; no suspect identified,
daa5567546fade46e1bca33b395e96ae288e7829a15524d39c6935e32eae1deb,2023-12,Leicestershire Police,Leicestershire Police,-1.081559,52.631929,On or near Parking Area,E01013668,Leicester 019F,Other theft,Investigation complete; no suspect identified,
d5ac34a53b7cd65783f12b9ca0d1a2cf28ac93229b91454a7b4e4c91db866c3a,2023-12,Leicestershire Police,Leicestershire Police,-1.081559,52.631929,On or near Parking Area,E01013668,Leicester 019F,Other theft,Investigation complete; no suspect identified,
75585bc6ea90bb42b171560d7ffa59843fbaa546a59de929a58b00a657259713,2023-12,Leicestershire Police,Leicestershire Police,-1.083669,52.625706,On or near Sidmouth Avenue,E01013668,Leicester 019F,Public order,Investigation complete; no suspect identified,
d3b09150dd6b56b72f17e658be7ceeea3e89c70638eb308c0ae1b9bbb22f933f,2023-12,Leicestershire Police,Leicestershire Police,-1.081559,52.631929,On or near Parking Area,E01013668,Leicester 019F,Public order,Investigation complete; no suspect identified,
a648cdbce8e25451948e51c7dcbd49f5f2b057ee96784dcc14698b8c208a4550,2023-12,Leicestershire Police,Leicestershire Police,-1.081559,52.631929,On or near Parking Area,E01013668,Leicester 019F,Public order,Unable to prosecute suspect,
4d98209ee9a6d56e71b7b184d7ccb64b15d96abe9a659fdedf4253e5c14d4cbc,2023-12,Leicestershire Police,Leicestershire Police,-1.083313,52.623663,On or near Headland Road,E01013668,Leicester 019F,Public order,Local resolution,
74c52c725b900ab38bd60c498cf3640334a76f4036ad736173b920d6f94c8d8f,2023-12,Leicestershire Police,Leicestershire Police,-1.086267,52.626535,On or near Supermarket,E01013668,Leicester 019F,Shoplifting,Investigation complete; no suspect identified,
9dd8a10b05ece3b17c334b04f6a8616f536b1ed7b2c39d189c8bf82ec9fc6915,2023-12,Leicestershire Police,Leicestershire Police,-1.086267,52.626535,On or near Supermarket,E01013668,Leicester 019F,Shoplifting,Investigation complete; no suspect identified,
f62456e031403d52cb4a9d6ba039451812da65afe9efa135e73d982e5e958ce4,2023-12,Leicestershire Police,Leicestershire Police,-1.086267,52.626535,On or near Supermarket,E01013668,Leicester 019F,Shoplifting,Investigation complete; no suspect identified,
6ac91444f4cbc1ccf449aa0f2c698d238b85334757694029eb167a64f9c525cb,2023-12,Leicestershire Police,Leicestershire Police,-1.086267,52.626535,On or near Supermarket,E01013668,Leicester 019F,Shoplifting,Investigation complete; no suspect identified,
17c409e79e09ee54a5eb9f8b3d7632bd0634a57b8a59912db1e59b8581a95be2,2023-12,Leicestershire Police,Leicestershire Police,-1.086267,52.626535,On or near Supermarket,E01013668,Leicester 019F,Shoplifting,Investigation complete; no suspect identified,
da0a903b2416bc98c9615c59a5401e978daefa104907817ee0082b51a82c308e,2023-12,Leicestershire Police,Leicestershire Police,-1.086267,52.626535,On or near Supermarket,E01013668,Leicester 019F,Shoplifting,Investigation complete; no suspect identified,
8262fc91d854940c31cd8e0efdfb8c22fb324b789545504409b1b0ad0b1e8b5e,2023-12,Leicestershire Police,Leicestershire Police,-1.086267,52.626535,On or near Supermarket,E01013668,Leicester 019F,Shoplifting,Investigation complete; no suspect identified,
ea3544a5e1a63c12d6335b1ddc3357dff04f9491b76eb67e92efe64e56a223d3,2023-12,Leicestershire Police,Leicestershire Police,-1.086267,52.626535,On or near Supermarket,E01013668,Leicester 019F,Shoplifting,Investigation complete; no suspect identified,
4cc7df2e201f02b1d6181c8f411dc9b7afae4b5a047badcb84543942852ae08f,2023-12,Leicestershire Police,Leicestershire Police,-1.086267,52.626535,On or near Supermarket,E01013668,Leicester 019F,Shoplifting,Investigation complete; no suspect identified,
59f3f616c3038acdfde9937a29b6f0d0cdce19d88f3565e239f1ae84b9baf97a,2023-12,Leicestershire Police,Leicestershire Police,-1.086267,52.626535,On or near Supermarket,E01013668,Leicester 019F,Shoplifting,Investigation complete; no suspect identified,
38a0c55457f5536ba74ac1b8fdd4c3db944873732584d85b7f4c97ad18d99e78,2023-12,Leicestershire Police,Leicestershire Police,-1.086267,52.626535,On or near Supermarket,E01013668,Leicester 019F,Shoplifting,Investigation complete; no suspect identified,
711bf75c5996e78b7d01dd12ed613c4ad880fe3a162e36ef258e9a3d3d54fccb,2023-12,Leicestershire Police,Leicestershire Police,-1.086267,52.626535,On or near Supermarket,E01013668,Leicester 019F,Shoplifting,Investigation complete; no suspect identified,
58dea96bb8a4bffc31e61b37b6bd3cfbd861d4d256ff6012a3301bb2e203f5d7,2023-12,Leicestershire Police,Leicestershire Police,-1.086267,52.626535,On or near Supermarket,E01013668,Leicester 019F,Shoplifting,Investigation complete; no suspect identified,
4a937aeea19eb6c1d67862d20943049eee2066ff04060cb90090396a4003db4e,2023-12,Leicestershire Police,Leicestershire Police,-1.086267,52.626535,On or near Supermarket,E01013668,Leicester 019F,Shoplifting,Investigation complete; no suspect identified,
222b2a93b87cb111852ef67b68201f8197137323b05d7a0f89c02be26ad36aff,2023-12,Leicestershire Police,Leicestershire Police,-1.086267,52.626535,On or near Supermarket,E01013668,Leicester 019F,Shoplifting,Investigation complete; no suspect identified,
a66e8ec1c7890f501ee2892d4024994d8c269d7e0983da6c2ec2ecb3042e8f90,2023-12,Leicestershire Police,Leicestershire Police,-1.086267,52.626535,On or near Supermarket,E01013668,Leicester 019F,Shoplifting,Investigation complete; no suspect identified,
115eb9a14c8d811049be25b96f6849c96f95b883907bbd4cf79f35e7b7bee4b7,2023-12,Leicestershire Police,Leicestershire Police,-1.086267,52.626535,On or near Supermarket,E01013668,Leicester 019F,Shoplifting,Investigation complete; no suspect identified,
c96a8b833fe8db1d7996ee4d675b3d16f97e43ce4c8cc398b89058952d93a569,2023-12,Leicestershire Police,Leicestershire Police,-1.086267,52.626535,On or near Supermarket,E01013668,Leicester 019F,Shoplifting,Investigation complete; no suspect identified,
f2a4bd709a356ba8a6194ec577dac4325bb523b993044f32bbb55ff54daf1e92,2023-12,Leicestershire Police,Leicestershire Police,-1.081559,52.631929,On or near Parking Area,E01013668,Leicester 019F,Theft from the person,Court result unavailable,
d20d4c45e21924cf60faf5e0a1d2f32dabfbbfbd1c5dd5e47ebf8cce12a7a623,2023-12,Leicestershire Police,Leicestershire Police,-1.088399,52.625590,On or near Wakerley Road,E01013668,Leicester 019F,Vehicle crime,Unable to prosecute suspect,
af1838aad2a353212c992736ecc596f949bd29e9f35eb6b58bc6ab4b5d5502fb,2023-12,Leicestershire Police,Leicestershire Police,-1.085263,52.627903,On or near Hospital Close,E01013668,Leicester 019F,Vehicle crime,Investigation complete; no suspect identified,
551bdd010d39607ef1b15778ff842f7026b97c767bb632bc7bbdbafa2ff7aa68,2023-12,Leicestershire Police,Leicestershire Police,-1.083669,52.625706,On or near Sidmouth Avenue,E01013668,Leicester 019F,Violence and sexual offences,Local resolution,
f81468fecefc172e0b11d49ef239854f54d0961d8d088ff5fe8bb2d9deeb177f,2023-12,Leicestershire Police,Leicestershire Police,-1.083669,52.625706,On or near Sidmouth Avenue,E01013668,Leicester 019F,Violence and sexual offences,Investigation complete; no suspect identified,
bf1b7975b632b95c42851d3af3ba59937e4b42af833ad6327a6901bf9dfb8073,2023-12,Leicestershire Police,Leicestershire Police,-1.086267,52.626535,On or near Supermarket,E01013668,Leicester 019F,Violence and sexual offences,Investigation complete; no suspect identified,
7a2c1b41ba74d2d7281b4f2b4ebf8ec9ed0fa87419732736a3f152c05b771fb1,2023-12,Leicestershire Police,Leicestershire Police,-1.081559,52.631929,On or near Parking Area,E01013668,Leicester 019F,Violence and sexual offences,Unable to prosecute suspect,
c543339ce5679c262b4547599bf3c148aef069801bcd73a9fa553c90653f96cc,2023-12,Leicestershire Police,Leicestershire Police,-1.085251,52.627076,On or near Falmouth Road,E01013668,Leicester 019F,Other crime,Unable to prosecute suspect,
814be22e0b26bf38d7c3e339ab931330a534cec485d5eaf9ab2bd248c4637bf9,2023-12,Leicestershire Police,Leicestershire Police,-1.190237,52.636533,On or near Sharmon Crescent,E01013729,Leicester 020A,Violence and sexual offences,Unable to prosecute suspect,
,2023-12,Leicestershire Police,Leicestershire Police,-1.197031,52.631032,On or near Golf Course Lane,E01013729,Leicester 020A,Anti-social behaviour,,
08ef28ef0ed0da49f0b1607500eae1827aab37b57bc4bda68323a2ab8c693c82,2023-12,Leicestershire Police,Leicestershire Police,-1.188487,52.632889,On or near Covett Way,E01013729,Leicester 020A,Burglary,Investigation complete; no suspect identified,
f7eece6ac80e5522f896b99405e35b658076e3dafbbca38a509c32a94511b67a,2023-12,Leicestershire Police,Leicestershire Police,-1.197031,52.631032,On or near Golf Course Lane,E01013729,Leicester 020A,Criminal damage and arson,Investigation complete; no suspect identified,
a9f69132ec056d1e1f1ba7391b9224564814957360d632f6202e40369209dbec,2023-12,Leicestershire Police,Leicestershire Police,-1.197031,52.631032,On or near Golf Course Lane,E01013729,Leicester 020A,Criminal damage and arson,Investigation complete; no suspect identified,
0fab981f17726cf033b051ee79ae06e7e00531ba629f3eacebef1074106140a0,2023-12,Leicestershire Police,Leicestershire Police,-1.202250,52.632488,On or near Sunningdale Road,E01013729,Leicester 020A,Criminal damage and arson,Investigation complete; no suspect identified,
789ca71207acff9ab2f80c0a7130e2a8d94324f9aecbd16fc124000e6a94d952,2023-12,Leicestershire Police,Leicestershire Police,-1.190237,52.636533,On or near Sharmon Crescent,E01013729,Leicester 020A,Criminal damage and arson,Investigation complete; no suspect identified,
61cc5bec0be8a33b55d30c3c0f553f2dbe980162e71ea7fca5f9aa06cbd5624c,2023-12,Leicestershire Police,Leicestershire Police,-1.184785,52.634095,On or near Finch Close,E01013729,Leicester 020A,Violence and sexual offences,Unable to prosecute suspect,
ac7d7104c68701712da943bdfcf3e7ee7baa7593c545d38fcabab6e040f0727a,2023-12,Leicestershire Police,Leicestershire Police,-1.161843,52.634609,On or near Gimson Road,E01013780,Leicester 020B,Burglary,Investigation complete; no suspect identified,
f17086e61156a89ffb852d50fdb61d1d0840b1c4c7be9ba742eb9c910b7f17eb,2023-12,Leicestershire Police,Leicestershire Police,-1.166144,52.633768,On or near Eastfield Road,E01013780,Leicester 020B,Other theft,Investigation complete; no suspect identified,
d7aa1b630ab4b0e57c07985a35d6455a3feb55fdc1d54289e26d88f3f6998ab6,2023-12,Leicestershire Police,Leicestershire Police,-1.168362,52.632893,On or near Sunnycroft Road,E01013780,Leicester 020B,Violence and sexual offences,Action to be taken by another organisation,
,2023-12,Leicestershire Police,Leicestershire Police,-1.164340,52.634582,On or near Wynfield Road,E01013783,Leicester 020C,Anti-social behaviour,,
67643abd92c35c9e8a032eb3944b9d46670491878418a8ffb6007e7b05831da5,2023-12,Leicestershire Police,Leicestershire Police,-1.165489,52.631695,On or near Kingswood Avenue,E01013783,Leicester 020C,Burglary,Investigation complete; no suspect identified,
c20a12b6b2d4e482f38439a71301127f92aa75640cbed4f731e9697516a0c7bc,2023-12,Leicestershire Police,Leicestershire Police,-1.163069,52.634600,On or near Clarefield Road,E01013783,Leicester 020C,Violence and sexual offences,Unable to prosecute suspect,
92aacc9e78290ebf684018965e9acd7b22839c97926bef33cfc348b648c01476,2023-12,Leicestershire Police,Leicestershire Police,-1.163069,52.634600,On or near Clarefield Road,E01013783,Leicester 020C,Violence and sexual offences,Unable to prosecute suspect,
485f567300db5513f86e2b68b081b52070be2f2b2b72c88025b94b681beac09a,2023-12,Leicestershire Police,Leicestershire Police,-1.171801,52.639363,On or near Letchworth Road,E01013785,Leicester 020D,Public order,Unable to prosecute suspect,
4d2fc32e072cc020f3f6242a02016875b016239ed7ab1a8df6cb250e187be497,2023-12,Leicestershire Police,Leicestershire Police,-1.183336,52.642095,On or near New Parks Way,E01013785,Leicester 020D,Vehicle crime,Investigation complete; no suspect identified,
7e0b7c09448e516a7975baa00bdcb1421d7da0cc49032bb68a7151f98fd67880,2023-12,Leicestershire Police,Leicestershire Police,-1.171971,52.634276,On or near Western Park Road,E01013785,Leicester 020D,Vehicle crime,Investigation complete; no suspect identified,
bef416b0a256a140c7a1aaff9030733abc1d6b1925908eb443fea7d1379568b3,2023-12,Leicestershire Police,Leicestershire Police,-1.165460,52.638645,On or near Balcombe Avenue,E01013785,Leicester 020D,Violence and sexual offences,Further action is not in the public interest,
faa878c3b65950d52ba6246b9bf0be89470e71f1ee50994ceaa75b1d08483c26,2023-12,Leicestershire Police,Leicestershire Police,-1.170181,52.636709,On or near Westhill Road,E01013785,Leicester 020D,Violence and sexual offences,Unable to prosecute suspect,
b2129661b59a59328b074f90bf42e1bd57c967f189e3604a19fcfcf8497aa232,2023-12,Leicestershire Police,Leicestershire Police,-1.183336,52.642095,On or near New Parks Way,E01013785,Leicester 020D,Other crime,Court result unavailable,
bb08694957f9a1c8b4d1c0c0d4e30bcfac80a22d95d9e34eaf2610be29325e24,2023-12,Leicestershire Police,Leicestershire Police,-1.160382,52.635273,On or near Neville Road,E01013786,Leicester 020E,Violence and sexual offences,Unable to prosecute suspect,
cce855db5d5a684fed90a5cb8a0ad9e3c5ad349977b862c84b7b9c33b6f01716,2023-12,Leicestershire Police,Leicestershire Police,-1.159693,52.634208,On or near Mostyn Street,E01013786,Leicester 020E,Violence and sexual offences,Unable to prosecute suspect,
7916b570e862fc539885f95a04e956cb40e92ab373bf3a437fca59c9f8264e84,2023-12,Leicestershire Police,Leicestershire Police,-1.160195,52.636531,On or near Ashdown Avenue,E01013786,Leicester 020E,Criminal damage and arson,Unable to prosecute suspect,
797849747d8f062d1e80e98b454e5514e7b64f8a9ce94939deb12293a6090bd0,2023-12,Leicestershire Police,Leicestershire Police,-1.159061,52.634005,On or near Carlisle Street,E01013786,Leicester 020E,Drugs,Investigation complete; no suspect identified,
f835b990d8265d7a790288a97f66f679e17ca25023089f50529cf9f1cecdc002,2023-12,Leicestershire Police,Leicestershire Police,-1.158452,52.635334,On or near Petrol Station,E01013786,Leicester 020E,Other theft,Investigation complete; no suspect identified,
94a5595701689ee5a58e1d4ca98998e91369cc537963ba1350c49da89ec2f882,2023-12,Leicestershire Police,Leicestershire Police,-1.160324,52.634419,On or near Denton Street,E01013786,Leicester 020E,Vehicle crime,Investigation complete; no suspect identified,
ea7094184ad314b0b8b250b2f2d1b2b01cd01499c6c66d7516b515b50477f6e0,2023-12,Leicestershire Police,Leicestershire Police,-1.159061,52.634005,On or near Carlisle Street,E01013786,Leicester 020E,Vehicle crime,Investigation complete; no suspect identified,
dfac04498b62bfe5e442c1a91e70168b475176c54eeab327ebcc11a281207e22,2023-12,Leicestershire Police,Leicestershire Police,-1.160382,52.635273,On or near Neville Road,E01013786,Leicester 020E,Vehicle crime,Investigation complete; no suspect identified,
2494f427057b08c49b892b0a8a48fa9c1831435fb3077cca8e29ec6847058581,2023-12,Leicestershire Police,Leicestershire Police,-1.159693,52.634208,On or near Mostyn Street,E01013786,Leicester 020E,Violence and sexual offences,Unable to prosecute suspect,
bb7fd1d35a7e1d86f246a3ba7e665b6abde8f036a6049476052e6769a8dd4754,2023-12,Leicestershire Police,Leicestershire Police,-1.159693,52.634208,On or near Mostyn Street,E01013786,Leicester 020E,Violence and sexual offences,Unable to prosecute suspect,
c43912975fbd6af3b209d45db2f0f84a52685dfee42ed03b1b9387a4d069305f,2023-12,Leicestershire Police,Leicestershire Police,-1.160382,52.635273,On or near Neville Road,E01013786,Leicester 020E,Violence and sexual offences,Unable to prosecute suspect,
df0616bc175f2d4834fb674a639526a98076056fc6b523009fbfcc7d2012961c,2023-12,Leicestershire Police,Leicestershire Police,-1.158452,52.635334,On or near Petrol Station,E01013786,Leicester 020E,Violence and sexual offences,Unable to prosecute suspect,
6a35df09c9ab7033e02b94a0ca2a5c862aa52c0c5c2c697c13bd75f89b542e49,2023-12,Leicestershire Police,Leicestershire Police,-1.159693,52.634208,On or near Mostyn Street,E01013786,Leicester 020E,Violence and sexual offences,Unable to prosecute suspect,
2d85d17f91e1b775ef5f26c9a39af799652d200e54b518c4629386b55ac946c7,2023-12,Leicestershire Police,Leicestershire Police,-1.159461,52.637047,On or near Petworth Drive,E01013786,Leicester 020E,Violence and sexual offences,Unable to prosecute suspect,
8e545a08cda1898e3929115cf6a690b9c1f57fcfbda33010fa50f5db76209a40,2023-12,Leicestershire Police,Leicestershire Police,-1.160382,52.635273,On or near Neville Road,E01013786,Leicester 020E,Violence and sexual offences,Unable to prosecute suspect,
c709fedeae4f78152c06e75f8bf6e7232058af4e5958b431add7ee02b5b5b5fb,2023-12,Leicestershire Police,Leicestershire Police,-1.159061,52.634005,On or near Carlisle Street,E01013786,Leicester 020E,Other crime,Unable to prosecute suspect,
82d9842d325b0d069e0e71141c68d5771e636fba1bf0afd2ef33c23acf658e19,2023-12,Leicestershire Police,Leicestershire Police,-1.102040,52.635448,On or near Nottingham Road,E01013662,Leicester 021A,Drugs,Status update unavailable,
92b4ffe548db6d0534b62ef6b3fa367fa761152e7fba3b0c1de3c067f6347cbc,2023-12,Leicestershire Police,Leicestershire Police,-1.099304,52.635589,On or near Jellicoe Road,E01013662,Leicester 021A,Other theft,Unable to prosecute suspect,
e74eaf8e5cbbe63f05ec0755e6fdfdb1818e8baa46467c48539a606798af57ae,2023-12,Leicestershire Police,Leicestershire Police,-1.102040,52.635448,On or near Nottingham Road,E01013662,Leicester 021A,Public order,Further action is not in the public interest,
f9d0d1cffd8bbf3a920392f367740f2e650b3e14acbc8ab276ef69a748cb6118,2023-12,Leicestershire Police,Leicestershire Police,-1.102016,52.637336,On or near Leicester Street,E01013662,Leicester 021A,Shoplifting,Court result unavailable,
95cfd1b6ccaf55b215fa4b51f87aa7d08e408bcb926876cc7b9e9e473292b028,2023-12,Leicestershire Police,Leicestershire Police,-1.099304,52.635589,On or near Jellicoe Road,E01013662,Leicester 021A,Vehicle crime,Investigation complete; no suspect identified,
68e8b04ea2774bae0660fbacdc8cfc5e89503623195ced69bcf8a780f807999d,2023-12,Leicestershire Police,Leicestershire Police,-1.102040,52.635448,On or near Nottingham Road,E01013662,Leicester 021A,Violence and sexual offences,Unable to prosecute suspect,
89a4c387fc6ccaa558affaceff42152397bb354082a301a96116a93b32f05717,2023-12,Leicestershire Police,Leicestershire Police,-1.102040,52.635448,On or near Nottingham Road,E01013662,Leicester 021A,Violence and sexual offences,Unable to prosecute suspect,
31532f9d9f130ec7f4fbfd2be164efec0e69496be1feebfe8dc39b91415a2ec9,2023-12,Leicestershire Police,Leicestershire Police,-1.095267,52.634264,On or near Copdale Road,E01013662,Leicester 021A,Violence and sexual offences,Further action is not in the public interest,
6624d9c61422a51c514ee18951b599b8353bb673b5e57c995ca87c2ba00460d3,2023-12,Leicestershire Police,Leicestershire Police,-1.095267,52.634264,On or near Copdale Road,E01013662,Leicester 021A,Other crime,Further investigation is not in the public interest,
5ea22169000a724725772b41762eaff2e22f3a25e5f65f615c2c6a1d6099c491,2023-12,Leicestershire Police,Leicestershire Police,-1.102016,52.637336,On or near Leicester Street,E01013662,Leicester 021A,Other crime,Formal action is not in the public interest,
c74f28130e7e591c7b4322523eba7ff0fbee5a477a4d337a0ad513a7c3add4ae,2023-12,Leicestershire Police,Leicestershire Police,-1.092571,52.636742,On or near The Littleway,E01013663,Leicester 021B,Violence and sexual offences,Unable to prosecute suspect,
3ee0f4991cf44823ae39828d42be9e4878c5a26fe78ce409a74f48ad80de49c1,2023-12,Leicestershire Police,Leicestershire Police,-1.092571,52.636742,On or near The Littleway,E01013663,Leicester 021B,Burglary,Investigation complete; no suspect identified,
3345249baccc86b7f91707070f0c5808bd8425dab835bb63ba371f4ef894dc08,2023-12,Leicestershire Police,Leicestershire Police,-1.093971,52.636933,On or near Thoresby Street,E01013663,Leicester 021B,Criminal damage and arson,Investigation complete; no suspect identified,
007b00eab6891310bbb2d112789864706b0ae0933ae3be8270e4956123626c5f,2023-12,Leicestershire Police,Leicestershire Police,-1.093971,52.636933,On or near Thoresby Street,E01013663,Leicester 021B,Theft from the person,Unable to prosecute suspect,
64f752922af30ef75b7832b5dde266fe87bc2dce271ce99451b4f021058bc690,2023-12,Leicestershire Police,Leicestershire Police,-1.090819,52.635021,On or near The Langhill,E01013663,Leicester 021B,Vehicle crime,Investigation complete; no suspect identified,
f1d6661426c641f37e290e197d6ae948a61524049057dff53504453fd68aa28a,2023-12,Leicestershire Police,Leicestershire Police,-1.092571,52.636742,On or near The Littleway,E01013663,Leicester 021B,Vehicle crime,Investigation complete; no suspect identified,
f6f33898dbe406ad30e9684c659fe45ff7e2172f213cce0327feecc631eebfce,2023-12,Leicestershire Police,Leicestershire Police,-1.090819,52.635021,On or near The Langhill,E01013663,Leicester 021B,Violence and sexual offences,Unable to prosecute suspect,
cab4b32c3df42165c27b0d42e4b376d9fde2d0dc58ca96c2c5bcab8f0def92f0,2023-12,Leicestershire Police,Leicestershire Police,-1.093971,52.636933,On or near Thoresby Street,E01013663,Leicester 021B,Violence and sexual offences,Unable to prosecute suspect,
c67ff811543b1171d432f19f9687066ad28458f29611f9f1544765177eb9baa2,2023-12,Leicestershire Police,Leicestershire Police,-1.089849,52.636155,On or near A6030,E01013663,Leicester 021B,Violence and sexual offences,Investigation complete; no suspect identified,
9f4290b51480d2aff848008575fa512a9775baf6ce219ebac4ca5d4864345064,2023-12,Leicestershire Police,Leicestershire Police,-1.093971,52.636933,On or near Thoresby Street,E01013663,Leicester 021B,Violence and sexual offences,Unable to prosecute suspect,
22845a7418bc1fdffbcfb1a2605062a8ed5d965550688e3c7ff3ba26026a4827,2023-12,Leicestershire Police,Leicestershire Police,-1.089849,52.636155,On or near A6030,E01013663,Leicester 021B,Violence and sexual offences,Unable to prosecute suspect,
14c268ce785ec96cfee81065b8d951d2a443cf0ab6dc4a9a85306c5a24e66542,2023-12,Leicestershire Police,Leicestershire Police,-1.096203,52.635485,On or near Saville Street,E01013663,Leicester 021B,Violence and sexual offences,Unable to prosecute suspect,
05a377ca87282778b58ffcff31aee969d90d79a3d0aafffb05a73472e154467a,2023-12,Leicestershire Police,Leicestershire Police,-1.098597,52.632572,On or near Margaret Road,E01013747,Leicester 021C,Criminal damage and arson,Unable to prosecute suspect,
50b5372d2f270c747809c00a31ce9bc7d8aaa09de61cbaaaa451b44bc351a948,2023-12,Leicestershire Police,Leicestershire Police,-1.101170,52.632466,On or near Dorothy Road,E01013747,Leicester 021C,Public order,Investigation complete; no suspect identified,
a97e2380633b7826d82c2348d87fb309c2747c25dbd33835f6e8a98bcc0b66e7,2023-12,Leicestershire Police,Leicestershire Police,-1.100204,52.629159,On or near Marina Road,E01013747,Leicester 021C,Violence and sexual offences,Unable to prosecute suspect,
866073b96a98c3b19fc687125b9f86b7cdbfd430643c7f93c81253f348141a7b,2023-12,Leicestershire Police,Leicestershire Police,-1.091164,52.629045,On or near The Approach,E01013747,Leicester 021C,Violence and sexual offences,Action to be taken by another organisation,
cf7b54e5c05ebbfd83f6b396d49339d75eea3fd95a823e6a56bcb1e651fe127b,2023-12,Leicestershire Police,Leicestershire Police,-1.101170,52.632466,On or near Dorothy Road,E01013747,Leicester 021C,Violence and sexual offences,Investigation complete; no suspect identified,
9c47d0a17050b4572df5c70788e16cffcac5c2ff557bb066b0495c2514d19c9a,2023-12,Leicestershire Police,Leicestershire Police,-1.096024,52.628381,On or near Nansen Road,E01013747,Leicester 021C,Violence and sexual offences,Investigation complete; no suspect identified,
55c14b9d8a24bb39f224c21bd0b8f86645d095fed322d5b7b0dab3b9685b56d4,2023-12,Leicestershire Police,Leicestershire Police,-1.100204,52.629159,On or near Marina Road,E01013747,Leicester 021C,Violence and sexual offences,Action to be taken by another organisation,
6be32b22bb13226e6f19790e591266624b6007b0ff9c4da1eedc47c5b8494a19,2023-12,Leicestershire Police,Leicestershire Police,-1.091164,52.629045,On or near The Approach,E01013747,Leicester 021C,Violence and sexual offences,Investigation complete; no suspect identified,
06e75db8862524c044722718cd645a225b78db242937af6b9dab3d58c0ad2be4,2023-12,Leicestershire Police,Leicestershire Police,-1.098597,52.632572,On or near Margaret Road,E01013747,Leicester 021C,Violence and sexual offences,Unable to prosecute suspect,
b78aaa22337e48416cea51c4566191ccf98f5df3c4442081e26161f46c67c6c2,2023-12,Leicestershire Police,Leicestershire Police,-1.100143,52.632125,On or near Linden Street,E01013747,Leicester 021C,Violence and sexual offences,Further action is not in the public interest,
fbc1487f033b00b3239ac0ed0f372e0f23b8572d51d56e9f344c09799f039e6c,2023-12,Leicestershire Police,Leicestershire Police,-1.096280,52.630307,On or near Bradfield Close,E01013749,Leicester 021D,Violence and sexual offences,Awaiting court outcome,
5eaf967e26ee896d28783c6e564d73f8a347f085af346ae8d6076fbf159893b7,2023-12,Leicestershire Police,Leicestershire Police,-1.089094,52.630558,On or near The Retreat,E01013749,Leicester 021D,Violence and sexual offences,Unable to prosecute suspect,
2f44e7aa4d7f22e823eda469d08c5862c2a078235d24c1094ed95aa43b5ddad2,2023-12,Leicestershire Police,Leicestershire Police,-1.093028,52.630345,On or near Hillcroft Road,E01013749,Leicester 021D,Violence and sexual offences,Unable to prosecute suspect,
0fa0218d5a6074ffb8c1eb6ec50e9b6653896220c28ee3e73c62943e74f5e106,2023-12,Leicestershire Police,Leicestershire Police,-1.103449,52.633733,On or near Orson Street,E01013750,Leicester 021E,Criminal damage and arson,Investigation complete; no suspect identified,
e937f8598941037710bb8dce60712884b7f9d6d3b3f0bb845fbe2a8c1a7636f9,2023-12,Leicestershire Police,Leicestershire Police,-1.105367,52.631005,On or near Bradbourne Road,E01013750,Leicester 021E,Criminal damage and arson,Local resolution,
cd4fb68d4fc7335bf3a8fc5a5eb222a8b5a4e6307e49f4fb9c68a6a2f820f5d7,2023-12,Leicestershire Police,Leicestershire Police,-1.105367,52.631005,On or near Bradbourne Road,E01013750,Leicester 021E,Drugs,Investigation complete; no suspect identified,
2ebe712e01785f95859b338c58891169e1fc0a4298126e758dd74fc9e1b87267,2023-12,Leicestershire Police,Leicestershire Police,-1.103279,52.632689,On or near Stanhope Street,E01013750,Leicester 021E,Violence and sexual offences,Unable to prosecute suspect,
07a83bb18b1e47d087be2adf57ecd4572b0d7ebbc1839b50c84a248ed1dbb4b1,2023-12,Leicestershire Police,Leicestershire Police,-1.104115,52.625017,On or near Hazelwood Road,E01013758,Leicester 021F,Criminal damage and arson,Local resolution,
6e71b307c67aaa2eb2c4f3c4e0ef7249f07646deef73ae0530d7942961082a69,2023-12,Leicestershire Police,Leicestershire Police,-1.104115,52.625017,On or near Hazelwood Road,E01013758,Leicester 021F,Other theft,Investigation complete; no suspect identified,
c589965fc10650f0453a5c63b88938df3e4e08bd99833e75afaccf7680389ce6,2023-12,Leicestershire Police,Leicestershire Police,-1.105931,52.623638,On or near Evington Parks Road,E01013758,Leicester 021F,Violence and sexual offences,Unable to prosecute suspect,
477031c14600997256358a6fcc35b91cb56e70f6be6e7890ef8e1c3afde1ab91,2023-12,Leicestershire Police,Leicestershire Police,-1.104115,52.625017,On or near Hazelwood Road,E01013758,Leicester 021F,Violence and sexual offences,Unable to prosecute suspect,
9eb72c2237c6354a911d0896e5da28d1d29b7176b8c325ec61369180ebb2e884,2023-12,Leicestershire Police,Leicestershire Police,-1.108754,52.631552,On or near Fairfield Street,E01013751,Leicester 022A,Violence and sexual offences,Unable to prosecute suspect,
439aca4a0fa109fc98a4a1f645a94c820510cda07ce64e85de900369a16d8570,2023-12,Leicestershire Police,Leicestershire Police,-1.110747,52.630902,On or near Worthington Street,E01013751,Leicester 022A,Drugs,Local resolution,
000a89ca8cdb6732b41a8ec59bfec757f652f1b97383ffc62807d9cc263f8a55,2023-12,Leicestershire Police,Leicestershire Police,-1.110747,52.630902,On or near Worthington Street,E01013751,Leicester 022A,Violence and sexual offences,Unable to prosecute suspect,
91a0c8b1dd037b7e09729a216edde66b67508e5ded2129fa89f15d44749ea583,2023-12,Leicestershire Police,Leicestershire Police,-1.108754,52.631552,On or near Fairfield Street,E01013751,Leicester 022A,Violence and sexual offences,Unable to prosecute suspect,
a4f31a5f0e5dc003b0f0d7b825cd1bea7a74e045c5648d36d0649e3f81dc2836,2023-12,Leicestershire Police,Leicestershire Police,-1.108837,52.631121,On or near Dronfield Street,E01013752,Leicester 022B,Other theft,Investigation complete; no suspect identified,
03f030c1749d4f08b516840d0450cb6f3359133a3c7e509b053e11eb191533d5,2023-12,Leicestershire Police,Leicestershire Police,-1.108837,52.631121,On or near Dronfield Street,E01013752,Leicester 022B,Violence and sexual offences,Investigation complete; no suspect identified,
3e6f19ee622a83fc5e78db5b9d339e828c66c45af8ad1680913cc23c594d7c3b,2023-12,Leicestershire Police,Leicestershire Police,-1.105967,52.629850,On or near Shipley Road,E01013752,Leicester 022B,Violence and sexual offences,Investigation complete; no suspect identified,
26153512f3cf54afe2b1064a3e84d3fafa68e2a8ddcf005407346eb80536f2ee,2023-12,Leicestershire Police,Leicestershire Police,-1.105967,52.629850,On or near Shipley Road,E01013752,Leicester 022B,Violence and sexual offences,Unable to prosecute suspect,
568bbca0d6307413354ec58ff856ab4dc2985c0e701a571cda87b82daa70f009,2023-12,Leicestershire Police,Leicestershire Police,-1.116204,52.630637,On or near Gopsall Street,E01013753,Leicester 022C,Other theft,Unable to prosecute suspect,
6cfc65713d35279b8e8a3d9b3dd52998bf8a89e7ace402951f2f0300339cfe98,2023-12,Leicestershire Police,Leicestershire Police,-1.115038,52.629864,On or near Petrol Station,E01013753,Leicester 022C,Violence and sexual offences,Investigation complete; no suspect identified,
da3ec7f958961877da30bddcbd1033fd51e70e55e4b64f1349e258630f855ea8,2023-12,Leicestershire Police,Leicestershire Police,-1.111872,52.630092,On or near Kings Newton Street,E01013753,Leicester 022C,Violence and sexual offences,Unable to prosecute suspect,
0727e43a596a80dfa47392046109f8327826d5d16f4de0ac9b159bcfa5c2e295,2023-12,Leicestershire Police,Leicestershire Police,-1.115038,52.629864,On or near Petrol Station,E01013753,Leicester 022C,Other theft,Investigation complete; no suspect identified,
34aa3dbda49dbde8d5f308a4a02e8a667fa135ea9718d03c9c5212b35668a3d4,2023-12,Leicestershire Police,Leicestershire Police,-1.115038,52.629864,On or near Petrol Station,E01013753,Leicester 022C,Violence and sexual offences,Unable to prosecute suspect,
,2023-12,Leicestershire Police,Leicestershire Police,-1.114832,52.628379,On or near Medway Street,E01013760,Leicester 022D,Anti-social behaviour,,
,2023-12,Leicestershire Police,Leicestershire Police,-1.117944,52.629337,On or near Severn Street,E01013760,Leicester 022D,Anti-social behaviour,,
,2023-12,Leicestershire Police,Leicestershire Police,-1.117944,52.629337,On or near Severn Street,E01013760,Leicester 022D,Anti-social behaviour,,
,2023-12,Leicestershire Police,Leicestershire Police,-1.119837,52.628542,On or near Gotham Street,E01013760,Leicester 022D,Anti-social behaviour,,
0e56ed4ac51023ae06a38ae4423eddf1b6b6a136984e3a55fed63c1e4182e831,2023-12,Leicestershire Police,Leicestershire Police,-1.118432,52.628586,On or near Highfield Street,E01013760,Leicester 022D,Criminal damage and arson,Unable to prosecute suspect,
ee8784eb2e9fcf70cb8902e31416de96ba1d0bc34a1db95ff5b7f39902db54e1,2023-12,Leicestershire Police,Leicestershire Police,-1.117944,52.629337,On or near Severn Street,E01013760,Leicester 022D,Criminal damage and arson,Court result unavailable,
44b429fbf4639651fdf5dc8e68ca3dd7a4ef8640d3bfac7da962f199a437fb91,2023-12,Leicestershire Police,Leicestershire Police,-1.116165,52.628920,On or near Welland Street,E01013760,Leicester 022D,Other theft,Investigation complete; no suspect identified,
61c174e5a6ee7dd3c215ff07c1fbc7082dbf930158c1bc040e261205d534d53a,2023-12,Leicestershire Police,Leicestershire Police,-1.120202,52.628024,On or near Victoria Avenue,E01013760,Leicester 022D,Public order,Investigation complete; no suspect identified,
e685bee5d0125251277f27cd3053c860b8703056be711839f6288bb9720dbf90,2023-12,Leicestershire Police,Leicestershire Police,-1.116165,52.628920,On or near Welland Street,E01013760,Leicester 022D,Violence and sexual offences,Court result unavailable,
7bd1ee897b0543430be78e7b768948bf44a73c0ad20250a4fae7e5872927c7f3,2023-12,Leicestershire Police,Leicestershire Police,-1.118736,52.627455,On or near Mill Hill Lane,E01013760,Leicester 022D,Violence and sexual offences,Investigation complete; no suspect identified,
61f0c2155a15810a170616a0460f18c367454116555fdb9ca59473144ba1bdd8,2023-12,Leicestershire Police,Leicestershire Police,-1.118432,52.628586,On or near Highfield Street,E01013760,Leicester 022D,Violence and sexual offences,Unable to prosecute suspect,
6344be3cbbb07f04ccf7f190354c67dfbc879bb3ea285e2dbc45807cab064af0,2023-12,Leicestershire Police,Leicestershire Police,-1.116165,52.628920,On or near Welland Street,E01013760,Leicester 022D,Violence and sexual offences,Court result unavailable,
5c87c3966e7dfe6a24dee54b7981b7cca867e3bc5f6d32f509a71e316a14cda2,2023-12,Leicestershire Police,Leicestershire Police,-1.116165,52.628920,On or near Welland Street,E01013760,Leicester 022D,Violence and sexual offences,Court result unavailable,
517a41fb8e2fd14f8266c6df71b378c1a91f3005467e57bff9d51f2293e730ff,2023-12,Leicestershire Police,Leicestershire Police,-1.117944,52.629337,On or near Severn Street,E01013760,Leicester 022D,Violence and sexual offences,Unable to prosecute suspect,
d60cf9e67e1657493c2724d923f737818da925795114a505611eca7b5cd10eeb,2023-12,Leicestershire Police,Leicestershire Police,-1.116165,52.628920,On or near Welland Street,E01013760,Leicester 022D,Violence and sexual offences,Further action is not in the public interest,
e1aaf9ab5d75c0880404b357955b411f8706f91b2a0b5506fde1d849fd4b3359,2023-12,Leicestershire Police,Leicestershire Police,-1.111988,52.629446,On or near St Peters Road,E01013761,Leicester 022E,Other crime,Investigation complete; no suspect identified,
,2023-12,Leicestershire Police,Leicestershire Police,-1.110084,52.627903,On or near Conifer Close,E01013761,Leicester 022E,Anti-social behaviour,,
8ee2c78f7452a041af8db4a9020a6f1f1d85fab2fa9a57c1eb816c26285b5607,2023-12,Leicestershire Police,Leicestershire Police,-1.112894,52.628482,On or near Sutherland Street,E01013761,Leicester 022E,Criminal damage and arson,Investigation complete; no suspect identified,
b8e366d068403ca8398f4d5fb2abd2bef9b339b7e96f69f02f49e06c5b0fcbe0,2023-12,Leicestershire Police,Leicestershire Police,-1.114183,52.627556,On or near Guilford Street,E01013761,Leicester 022E,Criminal damage and arson,Investigation complete; no suspect identified,
56c7b2e877f884a63fe26c9eb4ea3cf47b2df3d4fcd6279cd80ad131c2107d2b,2023-12,Leicestershire Police,Leicestershire Police,-1.114183,52.627556,On or near Guilford Street,E01013761,Leicester 022E,Violence and sexual offences,Investigation complete; no suspect identified,
fe759265f829f3a2ea6a10e6a2cb695e06c401989fd1f6d1aabf519ea59d8dd7,2023-12,Leicestershire Police,Leicestershire Police,-1.111988,52.629446,On or near St Peters Road,E01013761,Leicester 022E,Violence and sexual offences,Unable to prosecute suspect,
3457eadcb8d42788fd46714c68a338a36b9f0eebb5710d90f70b8748c77bee44,2023-12,Leicestershire Police,Leicestershire Police,-1.111988,52.629446,On or near St Peters Road,E01013761,Leicester 022E,Violence and sexual offences,Unable to prosecute suspect,
96738b1ed294abda983b491a88330e6353345fdfefe141424f91421abcaae2e7,2023-12,Leicestershire Police,Leicestershire Police,-1.114706,52.627300,On or near Skipworth Street,E01013761,Leicester 022E,Violence and sexual offences,Unable to prosecute suspect,
c6b074b566473927e6bfa51530b17428a778c76cf774cf0baf4537acfdaed19c,2023-12,Leicestershire Police,Leicestershire Police,-1.106471,52.628317,On or near Baslow Road,E01013762,Leicester 022F,Possession of weapons,Unable to prosecute suspect,
8538362db99157926722e8c8ef7e7eb268f335dadef56dbf30eaa07fca5892a0,2023-12,Leicestershire Police,Leicestershire Police,-1.106603,52.626879,On or near New Close,E01013762,Leicester 022F,Violence and sexual offences,Investigation complete; no suspect identified,
b130d1d6a66303f6df3331f4bc5bcb84e2b1899c364eb2609ce09c5893832f0f,2023-12,Leicestershire Police,Leicestershire Police,-1.109318,52.628536,On or near Biddulph Avenue,E01013762,Leicester 022F,Violence and sexual offences,Unable to prosecute suspect,
,2023-12,Leicestershire Police,Leicestershire Police,-1.107768,52.627724,On or near Normanton Road,E01013762,Leicester 022F,Anti-social behaviour,,
f8b3b9b7f8d6cca7ef50bd78715afe8b5a6fdb1062ea9ce99aa429355fab15d3,2023-12,Leicestershire Police,Leicestershire Police,-1.109318,52.628536,On or near Biddulph Avenue,E01013762,Leicester 022F,Burglary,Investigation complete; no suspect identified,
f9f5477f1bff9fd6fd5247a66b6e7ccb635b20ca0839bf63310cebc35b34d99d,2023-12,Leicestershire Police,Leicestershire Police,-1.106471,52.628317,On or near Baslow Road,E01013762,Leicester 022F,Drugs,Status update unavailable,
dfb1c112e9c77d4dfb1149d6cb056863e234b7eb755181a2ce6fb41b676b137c,2023-12,Leicestershire Police,Leicestershire Police,-1.109318,52.628536,On or near Biddulph Avenue,E01013762,Leicester 022F,Other theft,Investigation complete; no suspect identified,
5c7ca75e0b698bb119b66fbed5ea888efc4b14cc315fc520011c38956af9836f,2023-12,Leicestershire Police,Leicestershire Police,-1.106471,52.628317,On or near Baslow Road,E01013762,Leicester 022F,Possession of weapons,Status update unavailable,
6f94c7f605e961a8304de980cf5733fc7b4250d5d2e8f8e79e59e45180cd0197,2023-12,Leicestershire Police,Leicestershire Police,-1.109318,52.628536,On or near Biddulph Avenue,E01013762,Leicester 022F,Public order,Unable to prosecute suspect,
b9b6ed7cc0c8f698e3377628068a53f0d9b5b677fff6fbe91498c6b0b909f1a4,2023-12,Leicestershire Police,Leicestershire Police,-1.109318,52.628536,On or near Biddulph Avenue,E01013762,Leicester 022F,Public order,Investigation complete; no suspect identified,
a7ea468e03320d51ef0f7bffb81060597700a0c1c95a15ec38bd1e32493aeb83,2023-12,Leicestershire Police,Leicestershire Police,-1.109318,52.628536,On or near Biddulph Avenue,E01013762,Leicester 022F,Violence and sexual offences,Investigation complete; no suspect identified,
dc36d14f2cec43e331b463f5db03e5518ee1a99d749b63ebd3fd8bace90ce885,2023-12,Leicestershire Police,Leicestershire Police,-1.109318,52.628536,On or near Biddulph Avenue,E01013762,Leicester 022F,Violence and sexual offences,Investigation complete; no suspect identified,
c0e820661654559104934368d6f6c94b3fed07ee538a65563deb9f3bed61d17e,2023-12,Leicestershire Police,Leicestershire Police,-1.109318,52.628536,On or near Biddulph Avenue,E01013762,Leicester 022F,Violence and sexual offences,Investigation complete; no suspect identified,
7870594fc0a8dd1b00bcc31a47c4f9b1abe32165b8e8701450ff8ea19771e9ee,2023-12,Leicestershire Police,Leicestershire Police,-1.107611,52.628172,On or near Ashover Road,E01013762,Leicester 022F,Violence and sexual offences,Unable to prosecute suspect,
64f1f46df75836b256143ef12f6b877311193801102e05b3f3c397d43f5cbccd,2023-12,Leicestershire Police,Leicestershire Police,-1.109318,52.628536,On or near Biddulph Avenue,E01013762,Leicester 022F,Violence and sexual offences,Further action is not in the public interest,
0a5ea4640d50599f6275136ee23ff2b56cc484bfa2f1e1c82b44c1b4eed8c6ef,2023-12,Leicestershire Police,Leicestershire Police,-1.148644,52.629454,On or near Saxon Street,E01013774,Leicester 023A,Violence and sexual offences,Unable to prosecute suspect,
ab97cffdb4b714cc352fa50c5316fdadf46ce519bebb07f84d82d5d4d5d989e3,2023-12,Leicestershire Police,Leicestershire Police,-1.152778,52.627308,On or near Browning Street,E01013774,Leicester 023A,Violence and sexual offences,Unable to prosecute suspect,
f5a54d643d2847fce7025c83b576e5f9e0bf658a7decb50ed5e0c1ff47bb069d,2023-12,Leicestershire Police,Leicestershire Police,-1.153573,52.627449,On or near Cambridge Street,E01013774,Leicester 023A,Violence and sexual offences,Unable to prosecute suspect,
,2023-12,Leicestershire Police,Leicestershire Police,-1.148966,52.627299,On or near Norman Street,E01013774,Leicester 023A,Anti-social behaviour,,
c699198d01b3705e3c1e114863eb1ca72d30c10d8895ea7520efae6a2621d998,2023-12,Leicestershire Police,Leicestershire Police,-1.148988,52.626202,On or near Equity Road,E01013774,Leicester 023A,Bicycle theft,Investigation complete; no suspect identified,
1fee8c671bea8d83b53c2e14bea05c3c537f828ef1e32bbf059c25e9335487a5,2023-12,Leicestershire Police,Leicestershire Police,-1.148962,52.629043,On or near Roman Street,E01013774,Leicester 023A,Bicycle theft,Investigation complete; no suspect identified,
939b3c6c9dbdb73f1a80eff8391a9dbabc14a97211a248adb20d7edea42c5902,2023-12,Leicestershire Police,Leicestershire Police,-1.148988,52.626202,On or near Equity Road,E01013774,Leicester 023A,Burglary,Investigation complete; no suspect identified,
5275681c77e80c2bb907efc8f9a3a4f6eda29b2d94e9b14c2dbdc986479ba0ea,2023-12,Leicestershire Police,Leicestershire Police,-1.151235,52.626137,On or near Upperton Road,E01013774,Leicester 023A,Burglary,Investigation complete; no suspect identified,
04f09ba11b7fa50f48671ef71670693dc17fe9359a0d18918c78feb848f18cc3,2023-12,Leicestershire Police,Leicestershire Police,-1.148988,52.626202,On or near Equity Road,E01013774,Leicester 023A,Burglary,Investigation complete; no suspect identified,
ebd0a638a80c6968ac35decefa97f35b4e1a92bd584c4bef3f20a17ce10aab57,2023-12,Leicestershire Police,Leicestershire Police,-1.149962,52.630039,On or near Ridley Street,E01013774,Leicester 023A,Criminal damage and arson,Unable to prosecute suspect,
9e0b9fbc66f3506fd998fa6a19fb916de213ea348b257d66c098ac9453f3a11e,2023-12,Leicestershire Police,Leicestershire Police,-1.148327,52.628256,On or near Briton Street,E01013774,Leicester 023A,Criminal damage and arson,Investigation complete; no suspect identified,
0bb6fc2eae0d4d2fe9746fe6cae50842f5caed868e0d0aac2e3e613d32922f3a,2023-12,Leicestershire Police,Leicestershire Police,-1.148988,52.626202,On or near Equity Road,E01013774,Leicester 023A,Criminal damage and arson,Investigation complete; no suspect identified,
d70a8005da82c2c4bebfd3c2a0830e36f7066074170fba01323be2c508f1a4fa,2023-12,Leicestershire Police,Leicestershire Police,-1.151235,52.626137,On or near Upperton Road,E01013774,Leicester 023A,Criminal damage and arson,Court result unavailable,
fcaff544ff1bd659bb71a89b53f89efcb7a9c50915a8812f7040bf25e84fa506,2023-12,Leicestershire Police,Leicestershire Police,-1.148988,52.626202,On or near Equity Road,E01013774,Leicester 023A,Criminal damage and arson,Unable to prosecute suspect,
d9daaf5078d5c1ce4df9ba17c980f774e4bd859150f388376a8b7a16c94cacd0,2023-12,Leicestershire Police,Leicestershire Police,-1.148966,52.627299,On or near Norman Street,E01013774,Leicester 023A,Drugs,Status update unavailable,
38e06867009a84d0790876d42973de0ec8048bd4020a354c62a5178865914cbc,2023-12,Leicestershire Police,Leicestershire Police,-1.148966,52.627299,On or near Norman Street,E01013774,Leicester 023A,Other theft,Investigation complete; no suspect identified,
251ff8ceeb11d1b94aecdede2a90d274a647d80f6542f27a2215d9e708ba9e3a,2023-12,Leicestershire Police,Leicestershire Police,-1.148966,52.627299,On or near Norman Street,E01013774,Leicester 023A,Other theft,Investigation complete; no suspect identified,
ca041ade02b56fd35639688875bf7c0ca60dc87c11748fd12c205c4d16bf3163,2023-12,Leicestershire Police,Leicestershire Police,-1.148962,52.629043,On or near Roman Street,E01013774,Leicester 023A,Other theft,Investigation complete; no suspect identified,
afb55880f8bfed628de31a65719e057d9813b9d04209092ef9c725d3f9b83699,2023-12,Leicestershire Police,Leicestershire Police,-1.148812,52.630696,On or near Cranmer Street,E01013774,Leicester 023A,Possession of weapons,Unable to prosecute suspect,
29d8784f297bb731c13a5b8455b444eff48a38bd0a746eddce6adc92b9ac6d6c,2023-12,Leicestershire Police,Leicestershire Police,-1.148327,52.628256,On or near Briton Street,E01013774,Leicester 023A,Public order,Investigation complete; no suspect identified,
cf1686d0a37c2fcec7cc39f229e82f9994702bfa8a0a3e1a815d2598a7ae833a,2023-12,Leicestershire Police,Leicestershire Police,-1.148277,52.631591,On or near West Holme Street,E01013774,Leicester 023A,Public order,Unable to prosecute suspect,
a7dfc5549dbadea79051c8d58289c8c10949287951d3db8195b79432c0e3af13,2023-12,Leicestershire Police,Leicestershire Police,-1.148327,52.628256,On or near Briton Street,E01013774,Leicester 023A,Public order,Unable to prosecute suspect,
7082419515ad68acc332beca98c4b1827cb08148850d0f19ab64e906ecf12362,2023-12,Leicestershire Police,Leicestershire Police,-1.148966,52.627299,On or near Norman Street,E01013774,Leicester 023A,Robbery,Investigation complete; no suspect identified,
94932e37cb4a7b5dd7407753744b9bdcbee299d03414f34d2f1adf83cd3c6e18,2023-12,Leicestershire Police,Leicestershire Police,-1.148966,52.627299,On or near Norman Street,E01013774,Leicester 023A,Theft from the person,Investigation complete; no suspect identified,
2ac29dc359c3e778599be697f64292e972775c415da910f1045ae98207bd0706,2023-12,Leicestershire Police,Leicestershire Police,-1.151235,52.626137,On or near Upperton Road,E01013774,Leicester 023A,Vehicle crime,Investigation complete; no suspect identified,
72d1bbd3b8d4ac6f6731da8f713feac1721d19e16193793f444351c925121244,2023-12,Leicestershire Police,Leicestershire Police,-1.148966,52.627299,On or near Norman Street,E01013774,Leicester 023A,Vehicle crime,Investigation complete; no suspect identified,
a7899b87abec95a2b50bf51a60c33acc9ac323efb1386ea0a5d4c8f72edd351e,2023-12,Leicestershire Police,Leicestershire Police,-1.149962,52.630039,On or near Ridley Street,E01013774,Leicester 023A,Vehicle crime,Further investigation is not in the public interest,
1b5df43cf9a67f5947f4bc8ccbffe2ca9d3118e80f43902c0c9c73372e96e7de,2023-12,Leicestershire Police,Leicestershire Police,-1.148966,52.627299,On or near Norman Street,E01013774,Leicester 023A,Violence and sexual offences,Unable to prosecute suspect,
83e21ca93253a6fe2fa404d1b0bdfef08e499d038fa46a744d16987ffe99e114,2023-12,Leicestershire Police,Leicestershire Police,-1.148966,52.627299,On or near Norman Street,E01013774,Leicester 023A,Violence and sexual offences,Unable to prosecute suspect,
87d5f2863e34f12dc89eae4beb09166bdc8e7b8ffcca874f13bf20a85a435b52,2023-12,Leicestershire Police,Leicestershire Police,-1.148988,52.626202,On or near Equity Road,E01013774,Leicester 023A,Violence and sexual offences,Unable to prosecute suspect,
900470a8e7b47897df479db602868bbe51342fbec5b0bfe8003d157f418a79e2,2023-12,Leicestershire Police,Leicestershire Police,-1.148966,52.627299,On or near Norman Street,E01013774,Leicester 023A,Violence and sexual offences,Unable to prosecute suspect,
7aaebb38b8e0e890b15a32f4975fcdcff55889d9344631b97e72a9e9d0060ad1,2023-12,Leicestershire Police,Leicestershire Police,-1.148327,52.628256,On or near Briton Street,E01013774,Leicester 023A,Violence and sexual offences,Investigation complete; no suspect identified,
07b3dbd5e5cefa138bdb64f1b900d2db003cca141ccee655834305fe82c132c6,2023-12,Leicestershire Police,Leicestershire Police,-1.148327,52.628256,On or near Briton Street,E01013774,Leicester 023A,Violence and sexual offences,Court result unavailable,
6a8d363662ed3426eeecdc578f6de1485ae24595517a7c24b5171c60532e8438,2023-12,Leicestershire Police,Leicestershire Police,-1.151235,52.626137,On or near Upperton Road,E01013774,Leicester 023A,Violence and sexual offences,Court result unavailable,
fd874e4d0243e71ff2610b054046a52f420a098fb1e07d6ac2778802cac9c947,2023-12,Leicestershire Police,Leicestershire Police,-1.148966,52.627299,On or near Norman Street,E01013774,Leicester 023A,Violence and sexual offences,Unable to prosecute suspect,
ddbd8bdb9dc5b370a4708d25fb4c27a11b4045fd2c48023610da6b2ff1b6c53f,2023-12,Leicestershire Police,Leicestershire Police,-1.148988,52.626202,On or near Equity Road,E01013774,Leicester 023A,Violence and sexual offences,Unable to prosecute suspect,
405176695dcff5f81bddf8ef1932b8c2573f339690b205414b1b9316981560cd,2023-12,Leicestershire Police,Leicestershire Police,-1.151235,52.626137,On or near Upperton Road,E01013774,Leicester 023A,Violence and sexual offences,Court result unavailable,
6b8cd9ae1ff8ed57f5311e493b22ba3df07e626dff96cef89a7e0dbbdabfdea7,2023-12,Leicestershire Police,Leicestershire Police,-1.148962,52.629043,On or near Roman Street,E01013774,Leicester 023A,Violence and sexual offences,Unable to prosecute suspect,
da4ac88dbf9c780d5284a38d2f9d449171d64a15ddb9ac3b0b6c537b9a6b11ef,2023-12,Leicestershire Police,Leicestershire Police,-1.148341,52.629847,On or near Celt Street,E01013774,Leicester 023A,Violence and sexual offences,Investigation complete; no suspect identified,
1e6558afb88405308bdea74e48dbf82ac1fc3cc119e94b040e61c875833b4397,2023-12,Leicestershire Police,Leicestershire Police,-1.152778,52.627308,On or near Browning Street,E01013774,Leicester 023A,Violence and sexual offences,Unable to prosecute suspect,
17f55517d0a31968b34887adf3fc6e165446580d9873cd63f38ad26131635371,2023-12,Leicestershire Police,Leicestershire Police,-1.148988,52.626202,On or near Equity Road,E01013774,Leicester 023A,Violence and sexual offences,Unable to prosecute suspect,
210349794d2f6ffa6852243754889af1a059116253bcdf15602fe0e9b1937a09,2023-12,Leicestershire Police,Leicestershire Police,-1.148966,52.627299,On or near Norman Street,E01013774,Leicester 023A,Violence and sexual offences,Unable to prosecute suspect,
2ac24f457f33b5f9747ebf878f70a1a8ed142f28d811a2ffbce713e65a821a3f,2023-12,Leicestershire Police,Leicestershire Police,-1.148327,52.628256,On or near Briton Street,E01013774,Leicester 023A,Violence and sexual offences,Investigation complete; no suspect identified,
7cdfc8a4eee1edd10c98b17329851a67c51fe6afa484522fcf21a3aac1db4ff1,2023-12,Leicestershire Police,Leicestershire Police,-1.151235,52.626137,On or near Upperton Road,E01013774,Leicester 023A,Violence and sexual offences,Investigation complete; no suspect identified,
f9248e6773d76ff19ee7411920eb7e9669a13dbedc94f9fb55a2fb9eed5a0439,2023-12,Leicestershire Police,Leicestershire Police,-1.153573,52.627449,On or near Cambridge Street,E01013774,Leicester 023A,Violence and sexual offences,Unable to prosecute suspect,
ec4485c8a70114dad3925386647222460eb965b0e61cae2c6ffcadd1b5d45fae,2023-12,Leicestershire Police,Leicestershire Police,-1.148966,52.627299,On or near Norman Street,E01013774,Leicester 023A,Violence and sexual offences,Unable to prosecute suspect,
a9ad6793c7c87e6804d12038ade9bc0951d767a00d1c137d1c9208c012280a95,2023-12,Leicestershire Police,Leicestershire Police,-1.151235,52.626137,On or near Upperton Road,E01013774,Leicester 023A,Violence and sexual offences,Unable to prosecute suspect,
e34dc79acc788c6b276a8da2b8e3bf95e237800f9e8dad025ded6d79aeaae4e2,2023-12,Leicestershire Police,Leicestershire Police,-1.152778,52.627308,On or near Browning Street,E01013774,Leicester 023A,Violence and sexual offences,Unable to prosecute suspect,
1cadd92bbcb99afe0a6d7f67ddd255e50c9f231cfc746fa648c979abe1cc3d7a,2023-12,Leicestershire Police,Leicestershire Police,-1.151235,52.626137,On or near Upperton Road,E01013774,Leicester 023A,Violence and sexual offences,Unable to prosecute suspect,
08ac282421ee4eda09ae6992860e803ea77f6367a9f26a111d615bf0ea1d63c0,2023-12,Leicestershire Police,Leicestershire Police,-1.151235,52.626137,On or near Upperton Road,E01013774,Leicester 023A,Violence and sexual offences,Unable to prosecute suspect,
b79a0a3cfac69529d360d721b13ecf7fac8cc15a39654304143613e70078d203,2023-12,Leicestershire Police,Leicestershire Police,-1.153573,52.627449,On or near Cambridge Street,E01013774,Leicester 023A,Other crime,Unable to prosecute suspect,
7b41b1719bdb0b90820dbb70a08f517767ce88ef59b756accc05dc413e225834,2023-12,Leicestershire Police,Leicestershire Police,-1.154790,52.627152,On or near Beaconsfield Road,E01013776,Leicester 023B,Criminal damage and arson,Unable to prosecute suspect,
c5d1aff017bbf71931abd0352325efc18eb9da9071133dbb58a669f6f443637f,2023-12,Leicestershire Police,Leicestershire Police,-1.154790,52.627152,On or near Beaconsfield Road,E01013776,Leicester 023B,Violence and sexual offences,Unable to prosecute suspect,
9efc67fac81d1cf1c97c680ede7f18ed2c7cb59646970ae9083121ce2c9fcc57,2023-12,Leicestershire Police,Leicestershire Police,-1.154790,52.627152,On or near Beaconsfield Road,E01013776,Leicester 023B,Other crime,Unable to prosecute suspect,
,2023-12,Leicestershire Police,Leicestershire Police,-1.152191,52.625551,On or near Petrol Station,E01013776,Leicester 023B,Anti-social behaviour,,
,2023-12,Leicestershire Police,Leicestershire Police,-1.152191,52.625551,On or near Petrol Station,E01013776,Leicester 023B,Anti-social behaviour,,
,2023-12,Leicestershire Police,Leicestershire Police,-1.152191,52.625551,On or near Petrol Station,E01013776,Leicester 023B,Anti-social behaviour,,
,2023-12,Leicestershire Police,Leicestershire Police,-1.152191,52.625551,On or near Petrol Station,E01013776,Leicester 023B,Anti-social behaviour,,
,2023-12,Leicestershire Police,Leicestershire Police,-1.152191,52.625551,On or near Petrol Station,E01013776,Leicester 023B,Anti-social behaviour,,
9e01cb1db8bb9fd88b623906514ee744fd361f1b6daaf5f047341ee9783fe54c,2023-12,Leicestershire Police,Leicestershire Police,-1.152191,52.625551,On or near Petrol Station,E01013776,Leicester 023B,Bicycle theft,Investigation complete; no suspect identified,
b3b5830b83715acc6e75ad210bacc55f54e1edb4efa44a52330c511a79239f6c,2023-12,Leicestershire Police,Leicestershire Police,-1.148380,52.625559,On or near Sheffield Street,E01013776,Leicester 023B,Burglary,Investigation complete; no suspect identified,
8efd51dc080b690d77302f97948fe91dee2decfc0686f1abf22d117c69876202,2023-12,Leicestershire Police,Leicestershire Police,-1.154790,52.627152,On or near Beaconsfield Road,E01013776,Leicester 023B,Burglary,Investigation complete; no suspect identified,
a0023d501e0ee086d32a086c55aaf1eba97215526fb678b71bcf46a4923896e7,2023-12,Leicestershire Police,Leicestershire Police,-1.149509,52.625208,On or near Bruce Street,E01013776,Leicester 023B,Burglary,Investigation complete; no suspect identified,
d78b1a671b14021c7d9ff226e6d1d4577ff102adfdf64880392905ff33ab2cb7,2023-12,Leicestershire Police,Leicestershire Police,-1.154514,52.624606,On or near Westleigh Road,E01013776,Leicester 023B,Criminal damage and arson,Court result unavailable,
cbfd00f80a658ef7a359293e360e3690ceefdbb50e81ab81930b5421d054b699,2023-12,Leicestershire Police,Leicestershire Police,-1.152191,52.625551,On or near Petrol Station,E01013776,Leicester 023B,Drugs,Court result unavailable,
3c2579a6b0856935f462b7e88bbd69ce4d1c4f960c6e19ab047b88839d60c303,2023-12,Leicestershire Police,Leicestershire Police,-1.152191,52.625551,On or near Petrol Station,E01013776,Leicester 023B,Other theft,Investigation complete; no suspect identified,
17f6eeeeaf0da5cd1f098f869620a4df5486f2f819d09fc7e5944a1fa03540d8,2023-12,Leicestershire Police,Leicestershire Police,-1.152191,52.625551,On or near Petrol Station,E01013776,Leicester 023B,Public order,Unable to prosecute suspect,
f13f7ccda9558eca01b382d8c3e8a961b10d6b22fb3655121e4d4bd41a2d499c,2023-12,Leicestershire Police,Leicestershire Police,-1.154514,52.624606,On or near Westleigh Road,E01013776,Leicester 023B,Public order,Court result unavailable,
2dac1c7aec0eef67d62e08dee4484824d642bf291653ebe3a0c1a1c2dc416e41,2023-12,Leicestershire Police,Leicestershire Police,-1.154514,52.624606,On or near Westleigh Road,E01013776,Leicester 023B,Public order,Local resolution,
a4b62d0825f5f9acad9f3a6f7801c1060eb4d9c68c2b477ad6ec454e68e759dc,2023-12,Leicestershire Police,Leicestershire Police,-1.152191,52.625551,On or near Petrol Station,E01013776,Leicester 023B,Public order,Court result unavailable,
2152b6dd2fb52b34c40bbf0e66d8feeb02f8649eb436f141ae1f0eff6d13a06f,2023-12,Leicestershire Police,Leicestershire Police,-1.152191,52.625551,On or near Petrol Station,E01013776,Leicester 023B,Public order,Unable to prosecute suspect,
062c3db382c93628016775d21ac430930263476045fe32a90ffbc66a0ad66817,2023-12,Leicestershire Police,Leicestershire Police,-1.152191,52.625551,On or near Petrol Station,E01013776,Leicester 023B,Public order,Investigation complete; no suspect identified,
6af628d61122c7ca26ce832f6cc993983f214342912bc34f5c983ae22272d8e2,2023-12,Leicestershire Police,Leicestershire Police,-1.154790,52.627152,On or near Beaconsfield Road,E01013776,Leicester 023B,Vehicle crime,Investigation complete; no suspect identified,
b044b940082a1110fc40efc9516b3692ec02d8f0c61a7eb10f25bd1578d8e32a,2023-12,Leicestershire Police,Leicestershire Police,-1.154790,52.627152,On or near Beaconsfield Road,E01013776,Leicester 023B,Vehicle crime,Investigation complete; no suspect identified,
75278c5ebd8cbb95b22f6bd43aea0d101b467795f847154557b74892a84ca8eb,2023-12,Leicestershire Police,Leicestershire Police,-1.149509,52.625208,On or near Bruce Street,E01013776,Leicester 023B,Violence and sexual offences,Unable to prosecute suspect,
b7487327b5a4adedc7242687b204f305facbc056c3a06c0d6dc12fc45373d7b5,2023-12,Leicestershire Police,Leicestershire Police,-1.154790,52.627152,On or near Beaconsfield Road,E01013776,Leicester 023B,Violence and sexual offences,Unable to prosecute suspect,
072c0543b246baa19cef080da2fd52cc5c8912fa47cdad062c5afb0efba869ec,2023-12,Leicestershire Police,Leicestershire Police,-1.154514,52.624606,On or near Westleigh Road,E01013776,Leicester 023B,Violence and sexual offences,Unable to prosecute suspect,
5a80afaaaa7e69ecd104e191aabaadd25b3f3daf117b8b6d2102d6671f48227f,2023-12,Leicestershire Police,Leicestershire Police,-1.154514,52.624606,On or near Westleigh Road,E01013776,Leicester 023B,Violence and sexual offences,Unable to prosecute suspect,
4fec1c0960f92b05d6ce9b691766b87d02b2d8afc32ebd0aeb40ef3be863cfea,2023-12,Leicestershire Police,Leicestershire Police,-1.154790,52.627152,On or near Beaconsfield Road,E01013776,Leicester 023B,Violence and sexual offences,Status update unavailable,
7d8be9b11342edece126cd38d72e37465c79c779a5795b082a9211c140086c64,2023-12,Leicestershire Police,Leicestershire Police,-1.147215,52.626216,On or near Western Road,E01013776,Leicester 023B,Violence and sexual offences,Investigation complete; no suspect identified,
2d6dec9f76cde667a764cd52640e78092da79cfcad2291d22f9371493d5d800d,2023-12,Leicestershire Police,Leicestershire Police,-1.154514,52.624606,On or near Westleigh Road,E01013776,Leicester 023B,Violence and sexual offences,Unable to prosecute suspect,
5e77d32982c1f69c9c52c7b2f841dabcfec9b9ad7c4f2bb4dbd854e2f3ba1f5c,2023-12,Leicestershire Police,Leicestershire Police,-1.154514,52.624606,On or near Westleigh Road,E01013776,Leicester 023B,Violence and sexual offences,Investigation complete; no suspect identified,
e33a24e97e0234480d8d88978eb8b9be4e8e287c1a654cdc3c5f98de465fb4b7,2023-12,Leicestershire Police,Leicestershire Police,-1.154514,52.624606,On or near Westleigh Road,E01013776,Leicester 023B,Violence and sexual offences,Investigation complete; no suspect identified,
fe824e006accfd3b29bfb1967c79034c9371677b55963f11a87d8648355aec1e,2023-12,Leicestershire Police,Leicestershire Police,-1.152191,52.625551,On or near Petrol Station,E01013776,Leicester 023B,Violence and sexual offences,Investigation complete; no suspect identified,
446c21c85393da2a53dfbec9e9a4ce839a1d236eab9aa42f873bb3416f405084,2023-12,Leicestershire Police,Leicestershire Police,-1.154790,52.627152,On or near Beaconsfield Road,E01013776,Leicester 023B,Violence and sexual offences,Unable to prosecute suspect,
af9e844b8b97055e71fa6593d4c9937fd886e8904db262678fafb381bd293e43,2023-12,Leicestershire Police,Leicestershire Police,-1.148380,52.625559,On or near Sheffield Street,E01013776,Leicester 023B,Violence and sexual offences,Further investigation is not in the public interest,
faf5ae9f42f5fb30f9565bc9f5d38920a4017f24726deff05ee2f468bb192311,2023-12,Leicestershire Police,Leicestershire Police,-1.154514,52.624606,On or near Westleigh Road,E01013776,Leicester 023B,Other crime,Unable to prosecute suspect,
1c4d3bd4d41706cf6e26a7713d01bb8f0cbe87b998f662448c3bbae1e1ec606e,2023-12,Leicestershire Police,Leicestershire Police,-1.151204,52.629221,On or near Shaftesbury Road,E01013779,Leicester 023D,Possession of weapons,Court result unavailable,
95b4bbe6cb0b8bf0e3aea7ce94a958ff1c23e3d8a6b4f8b1290831adff182c6d,2023-12,Leicestershire Police,Leicestershire Police,-1.151362,52.633294,On or near Norfolk Street,E01013779,Leicester 023D,Violence and sexual offences,Unable to prosecute suspect,
3b84764ff19d8ba7345743e8a1f330342eca47d778d224f8e863414f654464c9,2023-12,Leicestershire Police,Leicestershire Police,-1.151204,52.629221,On or near Shaftesbury Road,E01013779,Leicester 023D,Violence and sexual offences,Court result unavailable,
77f8c445d4513400bce8b4f2c2f395fceccffbd038c4e2df72a12fe667df5fe1,2023-12,Leicestershire Police,Leicestershire Police,-1.152162,52.633938,On or near King Richards Road,E01013779,Leicester 023D,Burglary,Investigation complete; no suspect identified,
dd105263be06ca3922464a5830b17715a72d408b42e90dde16bd3601c4e2e81e,2023-12,Leicestershire Police,Leicestershire Police,-1.151204,52.629221,On or near Shaftesbury Road,E01013779,Leicester 023D,Burglary,Unable to prosecute suspect,
dfe2d1c632c2728ce258b3160aab3a3c3a91fbf3f84c059a6d0a0b7548280d8f,2023-12,Leicestershire Police,Leicestershire Police,-1.151362,52.633294,On or near Norfolk Street,E01013779,Leicester 023D,Criminal damage and arson,Investigation complete; no suspect identified,
e08a29006311d6ca3ecf13eb36a65a6c6d18b7e298a7a568dcb488311f6ce6b0,2023-12,Leicestershire Police,Leicestershire Police,-1.150416,52.631777,On or near Catesby Street,E01013779,Leicester 023D,Drugs,Investigation complete; no suspect identified,
bf9ba26865f81eaa205487a4e58bed6b21d357501b94390a85294700b31ebccb,2023-12,Leicestershire Police,Leicestershire Police,-1.153553,52.628473,On or near Harrow Road,E01013779,Leicester 023D,Drugs,Status update unavailable,
3ef56c3db250a786eb839be1ddd565d105489674944c2c350acebff16a1df1f5,2023-12,Leicestershire Police,Leicestershire Police,-1.153553,52.628473,On or near Harrow Road,E01013779,Leicester 023D,Drugs,Status update unavailable,
46b4e1f3f99e5ee277cf9bfaefb93ce34c03f902523d765d12c7c1506c95bd16,2023-12,Leicestershire Police,Leicestershire Police,-1.151204,52.629221,On or near Shaftesbury Road,E01013779,Leicester 023D,Other theft,Investigation complete; no suspect identified,
a6db7059e50649e8d76a9f52310d8645d9607b28af3cd803efe6fed6a300e563,2023-12,Leicestershire Police,Leicestershire Police,-1.151886,52.630673,On or near Luther Street,E01013779,Leicester 023D,Other theft,Investigation complete; no suspect identified,
6c4033fe701a3de0b2c810730b2e3e02debe019f01c92a8ae21199ba57b30b49,2023-12,Leicestershire Police,Leicestershire Police,-1.152162,52.633938,On or near King Richards Road,E01013779,Leicester 023D,Other theft,Investigation complete; no suspect identified,
0ec54d701f481bcabd00458ef2383e8107ca3d607e0754fb5d22e0c37565955b,2023-12,Leicestershire Police,Leicestershire Police,-1.152623,52.630723,On or near Livingstone Street,E01013779,Leicester 023D,Possession of weapons,Status update unavailable,
6568fe2ede967d698a2a05abfa9052000d1edbebfc9ec846ac7e54a5156923b1,2023-12,Leicestershire Police,Leicestershire Police,-1.151886,52.630673,On or near Luther Street,E01013779,Leicester 023D,Public order,Unable to prosecute suspect,
84b0719d3d385f1529962a319aa7929bfc0d16485d464f31dc9b08440901dece,2023-12,Leicestershire Police,Leicestershire Police,-1.151204,52.629221,On or near Shaftesbury Road,E01013779,Leicester 023D,Theft from the person,Unable to prosecute suspect,
013803ba1b5cfbf6c977741069f448a3956d5fe8be297413f074b2d018fc5286,2023-12,Leicestershire Police,Leicestershire Police,-1.150416,52.631777,On or near Catesby Street,E01013779,Leicester 023D,Violence and sexual offences,Unable to prosecute suspect,
ed8c72772126955e5df284b404ea216d12bdd7e23eb069b475c513412e59f32a,2023-12,Leicestershire Police,Leicestershire Police,-1.150416,52.631777,On or near Catesby Street,E01013779,Leicester 023D,Violence and sexual offences,Investigation complete; no suspect identified,
9cfb1531c3675e7eeb9854d587d0c7373b457c8af14cf5015d48cadb4d6c91c5,2023-12,Leicestershire Police,Leicestershire Police,-1.151362,52.633294,On or near Norfolk Street,E01013779,Leicester 023D,Violence and sexual offences,Unable to prosecute suspect,
15cbbfe09d7c7e747e5f554dba3d74f26c6f15d43681bdc66bce695798f9ae96,2023-12,Leicestershire Police,Leicestershire Police,-1.151362,52.633294,On or near Norfolk Street,E01013779,Leicester 023D,Violence and sexual offences,Unable to prosecute suspect,
be6a81eaa1f24d21e2fa0787248461af1a1e203d7f4b85b66078389412b2ec83,2023-12,Leicestershire Police,Leicestershire Police,-1.151204,52.629221,On or near Shaftesbury Road,E01013779,Leicester 023D,Violence and sexual offences,Unable to prosecute suspect,
,2023-12,Leicestershire Police,Leicestershire Police,-1.154236,52.635230,On or near St Pauls Road,E01013781,Leicester 023E,Anti-social behaviour,,
,2023-12,Leicestershire Police,Leicestershire Police,-1.155001,52.633842,On or near Kirby Road,E01013781,Leicester 023E,Anti-social behaviour,,
,2023-12,Leicestershire Police,Leicestershire Police,-1.152092,52.632985,On or near Fosse Road Central,E01013781,Leicester 023E,Anti-social behaviour,,
b6565a76734791b736ad7156822ac33914f10b592df1f7d42d4d3f61e5c52d5a,2023-12,Leicestershire Police,Leicestershire Police,-1.155001,52.633842,On or near Kirby Road,E01013781,Leicester 023E,Bicycle theft,Investigation complete; no suspect identified,
bbf07bf4ab89aaf188a1695574c08b78d2e9365e3878cfcf773f0fd466bec644,2023-12,Leicestershire Police,Leicestershire Police,-1.155001,52.633842,On or near Kirby Road,E01013781,Leicester 023E,Burglary,Unable to prosecute suspect,
f81120873ce7fd4d9295948286e2415f3f5266a5085f289e699a192325254bd1,2023-12,Leicestershire Police,Leicestershire Police,-1.153471,52.632743,On or near Stretton Road,E01013781,Leicester 023E,Criminal damage and arson,Investigation complete; no suspect identified,
34c7547ee0185ec9629aebefac8bdd5f51925b4dbd6cbf363f8abadabe8d6ba7,2023-12,Leicestershire Police,Leicestershire Police,-1.155001,52.633842,On or near Kirby Road,E01013781,Leicester 023E,Criminal damage and arson,Unable to prosecute suspect,
9043f457358be865fefb59dc8ebb95e6795e28d2949c642296e8b1afdcc1db01,2023-12,Leicestershire Police,Leicestershire Police,-1.153471,52.632743,On or near Stretton Road,E01013781,Leicester 023E,Drugs,Investigation complete; no suspect identified,
f29a1e3a7793ea5ade9f2a111354094990b98a9d248c6488ae5e4887cc566d8f,2023-12,Leicestershire Police,Leicestershire Police,-1.153471,52.632743,On or near Stretton Road,E01013781,Leicester 023E,Drugs,Investigation complete; no suspect identified,
8573d5c5c254b89f8b837e864f7a1cf86c6cf0072aa50de5a1796d1a7df7e576,2023-12,Leicestershire Police,Leicestershire Police,-1.156034,52.635476,On or near St Dunstan Road,E01013781,Leicester 023E,Other theft,Investigation complete; no suspect identified,
72c8e1f921bd3e401b5346103cd13815d90800cc2eee5854fe8a561ea5a9f4e3,2023-12,Leicestershire Police,Leicestershire Police,-1.155001,52.633842,On or near Kirby Road,E01013781,Leicester 023E,Other theft,Investigation complete; no suspect identified,
5efeb0b35dbdc51452057d9d961c5825741658cf1e1d68cdf8442f6fa2cf470e,2023-12,Leicestershire Police,Leicestershire Police,-1.154236,52.635230,On or near St Pauls Road,E01013781,Leicester 023E,Other theft,Investigation complete; no suspect identified,
3c5a57c58daaf0b25df22164b93bd1144f9af911fd49dd587b0b8bf6c3dd9c7c,2023-12,Leicestershire Police,Leicestershire Police,-1.155001,52.633842,On or near Kirby Road,E01013781,Leicester 023E,Other theft,Investigation complete; no suspect identified,
5c5017e59cd326334ab3ecb8c8c861debf4174b7e30574d06f8149beb0ee2237,2023-12,Leicestershire Police,Leicestershire Police,-1.155181,52.635236,On or near Bramley Road,E01013781,Leicester 023E,Other theft,Unable to prosecute suspect,
06b0662a42c8429ba33170d62a6ec3744b4ec941ff4456437825d8cf2b442a05,2023-12,Leicestershire Police,Leicestershire Police,-1.154236,52.635230,On or near St Pauls Road,E01013781,Leicester 023E,Other theft,Investigation complete; no suspect identified,
0946b0a834fa0a5c22810e51ec3903edc07e4af29549e189f3351183c6c4f755,2023-12,Leicestershire Police,Leicestershire Police,-1.153471,52.632743,On or near Stretton Road,E01013781,Leicester 023E,Public order,Unable to prosecute suspect,
1b381c673cd482dd9a49ededfedab7ba9ea348e57411d963d5f5c55b15ed91c3,2023-12,Leicestershire Police,Leicestershire Police,-1.153471,52.632743,On or near Stretton Road,E01013781,Leicester 023E,Public order,Investigation complete; no suspect identified,
5a2ad21ef02e6ff000446caaba5c0598c33674215be3bcc80b3d37c309d1262f,2023-12,Leicestershire Police,Leicestershire Police,-1.153471,52.632743,On or near Stretton Road,E01013781,Leicester 023E,Shoplifting,Investigation complete; no suspect identified,
78d6e575bd6e2e5aacff1e42f2aeb0b9390c8d0a9545f1488ed1418772562f22,2023-12,Leicestershire Police,Leicestershire Police,-1.152092,52.632985,On or near Fosse Road Central,E01013781,Leicester 023E,Vehicle crime,Investigation complete; no suspect identified,
cad24d483f224ab7a48d74b0e08231f2761fbedeb3b07652a49999a8f7451e3c,2023-12,Leicestershire Police,Leicestershire Police,-1.155839,52.634828,On or near Muriel Road,E01013781,Leicester 023E,Vehicle crime,Investigation complete; no suspect identified,
7ca8e9b1b1e6fccd642a8a73339301bdfe2315ba489464b610b56eb535750f92,2023-12,Leicestershire Police,Leicestershire Police,-1.155001,52.633842,On or near Kirby Road,E01013781,Leicester 023E,Violence and sexual offences,Investigation complete; no suspect identified,
5f9e7f1b615f250466fc892409bc0eeed59f60b91304ee5be263be34d3a5baf9,2023-12,Leicestershire Police,Leicestershire Police,-1.155132,52.634733,On or near Merton Avenue,E01013781,Leicester 023E,Violence and sexual offences,Status update unavailable,
f90df9ac983adebc7909b49a60dde6e3841fda866fc6f815d18d3292e625b9eb,2023-12,Leicestershire Police,Leicestershire Police,-1.153471,52.632743,On or near Stretton Road,E01013781,Leicester 023E,Violence and sexual offences,Investigation complete; no suspect identified,
5dabf0a8f624ebeba26d4b619dcf848e92ba5116462fd8de4760680074c26f2b,2023-12,Leicestershire Police,Leicestershire Police,-1.157924,52.631696,On or near Dulverton Road,E01013782,Leicester 023F,Burglary,Investigation complete; no suspect identified,
,2023-12,Leicestershire Police,Leicestershire Police,-1.154872,52.630568,On or near Cherryleas Drive,E01013782,Leicester 023F,Anti-social behaviour,,
4f0cebc04d91b64b24cc5dd97fa4c60ca51b3b52b5350f02c38ca209f9123c27,2023-12,Leicestershire Police,Leicestershire Police,-1.158690,52.633347,On or near Bolton Road,E01013782,Leicester 023F,Bicycle theft,Investigation complete; no suspect identified,
9235b6c5406a30eba6046dee45a12ef40cc72534063e2dc468431176783ca01d,2023-12,Leicestershire Police,Leicestershire Police,-1.158690,52.633347,On or near Bolton Road,E01013782,Leicester 023F,Burglary,Investigation complete; no suspect identified,
13defd594f2cba2d681095a02e240e4ef2929f982b76b5baed47a5fdfc03ad96,2023-12,Leicestershire Police,Leicestershire Police,-1.159754,52.631772,On or near Dunster Street,E01013782,Leicester 023F,Criminal damage and arson,Unable to prosecute suspect,
9e2d7cc26a85098bd2cbbf69894325c0e66d5e5795792601805f418c52484c62,2023-12,Leicestershire Police,Leicestershire Police,-1.153971,52.630562,On or near Parking Area,E01013782,Leicester 023F,Criminal damage and arson,Investigation complete; no suspect identified,
ea605eb567dc62c55cc01334d96409fb4e7a28eb35be24442fdca5b614b94e4e,2023-12,Leicestershire Police,Leicestershire Police,-1.154484,52.629217,On or near Westcotes Drive,E01013782,Leicester 023F,Other theft,Investigation complete; no suspect identified,
41f2d6853bc0ecbedd1308d401aba96e3baba10add544be10cac6d2539048901,2023-12,Leicestershire Police,Leicestershire Police,-1.157474,52.633572,On or near Henton Road,E01013782,Leicester 023F,Public order,Unable to prosecute suspect,
16e9de368174d32c1bb774c1f90fc58aac817b9e73faee4184392bee4e079e84,2023-12,Leicestershire Police,Leicestershire Police,-1.157924,52.631696,On or near Dulverton Road,E01013782,Leicester 023F,Vehicle crime,Investigation complete; no suspect identified,
8a12c2e95dd963e06e8188e39793371ea6cc538f57998321e569f4d467f1e602,2023-12,Leicestershire Police,Leicestershire Police,-1.157474,52.633572,On or near Henton Road,E01013782,Leicester 023F,Vehicle crime,Investigation complete; no suspect identified,
9dfd14f1a5b303410142e93baf89622b0cfda1164704959bcb603448f7e7f7c2,2023-12,Leicestershire Police,Leicestershire Police,-1.157924,52.631696,On or near Dulverton Road,E01013782,Leicester 023F,Vehicle crime,Investigation complete; no suspect identified,
2da775f1b321a13b864daf779262a3a3346c23922ed52c3fb360c00ce72fb71e,2023-12,Leicestershire Police,Leicestershire Police,-1.158690,52.633347,On or near Bolton Road,E01013782,Leicester 023F,Violence and sexual offences,Unable to prosecute suspect,
77b09c49e0823f765ca8a3b18c0d193991b85c13d043023d3c0ef9e01804158e,2023-12,Leicestershire Police,Leicestershire Police,-1.158690,52.633347,On or near Bolton Road,E01013782,Leicester 023F,Violence and sexual offences,Action to be taken by another organisation,
324e2ae298d4132c149e18292b151e782c6842a93ab41cfbe04211f9ad12577f,2023-12,Leicestershire Police,Leicestershire Police,-1.157474,52.633572,On or near Henton Road,E01013782,Leicester 023F,Violence and sexual offences,Unable to prosecute suspect,
c6252929cc7e3df1bcff2450f8dc74ce014511046af03e37dc6b9f05ba790629,2023-12,Leicestershire Police,Leicestershire Police,-1.158690,52.633347,On or near Bolton Road,E01013782,Leicester 023F,Violence and sexual offences,Formal action is not in the public interest,
121816c78033adaf73666eeb68c8b82baa61e227b895f7fcdd15b5d0ae345331,2023-12,Leicestershire Police,Leicestershire Police,-1.153971,52.630562,On or near Parking Area,E01013782,Leicester 023F,Violence and sexual offences,Unable to prosecute suspect,
17cfa7eff1d16df9794012a115ead117d4db2d7281dd8328f44f3c66259b4b23,2023-12,Leicestershire Police,Leicestershire Police,-1.157474,52.633572,On or near Henton Road,E01013782,Leicester 023F,Violence and sexual offences,Further action is not in the public interest,
63b7ac8edfcd40a59ec666f570adaefb88794d45f14d40b45ccc8e598387f647,2023-12,Leicestershire Police,Leicestershire Police,-1.154484,52.629217,On or near Westcotes Drive,E01013782,Leicester 023F,Violence and sexual offences,Investigation complete; no suspect identified,
72d8ab38dc50d9671c0d40efc675e70a7beb25ca7165a6f4c3b5b63e2db1a62f,2023-12,Leicestershire Police,Leicestershire Police,-1.154417,52.628111,On or near Barclay Street,E01013784,Leicester 023G,Violence and sexual offences,Unable to prosecute suspect,
988e9102a9a5d6007a075d582992b5dffb27a4f1e42780cb65e01c3a403daba5,2023-12,Leicestershire Police,Leicestershire Police,-1.154417,52.628111,On or near Barclay Street,E01013784,Leicester 023G,Violence and sexual offences,Status update unavailable,
60bf24479c8c5a94b2483d3178611a9368e85ae73e3fb4ac32d5d6590fab9a77,2023-12,Leicestershire Police,Leicestershire Police,-1.154417,52.628111,On or near Barclay Street,E01013784,Leicester 023G,Violence and sexual offences,Investigation complete; no suspect identified,
cec547ae16f88d62d97fa1ca810993a057272e7f9879a1cea8b371f01d6b77a3,2023-12,Leicestershire Police,Leicestershire Police,-1.154417,52.628111,On or near Barclay Street,E01013784,Leicester 023G,Violence and sexual offences,Unable to prosecute suspect,
5cf5453c850d9cd49594ae006741afbe3406606d703b187280175ec68893ce88,2023-12,Leicestershire Police,Leicestershire Police,-1.157358,52.628078,On or near Sykefield Avenue,E01013784,Leicester 023G,Violence and sexual offences,Unable to prosecute suspect,
a0ca34b5cbe543c2ffe5425b6ca4d2338dc23421c8a57ea32d015e99db37bcf6,2023-12,Leicestershire Police,Leicestershire Police,-1.157358,52.628078,On or near Sykefield Avenue,E01013784,Leicester 023G,Violence and sexual offences,Investigation complete; no suspect identified,
cc1fbdd2590c45da6538cd5730549ae9cf6cb689b74070e2d62f3c6b42581af9,2023-12,Leicestershire Police,Leicestershire Police,-1.154417,52.628111,On or near Barclay Street,E01013784,Leicester 023G,Violence and sexual offences,Unable to prosecute suspect,
c04fff0e878c8c06070541755c240aa34c146c2c47e49437ccfa2135f576d32c,2023-12,Leicestershire Police,Leicestershire Police,-1.144983,52.630803,On or near Bede Street,E01034013,Leicester 023H,Robbery,Unable to prosecute suspect,
,2023-12,Leicestershire Police,Leicestershire Police,-1.144983,52.630803,On or near Bede Street,E01034013,Leicester 023H,Anti-social behaviour,,
,2023-12,Leicestershire Police,Leicestershire Police,-1.147639,52.630202,On or near Ruding Road,E01034013,Leicester 023H,Anti-social behaviour,,
6d2e3cf205ee8617fcbe3d99bdc89bedad897d16188682eae691b12a773d2df2,2023-12,Leicestershire Police,Leicestershire Police,-1.150103,52.632683,On or near Andrewes Close,E01034013,Leicester 023H,Burglary,Unable to prosecute suspect,
62989263866a3545b745c4b17b0db36b33f2dc9ea89af104e998ba6e82cc0fc2,2023-12,Leicestershire Police,Leicestershire Police,-1.144983,52.630803,On or near Bede Street,E01034013,Leicester 023H,Criminal damage and arson,Unable to prosecute suspect,
3402fef6eb2ea2784b6d5fa30a283d5a0b433969ef4db84af74976bb95cc60b9,2023-12,Leicestershire Police,Leicestershire Police,-1.149351,52.632588,On or near Andrewes Street,E01034013,Leicester 023H,Criminal damage and arson,Investigation complete; no suspect identified,
ee2cb2f47c1ce8df8ce0a0a72d4ab6f88b83912dddadbc5335fa84e6446393a8,2023-12,Leicestershire Police,Leicestershire Police,-1.147975,52.633468,On or near Fitzroy Street,E01034013,Leicester 023H,Criminal damage and arson,Unable to prosecute suspect,
80f6a1f585f9e8a90b9a428359d8c4e674ad790f933014238650b46186f99280,2023-12,Leicestershire Police,Leicestershire Police,-1.150103,52.632683,On or near Andrewes Close,E01034013,Leicester 023H,Drugs,Status update unavailable,
0ba8bca45c11dcdecbd1b4b25def2cab57bfc634fcc381758232cedc687781b4,2023-12,Leicestershire Police,Leicestershire Police,-1.149351,52.632588,On or near Andrewes Street,E01034013,Leicester 023H,Other theft,Unable to prosecute suspect,
9086a8aab98762673fb369958befa777d9dd48cd11f56f5cbaabc43cb530e26a,2023-12,Leicestershire Police,Leicestershire Police,-1.147639,52.630202,On or near Ruding Road,E01034013,Leicester 023H,Violence and sexual offences,Investigation complete; no suspect identified,
21c93b7a5e9c292e722adf68d43d5d11a7a7156d0beca4a494e95683e7389c9a,2023-12,Leicestershire Police,Leicestershire Police,-1.150103,52.632683,On or near Andrewes Close,E01034013,Leicester 023H,Violence and sexual offences,Investigation complete; no suspect identified,
79d9e30291cdf337e621697bd7df142cfe842d90115b6e77d0c62cd19519aa16,2023-12,Leicestershire Police,Leicestershire Police,-1.150103,52.632683,On or near Andrewes Close,E01034013,Leicester 023H,Violence and sexual offences,Unable to prosecute suspect,
9389d8d531d8c62722a27d72df27723839a6f4557ab8bf33913c6a243912ce9a,2023-12,Leicestershire Police,Leicestershire Police,-1.145568,52.631131,On or near Earl Howe Terrace,E01034014,Leicester 023I,Violence and sexual offences,Further investigation is not in the public interest,
,2023-12,Leicestershire Police,Leicestershire Police,-1.146886,52.627895,On or near Supermarket,E01034014,Leicester 023I,Anti-social behaviour,,
,2023-12,Leicestershire Police,Leicestershire Police,-1.146096,52.632052,On or near Supermarket,E01034014,Leicester 023I,Anti-social behaviour,,
4b375820fd313a62f0e10f3b9c4979415e7054f352a3735762876a2d8b9f5cdb,2023-12,Leicestershire Police,Leicestershire Police,-1.146886,52.627895,On or near Supermarket,E01034014,Leicester 023I,Burglary,Unable to prosecute suspect,
f026ad3fb7811609f13ed4ada3c83b832bcb08cc9b6f17979ebd27bcb5f53a6e,2023-12,Leicestershire Police,Leicestershire Police,-1.146886,52.627895,On or near Supermarket,E01034014,Leicester 023I,Criminal damage and arson,Unable to prosecute suspect,
a59c914b71094b8d1e61c9aa8e2353e09c0075b98ecd4de28c1d4036a895337c,2023-12,Leicestershire Police,Leicestershire Police,-1.146886,52.627895,On or near Supermarket,E01034014,Leicester 023I,Criminal damage and arson,Investigation complete; no suspect identified,
a02f356ad74778ee400d079b4ccc77749233aa2497ef49418848d98c867dc575,2023-12,Leicestershire Police,Leicestershire Police,-1.146096,52.632052,On or near Supermarket,E01034014,Leicester 023I,Criminal damage and arson,Investigation complete; no suspect identified,
bfa7a325f8e851fe3b32df19871a3b15c86d27ff56b1f578106006360b9b39cf,2023-12,Leicestershire Police,Leicestershire Police,-1.146886,52.627895,On or near Supermarket,E01034014,Leicester 023I,Criminal damage and arson,Unable to prosecute suspect,
c03803c8158cc8f883c1bc181a3b637757f24f726398879d8889f29ec82e65ff,2023-12,Leicestershire Police,Leicestershire Police,-1.145568,52.631131,On or near Earl Howe Terrace,E01034014,Leicester 023I,Criminal damage and arson,Court result unavailable,
91749632656bc9fa97d9daeb93026710aa3b43e4d8f45e010f98876f069c66ae,2023-12,Leicestershire Police,Leicestershire Police,-1.143043,52.628748,On or near Western Boulevard,E01034014,Leicester 023I,Drugs,Local resolution,
67b9045e39efee4e60e8eb76d4ff2f56bca8c2d7aa566b8ef779efffa77a363e,2023-12,Leicestershire Police,Leicestershire Police,-1.145568,52.631131,On or near Earl Howe Terrace,E01034014,Leicester 023I,Drugs,Local resolution,
147f9565676b5d8f242069bcce884c86d6b934c4b83f4cedad39c7983266678a,2023-12,Leicestershire Police,Leicestershire Police,-1.143043,52.628748,On or near Western Boulevard,E01034014,Leicester 023I,Drugs,Local resolution,
e70e1d84fcfe735cf3d905830b05e9a6110fdcbf4f58cc934716c4ce165fe867,2023-12,Leicestershire Police,Leicestershire Police,-1.147708,52.627443,On or near Gaul Street,E01034014,Leicester 023I,Other theft,Investigation complete; no suspect identified,
c10a93b80562a49b7bceb38bb595d757610075c86a4719674d3ddda0b86f1d1a,2023-12,Leicestershire Police,Leicestershire Police,-1.146096,52.632052,On or near Supermarket,E01034014,Leicester 023I,Other theft,Investigation complete; no suspect identified,
5f9f4c485476081b4a9554190cb006bb4e5c7a39a410a774308f860a39309ce3,2023-12,Leicestershire Police,Leicestershire Police,-1.144995,52.631711,On or near Thorpe Street,E01034014,Leicester 023I,Other theft,Investigation complete; no suspect identified,
06022a6adce214aa5f530aaf8fa46329e076add248bcdbc3e2ca187c2a202e06,2023-12,Leicestershire Police,Leicestershire Police,-1.146096,52.632052,On or near Supermarket,E01034014,Leicester 023I,Other theft,Investigation complete; no suspect identified,
f93b23ca354b162b76f5e3da86dcaad18e8f7e6e9b932f40759cd6b080a41f0a,2023-12,Leicestershire Police,Leicestershire Police,-1.144913,52.632870,On or near Little Holme Street,E01034014,Leicester 023I,Other theft,Investigation complete; no suspect identified,
209bf735d46add792e2bc8f2255607e16d6f83934ce61b94e7fa73c014384ef3,2023-12,Leicestershire Police,Leicestershire Police,-1.145358,52.626733,On or near Mint Road,E01034014,Leicester 023I,Other theft,Action to be taken by another organisation,
07b79e14ae7adeada9298598f11637cb54a249ea218798ed218e745058417778,2023-12,Leicestershire Police,Leicestershire Police,-1.145568,52.631131,On or near Earl Howe Terrace,E01034014,Leicester 023I,Public order,Investigation complete; no suspect identified,
3a8bca243d7c768709b60328a0edaa27d5d2d9781c44c3c1977ae5bc11df1764,2023-12,Leicestershire Police,Leicestershire Police,-1.143043,52.628748,On or near Western Boulevard,E01034014,Leicester 023I,Public order,Unable to prosecute suspect,
630dcf7319e7a27f4fe5941cedeeeae59e6a9a21219f550cbfdab25cd8b453d8,2023-12,Leicestershire Police,Leicestershire Police,-1.143349,52.632778,On or near Westbridge Close,E01034014,Leicester 023I,Public order,Court result unavailable,
915509ab6a7391643bc2ce02a67deaff637e71962213c5343ff43122c55eaa25,2023-12,Leicestershire Police,Leicestershire Police,-1.146886,52.627895,On or near Supermarket,E01034014,Leicester 023I,Public order,Unable to prosecute suspect,
99b5b27a3f7c6cd32c8566a229a34b814936a7f2920370d93d636114ede3573f,2023-12,Leicestershire Police,Leicestershire Police,-1.145442,52.632272,On or near New Park Street,E01034014,Leicester 023I,Public order,Investigation complete; no suspect identified,
0bd161237b98eacc2468e9f9390f8e9168435a9c421fc55e3c1b4cad3168cfd6,2023-12,Leicestershire Police,Leicestershire Police,-1.148404,52.626576,On or near Paton Street,E01034014,Leicester 023I,Public order,Unable to prosecute suspect,
372707835a1620008e29fe08fec6a09eb68e23cbd8686a58c5c3dc78c555dfcb,2023-12,Leicestershire Police,Leicestershire Police,-1.144613,52.627798,On or near Tarragon Road,E01034014,Leicester 023I,Public order,Investigation complete; no suspect identified,
1692eee59597d04bf749771bce1118aca6b055bb2cbf2ed2088a587cec675f05,2023-12,Leicestershire Police,Leicestershire Police,-1.144613,52.627798,On or near Tarragon Road,E01034014,Leicester 023I,Public order,Unable to prosecute suspect,
b3bbf62be7a86159230d778cd904544002744470e97492bd3684867911a93456,2023-12,Leicestershire Police,Leicestershire Police,-1.145081,52.626525,On or near Sage Road,E01034014,Leicester 023I,Public order,Investigation complete; no suspect identified,
caff219b9e4c0f603a163f94a5c3e18e786e3f08217572c9b858ccda0fa11400,2023-12,Leicestershire Police,Leicestershire Police,-1.146096,52.632052,On or near Supermarket,E01034014,Leicester 023I,Public order,Investigation complete; no suspect identified,
291d8a2b9c24c5e2b05df4677dd5ed1f39adb74d814a7ed62f8401c46954c014,2023-12,Leicestershire Police,Leicestershire Police,-1.144995,52.631711,On or near Thorpe Street,E01034014,Leicester 023I,Public order,Local resolution,
25d4c9f4ebff77f0d246ab1030f46c1abe4665c549d12c904c3b7f0f23989b5c,2023-12,Leicestershire Police,Leicestershire Police,-1.143043,52.628748,On or near Western Boulevard,E01034014,Leicester 023I,Public order,Investigation complete; no suspect identified,
7f1d4b2d2a05e87f89e1c2d9a1163b1545fb9828cab6632ad421fba29f6dd3c2,2023-12,Leicestershire Police,Leicestershire Police,-1.146096,52.632052,On or near Supermarket,E01034014,Leicester 023I,Public order,Unable to prosecute suspect,
47454faf9c0f97db2852c59bdb1c37586a7fe3a4ef1e9d9648cec2ce435061cc,2023-12,Leicestershire Police,Leicestershire Police,-1.144613,52.627798,On or near Tarragon Road,E01034014,Leicester 023I,Public order,Unable to prosecute suspect,
a0312854c89262f9251f6c70245f9c9e84b850344a2754f538000cd63fe2e7b1,2023-12,Leicestershire Police,Leicestershire Police,-1.144613,52.627798,On or near Tarragon Road,E01034014,Leicester 023I,Public order,Unable to prosecute suspect,
b42e91b9fe0cefbb5cc0f5e2912e9aabc0a99c62deb2b3102f5503bf8177beaf,2023-12,Leicestershire Police,Leicestershire Police,-1.146096,52.632052,On or near Supermarket,E01034014,Leicester 023I,Public order,Investigation complete; no suspect identified,
82173316eb37c98bcd740d25bcc4e431201112666c08586d82f63aabdbea1e23,2023-12,Leicestershire Police,Leicestershire Police,-1.143043,52.628748,On or near Western Boulevard,E01034014,Leicester 023I,Public order,Investigation complete; no suspect identified,
d1044ebf20e2fb204b0bf669c6447b02de23c8813b8a42875c01a567aeac1d91,2023-12,Leicestershire Police,Leicestershire Police,-1.146886,52.627895,On or near Supermarket,E01034014,Leicester 023I,Shoplifting,Unable to prosecute suspect,
8ebe1277f23508689b20e54a0d5df4ab27cb4e253683edc86e6b21194fa7479d,2023-12,Leicestershire Police,Leicestershire Police,-1.143349,52.632778,On or near Westbridge Close,E01034014,Leicester 023I,Vehicle crime,Investigation complete; no suspect identified,
a8eaaea31f72bb6c0dda8ab5a53c7cec177a22a513f7af74269f02a5b3b98fe6,2023-12,Leicestershire Police,Leicestershire Police,-1.145568,52.631131,On or near Earl Howe Terrace,E01034014,Leicester 023I,Vehicle crime,Investigation complete; no suspect identified,
2d8cc9b8b02b1e95a63c5a423a7830b62e73fe7d3f83ddb490789c718910f67e,2023-12,Leicestershire Police,Leicestershire Police,-1.144324,52.626735,On or near Thyme Close,E01034014,Leicester 023I,Violence and sexual offences,Unable to prosecute suspect,
77b4fc27ada278bf88c23e42844b6355d6dab28c0196a719d25ac8d0ba891f5f,2023-12,Leicestershire Police,Leicestershire Police,-1.147708,52.627443,On or near Gaul Street,E01034014,Leicester 023I,Violence and sexual offences,Unable to prosecute suspect,
0c32eb57fe5aa3796a29187ec2d99b6407237d84d95151b97d8c9b40086662da,2023-12,Leicestershire Police,Leicestershire Police,-1.145568,52.631131,On or near Earl Howe Terrace,E01034014,Leicester 023I,Violence and sexual offences,Court result unavailable,
a36967a71a15adb7b62092687035be012da4cdfed6f3189531f712a8d527d851,2023-12,Leicestershire Police,Leicestershire Police,-1.145442,52.632272,On or near New Park Street,E01034014,Leicester 023I,Violence and sexual offences,Unable to prosecute suspect,
e29f6c692b492812984e095985e2deaa1634d5966c1a5540610177d14b763f04,2023-12,Leicestershire Police,Leicestershire Police,-1.148404,52.626576,On or near Paton Street,E01034014,Leicester 023I,Violence and sexual offences,Unable to prosecute suspect,
307881a566b09de5545da0297f62a3af9e0112288f3f7d13d467ac1592d72686,2023-12,Leicestershire Police,Leicestershire Police,-1.143043,52.628748,On or near Western Boulevard,E01034014,Leicester 023I,Violence and sexual offences,Unable to prosecute suspect,
7c5f2a1cc62043167ae07bcb17894d22fd56c47bdc5f67022ef5ca5f1abc237f,2023-12,Leicestershire Police,Leicestershire Police,-1.145442,52.632272,On or near New Park Street,E01034014,Leicester 023I,Violence and sexual offences,Unable to prosecute suspect,
f834e7e0cfe9457370cbd9e6ab2407a07bb03cd0698e45943ee426f8c1530b34,2023-12,Leicestershire Police,Leicestershire Police,-1.145442,52.632272,On or near New Park Street,E01034014,Leicester 023I,Violence and sexual offences,Unable to prosecute suspect,
f1e3ab38d3c3763a26e632721bd43e2454ebbcfe3d795b118fe6bd11f8619823,2023-12,Leicestershire Police,Leicestershire Police,-1.145442,52.632272,On or near New Park Street,E01034014,Leicester 023I,Violence and sexual offences,Unable to prosecute suspect,
51187dd922ee48db61ce8d6c3ff0e1081fa81aa81072d1e459814cce68551b85,2023-12,Leicestershire Police,Leicestershire Police,-1.148404,52.626576,On or near Paton Street,E01034014,Leicester 023I,Violence and sexual offences,Unable to prosecute suspect,
3069dee91418d3095a52b2c44aec93e79989c014f9e68d64818cfb02f0a40dd7,2023-12,Leicestershire Police,Leicestershire Police,-1.145568,52.631131,On or near Earl Howe Terrace,E01034014,Leicester 023I,Violence and sexual offences,Investigation complete; no suspect identified,
72edce5d8b6bccbd6a97aeb1fd2c4e2b6f0314ab9726e61ca951cfc05c61a4a6,2023-12,Leicestershire Police,Leicestershire Police,-1.146886,52.627895,On or near Supermarket,E01034014,Leicester 023I,Other crime,Status update unavailable,
7f64298a80a8652d6a9803fafbdd59437c2c7e06149fe8eec5304e9cfd6a6512,2023-12,Leicestershire Police,Leicestershire Police,-1.060583,52.626883,On or near Chorley Wood Road,E01013666,Leicester 025A,Other theft,Further action is not in the public interest,
2278a54cee516814a2e9ab2a77645be83b2f1f9c742ff895da1ddf576b3825cc,2023-12,Leicestershire Police,Leicestershire Police,-1.055781,52.626881,On or near Hardwick Road,E01013666,Leicester 025A,Burglary,Investigation complete; no suspect identified,
fe1d70e8de58f8c220426993e20a2b963d1e886cd79a43940177c83d7bc212ac,2023-12,Leicestershire Police,Leicestershire Police,-1.061194,52.629378,On or near Welland Vale Road,E01013666,Leicester 025A,Burglary,Investigation complete; no suspect identified,
1fc803672fca0bdb631a8e2311a47e72b848ecef3e2fa37167b1276c3b18316b,2023-12,Leicestershire Police,Leicestershire Police,-1.057732,52.628227,On or near Supermarket,E01013666,Leicester 025A,Robbery,Investigation complete; no suspect identified,
db8e0081d81ee3e2bb1122d09987a26bb91c9d0434d493bfffe0631cb366e864,2023-12,Leicestershire Police,Leicestershire Police,-1.075775,52.623874,On or near Cordery Road,E01013670,Leicester 025C,Burglary,Investigation complete; no suspect identified,
ba20f2bcf227fcd2bfd7a30e8dca5dce1a30328bda6adec662da36da2b0ce7f8,2023-12,Leicestershire Police,Leicestershire Police,-1.090347,52.621424,On or near Evington Lane,E01013670,Leicester 025C,Drugs,Court result unavailable,
6ff3bb8e4aaed4c1679e6d1e40dc32f172e906da5275bee1a78561b589311d49,2023-12,Leicestershire Police,Leicestershire Police,-1.074962,52.625261,On or near Aldgate Avenue,E01013670,Leicester 025C,Other theft,Investigation complete; no suspect identified,
f4b5cb31efdc83baf3d0fac08b7479c1c462290da1de7fe8c2b00b8d8c2e829b,2023-12,Leicestershire Police,Leicestershire Police,-1.074962,52.625261,On or near Aldgate Avenue,E01013670,Leicester 025C,Other theft,Investigation complete; no suspect identified,
0556f6848111e03ba571b74256711c4a5573e6cceed653358d2e593e6704df79,2023-12,Leicestershire Police,Leicestershire Police,-1.074946,52.621107,On or near Main Street,E01013670,Leicester 025C,Shoplifting,Investigation complete; no suspect identified,
7e77e91248c2628f86463bae94747323ae04dee110fcb99d7b71201bf967c0d9,2023-12,Leicestershire Police,Leicestershire Police,-1.074946,52.621107,On or near Main Street,E01013670,Leicester 025C,Vehicle crime,Investigation complete; no suspect identified,
32f44df1fc3c5cc1e9b3463f79b55a9a45178d3f001aac03b45189d3acf0c478,2023-12,Leicestershire Police,Leicestershire Police,-1.075767,52.621419,On or near Evington Mews,E01013670,Leicester 025C,Violence and sexual offences,Investigation complete; no suspect identified,
ef0996232c80785505fef7022ba30fad07b38395d9d8834b7c3e256987b34c07,2023-12,Leicestershire Police,Leicestershire Police,-1.069732,52.624573,On or near B667,E01013670,Leicester 025C,Violence and sexual offences,Unable to prosecute suspect,
c8bc8c7b346c47f30d5e5da522caad8c54bbc638f349864df2f2676bdaf238a2,2023-12,Leicestershire Police,Leicestershire Police,-1.075032,52.636679,On or near Avoca Close,E01013671,Leicester 025D,Burglary,Investigation complete; no suspect identified,
95359aab9a853df5674c2616f564dc69c6abd8dbbc0e481aa67720c39317a991,2023-12,Leicestershire Police,Leicestershire Police,-1.078541,52.638468,On or near Holman Row,E01013671,Leicester 025D,Criminal damage and arson,Investigation complete; no suspect identified,
7ca6c8db21f1f58779615b0878582e855350bb92ba4ee0630529c94a062380b4,2023-12,Leicestershire Police,Leicestershire Police,-1.071950,52.636385,On or near Greystone Avenue,E01013671,Leicester 025D,Other theft,Investigation complete; no suspect identified,
1d066cc50d03b55e7ee04f6933c74ed2130718853722c35569c72edba1295140,2023-12,Leicestershire Police,Leicestershire Police,-1.071236,52.635202,On or near Westmeath Avenue,E01013671,Leicester 025D,Other theft,Status update unavailable,
65dc25a2fe6a3ef0bc1379671487309fefd9ff6c772a703955ab18dd50bc8977,2023-12,Leicestershire Police,Leicestershire Police,-1.071236,52.635202,On or near Westmeath Avenue,E01013671,Leicester 025D,Public order,Investigation complete; no suspect identified,
8266bed2ff5df5622375b8ecbe44390871380175c2eec4103b2502411d0d0f2e,2023-12,Leicestershire Police,Leicestershire Police,-1.075032,52.636679,On or near Avoca Close,E01013671,Leicester 025D,Vehicle crime,Investigation complete; no suspect identified,
f4d3980c373464c119783c7631e9db1f24cb499be05a4e34d68b43046eb3890c,2023-12,Leicestershire Police,Leicestershire Police,-1.075621,52.634661,On or near Hemsted Court,E01013671,Leicester 025D,Vehicle crime,Investigation complete; no suspect identified,
5f0cb2dd0818316df8415eec859964d8f8bfca5f2b24b428186a451831099215,2023-12,Leicestershire Police,Leicestershire Police,-1.075621,52.634661,On or near Hemsted Court,E01013671,Leicester 025D,Violence and sexual offences,Offender given a caution,
ac2f7b0342aafdb6a091a2ec3d6a3698553bc92ae6d493f247157ba741249693,2023-12,Leicestershire Police,Leicestershire Police,-1.071950,52.636385,On or near Greystone Avenue,E01013671,Leicester 025D,Other crime,Investigation complete; no suspect identified,
6178e9545b2bb3f450e081a168dddd211f6075ce61b9fdd8aeafa20b5fe7bd77,2023-12,Leicestershire Police,Leicestershire Police,-1.068671,52.631415,On or near Sunnyfield Close,E01013672,Leicester 025E,Criminal damage and arson,Investigation complete; no suspect identified,
,2023-12,Leicestershire Police,Leicestershire Police,-1.064179,52.633501,On or near Uppingham Close,E01013672,Leicester 025E,Anti-social behaviour,,
49bded65c59bf9a30dbcf882a0a09ae818d306e407b4cd8d10ae1e288cd9ed1f,2023-12,Leicestershire Police,Leicestershire Police,-1.070162,52.632182,On or near Davenport Road,E01013672,Leicester 025E,Burglary,Investigation complete; no suspect identified,
d02650bc3382785dbc0db2bac384d1c7ccc3613f014439d004541318ccbe2ba3,2023-12,Leicestershire Police,Leicestershire Police,-1.071783,52.626108,On or near Judith Drive,E01013672,Leicester 025E,Other theft,Investigation complete; no suspect identified,
f3f779565d98438ce06cf6b35dd417b6d37030ff18508eb51fc2b342b2b76059,2023-12,Leicestershire Police,Leicestershire Police,-1.073748,52.626816,On or near Angela Drive,E01013672,Leicester 025E,Public order,Investigation complete; no suspect identified,
3b4424dcdcad703c1e063ccfc0d098a39b8dfa19f6ca98595e588daa5044a8fc,2023-12,Leicestershire Police,Leicestershire Police,-1.076163,52.626484,On or near Harwin Road,E01013672,Leicester 025E,Violence and sexual offences,Further investigation is not in the public interest,
cd2ea131cb2628b52b434306be7372e612ad0aa68188574776e02c69a3ef2ec2,2023-12,Leicestershire Police,Leicestershire Police,-1.076163,52.626484,On or near Harwin Road,E01013672,Leicester 025E,Violence and sexual offences,Unable to prosecute suspect,
9f47d82f0b730da9af4f9f5ce6821d16d81588fd13eeea699491f5dbf2b57c92,2023-12,Leicestershire Police,Leicestershire Police,-1.076163,52.626484,On or near Harwin Road,E01013672,Leicester 025E,Violence and sexual offences,Unable to prosecute suspect,
ba36d604f5be98ba1296d0832bd088fa58c8bb407ec0a5400ccfbc67f581caf4,2023-12,Leicestershire Police,Leicestershire Police,-1.061007,52.627767,On or near Woodnewton Drive,E01013672,Leicester 025E,Violence and sexual offences,Status update unavailable,
154b9734c5b4e9e761addb6b0346c8ca21a8e53d2ec11eb154983008e8c3c38e,2023-12,Leicestershire Police,Leicestershire Police,-1.061007,52.627767,On or near Woodnewton Drive,E01013672,Leicester 025E,Violence and sexual offences,Status update unavailable,
37fa5b228cf20bd3a11de7ee55da6e5a78a83f7c7e0a012c12de1dc409951550,2023-12,Leicestershire Police,Leicestershire Police,-1.076163,52.626484,On or near Harwin Road,E01013672,Leicester 025E,Violence and sexual offences,Investigation complete; no suspect identified,
756fb9ef23ed1195191abed914df6d83d39aec29c3e506278dcb0f93f25b192f,2023-12,Leicestershire Police,Leicestershire Police,-1.076163,52.626484,On or near Harwin Road,E01013672,Leicester 025E,Violence and sexual offences,Further action is not in the public interest,
44d6230cb933808fdeb7e3bc6adfc868a02d8743f215c8cf16dedad90c1bcf65,2023-12,Leicestershire Police,Leicestershire Police,-1.178775,52.622025,On or near Parking Area,E01013631,Leicester 026A,Robbery,Offender given a caution,
a14eddeedbb08889e7f96d6c7a4c8f1b1992f98c2996fa6ee969e3c649cbb6c6,2023-12,Leicestershire Police,Leicestershire Police,-1.168454,52.620218,On or near Peverel Road,E01013631,Leicester 026A,Violence and sexual offences,Unable to prosecute suspect,
,2023-12,Leicestershire Police,Leicestershire Police,-1.176550,52.620167,On or near Park/Open Space,E01013631,Leicester 026A,Anti-social behaviour,,
,2023-12,Leicestershire Police,Leicestershire Police,-1.178775,52.622025,On or near Parking Area,E01013631,Leicester 026A,Anti-social behaviour,,
,2023-12,Leicestershire Police,Leicestershire Police,-1.166207,52.622639,On or near Braunstone Avenue,E01013631,Leicester 026A,Anti-social behaviour,,
,2023-12,Leicestershire Police,Leicestershire Police,-1.178775,52.622025,On or near Parking Area,E01013631,Leicester 026A,Anti-social behaviour,,
3a29a727a748c23accca20bfc939ae51b121c37a6200c0ee74ba90c1a9cdaca8,2023-12,Leicestershire Police,Leicestershire Police,-1.166207,52.622639,On or near Braunstone Avenue,E01013631,Leicester 026A,Criminal damage and arson,Investigation complete; no suspect identified,
fc833edff905ac9641e83ca1ab222cc33aca1f4819c4cf2a7ecddb98103b5a3b,2023-12,Leicestershire Police,Leicestershire Police,-1.164367,52.620792,On or near Bewicke Road,E01013631,Leicester 026A,Criminal damage and arson,Investigation complete; no suspect identified,
baa292c29ffe738859a9036d9d8d5c64a92850fdec1f4dad6637aaede1527c00,2023-12,Leicestershire Police,Leicestershire Police,-1.171650,52.618380,On or near Reynolds Place,E01013631,Leicester 026A,Other theft,Unable to prosecute suspect,
d1851a09a0434eb8736c46e02501c986b3434a6854bf24637438775ccb3104e8,2023-12,Leicestershire Police,Leicestershire Police,-1.166207,52.622639,On or near Braunstone Avenue,E01013631,Leicester 026A,Other theft,Investigation complete; no suspect identified,
a000e22c9fb748c1de0182f53801dd67bbdbd479f27ecfa88e3373c8e46f7bef,2023-12,Leicestershire Police,Leicestershire Police,-1.166207,52.622639,On or near Braunstone Avenue,E01013631,Leicester 026A,Public order,Investigation complete; no suspect identified,
0d9705d45934d4b8089bff30b5f54bc732e1d82d500a77065bf5c8ceef36a1ef,2023-12,Leicestershire Police,Leicestershire Police,-1.171650,52.618380,On or near Reynolds Place,E01013631,Leicester 026A,Public order,Unable to prosecute suspect,
a184c00852849b0a607a4ea961af6ff81bdae7ba8b9d27cea4723b7d33a9cfd2,2023-12,Leicestershire Police,Leicestershire Police,-1.164367,52.620792,On or near Bewicke Road,E01013631,Leicester 026A,Vehicle crime,Investigation complete; no suspect identified,
dc07022f315311459a43af1c7313d3d4c2aafca6f3cb075727a5bc43c2bee840,2023-12,Leicestershire Police,Leicestershire Police,-1.166207,52.622639,On or near Braunstone Avenue,E01013631,Leicester 026A,Violence and sexual offences,Unable to prosecute suspect,
1e9e416bd37c72b83163da588ef8ebf6af600f123f42eac87d19b3c5ab3d6fcd,2023-12,Leicestershire Police,Leicestershire Police,-1.168454,52.620218,On or near Peverel Road,E01013631,Leicester 026A,Violence and sexual offences,Unable to prosecute suspect,
ef51531e4a24b3364f4e4c552bc41a5a1499f98901a66a7a7ca978596f397dc8,2023-12,Leicestershire Police,Leicestershire Police,-1.168454,52.620218,On or near Peverel Road,E01013631,Leicester 026A,Violence and sexual offences,Unable to prosecute suspect,
ff47b87f06ab71f9d0f3c6c83c7ca6a4f6a030943da3d5d8e9c143f671246b33,2023-12,Leicestershire Police,Leicestershire Police,-1.166571,52.620609,On or near Folville Rise,E01013631,Leicester 026A,Violence and sexual offences,Unable to prosecute suspect,
946c95315de371cc4f6ae9f5748e82e9f7944844b86e9df00e929c34d5075fad,2023-12,Leicestershire Police,Leicestershire Police,-1.166514,52.618928,On or near Burnell Road,E01013631,Leicester 026A,Violence and sexual offences,Unable to prosecute suspect,
58a197854dad1ba0287ae138d77c2f0c5ebb52fd2f97c1ae0400987b4c90a8b6,2023-12,Leicestershire Police,Leicestershire Police,-1.165395,52.618731,On or near Newcombe Road,E01013631,Leicester 026A,Violence and sexual offences,Unable to prosecute suspect,
02d72f022fd9056958fb1cd6916f8dba65810410d44e325084c2d0ca0a0fc844,2023-12,Leicestershire Police,Leicestershire Police,-1.166514,52.618928,On or near Burnell Road,E01013631,Leicester 026A,Violence and sexual offences,Unable to prosecute suspect,
bf9dc13a5dbed238bdd3d5518182951d80de3cc8e6c2078d7b0a526206039645,2023-12,Leicestershire Police,Leicestershire Police,-1.168454,52.620218,On or near Peverel Road,E01013631,Leicester 026A,Violence and sexual offences,Unable to prosecute suspect,
d4e088f63f4b16305003721ffa02b385e9d5622b85240be40ccb8ca12ac9b063,2023-12,Leicestershire Police,Leicestershire Police,-1.171650,52.618380,On or near Reynolds Place,E01013631,Leicester 026A,Violence and sexual offences,Unable to prosecute suspect,
01b9d0ceed4b2fdc0661ba9fd4aa6ca4b6f0ceaf58764b120e21dd1502432b25,2023-12,Leicestershire Police,Leicestershire Police,-1.165395,52.618731,On or near Newcombe Road,E01013631,Leicester 026A,Violence and sexual offences,Unable to prosecute suspect,
533b180e4d12d4f84bbac80f32b7ae7220380c38811477ea42471f80b960c100,2023-12,Leicestershire Police,Leicestershire Police,-1.166207,52.622639,On or near Braunstone Avenue,E01013631,Leicester 026A,Violence and sexual offences,Unable to prosecute suspect,
3ee8f16000d3967f03c085678337413c940ea7c2c5fe50f89a71b55ef29622cf,2023-12,Leicestershire Police,Leicestershire Police,-1.171650,52.618380,On or near Reynolds Place,E01013631,Leicester 026A,Other crime,Unable to prosecute suspect,
8496bda010037a53a82a3a62c21d49fee089c1f1ff82ca89ebfa41f815b5bd15,2023-12,Leicestershire Police,Leicestershire Police,-1.182419,52.623102,On or near Edale Close,E01013632,Leicester 026B,Criminal damage and arson,Court result unavailable,
20c623a6ab88182aad3aad8cad281ff5428e6b8789173869a0785aa8a3cf16e0,2023-12,Leicestershire Police,Leicestershire Police,-1.182419,52.623102,On or near Edale Close,E01013632,Leicester 026B,Violence and sexual offences,Court result unavailable,
,2023-12,Leicestershire Police,Leicestershire Police,-1.182138,52.624683,On or near Cort Crescent,E01013632,Leicester 026B,Anti-social behaviour,,
,2023-12,Leicestershire Police,Leicestershire Police,-1.182138,52.624683,On or near Cort Crescent,E01013632,Leicester 026B,Anti-social behaviour,,
2971e777fda85b9a35c1ac9170a82ab655a35917f1dd1feafc480bada9a2d9cb,2023-12,Leicestershire Police,Leicestershire Police,-1.184725,52.626220,On or near Pollard Road,E01013632,Leicester 026B,Burglary,Investigation complete; no suspect identified,
42641f830f2dfa2227f879479bd3ff65c2bcdfe929793900869b6ccf95c026ad,2023-12,Leicestershire Police,Leicestershire Police,-1.184510,52.621840,On or near Woodshawe Rise,E01013632,Leicester 026B,Criminal damage and arson,Offender given a caution,
7746df84d76376f1e0585e4079312fb944286b15408749720d89ced0931495e0,2023-12,Leicestershire Police,Leicestershire Police,-1.184510,52.621840,On or near Woodshawe Rise,E01013632,Leicester 026B,Criminal damage and arson,Investigation complete; no suspect identified,
3d0aa5ded0eef60274e448b3a01873a94625f6b9313490b72406053ff6311a3a,2023-12,Leicestershire Police,Leicestershire Police,-1.177285,52.618814,On or near Odam Close,E01013632,Leicester 026B,Other theft,Formal action is not in the public interest,
323740fd2e6401e97b4c88e8570708293ff345b76c4086c3d0e9e4569218dc06,2023-12,Leicestershire Police,Leicestershire Police,-1.183722,52.626105,On or near Didsbury Street,E01013632,Leicester 026B,Other theft,Investigation complete; no suspect identified,
588c8e09d83bd9b063376561baebb253b7effc077a86a770017b8aecb25ef8f1,2023-12,Leicestershire Police,Leicestershire Police,-1.182138,52.624683,On or near Cort Crescent,E01013632,Leicester 026B,Other theft,Investigation complete; no suspect identified,
56c9d4114190cf944e0f92c3fa366eaac4c23f97e933d0dc48dbb5c0943f09fd,2023-12,Leicestershire Police,Leicestershire Police,-1.182908,52.622216,On or near Linacres Road,E01013632,Leicester 026B,Vehicle crime,Investigation complete; no suspect identified,
6ffcb2c8917e272f73c865104aad3391207a72dce61206c09d0b4c5224e1b6ed,2023-12,Leicestershire Police,Leicestershire Police,-1.179227,52.619214,On or near Herle Avenue,E01013632,Leicester 026B,Vehicle crime,Investigation complete; no suspect identified,
abec4b6ed5275e97043b78358815584a9a9d05870fd09862b91c113f9c909186,2023-12,Leicestershire Police,Leicestershire Police,-1.184510,52.621840,On or near Woodshawe Rise,E01013632,Leicester 026B,Violence and sexual offences,Unable to prosecute suspect,
e47de18408b982c0fd1920decb3ed9c5cdcf69565e25e0b91076945c8cae3a8b,2023-12,Leicestershire Police,Leicestershire Police,-1.179227,52.619214,On or near Herle Avenue,E01013632,Leicester 026B,Violence and sexual offences,Unable to prosecute suspect,
f622ee75efa73bd7e633adbdf0141db6c7370afc7aad087a9ff9d04c6e6e4839,2023-12,Leicestershire Police,Leicestershire Police,-1.177285,52.618814,On or near Odam Close,E01013632,Leicester 026B,Violence and sexual offences,Unable to prosecute suspect,
ec759290a35f443420d92cb6717decb30a9c2bb402f6680df011a49c7c6b043c,2023-12,Leicestershire Police,Leicestershire Police,-1.182908,52.622216,On or near Linacres Road,E01013632,Leicester 026B,Violence and sexual offences,Investigation complete; no suspect identified,
809483f7e27e2309410f08a3791ae5142d7a235dd429bc008dd381efa92ce10a,2023-12,Leicestershire Police,Leicestershire Police,-1.177285,52.618814,On or near Odam Close,E01013632,Leicester 026B,Violence and sexual offences,Action to be taken by another organisation,
d4aba4bbe6af621f395b005930c1cc6a1025760708b19fc8c17b7f1e34164be2,2023-12,Leicestershire Police,Leicestershire Police,-1.184510,52.621840,On or near Woodshawe Rise,E01013632,Leicester 026B,Violence and sexual offences,Unable to prosecute suspect,
617af6928792e7f88ce2f6ba1af1e894ae24bf5ba3b348dee331c56c44b97da0,2023-12,Leicestershire Police,Leicestershire Police,-1.182419,52.623102,On or near Edale Close,E01013632,Leicester 026B,Violence and sexual offences,Unable to prosecute suspect,
6f20a4050ddcdcff32b82941d57393bcb43a16091f456f03424b0e25c1299a62,2023-12,Leicestershire Police,Leicestershire Police,-1.177285,52.618814,On or near Odam Close,E01013632,Leicester 026B,Violence and sexual offences,Court result unavailable,
c5b0669d9ba3054c1f7f343c3d2fee2830615d0120320b9eb71765af479211e9,2023-12,Leicestershire Police,Leicestershire Police,-1.177285,52.618814,On or near Odam Close,E01013632,Leicester 026B,Violence and sexual offences,Court result unavailable,
d2f83fa643172fa9dd456036ef48ac1a1751b842e9f8bfbe13ebed8f8c5bf01a,2023-12,Leicestershire Police,Leicestershire Police,-1.183722,52.626105,On or near Didsbury Street,E01013632,Leicester 026B,Violence and sexual offences,Unable to prosecute suspect,
5005ccd59c038882d371495f68bb1174389248b36c2b708f879b26b03831e734,2023-12,Leicestershire Police,Leicestershire Police,-1.182419,52.623102,On or near Edale Close,E01013632,Leicester 026B,Violence and sexual offences,Unable to prosecute suspect,
c8c350026a67498dfdac0c1906314317292aa21f5c37de9f34a4b33119394604,2023-12,Leicestershire Police,Leicestershire Police,-1.179227,52.619214,On or near Herle Avenue,E01013632,Leicester 026B,Violence and sexual offences,Unable to prosecute suspect,
482c3f10045202f8def45e883c8acbd26c2eeb14c01bbdfbd16a8b9d221eb555,2023-12,Leicestershire Police,Leicestershire Police,-1.183722,52.626105,On or near Didsbury Street,E01013632,Leicester 026B,Violence and sexual offences,Unable to prosecute suspect,
6f7fbd3dfe3bf737d5eded116850e0bd0b0813ef719973affd062f617915fcc0,2023-12,Leicestershire Police,Leicestershire Police,-1.191811,52.625675,On or near Cantrell Road,E01013638,Leicester 026C,Violence and sexual offences,Local resolution,
,2023-12,Leicestershire Police,Leicestershire Police,-1.191831,52.624587,On or near Thornton Close,E01013638,Leicester 026C,Anti-social behaviour,,
,2023-12,Leicestershire Police,Leicestershire Police,-1.196986,52.627059,On or near Wyatt Close,E01013638,Leicester 026C,Anti-social behaviour,,
,2023-12,Leicestershire Police,Leicestershire Police,-1.196986,52.627059,On or near Wyatt Close,E01013638,Leicester 026C,Anti-social behaviour,,
,2023-12,Leicestershire Police,Leicestershire Police,-1.196986,52.627059,On or near Wyatt Close,E01013638,Leicester 026C,Anti-social behaviour,,
4b6df8a9c8975731c5c5095180b12cc32f8b41b21e13f8e7fbdd3db4bcc7a5cb,2023-12,Leicestershire Police,Leicestershire Police,-1.191811,52.625675,On or near Cantrell Road,E01013638,Leicester 026C,Criminal damage and arson,Investigation complete; no suspect identified,
72d3a2d4c1ff4e0366bd0a4dc49b5b3d6fe29f585507e7fc70c52b462e4e750c,2023-12,Leicestershire Police,Leicestershire Police,-1.190767,52.629995,On or near Sports/Recreation Area,E01013638,Leicester 026C,Other theft,Investigation complete; no suspect identified,
757bda9342407730aad50f3f80871d247cecce8806770e437a3478182ee9ff87,2023-12,Leicestershire Police,Leicestershire Police,-1.191811,52.625675,On or near Cantrell Road,E01013638,Leicester 026C,Public order,Investigation complete; no suspect identified,
ebca1b37ed88711a4094b947976a592bfc9754cf7d05f6abe18acfd18742c078,2023-12,Leicestershire Police,Leicestershire Police,-1.191811,52.625675,On or near Cantrell Road,E01013638,Leicester 026C,Public order,Investigation complete; no suspect identified,
1e92381f5895da3de8c3a6026b177df2cd5be842fbd54b0cd2d087b712104a2e,2023-12,Leicestershire Police,Leicestershire Police,-1.189830,52.628970,On or near Worrall Road,E01013638,Leicester 026C,Violence and sexual offences,Investigation complete; no suspect identified,
39b0f73f945cc6d630561b7f8aaaa1d291726ff696d4f46c34489278812b736c,2023-12,Leicestershire Police,Leicestershire Police,-1.192949,52.628065,On or near Heyford Road,E01013638,Leicester 026C,Violence and sexual offences,Action to be taken by another organisation,
9e477bf7e9936fd6d5e7a14c94cfc2048f9585fb59efd5dbfa333893cd4f0502,2023-12,Leicestershire Police,Leicestershire Police,-1.187391,52.629034,On or near Hand Close,E01013638,Leicester 026C,Violence and sexual offences,Investigation complete; no suspect identified,
5f484d18c74556c7177783f69697f341cf9716643b722cc3440bf27dd6e74311,2023-12,Leicestershire Police,Leicestershire Police,-1.190796,52.624625,On or near Butterfield Close,E01013638,Leicester 026C,Violence and sexual offences,Action to be taken by another organisation,
9ad24f884b6be8bcb3110b3b823ae93383fe93aa3322d1e23ae83766bf9f587b,2023-12,Leicestershire Police,Leicestershire Police,-1.190796,52.624625,On or near Butterfield Close,E01013638,Leicester 026C,Violence and sexual offences,Unable to prosecute suspect,
00f7e990160e011d4a8407b9caea7aae9a5e15a64dc53e75dd4324cd77238585,2023-12,Leicestershire Police,Leicestershire Police,-1.195013,52.626668,On or near Meadwell Road,E01013638,Leicester 026C,Other crime,Unable to prosecute suspect,
a7b8d5b1d038f601dd131f3b7584e181b448d7029084ce9c816907949fe957f5,2023-12,Leicestershire Police,Leicestershire Police,-1.193175,52.628633,On or near Avery Hill,E01013638,Leicester 026C,Other crime,Local resolution,
0501c75bd73c9566397d35c93df9dce7b10aa5384a5d90f4c53c7662cc5d1603,2023-12,Leicestershire Police,Leicestershire Police,-1.184898,52.629628,On or near Wellinger Way,E01013640,Leicester 026D,Robbery,Awaiting court outcome,
3378f030df3a2007a0b415e2f514a7e16ae95b01cb47f117c5e2e5b01318ac06,2023-12,Leicestershire Police,Leicestershire Police,-1.186403,52.624946,On or near Bendbow Rise,E01013640,Leicester 026D,Violence and sexual offences,Awaiting court outcome,
,2023-12,Leicestershire Police,Leicestershire Police,-1.189605,52.625929,On or near Wilmore Crescent,E01013640,Leicester 026D,Anti-social behaviour,,
,2023-12,Leicestershire Police,Leicestershire Police,-1.186403,52.624946,On or near Bendbow Rise,E01013640,Leicester 026D,Anti-social behaviour,,
ded7e6da8d43c8b2cfafdcf9d4bec0c93e3e8028771973a6240a5eb79108352f,2023-12,Leicestershire Police,Leicestershire Police,-1.186277,52.628532,On or near Hollins Road,E01013640,Leicester 026D,Burglary,Investigation complete; no suspect identified,
4fc9f5bfd278a4bc893d9164b6f8d47f5ffc9459114d69b93369d119204bc2d2,2023-12,Leicestershire Police,Leicestershire Police,-1.188329,52.627018,On or near Gallards Hill,E01013640,Leicester 026D,Criminal damage and arson,Unable to prosecute suspect,
715edcef6438a498031dd3ff66023e148347d3beed3c3de8cf8e6a75255c64be,2023-12,Leicestershire Police,Leicestershire Police,-1.186277,52.628532,On or near Hollins Road,E01013640,Leicester 026D,Criminal damage and arson,Unable to prosecute suspect,
479d2ae9f396574f0d4b4d00d70f78a39e8f0611d346b016bf71efff44e56f8f,2023-12,Leicestershire Police,Leicestershire Police,-1.186403,52.624946,On or near Bendbow Rise,E01013640,Leicester 026D,Criminal damage and arson,Unable to prosecute suspect,
15d34d81094c59d9e5d210603005d9df1930964694856f71844efa4e82f66e25,2023-12,Leicestershire Police,Leicestershire Police,-1.190195,52.628397,On or near Winforde Crescent,E01013640,Leicester 026D,Criminal damage and arson,Investigation complete; no suspect identified,
4b0c933874051f8841d240ecfef68749c140c224a1e6c1e019ea6b794876a8d8,2023-12,Leicestershire Police,Leicestershire Police,-1.190195,52.628397,On or near Winforde Crescent,E01013640,Leicester 026D,Criminal damage and arson,Investigation complete; no suspect identified,
b314cd0ea2b54e5ff9e5d1ba1abb49273a606b235eb3bd420ba4fe884d7b2d35,2023-12,Leicestershire Police,Leicestershire Police,-1.186277,52.628532,On or near Hollins Road,E01013640,Leicester 026D,Other theft,Investigation complete; no suspect identified,
97cc14ec329c236f12aef48a5bcc2aff53177b11e08ef35371c696a5b89d4190,2023-12,Leicestershire Police,Leicestershire Police,-1.190195,52.628397,On or near Winforde Crescent,E01013640,Leicester 026D,Public order,Unable to prosecute suspect,
e6934bfef97eea653f78cad94cf4b85e39003ab839eb060a1f6f3eb9794fa55f,2023-12,Leicestershire Police,Leicestershire Police,-1.184898,52.629628,On or near Wellinger Way,E01013640,Leicester 026D,Public order,Status update unavailable,
73d369fbd2c73a0824913442c0baf413192c2449e68e20e9c66bd1de26c41e39,2023-12,Leicestershire Police,Leicestershire Police,-1.190195,52.628397,On or near Winforde Crescent,E01013640,Leicester 026D,Public order,Unable to prosecute suspect,
030803ba760f4e0f558f5656ba25e54626ebf95cd3f33e130b3ae6da66e2092a,2023-12,Leicestershire Police,Leicestershire Police,-1.189605,52.625929,On or near Wilmore Crescent,E01013640,Leicester 026D,Vehicle crime,Investigation complete; no suspect identified,
3ec0dd97572ce5e422e136a1a0424654ecae87679fd3c9d06e2433741f3b6647,2023-12,Leicestershire Police,Leicestershire Police,-1.184808,52.628090,On or near Webster Road,E01013640,Leicester 026D,Violence and sexual offences,Unable to prosecute suspect,
a0f16c5e6a0d3c44263125263ea0692738c0f31b0477da67b7e8291f11f5d46f,2023-12,Leicestershire Police,Leicestershire Police,-1.186403,52.624946,On or near Bendbow Rise,E01013640,Leicester 026D,Violence and sexual offences,Unable to prosecute suspect,
28e4b2c4656c76b8188c4a2ee21dc677e1127a9ec4dc76af3d58ed873eb7d160,2023-12,Leicestershire Police,Leicestershire Police,-1.190195,52.628397,On or near Winforde Crescent,E01013640,Leicester 026D,Violence and sexual offences,Unable to prosecute suspect,
15e71d1f9e749b92fd6617cdc1f58e58fc4c23e67dcc700a683b6c04366ef182,2023-12,Leicestershire Police,Leicestershire Police,-1.186277,52.628532,On or near Hollins Road,E01013640,Leicester 026D,Violence and sexual offences,Investigation complete; no suspect identified,
d667825af5172ba352f6487903b0b94b4c94864ea8b898d875e1f8ac5039d10a,2023-12,Leicestershire Police,Leicestershire Police,-1.186403,52.624946,On or near Bendbow Rise,E01013640,Leicester 026D,Violence and sexual offences,Unable to prosecute suspect,
30d7638537b73feae3b4f28010422945b3726ab2da6704857cf6ac91e6807267,2023-12,Leicestershire Police,Leicestershire Police,-1.186403,52.624946,On or near Bendbow Rise,E01013640,Leicester 026D,Other crime,Unable to prosecute suspect,
f3b01b6633bf3b99e6d5a46555fc32aa3e014a763d0f98283e80b3de5fd738ae,2023-12,Leicestershire Police,Leicestershire Police,-1.109534,52.624402,On or near Devana Road,E01013756,Leicester 027A,Violence and sexual offences,Unable to prosecute suspect,
3e343edd2e5ab87bb163b9e0cdd4942ac71627bf33fd2d18e1b183651b088f56,2023-12,Leicestershire Police,Leicestershire Police,-1.106728,52.623644,On or near Conway Road,E01013756,Leicester 027A,Violence and sexual offences,Unable to prosecute suspect,
72fe91b8d91232b5e098161d1425c09b73c2cfda2b37b1852a638a5a0228d165,2023-12,Leicestershire Police,Leicestershire Police,-1.108988,52.622932,On or near Dixon Drive,E01013756,Leicester 027A,Other crime,Unable to prosecute suspect,
,2023-12,Leicestershire Police,Leicestershire Police,-1.109534,52.624402,On or near Devana Road,E01013756,Leicester 027A,Anti-social behaviour,,
,2023-12,Leicestershire Police,Leicestershire Police,-1.108872,52.624999,On or near Cromer Street,E01013756,Leicester 027A,Anti-social behaviour,,
13583fa7583cad7bd118b1341bfe9d95fb647b4130dc8695a790d66c6abab255,2023-12,Leicestershire Police,Leicestershire Police,-1.110671,52.622253,On or near Elmfield Avenue,E01013756,Leicester 027A,Criminal damage and arson,Investigation complete; no suspect identified,
d8834cbca4b0a0b8862b089fff27823f4b43acfb95be5790086341bdd9c53efc,2023-12,Leicestershire Police,Leicestershire Police,-1.110749,52.623512,On or near Stanley Road,E01013756,Leicester 027A,Drugs,Court result unavailable,
a795f7854d947714d95a17734a1b32d712dc4263797f3195e43bba5895155245,2023-12,Leicestershire Police,Leicestershire Police,-1.110749,52.623512,On or near Stanley Road,E01013756,Leicester 027A,Drugs,Court result unavailable,
0c0909bf385c539ca35f89ef99b1c1e047b17a1ca5c22e53f6911a9f706d9bee,2023-12,Leicestershire Police,Leicestershire Police,-1.106728,52.623644,On or near Conway Road,E01013756,Leicester 027A,Other theft,Investigation complete; no suspect identified,
5b82f726a0af7b98c0d988fcb355e770fd8424820f11bc8d860a8acf86ffd9ae,2023-12,Leicestershire Police,Leicestershire Police,-1.110671,52.622253,On or near Elmfield Avenue,E01013756,Leicester 027A,Other theft,Unable to prosecute suspect,
3c6717db70a1bc363f3308a9a64d4f18ca3cde62824b6116ed50615fd060855f,2023-12,Leicestershire Police,Leicestershire Police,-1.110749,52.623512,On or near Stanley Road,E01013756,Leicester 027A,Possession of weapons,Court result unavailable,
69b9f8c576e222bfcfc697416e4246cc067394256254e409003bc834f798130e,2023-12,Leicestershire Police,Leicestershire Police,-1.108385,52.623530,On or near Kimberley Road,E01013756,Leicester 027A,Robbery,Unable to prosecute suspect,
1a421163796e81c8c2cf88662c7c18e5d5be140438cd06ea2973b31cb9346de9,2023-12,Leicestershire Police,Leicestershire Police,-1.112566,52.624263,On or near Herschell Street,E01013756,Leicester 027A,Violence and sexual offences,Unable to prosecute suspect,
d5e003b4592a58f82b666c67881f1bae6e26f6432db5cc8b12e296aa49a02da5,2023-12,Leicestershire Police,Leicestershire Police,-1.106406,52.624954,On or near Halsbury Street,E01013756,Leicester 027A,Violence and sexual offences,Unable to prosecute suspect,
99b947144d735f1ff00d0dfc7298865d982d58edf3dfe7a1561bbdc1a200802e,2023-12,Leicestershire Police,Leicestershire Police,-1.107118,52.621929,On or near Ashfield Road,E01013756,Leicester 027A,Violence and sexual offences,Formal action is not in the public interest,
363e1c27c215d519419d5c18fe5bef183a596eba689b2a56f4a9cb318bebc41a,2023-12,Leicestershire Police,Leicestershire Police,-1.112566,52.624263,On or near Herschell Street,E01013756,Leicester 027A,Violence and sexual offences,Local resolution,
93d2aea972381d70dd44ef22cb5ff2332349c354b2166c6ad5c77abde4c667b2,2023-12,Leicestershire Police,Leicestershire Police,-1.093231,52.623406,On or near Colebrook Close,E01013757,Leicester 027B,Vehicle crime,Investigation complete; no suspect identified,
61bfecc275d8ac48352749056d23a9fb43d441c04c6fd594aa279f3af5714e17,2023-12,Leicestershire Police,Leicestershire Police,-1.092988,52.620878,On or near Coplow Avenue,E01013757,Leicester 027B,Vehicle crime,Investigation complete; no suspect identified,
83e11b85bc916e59c9619313d24d0b007cbb3c40dda952e359b2081f3273ac0b,2023-12,Leicestershire Police,Leicestershire Police,-1.092428,52.622960,On or near Buckfast Close,E01013757,Leicester 027B,Violence and sexual offences,Unable to prosecute suspect,
9d2af6bd1e4279fc9a42921701bf8b09143044dc6c94141e5626d3481fa08504,2023-12,Leicestershire Police,Leicestershire Police,-1.093329,52.618669,On or near Renishaw Drive,E01013757,Leicester 027B,Violence and sexual offences,Local resolution,
2093a0fc9f011ba10e50965f51546edd535aa8c7c5877b9926c4bfae12b913a2,2023-12,Leicestershire Police,Leicestershire Police,-1.094874,52.616811,On or near Turnbury Way,E01013757,Leicester 027B,Violence and sexual offences,Investigation complete; no suspect identified,
726cb02eb522e2726c73b334195ef1a6197f85a549421a46664e532bf44d3b55,2023-12,Leicestershire Police,Leicestershire Police,-1.101885,52.620631,On or near New Way Road,E01013759,Leicester 027C,Criminal damage and arson,Investigation complete; no suspect identified,
,2023-12,Leicestershire Police,Leicestershire Police,-1.111189,52.626599,On or near Evington Place,E01013763,Leicester 027D,Anti-social behaviour,,
,2023-12,Leicestershire Police,Leicestershire Police,-1.111189,52.626599,On or near Evington Place,E01013763,Leicester 027D,Anti-social behaviour,,
,2023-12,Leicestershire Police,Leicestershire Police,-1.111189,52.626599,On or near Evington Place,E01013763,Leicester 027D,Anti-social behaviour,,
3f684512d48172b0ca2dea84961eac26b41fc894d50521d29e896a4ae09a98ae,2023-12,Leicestershire Police,Leicestershire Police,-1.111189,52.626599,On or near Evington Place,E01013763,Leicester 027D,Burglary,Court result unavailable,
18aa3b1968c5980c0804a91cb77d6d6e5c3f3a01be8bc8c891a84aca87fa04a2,2023-12,Leicestershire Police,Leicestershire Police,-1.111189,52.626599,On or near Evington Place,E01013763,Leicester 027D,Criminal damage and arson,Investigation complete; no suspect identified,
e4cd551395dd0dcdc13aff65dbb2c69a06a9d8da647897e7ab7637b43cb1b80c,2023-12,Leicestershire Police,Leicestershire Police,-1.115086,52.626044,On or near Abingdon Road,E01013763,Leicester 027D,Criminal damage and arson,Investigation complete; no suspect identified,
03d4b4a705ad82efd910bc51b8955760d651fb47bfe14619f0ce0e52253e80f0,2023-12,Leicestershire Police,Leicestershire Police,-1.117058,52.627137,On or near St Albans Road,E01013763,Leicester 027D,Drugs,Local resolution,
12d68e4854446fffb88c0f20893e7f8e2bad829f70bd15b86d2ada93ddee996b,2023-12,Leicestershire Police,Leicestershire Police,-1.111189,52.626599,On or near Evington Place,E01013763,Leicester 027D,Public order,Formal action is not in the public interest,
8f43543ade250f9ba74defa10135a221796a5d451a9d2287a4d8e3e206c51b2b,2023-12,Leicestershire Police,Leicestershire Police,-1.115086,52.626044,On or near Abingdon Road,E01013763,Leicester 027D,Public order,Investigation complete; no suspect identified,
edb416a3f4c3ebca2443f54e53a5a8307778b4bfd3cfe74e7f5ddca66a5f8fcd,2023-12,Leicestershire Police,Leicestershire Police,-1.111189,52.626599,On or near Evington Place,E01013763,Leicester 027D,Robbery,Investigation complete; no suspect identified,
b93a8515df21eb1b524461a8adba4a998410cef04d120ed7ef87c16b6e2378b8,2023-12,Leicestershire Police,Leicestershire Police,-1.111189,52.626599,On or near Evington Place,E01013763,Leicester 027D,Theft from the person,Investigation complete; no suspect identified,
87146a4b87dd3712dd569f30a2ea81b64a710a8e0b19b4ab4051191c8796461c,2023-12,Leicestershire Police,Leicestershire Police,-1.111189,52.626599,On or near Evington Place,E01013763,Leicester 027D,Vehicle crime,Investigation complete; no suspect identified,
1bb63f309d099c36e25b074fe7bb822df59789deb3f6f61c7e61cf5adace6f91,2023-12,Leicestershire Police,Leicestershire Police,-1.115444,52.627305,On or near Hamilton Street,E01013763,Leicester 027D,Violence and sexual offences,Investigation complete; no suspect identified,
99baa3f3e8cd99f7a1f4f64f345d6fb1547eee5392495c45ac226df46ddb1af0,2023-12,Leicestershire Police,Leicestershire Police,-1.117058,52.627137,On or near St Albans Road,E01013763,Leicester 027D,Violence and sexual offences,Status update unavailable,
00a0ee16ccfad4c06bc61c250ef9881a57ebad632011b1a3af46b8b87740306c,2023-12,Leicestershire Police,Leicestershire Police,-1.112702,52.627015,On or near Cedar Road,E01013763,Leicester 027D,Violence and sexual offences,Action to be taken by another organisation,
5e9378210e744f7ff9ce7de6d93c40b9657769f618d0cce7c9673b7be7f89106,2023-12,Leicestershire Police,Leicestershire Police,-1.115444,52.627305,On or near Hamilton Street,E01013763,Leicester 027D,Violence and sexual offences,Investigation complete; no suspect identified,
18f4ddfc1fbd7886ed350c348724366ba18171c26bec7cb6962c214514da3828,2023-12,Leicestershire Police,Leicestershire Police,-1.113960,52.626898,On or near Onslow Street,E01013763,Leicester 027D,Violence and sexual offences,Unable to prosecute suspect,
661c59d8b44b9eb29edd735c40266cb89de3df94d0ac8a4fd397132364e948f3,2023-12,Leicestershire Police,Leicestershire Police,-1.113960,52.626898,On or near Onslow Street,E01013763,Leicester 027D,Other crime,Unable to prosecute suspect,
,2023-12,Leicestershire Police,Leicestershire Police,-1.090822,52.624161,On or near Hatherleigh Road,E01013764,Leicester 027E,Anti-social behaviour,,
4e00d460ad7ad0d37d988920fc1f075151a9c202e2537b45820dc522a063afe4,2023-12,Leicestershire Police,Leicestershire Police,-1.112341,52.623686,On or near Ripon Street,E01013765,Leicester 027F,Violence and sexual offences,Unable to prosecute suspect,
,2023-12,Leicestershire Police,Leicestershire Police,-1.107240,52.625374,On or near Supermarket,E01013765,Leicester 027F,Anti-social behaviour,,
ba8cafdab2024ab5e027a0b2d3ac663d1a057b41b5deaf46b77f65161724898c,2023-12,Leicestershire Police,Leicestershire Police,-1.112341,52.623686,On or near Ripon Street,E01013765,Leicester 027F,Criminal damage and arson,Unable to prosecute suspect,
2d8ad9ae8456e8f59dbf3be055086af03ae3a1d94a15dc0fd5a5f1e49bc66616,2023-12,Leicestershire Police,Leicestershire Police,-1.112341,52.623686,On or near Ripon Street,E01013765,Leicester 027F,Criminal damage and arson,Further investigation is not in the public interest,
13289582d22fc4dd87a63bad4af582a9de58351c6cb47083287e770626b3188a,2023-12,Leicestershire Police,Leicestershire Police,-1.111770,52.625614,On or near Beckingham Road,E01013765,Leicester 027F,Criminal damage and arson,Investigation complete; no suspect identified,
4ee0f076a61d2a636c1177bbf94756b846b8504d6bdd0867c63c49d35988b443,2023-12,Leicestershire Police,Leicestershire Police,-1.113810,52.624092,On or near Mayfield Road,E01013765,Leicester 027F,Criminal damage and arson,Court result unavailable,
a45c8e5cc3e15d3cae1cd64f8c2ff9b13a01eb6ea2a70ca75aa6e846a54326ff,2023-12,Leicestershire Police,Leicestershire Police,-1.112807,52.625469,On or near Chaucer Street,E01013765,Leicester 027F,Drugs,Local resolution,
4d4559043da55f70052a358565a97acdb0e033db936d75d486c4eb3a086ab850,2023-12,Leicestershire Police,Leicestershire Police,-1.107240,52.625374,On or near Supermarket,E01013765,Leicester 027F,Other theft,Investigation complete; no suspect identified,
d26a9bc53090808e8ca63791b127f95f612249d80de552637dcbaf9f996d6147,2023-12,Leicestershire Police,Leicestershire Police,-1.111770,52.625614,On or near Beckingham Road,E01013765,Leicester 027F,Possession of weapons,Court result unavailable,
c2d089e38fd1753594495244f7766768ce2159cda5a4d8dc65db76cd13fc8756,2023-12,Leicestershire Police,Leicestershire Police,-1.111770,52.625614,On or near Beckingham Road,E01013765,Leicester 027F,Possession of weapons,Court result unavailable,
ec70d87e55af466d70dac6f0d641648d2c1c920646ca5b6192b75d70a1f53710,2023-12,Leicestershire Police,Leicestershire Police,-1.112341,52.623686,On or near Ripon Street,E01013765,Leicester 027F,Public order,Formal action is not in the public interest,
c6977befec1d17c23bd00db3f9b94cbfa69f47184bda3ca4245953f621798b33,2023-12,Leicestershire Police,Leicestershire Police,-1.114123,52.624679,On or near St James Terrace,E01013765,Leicester 027F,Public order,Investigation complete; no suspect identified,
85ad96a7ddb86a66686e9233cc56e59ff8e61b6814ba05225be91c5d1f465ef7,2023-12,Leicestershire Police,Leicestershire Police,-1.110829,52.626147,On or near Evington Road,E01013765,Leicester 027F,Public order,Unable to prosecute suspect,
6e6951d5b2e4696af9ded4c826721fef006454150ccfd879a136b7dd8ce0bbb8,2023-12,Leicestershire Police,Leicestershire Police,-1.111770,52.625614,On or near Beckingham Road,E01013765,Leicester 027F,Public order,Unable to prosecute suspect,
5d5f79e90df562800d8622a05a2e19f4b24aa394fe0debf2e2515cac0cc636d7,2023-12,Leicestershire Police,Leicestershire Police,-1.107240,52.625374,On or near Supermarket,E01013765,Leicester 027F,Robbery,Unable to prosecute suspect,
77a19f69d1b1e6a51e6dba938c040adccd5c65c0875f2d51533d0dc1625a3dde,2023-12,Leicestershire Police,Leicestershire Police,-1.112807,52.625469,On or near Chaucer Street,E01013765,Leicester 027F,Violence and sexual offences,Investigation complete; no suspect identified,
71f0ef0ffa320916932db6530f6fd2c998310d38a9fa69973f77fd90f0230385,2023-12,Leicestershire Police,Leicestershire Police,-1.112807,52.625469,On or near Chaucer Street,E01013765,Leicester 027F,Violence and sexual offences,Unable to prosecute suspect,
2795f09ce4196c7b3b8e42d206c1d581173a308f508179bdb901a40394f6cb71,2023-12,Leicestershire Police,Leicestershire Police,-1.107240,52.625374,On or near Supermarket,E01013765,Leicester 027F,Violence and sexual offences,Investigation complete; no suspect identified,
4c4aedd8d2710116a7b9e888abcb4bd09aae7512d7f27460950399032dc7ed5c,2023-12,Leicestershire Police,Leicestershire Police,-1.107240,52.625374,On or near Supermarket,E01013765,Leicester 027F,Violence and sexual offences,Unable to prosecute suspect,
10dc4e70cabe32b4da81cbde04527799a264b2f13f8a78354647f60e9a3b0ab5,2023-12,Leicestershire Police,Leicestershire Police,-1.113810,52.624092,On or near Mayfield Road,E01013765,Leicester 027F,Violence and sexual offences,Investigation complete; no suspect identified,
937cdc5e9259aecf0e6130fd6c0579f6e46d930d8ded5c974f775dae83f58a84,2023-12,Leicestershire Police,Leicestershire Police,-1.111770,52.625614,On or near Beckingham Road,E01013765,Leicester 027F,Violence and sexual offences,Investigation complete; no suspect identified,
063e5d87364191b3214beb3a0c134bf999bbd2666a37bcb23a485f857f385b37,2023-12,Leicestershire Police,Leicestershire Police,-1.112807,52.625469,On or near Chaucer Street,E01013765,Leicester 027F,Violence and sexual offences,Status update unavailable,
b06237ee90315cf82b824bb2e948ef40d55a6f47f895589e5809f10e998421dc,2023-12,Leicestershire Police,Leicestershire Police,-1.111770,52.625614,On or near Beckingham Road,E01013765,Leicester 027F,Violence and sexual offences,Court result unavailable,
3b989a427771fdfddea13778e543710a219bee40de56a05076d2ca7ddcd3aac7,2023-12,Leicestershire Police,Leicestershire Police,-1.112341,52.623686,On or near Ripon Street,E01013765,Leicester 027F,Violence and sexual offences,Unable to prosecute suspect,
f4760410ec976bb29bc2f2f5f5d0f2cb725c4ec89e43024b2eb846f79f9a82b0,2023-12,Leicestershire Police,Leicestershire Police,-1.112341,52.623686,On or near Ripon Street,E01013765,Leicester 027F,Violence and sexual offences,Unable to prosecute suspect,
70ed95421b3459642e3fdb268894e352474da499c31e5c6cc69ad73be51e4371,2023-12,Leicestershire Police,Leicestershire Police,-1.112341,52.623686,On or near Ripon Street,E01013765,Leicester 027F,Violence and sexual offences,Investigation complete; no suspect identified,
7c3b8050c1e1b3b50224e352da8fc5efe523bea18f464140367641c371714014,2023-12,Leicestershire Police,Leicestershire Police,-1.112341,52.623686,On or near Ripon Street,E01013765,Leicester 027F,Violence and sexual offences,Unable to prosecute suspect,
bdda90d80639a3bcf1d714c7b2dad00b91fab346c51e04bb910bd0dbf5164a95,2023-12,Leicestershire Police,Leicestershire Police,-1.100275,52.625698,On or near Bannerman Road,E01013766,Leicester 027G,Other theft,Unable to prosecute suspect,
238da1ec281a52d51a9090fbe97b69c759d30e6e7842e9265563a5c29489326c,2023-12,Leicestershire Police,Leicestershire Police,-1.103093,52.622996,On or near St Philips Road,E01013766,Leicester 027G,Violence and sexual offences,Unable to prosecute suspect,
507dcfc336c6e2153395856601829ef82f240fbfcd8740a36fadede9d4539de7,2023-12,Leicestershire Police,Leicestershire Police,-1.163594,52.617127,On or near Coninsby Close,E01013633,Leicester 028A,Violence and sexual offences,Unable to prosecute suspect,
93ce037fd399b518fe2812becae655d36e34e04122fdc26a41ec8b570a7e2108,2023-12,Leicestershire Police,Leicestershire Police,-1.163782,52.619709,On or near Ellesmere Road,E01013633,Leicester 028A,Violence and sexual offences,Unable to prosecute suspect,
,2023-12,Leicestershire Police,Leicestershire Police,-1.156436,52.621482,On or near Narborough Road,E01013633,Leicester 028A,Anti-social behaviour,,
,2023-12,Leicestershire Police,Leicestershire Police,-1.156436,52.621482,On or near Narborough Road,E01013633,Leicester 028A,Anti-social behaviour,,
,2023-12,Leicestershire Police,Leicestershire Police,-1.165501,52.624072,On or near Turville Road,E01013633,Leicester 028A,Anti-social behaviour,,
,2023-12,Leicestershire Police,Leicestershire Police,-1.163782,52.619709,On or near Ellesmere Road,E01013633,Leicester 028A,Anti-social behaviour,,
,2023-12,Leicestershire Police,Leicestershire Police,-1.162511,52.621291,On or near Fullhurst Avenue,E01013633,Leicester 028A,Anti-social behaviour,,
3ab0815211ecf5e10944dec02d6e35c4a34d19f7367b1c6e3f5d16244734fe8c,2023-12,Leicestershire Police,Leicestershire Police,-1.157045,52.622808,On or near Sweetbriar Road,E01013633,Leicester 028A,Burglary,Investigation complete; no suspect identified,
a5afccc9c92cf31415d3537da5669c8eee28308522e43eae64207d8a0c91fc79,2023-12,Leicestershire Police,Leicestershire Police,-1.165501,52.624072,On or near Turville Road,E01013633,Leicester 028A,Other theft,Investigation complete; no suspect identified,
98d29653d685833a3721e8a2ee13b3154ad61a4efabd2ba8339e0e53c3f73da5,2023-12,Leicestershire Police,Leicestershire Police,-1.162800,52.618506,On or near Ellesmere Place,E01013633,Leicester 028A,Public order,Unable to prosecute suspect,
236ed8c84591ab8d5cebc05253d1b8660d0a4c8d4736ab1670afcd89cab01266,2023-12,Leicestershire Police,Leicestershire Police,-1.163782,52.619709,On or near Ellesmere Road,E01013633,Leicester 028A,Violence and sexual offences,Unable to prosecute suspect,
2084a4d788981bccbf963f86276392683678bc6c848349a0f77caf29f90b1141,2023-12,Leicestershire Police,Leicestershire Police,-1.163782,52.619709,On or near Ellesmere Road,E01013633,Leicester 028A,Violence and sexual offences,Action to be taken by another organisation,
64a2ad8b2bd0e8cfb0d1b0490eb32ee8270e61520328046090c37ffa17742817,2023-12,Leicestershire Police,Leicestershire Police,-1.157188,52.622296,On or near Gaddesby Avenue,E01013633,Leicester 028A,Violence and sexual offences,Unable to prosecute suspect,
3a095e83b298018e091d093a832a78b560182f3ef8f275c366ec31b1dcdb5ad4,2023-12,Leicestershire Police,Leicestershire Police,-1.163737,52.620518,On or near Segrave Road,E01013633,Leicester 028A,Violence and sexual offences,Unable to prosecute suspect,
5f50c8cd83499979e54887283d81bf76b60d5db59e96e7ea694c8982c5625245,2023-12,Leicestershire Police,Leicestershire Police,-1.157188,52.622296,On or near Gaddesby Avenue,E01013633,Leicester 028A,Violence and sexual offences,Investigation complete; no suspect identified,
62ce7b552fcbf4bc48e473e78e5be07299739f57c4158cd413f5a2dc03eb9f8a,2023-12,Leicestershire Police,Leicestershire Police,-1.165113,52.625049,On or near Valence Road,E01013633,Leicester 028A,Violence and sexual offences,Further action is not in the public interest,
8d78607ba1c8f8f2d84b2f4057c12547674adf40e213c6537dc22ec01404ffd7,2023-12,Leicestershire Police,Leicestershire Police,-1.163519,52.616435,On or near New Fields Square,E01013634,Leicester 028B,Burglary,Investigation complete; no suspect identified,
cb792ade472ca8d1d7f76273089cb54dc3a0dd2e378f2b97c35f13de334ae089,2023-12,Leicestershire Police,Leicestershire Police,-1.166526,52.615970,On or near Audley End,E01013634,Leicester 028B,Other crime,Unable to prosecute suspect,
1811352b8e46e1c5a9875e73dc5a41431c31bbc7a91110e0b932bf3fce6bae53,2023-12,Leicestershire Police,Leicestershire Police,-1.169540,52.616693,On or near Caldecote Road,E01013634,Leicester 028B,Burglary,Investigation complete; no suspect identified,
8e5eba3fcb10bb71c7ea51f12d378b60e1628cfd39683f5a93dcff35fadc19a6,2023-12,Leicestershire Police,Leicestershire Police,-1.169294,52.615675,On or near Wyville Row,E01013634,Leicester 028B,Other theft,Investigation complete; no suspect identified,
e7bef62580ee10280568aa6496984be1f284395984cfa690a104400fef96d013,2023-12,Leicestershire Police,Leicestershire Police,-1.165048,52.616787,On or near Bonville Place,E01013634,Leicester 028B,Possession of weapons,Local resolution,
345a0095713c6b91500bdeb4ba85994a2c8049b553247a53eedb7364e0f8cb56,2023-12,Leicestershire Police,Leicestershire Police,-1.165524,52.614309,On or near Mortimer Place,E01013634,Leicester 028B,Vehicle crime,Investigation complete; no suspect identified,
366b7af377ab2de1be2ae18fe07c8cebfe7ee61e88322f25f1590c5cc2aba0d8,2023-12,Leicestershire Police,Leicestershire Police,-1.165048,52.616787,On or near Bonville Place,E01013634,Leicester 028B,Vehicle crime,Investigation complete; no suspect identified,
e6734d4261014b255d06fc66cf62371328ff06186c646658431e7c0cf360f01e,2023-12,Leicestershire Police,Leicestershire Police,-1.165304,52.615791,On or near Curteys Close,E01013634,Leicester 028B,Violence and sexual offences,Unable to prosecute suspect,
2f736b438af3d9efce147dc3e4c821d268575f63de4dbf6f520df9f8a3d491b1,2023-12,Leicestershire Police,Leicestershire Police,-1.169540,52.616693,On or near Caldecote Road,E01013634,Leicester 028B,Violence and sexual offences,Action to be taken by another organisation,
8e29e610029fc39dba7f62eece66a70954b76eeb1427af2cb8f0c615fe88feee,2023-12,Leicestershire Police,Leicestershire Police,-1.165304,52.615791,On or near Curteys Close,E01013634,Leicester 028B,Violence and sexual offences,Unable to prosecute suspect,
d1b96fdb423dce26b1dee2e56875b4febee1f4ac372381a56bffe03115c146fa,2023-12,Leicestershire Police,Leicestershire Police,-1.169294,52.615675,On or near Wyville Row,E01013634,Leicester 028B,Violence and sexual offences,Unable to prosecute suspect,
07ee657ced89a429206d1789c62a4911e8a1d2c0742339601c29d4f56924d3f1,2023-12,Leicestershire Police,Leicestershire Police,-1.169540,52.616693,On or near Caldecote Road,E01013634,Leicester 028B,Violence and sexual offences,Unable to prosecute suspect,
b86e9524e5f40c1959265c42128ed556306eaed366c245dfecea3c64db908bb0,2023-12,Leicestershire Police,Leicestershire Police,-1.165304,52.615791,On or near Curteys Close,E01013634,Leicester 028B,Violence and sexual offences,Unable to prosecute suspect,
b2240dcb207d6aec87ffd4c4ac6644750183206775e4c82b63201814ff9d5a38,2023-12,Leicestershire Police,Leicestershire Police,-1.172623,52.627098,On or near Wynthorpe Rise,E01013637,Leicester 028C,Vehicle crime,Unable to prosecute suspect,
02299b8a8246612ba4fb334ee33739c13831457e5cf214f05cb819f9e0f3863d,2023-12,Leicestershire Police,Leicestershire Police,-1.170947,52.628237,On or near Rancliffe Crescent,E01013637,Leicester 028C,Violence and sexual offences,Court result unavailable,
,2023-12,Leicestershire Police,Leicestershire Police,-1.171906,52.625951,On or near Gooding Avenue,E01013637,Leicester 028C,Anti-social behaviour,,
8f26ff9cf39858487c8af7dcdfecd3d2a54209c2ffe04d401924e675d1edffec,2023-12,Leicestershire Police,Leicestershire Police,-1.177185,52.628829,On or near Erdyngton Road,E01013637,Leicester 028C,Burglary,Unable to prosecute suspect,
6942087a215f90f2cc163d3850a6258f52487f6cc1cd45f0327b23590297b256,2023-12,Leicestershire Police,Leicestershire Police,-1.172678,52.628096,On or near Winstanley Drive,E01013637,Leicester 028C,Criminal damage and arson,Investigation complete; no suspect identified,
3c77f094d0d98d676831c2eb08c0a3a612419d8a9658c31c1affdd4174b8f5a9,2023-12,Leicestershire Police,Leicestershire Police,-1.176231,52.632472,On or near Hinckley Road,E01013637,Leicester 028C,Criminal damage and arson,Investigation complete; no suspect identified,
b939956bb81cc4e86c6a0bc13c03a649056f23534cb2ce8f6299441ca7a1ea34,2023-12,Leicestershire Police,Leicestershire Police,-1.174615,52.628038,On or near Aylmer Road,E01013637,Leicester 028C,Criminal damage and arson,Investigation complete; no suspect identified,
b4539f1cf23a417c0ede8f8dcbf6f75aa2bab6f150378abaf4840b3d0ed13e09,2023-12,Leicestershire Police,Leicestershire Police,-1.171906,52.625951,On or near Gooding Avenue,E01013637,Leicester 028C,Other theft,Unable to prosecute suspect,
47610dbb2fba2c95bafd733cd0df7f30814f3a97a5c311a05f7508b1f5ac310c,2023-12,Leicestershire Police,Leicestershire Police,-1.177185,52.628829,On or near Erdyngton Road,E01013637,Leicester 028C,Public order,Unable to prosecute suspect,
c81205a9c174c4523bc9784d84fd77ce5fc2e0870284ca5aa7a9ca119253b9ca,2023-12,Leicestershire Police,Leicestershire Police,-1.172623,52.627098,On or near Wynthorpe Rise,E01013637,Leicester 028C,Public order,Unable to prosecute suspect,
2726caa66374bd8aec01fda6a2c908c3dcffa9f4c463ee0cc879322a8abbfcc7,2023-12,Leicestershire Police,Leicestershire Police,-1.177154,52.628918,On or near Camville Road,E01013637,Leicester 028C,Theft from the person,Unable to prosecute suspect,
f661cfd3e8c0e0c95436695d2bd56f74117a5e5966422feacbcbb6dc9f2046f1,2023-12,Leicestershire Police,Leicestershire Police,-1.172678,52.628096,On or near Winstanley Drive,E01013637,Leicester 028C,Violence and sexual offences,Investigation complete; no suspect identified,
2cf7fe919cb1ef20ec54e575b982b63c36d1029449c8daa80bff0b3b7c3b11f9,2023-12,Leicestershire Police,Leicestershire Police,-1.177154,52.628918,On or near Camville Road,E01013637,Leicester 028C,Violence and sexual offences,Unable to prosecute suspect,
99b2896b6069981e406958f136364404244f2e9ca5a6f6bde78ee2ea93fdf2a8,2023-12,Leicestershire Police,Leicestershire Police,-1.177154,52.628918,On or near Camville Road,E01013637,Leicester 028C,Violence and sexual offences,Court result unavailable,
ab73373d8f3701178732bf1d1d96c5452f3bb2740c21e84d7cef4c19802df793,2023-12,Leicestershire Police,Leicestershire Police,-1.170947,52.628237,On or near Rancliffe Crescent,E01013637,Leicester 028C,Violence and sexual offences,Unable to prosecute suspect,
2020772f5bd8e7459df928dcc268c4fc29d422e222c1bd717f69b0c1b5ab0cb9,2023-12,Leicestershire Police,Leicestershire Police,-1.172623,52.627098,On or near Wynthorpe Rise,E01013637,Leicester 028C,Violence and sexual offences,Unable to prosecute suspect,
c06671c638974a7b9860c92c0a11828218c11dd18f9f758dd61fcb0863d0743e,2023-12,Leicestershire Police,Leicestershire Police,-1.172678,52.628096,On or near Winstanley Drive,E01013637,Leicester 028C,Violence and sexual offences,Unable to prosecute suspect,
f7212e87e82d6e533a286d3dd6e8120264e34a7e8cde7f126b450f1027c61c1c,2023-12,Leicestershire Police,Leicestershire Police,-1.176998,52.629349,On or near Rose Farm Close,E01013637,Leicester 028C,Violence and sexual offences,Unable to prosecute suspect,
9aa9e1aa443d56a95500edb9bbe01da55fe27771b896a9535bb260c575eef05c,2023-12,Leicestershire Police,Leicestershire Police,-1.172623,52.627098,On or near Wynthorpe Rise,E01013637,Leicester 028C,Violence and sexual offences,Unable to prosecute suspect,
fc7078a9ea0bfd1b3d5d5ccd97cc60084b79b3d697df2a04b356a56107a0927e,2023-12,Leicestershire Police,Leicestershire Police,-1.177154,52.628918,On or near Camville Road,E01013637,Leicester 028C,Violence and sexual offences,Court result unavailable,
2f1b8946021c505959d62838b2304ffb11255214f0406efa7e5129dc5d4ae0b9,2023-12,Leicestershire Police,Leicestershire Police,-1.177154,52.628918,On or near Camville Road,E01013637,Leicester 028C,Violence and sexual offences,Unable to prosecute suspect,
0bf5050f48580bab1201a32e1a12b8965ad07258c45308fc03650302c334c375,2023-12,Leicestershire Police,Leicestershire Police,-1.174257,52.631325,On or near Walpole Court,E01013637,Leicester 028C,Violence and sexual offences,Unable to prosecute suspect,
b9808e8eeadaec07d6ddc230cf26f2acab8317edcb431292db1887a94fc809f1,2023-12,Leicestershire Police,Leicestershire Police,-1.170947,52.628237,On or near Rancliffe Crescent,E01013637,Leicester 028C,Violence and sexual offences,Court result unavailable,
e0304b524e3ef6c802643345e3cda7cf252d9f70466173a614551a8c2a90b5be,2023-12,Leicestershire Police,Leicestershire Police,-1.176998,52.629349,On or near Rose Farm Close,E01013637,Leicester 028C,Violence and sexual offences,Unable to prosecute suspect,
dd828df598e07a6a9a44e69a2ad1e740332d65febc6aef5e109d717cdf11cb91,2023-12,Leicestershire Police,Leicestershire Police,-1.168751,52.630289,On or near Alcott Close,E01013639,Leicester 028D,Violence and sexual offences,Court result unavailable,
,2023-12,Leicestershire Police,Leicestershire Police,-1.167469,52.627017,On or near Blossom Road,E01013639,Leicester 028D,Anti-social behaviour,,
713c35b9bb962f63aa1e6f57339aed0f5867dc955b16cd5e5fbd9f33d632cc2b,2023-12,Leicestershire Police,Leicestershire Police,-1.167905,52.627379,On or near May Close,E01013639,Leicester 028D,Other theft,Investigation complete; no suspect identified,
d6ed7b4f668bb23e52f648d5c3b9d18731beb9b8421a815fc2102309ff63a616,2023-12,Leicestershire Police,Leicestershire Police,-1.171189,52.626359,On or near Overpark Avenue,E01013639,Leicester 028D,Other theft,Investigation complete; no suspect identified,
8df6ecac19692b8bc4d1ad1fc943da2eff8d081a5345710b98f9bc886024bc48,2023-12,Leicestershire Police,Leicestershire Police,-1.167858,52.625158,On or near Elmsthorpe Rise,E01013639,Leicester 028D,Violence and sexual offences,Unable to prosecute suspect,
6a01d30bba0e28bec963fe12b7765cd2035ae9dee62a5039850d5ee3459b5314,2023-12,Leicestershire Police,Leicestershire Police,-1.167469,52.627017,On or near Blossom Road,E01013639,Leicester 028D,Violence and sexual offences,Investigation complete; no suspect identified,
dcc1cb8bde79a9920fa6bb21687b72ec574ba63de3b0017b3544916d28b0aa5e,2023-12,Leicestershire Police,Leicestershire Police,-1.169382,52.629718,On or near Boynton Road,E01013639,Leicester 028D,Violence and sexual offences,Unable to prosecute suspect,
0b127b54df7c9cccb862f38bbd186bb4e756e96a9bd9a2d92fed68f01d885c89,2023-12,Leicestershire Police,Leicestershire Police,-1.167469,52.627017,On or near Blossom Road,E01013639,Leicester 028D,Violence and sexual offences,Unable to prosecute suspect,
91d8f99ce7ab60897bc925006593455f14af472e3316da99b3ef0b7b38591e61,2023-12,Leicestershire Police,Leicestershire Police,-1.170856,52.626007,On or near Redmarle Road,E01013639,Leicester 028D,Violence and sexual offences,Unable to prosecute suspect,
490329c44f4f3be383d1eb244ed3261ac855df09ca929a80aa1d1446c39c7119,2023-12,Leicestershire Police,Leicestershire Police,-1.166679,52.629690,On or near Wodehouse Road,E01013639,Leicester 028D,Other crime,Unable to prosecute suspect,
df782ee71f563311404f1db49abdb75ea664b50dffe51d986983e837992a308f,2023-12,Leicestershire Police,Leicestershire Police,-1.170856,52.626007,On or near Redmarle Road,E01013639,Leicester 028D,Other crime,Status update unavailable,
5965ef8b65e7b41d210dd94dd148e8e14154c727a4d023bfe88201b6b7f38861,2023-12,Leicestershire Police,Leicestershire Police,-1.157835,52.624018,On or near Chartley Road,E01013641,Leicester 028E,Public order,Court result unavailable,
d3252046203bb6e9a5dc976ceba68543a47c725e17b3c8e8834113eb7506d0ef,2023-12,Leicestershire Police,Leicestershire Police,-1.155608,52.622294,On or near Supermarket,E01013641,Leicester 028E,Shoplifting,Formal action is not in the public interest,
6c6cf720546940389e3d01b476114542fad27d35c96ad14e3ac27679739732e4,2023-12,Leicestershire Police,Leicestershire Police,-1.159396,52.624245,On or near Wilmington Road,E01013641,Leicester 028E,Violence and sexual offences,Further action is not in the public interest,
7dc561444edb19c1c8551fb6ade8cc754a99f464064d6e22c86d4ab8d731397a,2023-12,Leicestershire Police,Leicestershire Police,-1.157835,52.624018,On or near Chartley Road,E01013641,Leicester 028E,Burglary,Unable to prosecute suspect,
173ee962afed06c538887a764fde71edd3cb305608fe6d01c183b7a7d755e4c1,2023-12,Leicestershire Police,Leicestershire Police,-1.155608,52.622294,On or near Supermarket,E01013641,Leicester 028E,Criminal damage and arson,Investigation complete; no suspect identified,
fc8128ae788433f319325b15438241f258a57c332631be3d76dd35614cd306f0,2023-12,Leicestershire Police,Leicestershire Police,-1.155109,52.622848,On or near Shopping Area,E01013641,Leicester 028E,Criminal damage and arson,Unable to prosecute suspect,
d95f6b3fe25fe8eed8158ba11b571ab4e420e7e28ac8168fcc57833d7abab60d,2023-12,Leicestershire Police,Leicestershire Police,-1.162445,52.626298,On or near Digby Close,E01013641,Leicester 028E,Public order,Unable to prosecute suspect,
659f51704194faf86dede338732007f1ec1988a95d643acd4e874d34f7545e45,2023-12,Leicestershire Police,Leicestershire Police,-1.163476,52.624903,On or near Astley Close,E01013641,Leicester 028E,Public order,Investigation complete; no suspect identified,
e7ca83600152611a6cb83e20cb484eaac8483ed78edaf9c4c4ce58d010fa68a6,2023-12,Leicestershire Police,Leicestershire Police,-1.163476,52.624903,On or near Astley Close,E01013641,Leicester 028E,Public order,Investigation complete; no suspect identified,
f3f26c2f15e1fc8e4f9c29e04084829de8d392e9d75572e6cf5dd6a5ee197bb3,2023-12,Leicestershire Police,Leicestershire Police,-1.155608,52.622294,On or near Supermarket,E01013641,Leicester 028E,Public order,Court result unavailable,
acb185877bf7533f3cb877404a03d1e472ba50e60af86f909689504427c92a97,2023-12,Leicestershire Police,Leicestershire Police,-1.155608,52.622294,On or near Supermarket,E01013641,Leicester 028E,Shoplifting,Investigation complete; no suspect identified,
762d9d270175634fa4a1726ea1082aface39d3715018bdb7177b1253fda73887,2023-12,Leicestershire Police,Leicestershire Police,-1.155109,52.622848,On or near Shopping Area,E01013641,Leicester 028E,Shoplifting,Court result unavailable,
abf7bf1d63a3f95694306db6f97a6ec6696e3d001f2fe348ffc7f84391e99479,2023-12,Leicestershire Police,Leicestershire Police,-1.155608,52.622294,On or near Supermarket,E01013641,Leicester 028E,Shoplifting,Investigation complete; no suspect identified,
42f7fdee20a2cb75bbea863f287fa5b821c626fc5bd889ee59bb9c468f67c017,2023-12,Leicestershire Police,Leicestershire Police,-1.155608,52.622294,On or near Supermarket,E01013641,Leicester 028E,Shoplifting,Court result unavailable,
844de60e7ed1a3102729c0975412e1cb7f735df3e67e4a734939652265ba27e7,2023-12,Leicestershire Police,Leicestershire Police,-1.155608,52.622294,On or near Supermarket,E01013641,Leicester 028E,Shoplifting,Investigation complete; no suspect identified,
be6512d54d3f8c55b9d7fc0bf73a85adabc34122ad224c2e34f3417f4d91e717,2023-12,Leicestershire Police,Leicestershire Police,-1.155608,52.622294,On or near Supermarket,E01013641,Leicester 028E,Shoplifting,Investigation complete; no suspect identified,
77fd64801bb067cc3786a2d37b0e5466336f510667ecdab3873023ef117e9159,2023-12,Leicestershire Police,Leicestershire Police,-1.155608,52.622294,On or near Supermarket,E01013641,Leicester 028E,Shoplifting,Investigation complete; no suspect identified,
2be417fdd3e4dd8a9342df7b99f2716c9a3bea89f794b746a394463436417825,2023-12,Leicestershire Police,Leicestershire Police,-1.155608,52.622294,On or near Supermarket,E01013641,Leicester 028E,Shoplifting,Investigation complete; no suspect identified,
8e6d15fec78128c952740d79a0b9f6f1551b3227dd9943108d5a917ebcf82da1,2023-12,Leicestershire Police,Leicestershire Police,-1.163476,52.624903,On or near Astley Close,E01013641,Leicester 028E,Vehicle crime,Investigation complete; no suspect identified,
3683f877aa2f43ddbb170b8c9e2b804f8ed7645fd267461f150edcf20165a133,2023-12,Leicestershire Police,Leicestershire Police,-1.156742,52.624010,On or near Fosse Road South,E01013641,Leicester 028E,Violence and sexual offences,Unable to prosecute suspect,
d65186af3f553852d0cf91629a48aba8467fba19f1916fc0cb0527e73b86f5a7,2023-12,Leicestershire Police,Leicestershire Police,-1.162445,52.626298,On or near Digby Close,E01013641,Leicester 028E,Violence and sexual offences,Unable to prosecute suspect,
3127f73886c0ffdbf25c3018cd7d889d952dc5c27a2969c4a9eeb01c10609594,2023-12,Leicestershire Police,Leicestershire Police,-1.155109,52.622848,On or near Shopping Area,E01013641,Leicester 028E,Other crime,Investigation complete; no suspect identified,
72ba8495be9f7d92ac3f5f42dc26161366b13a97908dce07ad7d6beb20421b9e,2023-12,Leicestershire Police,Leicestershire Police,-1.155109,52.622848,On or near Shopping Area,E01013641,Leicester 028E,Other crime,Investigation complete; no suspect identified,
be9c8187f9107c64ec23b19f65a56b9f85fb76e8827e886167f70a4b1bacba70,2023-12,Leicestershire Police,Leicestershire Police,-1.159469,52.620433,On or near Harlaxton Street,E01013635,Leicester 029A,Bicycle theft,Investigation complete; no suspect identified,
ac711d8a57b871d2c3f69b50e12b3ff1e4310cb1481e56941191e64bab33ff21,2023-12,Leicestershire Police,Leicestershire Police,-1.153382,52.617432,On or near Heyworth Road,E01013635,Leicester 029A,Burglary,Investigation complete; no suspect identified,
799a4a899f72fe29807de14b325b3ba8c25e19c5901bd0d0dbbfe630f30ba1ed,2023-12,Leicestershire Police,Leicestershire Police,-1.158691,52.617857,On or near Roundhay Road,E01013635,Leicester 029A,Criminal damage and arson,Local resolution,
2c706fc64bec51fc2d17f58a0c0b67b066c561bd32467750259eb58c0a7959fe,2023-12,Leicestershire Police,Leicestershire Police,-1.158691,52.617857,On or near Roundhay Road,E01013635,Leicester 029A,Criminal damage and arson,Court result unavailable,
dff6af954b6bb3727c4e10eb11b9e51546b866f2d192e5f96cfe51c9f2c756c7,2023-12,Leicestershire Police,Leicestershire Police,-1.153382,52.617432,On or near Heyworth Road,E01013635,Leicester 029A,Other theft,Investigation complete; no suspect identified,
a3e2c5d6ebd6b70208ebb59aba384ed711d3b1fc0c38b7c1bb6f07b1f72a9896,2023-12,Leicestershire Police,Leicestershire Police,-1.159469,52.620433,On or near Harlaxton Street,E01013635,Leicester 029A,Possession of weapons,Court result unavailable,
8c0786ac6d9c860f7c2043a7575496aa1442148dddccc340abec0d9cd781e54f,2023-12,Leicestershire Police,Leicestershire Police,-1.159469,52.620433,On or near Harlaxton Street,E01013635,Leicester 029A,Public order,Investigation complete; no suspect identified,
2bff7aa1a37b0890c62faefc138158e48276d33d1f4da8e2bfc1631207e6ab22,2023-12,Leicestershire Police,Leicestershire Police,-1.159469,52.620433,On or near Harlaxton Street,E01013635,Leicester 029A,Public order,Court result unavailable,
9cb2530363550266ceb3ea5c1bdaccc0cded45997a918f33c02a6f3bd6bc0bd9,2023-12,Leicestershire Police,Leicestershire Police,-1.159469,52.620433,On or near Harlaxton Street,E01013635,Leicester 029A,Public order,Investigation complete; no suspect identified,
a67e7339614def1732fdeed206667c50e78c6bed872922fe3c8fd73f2847d6c1,2023-12,Leicestershire Police,Leicestershire Police,-1.153382,52.617432,On or near Heyworth Road,E01013635,Leicester 029A,Vehicle crime,Investigation complete; no suspect identified,
272d64420ef0a94ecce4b7ef2970eed7fa23b95a1303978e9d943940e4704c70,2023-12,Leicestershire Police,Leicestershire Police,-1.159469,52.620433,On or near Harlaxton Street,E01013635,Leicester 029A,Violence and sexual offences,Investigation complete; no suspect identified,
b3e18adb6bb0b71e01e6086498928d570bd9e45372ecb3e7d3dfd7cb5f2a3f2e,2023-12,Leicestershire Police,Leicestershire Police,-1.152113,52.618916,On or near Mavis Avenue,E01013635,Leicester 029A,Violence and sexual offences,Unable to prosecute suspect,
75408ec643c1b8cb05f4ba22075ffd5e09a3c6373ec44b36b19af1d33c023a61,2023-12,Leicestershire Police,Leicestershire Police,-1.152113,52.618916,On or near Mavis Avenue,E01013635,Leicester 029A,Violence and sexual offences,Unable to prosecute suspect,
d82f6aabb563eb0a787fe4e483f391785f37e4183fc1d90d2d3ff345db5779d5,2023-12,Leicestershire Police,Leicestershire Police,-1.158691,52.617857,On or near Roundhay Road,E01013635,Leicester 029A,Violence and sexual offences,Unable to prosecute suspect,
11ab6a71b431ce82d4f5a4de32fc90f2c0c4de8442fa19967b650256537cda01,2023-12,Leicestershire Police,Leicestershire Police,-1.159143,52.621285,On or near Winton Avenue,E01013635,Leicester 029A,Violence and sexual offences,Unable to prosecute suspect,
69b1d8731aa8f39daf2d617d1dea7eb90e42225ca79fd7e02d1df603413ad680,2023-12,Leicestershire Police,Leicestershire Police,-1.152037,52.618241,On or near Evelyn Drive,E01013635,Leicester 029A,Violence and sexual offences,Unable to prosecute suspect,
,2023-12,Leicestershire Police,Leicestershire Police,-1.164669,52.614204,On or near A5460,E01013636,Leicester 029B,Anti-social behaviour,,
29fc36c44aae1486d934438488e2f62961c262a10da16316a5e3241563c1de77,2023-12,Leicestershire Police,Leicestershire Police,-1.158583,52.615797,On or near Somerville Road,E01013636,Leicester 029B,Criminal damage and arson,Unable to prosecute suspect,
ab6a2f9024a52c6f0f2fbc35086eb4dca6f4d6983df7320222c4767e4364ed97,2023-12,Leicestershire Police,Leicestershire Police,-1.164669,52.614204,On or near A5460,E01013636,Leicester 029B,Other theft,Investigation complete; no suspect identified,
c95ae0a255d8750d322bbfe11e0a3051fdd9debc4b083db30111fdb0ab22f04f,2023-12,Leicestershire Police,Leicestershire Police,-1.163156,52.611443,On or near Further/Higher Educational Building,E01013636,Leicester 029B,Public order,Investigation complete; no suspect identified,
b2ea9b8df7b3c4f70e8b787cac8e11f8e206992defc4c947d9ae9f500940d5df,2023-12,Leicestershire Police,Leicestershire Police,-1.157231,52.610834,On or near Foxcroft Close,E01013636,Leicester 029B,Robbery,Investigation complete; no suspect identified,
c88256d835d2396f588817485479d44ee455e967f1023442307892df1d4d7e7c,2023-12,Leicestershire Police,Leicestershire Police,-1.164669,52.614204,On or near A5460,E01013636,Leicester 029B,Shoplifting,Investigation complete; no suspect identified,
42c8427726e0612025065d4ccbd9b1b083c3e0562635d80dd617f05bd7851d97,2023-12,Leicestershire Police,Leicestershire Police,-1.164669,52.614204,On or near A5460,E01013636,Leicester 029B,Shoplifting,Court result unavailable,
6422f751ef19a8844e2f2d32408c90919522cb65fd3fcfcdcf1ec05b9727e267,2023-12,Leicestershire Police,Leicestershire Police,-1.159603,52.613449,On or near Lindsay Road,E01013636,Leicester 029B,Vehicle crime,Investigation complete; no suspect identified,
a78d39a07fca6bb28dc7d23dbb5c3a271ba3a8994a544288faf62927395e732d,2023-12,Leicestershire Police,Leicestershire Police,-1.161988,52.613071,On or near Rowley Fields Avenue,E01013636,Leicester 029B,Vehicle crime,Investigation complete; no suspect identified,
f3a2eb9f4fb1d4d3cadb2f7ea5d3b555fba13103e31986cdfd8eb7208b007da1,2023-12,Leicestershire Police,Leicestershire Police,-1.160665,52.611982,On or near Bramcote Road,E01013636,Leicester 029B,Vehicle crime,Investigation complete; no suspect identified,
13f92dd06b90fe46cd56ecdac52073db94481ca7da902f1961ee3ef18c83c4a1,2023-12,Leicestershire Police,Leicestershire Police,-1.158583,52.615797,On or near Somerville Road,E01013636,Leicester 029B,Vehicle crime,Investigation complete; no suspect identified,
234d73dadd3534c1fd3455d639f21eca64deee1b070a2c38f37991760e92a7e4,2023-12,Leicestershire Police,Leicestershire Police,-1.159567,52.615319,On or near Barbara Road,E01013636,Leicester 029B,Violence and sexual offences,Unable to prosecute suspect,
386db6b0858c444bde4e7e35ee09ca77df0ccfc98186228eaf8345d6666b17e7,2023-12,Leicestershire Police,Leicestershire Police,-1.160665,52.611982,On or near Bramcote Road,E01013636,Leicester 029B,Violence and sexual offences,Unable to prosecute suspect,
837c7c327918c97a24fad409f5e8ba644303877477612cd9456081f487a8b768,2023-12,Leicestershire Police,Leicestershire Police,-1.164669,52.614204,On or near A5460,E01013636,Leicester 029B,Violence and sexual offences,Unable to prosecute suspect,
304cd2b5c18c489bdc9a1b5c63e72fff555e1752776fbd16ecbb362b7dfa32ed,2023-12,Leicestershire Police,Leicestershire Police,-1.154053,52.620952,On or near Compton Road,E01013777,Leicester 029D,Drugs,Unable to prosecute suspect,
d8e2c64e06553c566a17fc84d97f104e9b74d4879f058441cce37058be3135fd,2023-12,Leicestershire Police,Leicestershire Police,-1.153690,52.621363,On or near Wolverton Road,E01013777,Leicester 029D,Public order,Investigation complete; no suspect identified,
6ef7bf3be93dadef93b20cb61fe264361e9d34d3f0b76012f7385daf3b7874ab,2023-12,Leicestershire Police,Leicestershire Police,-1.153690,52.621363,On or near Wolverton Road,E01013777,Leicester 029D,Public order,Unable to prosecute suspect,
48b5687dc925e01a5ae58f309a89fe93d22e568f7ebc22b62a60a5f82d4e70ae,2023-12,Leicestershire Police,Leicestershire Police,-1.154053,52.620952,On or near Compton Road,E01013777,Leicester 029D,Vehicle crime,Unable to prosecute suspect,
75b15444c419a98acceffdd9caf802e87d8e09a0c0502bda89533b7acc00aafe,2023-12,Leicestershire Police,Leicestershire Police,-1.154053,52.620952,On or near Compton Road,E01013777,Leicester 029D,Violence and sexual offences,Unable to prosecute suspect,
7508e490721195841e12c919f5f0454671606eb118c7956d6e6f61d672ec30be,2023-12,Leicestershire Police,Leicestershire Police,-1.154664,52.619905,On or near Haddenham Road,E01013777,Leicester 029D,Violence and sexual offences,Investigation complete; no suspect identified,
84c3850c3118518a5f8fd685ca263846b074dcd225e940190d7b013cfe58cb6c,2023-12,Leicestershire Police,Leicestershire Police,-1.154053,52.620952,On or near Compton Road,E01013777,Leicester 029D,Violence and sexual offences,Unable to prosecute suspect,
79c470b17bbb657f7bb81507521bc9028eeb5749dcd3ae8af2c555f65c300c9e,2023-12,Leicestershire Police,Leicestershire Police,-1.154053,52.620952,On or near Compton Road,E01013777,Leicester 029D,Violence and sexual offences,Unable to prosecute suspect,
18ead9981511107b3adf2ee9cff788ec6f6a8ebb7adea79b22ed61c981aa0427,2023-12,Leicestershire Police,Leicestershire Police,-1.154053,52.620952,On or near Compton Road,E01013777,Leicester 029D,Violence and sexual offences,Unable to prosecute suspect,
f57dc73529391eac389d085f9ceb5ca5b1a5a9ed12c663b473ef33b5a3ff18f5,2023-12,Leicestershire Police,Leicestershire Police,-1.154053,52.620952,On or near Compton Road,E01013777,Leicester 029D,Violence and sexual offences,Unable to prosecute suspect,
bb64c9fa9bdc8e0ccb121a25fd7554bb6c236298350c19b0d1a5f3e4d5c38f66,2023-12,Leicestershire Police,Leicestershire Police,-1.145649,52.623931,On or near Darnall Road,E01034015,Leicester 029E,Violence and sexual offences,Unable to prosecute suspect,
3d8432d6272a32fd85e99647ca20282ae49ed8f0f2f6765f42972ed0bf1be734,2023-12,Leicestershire Police,Leicestershire Police,-1.146539,52.625259,On or near Supermarket,E01034015,Leicester 029E,Bicycle theft,Investigation complete; no suspect identified,
f091a8be47ddd7e06f4eaa10630916b249ef99b1d1c382f0eac312bac377b9ab,2023-12,Leicestershire Police,Leicestershire Police,-1.146539,52.625259,On or near Supermarket,E01034015,Leicester 029E,Burglary,Investigation complete; no suspect identified,
10c4fcaa3c691ad1cdfe321788c5676293b6ffef29f441c83d3c1cb753d9c793,2023-12,Leicestershire Police,Leicestershire Police,-1.146967,52.623733,On or near Watkin Road,E01034015,Leicester 029E,Criminal damage and arson,Investigation complete; no suspect identified,
12a233d68061be1ae6dac79436627555ba523944c0824d618339491856e23b11,2023-12,Leicestershire Police,Leicestershire Police,-1.146296,52.623324,On or near Woodford Road,E01034015,Leicester 029E,Other theft,Investigation complete; no suspect identified,
1a87d923c35ba48eb01096fdf6a347d1430bcbf3dd69dd6e6125c9837ad70569,2023-12,Leicestershire Police,Leicestershire Police,-1.146029,52.621857,On or near Quainton Road,E01034015,Leicester 029E,Public order,Investigation complete; no suspect identified,
4f1452c71d692b2c04e2e49f9f7bb63bdc036a35413306280235fbdb3357c008,2023-12,Leicestershire Police,Leicestershire Police,-1.146539,52.625259,On or near Supermarket,E01034015,Leicester 029E,Violence and sexual offences,Investigation complete; no suspect identified,
a9604e622c19d2f08ccf5f6faadbb55c50b73fc0e575a3e4d10b467752cddc02,2023-12,Leicestershire Police,Leicestershire Police,-1.147396,52.622945,On or near Helmdon Road,E01034015,Leicester 029E,Violence and sexual offences,Unable to prosecute suspect,
3bbfe3028ae242691917d50f47d998c0babc0081c659af79db3e22d334e97f1d,2023-12,Leicestershire Police,Leicestershire Police,-1.146029,52.621857,On or near Quainton Road,E01034015,Leicester 029E,Violence and sexual offences,Investigation complete; no suspect identified,
91eae8e9cd9fc934f9434c0b7900eeb2cb41bf3a19ace41aaae5024e8f4eb9ff,2023-12,Leicestershire Police,Leicestershire Police,-1.147396,52.622945,On or near Helmdon Road,E01034015,Leicester 029E,Violence and sexual offences,Unable to prosecute suspect,
21c4c7be136fc87c7b9bd9159af3e65a46ce15df91917a5429aef91e68ec7538,2023-12,Leicestershire Police,Leicestershire Police,-1.149817,52.620778,On or near Great Central Way,E01034016,Leicester 029F,Criminal damage and arson,Local resolution,
,2023-12,Leicestershire Police,Leicestershire Police,-1.150789,52.623968,On or near Walton Street,E01034016,Leicester 029F,Anti-social behaviour,,
06b22b471540747d7e55e784f38f60674e66d411d70dba9a1f567aee72161089,2023-12,Leicestershire Police,Leicestershire Police,-1.149705,52.621991,On or near Blue Fox Close,E01034016,Leicester 029F,Bicycle theft,Investigation complete; no suspect identified,
bd4eaf3ff9a5c072163a18d03552b278b8cbdc3957b712b71e7cc995ce5b2eaa,2023-12,Leicestershire Police,Leicestershire Police,-1.150707,52.622852,On or near Bisley Street,E01034016,Leicester 029F,Burglary,Investigation complete; no suspect identified,
622ac0cff8a562571243f044bd61d1b138c125c3ef7243b7ded8503162304722,2023-12,Leicestershire Police,Leicestershire Police,-1.152155,52.620552,On or near Lambert Road,E01034016,Leicester 029F,Criminal damage and arson,Court result unavailable,
a5265e16da072eaa5df61064efd59388985f093a911ed567446874c0db2d5de7,2023-12,Leicestershire Police,Leicestershire Police,-1.152155,52.620552,On or near Lambert Road,E01034016,Leicester 029F,Drugs,Investigation complete; no suspect identified,
86ec84af71056e463aeeb50ce6598d2e0561b4a407978a51bb48380ed6431422,2023-12,Leicestershire Police,Leicestershire Police,-1.152155,52.620552,On or near Lambert Road,E01034016,Leicester 029F,Drugs,Investigation complete; no suspect identified,
28299978c8b6b7ff01cebb863760bca752ab56c958604d458a057fa712b27c50,2023-12,Leicestershire Police,Leicestershire Police,-1.152155,52.620552,On or near Lambert Road,E01034016,Leicester 029F,Drugs,Investigation complete; no suspect identified,
abffe9f6115f8906f218135d6f2227859e2f3da132856376c3ef62e3ded9581a,2023-12,Leicestershire Police,Leicestershire Police,-1.152155,52.620552,On or near Lambert Road,E01034016,Leicester 029F,Drugs,Investigation complete; no suspect identified,
37747d8c7ac4dcfb16897263ac5620477f55fc8a07c57ced687af5c3a8f373ef,2023-12,Leicestershire Police,Leicestershire Police,-1.152155,52.620552,On or near Lambert Road,E01034016,Leicester 029F,Public order,Investigation complete; no suspect identified,
ed08a2960773195efe313ecfd42163b0c7033f7dda51bff9b9ef904fc2f0ae3a,2023-12,Leicestershire Police,Leicestershire Police,-1.150789,52.623968,On or near Walton Street,E01034016,Leicester 029F,Public order,Investigation complete; no suspect identified,
7ac3429fbb1e107ff8cbe388c407859e6caaca4effc60a5941a18d84842ef13b,2023-12,Leicestershire Police,Leicestershire Police,-1.150707,52.622852,On or near Bisley Street,E01034016,Leicester 029F,Vehicle crime,Investigation complete; no suspect identified,
bd58e9166d454b6ea6b9fc4c7b96deb5e928fb42ba7e9761ea8c830d13953aef,2023-12,Leicestershire Police,Leicestershire Police,-1.152155,52.620552,On or near Lambert Road,E01034016,Leicester 029F,Vehicle crime,Investigation complete; no suspect identified,
1cceda505df9b3911885e74fcc46c06837e111fa026d46c57a9db68f48e88a26,2023-12,Leicestershire Police,Leicestershire Police,-1.150676,52.624479,On or near Stuart Street,E01034016,Leicester 029F,Violence and sexual offences,Action to be taken by another organisation,
cfba8a306813eec50703d1b6baf01647c76dc3deda0dfce5d65717cc6f974087,2023-12,Leicestershire Police,Leicestershire Police,-1.150707,52.622852,On or near Bisley Street,E01034016,Leicester 029F,Violence and sexual offences,Investigation complete; no suspect identified,
a66e42227cbefa55f6eebbdae48520f5b3553cba516a9f4754a2b2a81e5e070a,2023-12,Leicestershire Police,Leicestershire Police,-1.152155,52.620552,On or near Lambert Road,E01034016,Leicester 029F,Violence and sexual offences,Investigation complete; no suspect identified,
9eb21bce411d5c93d82bd03ded1c2f43b4868d3dc30b0c1c0ac572235ca2d6fc,2023-12,Leicestershire Police,Leicestershire Police,-1.150676,52.624479,On or near Stuart Street,E01034016,Leicester 029F,Violence and sexual offences,Action to be taken by another organisation,
f302b5257bf14e19dd86a106560d9139ce31e6c54f52809b90244fad49f876dd,2023-12,Leicestershire Police,Leicestershire Police,-1.152155,52.620552,On or near Lambert Road,E01034016,Leicester 029F,Violence and sexual offences,Court result unavailable,
799f0a6189b8f8d4c0cad5be81643367a58438553d17f26bd63fbce265dffda0,2023-12,Leicestershire Police,Leicestershire Police,-1.152155,52.620552,On or near Lambert Road,E01034016,Leicester 029F,Violence and sexual offences,Investigation complete; no suspect identified,
22fa569d521999352d31523dfd14738e6cbb752d11fb78bfa0ee93b1e31813d1,2023-12,Leicestershire Police,Leicestershire Police,-1.117826,52.616858,On or near Seymour Road,E01013642,Leicester 030A,Criminal damage and arson,Unable to prosecute suspect,
5ce02f56b73cae181b806b1ad7e2cd1ef4c773a5cb5a12ffd3eb8e6b3327b79a,2023-12,Leicestershire Police,Leicestershire Police,-1.111037,52.619523,On or near London Road,E01013642,Leicester 030A,Other theft,Investigation complete; no suspect identified,
a5fc663d7ad844e3086fbd9e2335c164a983925a06747ac758fdcd15b6fdd109,2023-12,Leicestershire Police,Leicestershire Police,-1.111037,52.619523,On or near London Road,E01013642,Leicester 030A,Other theft,Unable to prosecute suspect,
69e7a52e30a2d9f28ef33ba68e926bde335bb71523a55e4c0c03fd70a53217d3,2023-12,Leicestershire Police,Leicestershire Police,-1.111037,52.619523,On or near London Road,E01013642,Leicester 030A,Possession of weapons,Court result unavailable,
9da633a750eb3a26d49de81dffad25f76e91cffaf56ff12d76b876f82b90b1ea,2023-12,Leicestershire Police,Leicestershire Police,-1.111037,52.619523,On or near London Road,E01013642,Leicester 030A,Public order,Investigation complete; no suspect identified,
6d73da8efa31548370c54dd6f33c8e2dd487070294f59ea929852c17c91908cc,2023-12,Leicestershire Police,Leicestershire Police,-1.114218,52.617047,On or near Cross Road,E01013642,Leicester 030A,Public order,Local resolution,
449e9129d93bfcccda3b5c804b2cb74eba4ef23bd5de358b4c3ba7360faec81c,2023-12,Leicestershire Police,Leicestershire Police,-1.111037,52.619523,On or near London Road,E01013642,Leicester 030A,Robbery,Court result unavailable,
b6ab95bdf4aae0ef19c571d3ebd2f26cca7456cbdf9324325fd4e32e8a7ec237,2023-12,Leicestershire Police,Leicestershire Police,-1.120030,52.613737,On or near Greenhill Road,E01013642,Leicester 030A,Vehicle crime,Investigation complete; no suspect identified,
10eb4eb6c63731d5f460c9d303c90d3c66d91f8699538570e00dbbb560fa7b50,2023-12,Leicestershire Police,Leicestershire Police,-1.119317,52.614685,On or near Avenue Road Extension,E01013642,Leicester 030A,Violence and sexual offences,Investigation complete; no suspect identified,
d76c46fda31f309594f8fb530729499515941035a64dd500fb151ef09e2ecbc9,2023-12,Leicestershire Police,Leicestershire Police,-1.120331,52.612733,On or near Raeburn Road,E01013643,Leicester 030B,Criminal damage and arson,Investigation complete; no suspect identified,
6500fd42de5dca591f8c3cff8b5b5df17b5ca00f40c053f5df334260ec4e86c8,2023-12,Leicestershire Police,Leicestershire Police,-1.117154,52.612799,On or near Landseer Road,E01013643,Leicester 030B,Other theft,Investigation complete; no suspect identified,
470722d9eb835f9eaffcc663ed39410429829210acc35a615a9826ea3ae10ee9,2023-12,Leicestershire Police,Leicestershire Police,-1.117154,52.612799,On or near Landseer Road,E01013643,Leicester 030B,Violence and sexual offences,Investigation complete; no suspect identified,
40057c0f9eb5b917f1150ff40445009714367daa0b23012896d21aaafc18903f,2023-12,Leicestershire Police,Leicestershire Police,-1.124776,52.614249,On or near Welford Road,E01013643,Leicester 030B,Violence and sexual offences,Local resolution,
3ac454e4aa17cd1bf0fa77d671b9149e598185b3630fa607a7be50c25bae712f,2023-12,Leicestershire Police,Leicestershire Police,-1.124776,52.614249,On or near Welford Road,E01013643,Leicester 030B,Violence and sexual offences,Unable to prosecute suspect,
9c0364c2075a2674a63eba814158eb2e81ddeed6672c0f8cd23790746b433a44,2023-12,Leicestershire Police,Leicestershire Police,-1.123094,52.619400,On or near Further/Higher Educational Building,E01013649,Leicester 030C,Other theft,Investigation complete; no suspect identified,
e2bd876d455551774a159b3adaf2296148df486daafa453dea432bf743fadda4,2023-12,Leicestershire Police,Leicestershire Police,-1.124756,52.623392,On or near University Road,E01013649,Leicester 030C,Violence and sexual offences,Unable to prosecute suspect,
2f003b2b9b830e62e4a199fccd5b48b59a481cd1f9e5fa1d0871ef5a6a7da0b4,2023-12,Leicestershire Police,Leicestershire Police,-1.115408,52.618099,On or near West Avenue,E01013649,Leicester 030C,Violence and sexual offences,Court result unavailable,
,2023-12,Leicestershire Police,Leicestershire Police,-1.124756,52.623392,On or near University Road,E01013649,Leicester 030C,Anti-social behaviour,,
453d5ec1f5cc8ceda792afc3a4c9eb942fc2828436185374d27f0d2a4bf5ff0c,2023-12,Leicestershire Police,Leicestershire Police,-1.133174,52.623507,On or near Aylestone Walk,E01013649,Leicester 030C,Bicycle theft,Investigation complete; no suspect identified,
e2ed017a52ad6e9b68d8402b6af43c37a73554a02be52304fa871a5d6609e6a1,2023-12,Leicestershire Police,Leicestershire Police,-1.133174,52.623507,On or near Aylestone Walk,E01013649,Leicester 030C,Burglary,Investigation complete; no suspect identified,
344a392b3438d5fd71c4ccbd26864298eefe80828dc5a42fab1fa25cec6c83aa,2023-12,Leicestershire Police,Leicestershire Police,-1.113476,52.621609,On or near Cedars Court,E01013649,Leicester 030C,Criminal damage and arson,Unable to prosecute suspect,
f8e121b1e5dedad0ce8aa5f17546a32dcdec99f2b2fccd89113aa344c38bee07,2023-12,Leicestershire Police,Leicestershire Police,-1.119567,52.625780,On or near Parking Area,E01013649,Leicester 030C,Drugs,Local resolution,
16fb568b6dcaaaf2508d70e4cd5eea91ee38309d625be1a9b37574e4e044dce4,2023-12,Leicestershire Police,Leicestershire Police,-1.124756,52.623392,On or near University Road,E01013649,Leicester 030C,Other theft,Investigation complete; no suspect identified,
85e8ea2f08d45636c024b60cbdd3ae8d6a50affe4cffe264083316160a5a3184,2023-12,Leicestershire Police,Leicestershire Police,-1.113476,52.621609,On or near Cedars Court,E01013649,Leicester 030C,Public order,Unable to prosecute suspect,
638c819088a9edb29647aca909a68974fc2dad0f1faf5b387996a9ec8e52de8f,2023-12,Leicestershire Police,Leicestershire Police,-1.119567,52.625780,On or near Parking Area,E01013649,Leicester 030C,Robbery,Investigation complete; no suspect identified,
ffcab4ac088a0321aaa573fd9efd4c12d0ca0dca6a2a8e912204a7486413b2b9,2023-12,Leicestershire Police,Leicestershire Police,-1.129271,52.625906,On or near Tigers Way,E01013649,Leicester 030C,Robbery,Investigation complete; no suspect identified,
be8183a96c70c86ee18260c515b8446e35a7632d1508d40512d0cf9072ac77ec,2023-12,Leicestershire Police,Leicestershire Police,-1.116569,52.618413,On or near Cecilia Road,E01013649,Leicester 030C,Shoplifting,Investigation complete; no suspect identified,
1eda826424c0bf5bd2df0f711ce4ddb2a92e7252d2104dac54499c2014f992a7,2023-12,Leicestershire Police,Leicestershire Police,-1.119567,52.625780,On or near Parking Area,E01013649,Leicester 030C,Theft from the person,Investigation complete; no suspect identified,
25f180b03d83721c44c6d410bff104740d79ce78335d51c17354b059e513825b,2023-12,Leicestershire Police,Leicestershire Police,-1.116031,52.620909,On or near St Marys Road,E01013649,Leicester 030C,Vehicle crime,Investigation complete; no suspect identified,
afb36de9e9a9ecc26ef4872d34dfe44b40731867c87f5060c7165bda33ad5682,2023-12,Leicestershire Police,Leicestershire Police,-1.123094,52.619400,On or near Further/Higher Educational Building,E01013649,Leicester 030C,Violence and sexual offences,Investigation complete; no suspect identified,
14d7040e18a21a7d417ac5745212cbd713d0ca2d3a8d81c87fc69dab8ed2de7b,2023-12,Leicestershire Police,Leicestershire Police,-1.113946,52.621765,On or near Victoria Gardens,E01013649,Leicester 030C,Violence and sexual offences,Further action is not in the public interest,
4d3b99dae30e52b1f96ed56f914632b85c58912ec51c3e7329d2ee2e95ccfa76,2023-12,Leicestershire Police,Leicestershire Police,-1.133174,52.623507,On or near Aylestone Walk,E01013649,Leicester 030C,Violence and sexual offences,Action to be taken by another organisation,
3d9fe78155bd825b0e6b9d97be8cf84586ee1202d89a68f534ce5fc57d18196f,2023-12,Leicestershire Police,Leicestershire Police,-1.133174,52.623507,On or near Aylestone Walk,E01013649,Leicester 030C,Violence and sexual offences,Unable to prosecute suspect,
42c3771732d17cc7f9159b1b6ff37fd362763c396e890fbcf6128effeaa46759,2023-12,Leicestershire Police,Leicestershire Police,-1.116866,52.619036,On or near Orlando Road,E01013649,Leicester 030C,Violence and sexual offences,Unable to prosecute suspect,
2f6000490d52ee342ad21730444aafed40b016f9c36b790c7c5b1d728bb95a66,2023-12,Leicestershire Police,Leicestershire Police,-1.123094,52.619400,On or near Further/Higher Educational Building,E01013649,Leicester 030C,Violence and sexual offences,Investigation complete; no suspect identified,
24924f92d77d65d353c08d2b7c071136a8759dc372adade2fd41132f606a6d42,2023-12,Leicestershire Police,Leicestershire Police,-1.123094,52.619400,On or near Further/Higher Educational Building,E01013649,Leicester 030C,Violence and sexual offences,Unable to prosecute suspect,
91d2773c3241f1ac89a8ac6622c0eb97fb5872b3ee6c0647ff25d32fa484f981,2023-12,Leicestershire Police,Leicestershire Police,-1.133174,52.623507,On or near Aylestone Walk,E01013649,Leicester 030C,Violence and sexual offences,Unable to prosecute suspect,
5100edeb60e315e51929d301d1869308bdcd261076826a0f95161fd185cea494,2023-12,Leicestershire Police,Leicestershire Police,-1.113476,52.621609,On or near Cedars Court,E01013649,Leicester 030C,Violence and sexual offences,Unable to prosecute suspect,
4bd3412d88e3672f74e1ec50ebbde1ad876b3e851c85f1ab90b3708cb0f2d99d,2023-12,Leicestershire Police,Leicestershire Police,-1.133174,52.623507,On or near Aylestone Walk,E01013649,Leicester 030C,Violence and sexual offences,Local resolution,
2e881a26c12d46bea5a2b577250151918a4b071f507f144604e6c1d34eec3ad4,2023-12,Leicestershire Police,Leicestershire Police,-1.120752,52.617509,On or near Howard Road,E01013650,Leicester 030D,Robbery,Investigation complete; no suspect identified,
db748be70ae0e5e89080eb2eff6b547e6dd892c28f40cf2b63f651152af41ef6,2023-12,Leicestershire Police,Leicestershire Police,-1.119262,52.618164,On or near Oxford Road,E01013650,Leicester 030D,Criminal damage and arson,Investigation complete; no suspect identified,
8111807761691d1a248a62ce4703c0b216835031963a83f61e5a77c0f204bf28,2023-12,Leicestershire Police,Leicestershire Police,-1.122053,52.615263,On or near Lorne Road,E01013650,Leicester 030D,Criminal damage and arson,Investigation complete; no suspect identified,
84462a4304f072aaf69bd84a502ef12410b6d0dcde799333648c35e1a2a464bc,2023-12,Leicestershire Police,Leicestershire Police,-1.117593,52.617441,On or near Montague Road,E01013650,Leicester 030D,Criminal damage and arson,Investigation complete; no suspect identified,
2472717bf3f80bcd04b82f71c59f661850cf5b1fca932def70a3e152287899d8,2023-12,Leicestershire Police,Leicestershire Police,-1.122053,52.615263,On or near Lorne Road,E01013650,Leicester 030D,Other theft,Investigation complete; no suspect identified,
542eef96522d0e6cd0a85e6924840a11751960224d8211dbde7c67039e89d6c8,2023-12,Leicestershire Police,Leicestershire Police,-1.119236,52.616518,On or near St Leonards Road,E01013650,Leicester 030D,Other theft,Investigation complete; no suspect identified,
4061f3cd0868f17addb27b863b965535b32cb86f9174bd920a8bbf118c2a8c6f,2023-12,Leicestershire Police,Leicestershire Police,-1.122053,52.615263,On or near Lorne Road,E01013650,Leicester 030D,Other theft,Investigation complete; no suspect identified,
0d88728bb2ca066dcd7095a952585f55e06f8582a6d3edac0eee0a1c15873d26,2023-12,Leicestershire Police,Leicestershire Police,-1.121855,52.617014,On or near Lytton Road,E01013650,Leicester 030D,Violence and sexual offences,Unable to prosecute suspect,
e6043dc9b615206b1a023fb1bee1febc4111ed39c25f8ad7e93ccb12bb11b9e7,2023-12,Leicestershire Police,Leicestershire Police,-1.119236,52.616518,On or near St Leonards Road,E01013650,Leicester 030D,Violence and sexual offences,Unable to prosecute suspect,
e6046734e790057dc8cf47074c392bb72b67baabe61e5260b1739beced5999ea,2023-12,Leicestershire Police,Leicestershire Police,-1.119236,52.616518,On or near St Leonards Road,E01013650,Leicester 030D,Violence and sexual offences,Unable to prosecute suspect,
9e1821827df0f15f8a6cd57cf97ae2a11cacb098eaa6921ea5fd5786aed7d2dc,2023-12,Leicestershire Police,Leicestershire Police,-1.118929,52.617082,On or near Cradock Road,E01013650,Leicester 030D,Violence and sexual offences,Unable to prosecute suspect,
96ca0d905cf93a6aa351ddc080e1797807ba2f8e7d2fb815d417a8be7bd5d57d,2023-12,Leicestershire Police,Leicestershire Police,-1.121223,52.610968,On or near Houlditch Road,E01013702,Leicester 030E,Possession of weapons,Formal action is not in the public interest,
eff8da8fac12024978771705e7a733bb8bcdf9261ed194f6b010603374f4d215,2023-12,Leicestershire Police,Leicestershire Police,-1.119537,52.611819,On or near Stanfell Road,E01013702,Leicester 030E,Burglary,Investigation complete; no suspect identified,
2b845af16a14ac79e48bd619b9ed54ed7df58d634e7cef5f8b57d4ccb9457098,2023-12,Leicestershire Police,Leicestershire Police,-1.121223,52.610968,On or near Houlditch Road,E01013702,Leicester 030E,Possession of weapons,Status update unavailable,
e513da3805eae71117840a90a4193ceabebe3a9d5435bb1152edab0c0bbd4ee7,2023-12,Leicestershire Police,Leicestershire Police,-1.115890,52.615468,On or near Queens Road,E01013702,Leicester 030E,Violence and sexual offences,Unable to prosecute suspect,
a2240e699ad3c22655c3bdbdc02e78b56db1b0826d2812491f8d05c83036a75a,2023-12,Leicestershire Police,Leicestershire Police,-1.105259,52.615991,On or near Alexandra Road,E01013710,Leicester 030F,Other theft,Investigation complete; no suspect identified,
13325675220ddb20930d5b13dca8403ae25eba4485b8b7aa06141b2280aaf1a1,2023-12,Leicestershire Police,Leicestershire Police,-1.105285,52.616908,On or near Malvern Road,E01013711,Leicester 030G,Theft from the person,Investigation complete; no suspect identified,
4cfb583db7d3cb69926838acfd5382c9eecb68ced484b3a30e7778ea6adef8bd,2023-12,Leicestershire Police,Leicestershire Police,-1.112793,52.615958,On or near Burlington Road,E01013711,Leicester 030G,Other theft,Investigation complete; no suspect identified,
21fa298a754b4db6e345d2c79a6d1d2422b498778d1108c7ad9d7288af9458dd,2023-12,Leicestershire Police,Leicestershire Police,-1.109287,52.614053,On or near Stoneygate Avenue,E01013711,Leicester 030G,Other theft,Investigation complete; no suspect identified,
36b7af7cec3c586da08fe4a23fa0e0e87220597423bf47a84d6ee6e5e8c4942e,2023-12,Leicestershire Police,Leicestershire Police,-1.110666,52.615942,On or near Beechcroft Road,E01013711,Leicester 030G,Other theft,Investigation complete; no suspect identified,
b000370b890521220924c15ecff36f03dc42d6ec9d1ef024665de2d92f5b2566,2023-12,Leicestershire Police,Leicestershire Police,-1.105285,52.616908,On or near Malvern Road,E01013711,Leicester 030G,Public order,Unable to prosecute suspect,
1c64404add1e606155b6eebc76780746c2040ccba896ef211c48d54533c7d8df,2023-12,Leicestershire Police,Leicestershire Police,-1.104567,52.617361,On or near Stoneygate Road,E01013711,Leicester 030G,Vehicle crime,Investigation complete; no suspect identified,
e261527e5a78680251abaec7fce1949b26ee46120b5815342b4b728014c0d993,2023-12,Leicestershire Police,Leicestershire Police,-1.107197,52.614396,On or near Birkdale Avenue,E01013711,Leicester 030G,Vehicle crime,Investigation complete; no suspect identified,
c7c8621bd1bb7dbfbe4f40efbcca6f4c2e252b057fe99b6a5deb938326d2d3b6,2023-12,Leicestershire Police,Leicestershire Police,-1.104567,52.617361,On or near Stoneygate Road,E01013711,Leicester 030G,Violence and sexual offences,Unable to prosecute suspect,
90a57e2213ea96f65ef45e53a1c675cae01bb5a8c5f8591266e3b4059ab62cb1,2023-12,Leicestershire Police,Leicestershire Police,-1.108681,52.615531,On or near Toller Road,E01013711,Leicester 030G,Violence and sexual offences,Unable to prosecute suspect,
6889683649a7db5f22909c806c8368bb18643a3d591983b0e47164650ba2f4c0,2023-12,Leicestershire Police,Leicestershire Police,-1.108681,52.615531,On or near Toller Road,E01013711,Leicester 030G,Violence and sexual offences,Unable to prosecute suspect,
ba5751c0e344976c2f29fe7e6d4d82d26c16790ae4ade5dfa39cc9ee4fd5ac20,2023-12,Leicestershire Police,Leicestershire Police,-1.108681,52.615531,On or near Toller Road,E01013711,Leicester 030G,Violence and sexual offences,Unable to prosecute suspect,
7c00a56ce01cd797d7faecdaeba6fcdb0ed62533a029f57f32564c6e6602e025,2023-12,Leicestershire Police,Leicestershire Police,-1.104567,52.617361,On or near Stoneygate Road,E01013711,Leicester 030G,Violence and sexual offences,Offender given a caution,
0e290516a4e8d955a98fef9e245fd1effb0579b0c8ac92f78b9f7efd1b6ff03f,2023-12,Leicestershire Police,Leicestershire Police,-1.105285,52.616908,On or near Malvern Road,E01013711,Leicester 030G,Violence and sexual offences,Unable to prosecute suspect,
04f85e3a589d93ec38f4ae637c4f8c338e49cdf300941f45be1345de0a684173,2023-12,Leicestershire Police,Leicestershire Police,-1.105285,52.616908,On or near Malvern Road,E01013711,Leicester 030G,Violence and sexual offences,Unable to prosecute suspect,
fb857826bc10e0bc43ca686515e134e07e012b4193f8bf56d300195be36573eb,2023-12,Leicestershire Police,Leicestershire Police,-1.141223,52.609254,On or near Denmark Road,E01013613,Leicester 031A,Drugs,Investigation complete; no suspect identified,
027f5154e4a9081b51c9004c9fd4caf2be3f5c9f567b2600acac71bde745c3cb,2023-12,Leicestershire Police,Leicestershire Police,-1.138563,52.605621,On or near Petrol Station,E01013613,Leicester 031A,Burglary,Investigation complete; no suspect identified,
8171007b7b425b2141772f67bcff5fbde0ed9ca5d3a6c2c8d66bbac45339b235,2023-12,Leicestershire Police,Leicestershire Police,-1.138159,52.610391,On or near Lorrimer Road,E01013613,Leicester 031A,Criminal damage and arson,Investigation complete; no suspect identified,
27ecfe828243b117b41b5ce3478c4df0f328b8ea854b1859419b1c51703d3b4f,2023-12,Leicestershire Police,Leicestershire Police,-1.138563,52.605621,On or near Petrol Station,E01013613,Leicester 031A,Criminal damage and arson,Unable to prosecute suspect,
f65a478fde7146aa9610ad107c6665edc62a161ef9e51deeda96648c6834bd49,2023-12,Leicestershire Police,Leicestershire Police,-1.138159,52.610391,On or near Lorrimer Road,E01013613,Leicester 031A,Criminal damage and arson,Investigation complete; no suspect identified,
f40015c42f2fcc50bebf383fa4e6b320864b78a54cf7ddc89c50a454e945bc5e,2023-12,Leicestershire Police,Leicestershire Police,-1.138538,52.609154,On or near Kempson Road,E01013613,Leicester 031A,Criminal damage and arson,Investigation complete; no suspect identified,
14635c30eca00c99f272b8a8c8a77bba42242bdbcf5d556b2463c61d25b84870,2023-12,Leicestershire Police,Leicestershire Police,-1.141223,52.609254,On or near Denmark Road,E01013613,Leicester 031A,Drugs,Investigation complete; no suspect identified,
0a36445a859bcebf3661d5330970de65b494843164e53dd13392cc57336bbf20,2023-12,Leicestershire Police,Leicestershire Police,-1.141223,52.609254,On or near Denmark Road,E01013613,Leicester 031A,Drugs,Unable to prosecute suspect,
2ef1e019c38f152dc5c83e3930a3a00355d55d81a92ee07796e79f4b118ce871,2023-12,Leicestershire Police,Leicestershire Police,-1.138554,52.606061,On or near Robin Close,E01013613,Leicester 031A,Other theft,Investigation complete; no suspect identified,
86cae30751f4661c5fc13ab12043ee6e03e68b88bd8fb882b43d23a1dcbd5a7f,2023-12,Leicestershire Police,Leicestershire Police,-1.141223,52.609254,On or near Denmark Road,E01013613,Leicester 031A,Violence and sexual offences,Investigation complete; no suspect identified,
380c304e782392f878a7ee6d0203465cba86c39fd7a21f14cf2881fb76aa4f1c,2023-12,Leicestershire Police,Leicestershire Police,-1.138538,52.609154,On or near Kempson Road,E01013613,Leicester 031A,Violence and sexual offences,Unable to prosecute suspect,
3dffd67cd3cd6d374ecf16b779b4b05ea396de52905baed80ecbf6931420f03a,2023-12,Leicestershire Police,Leicestershire Police,-1.138538,52.609154,On or near Kempson Road,E01013613,Leicester 031A,Violence and sexual offences,Unable to prosecute suspect,
6d28e625412723749c2ddbca0865405632e7ee9bc49cfacffbbded0d23f30a36,2023-12,Leicestershire Police,Leicestershire Police,-1.140355,52.607584,On or near Vernon Road,E01013613,Leicester 031A,Violence and sexual offences,Unable to prosecute suspect,
8501e964b0e40ea974b756a87a5fcb23776ee7e976673d8e5a23fd631dbbb811,2023-12,Leicestershire Police,Leicestershire Police,-1.138966,52.603897,On or near Saffron Lane,E01013614,Leicester 031B,Shoplifting,Local resolution,
4da87fb05b404fc2bcc85e4d14d2c38695acb00127eabe93e29dc6157ddc45ab,2023-12,Leicestershire Police,Leicestershire Police,-1.141327,52.603951,On or near St Andrews Road,E01013614,Leicester 031B,Criminal damage and arson,Investigation complete; no suspect identified,
c6dcafaf5aff91f828276fec6cb1ba5b73729ae71d1f08b5cb0a379c8c818aed,2023-12,Leicestershire Police,Leicestershire Police,-1.144422,52.605762,On or near Florence Street,E01013614,Leicester 031B,Drugs,Investigation complete; no suspect identified,
5b040b78740579f9ad3755a30affaa9c29cf51c9f12376cfe1bdbd9652025c0b,2023-12,Leicestershire Police,Leicestershire Police,-1.143799,52.605901,On or near Duncan Road,E01013614,Leicester 031B,Drugs,Unable to prosecute suspect,
527398b1721c01daf6b0c4b0e73b34159c12f8b58aecbf9e58b33dea7d3fd9b3,2023-12,Leicestershire Police,Leicestershire Police,-1.143799,52.605901,On or near Duncan Road,E01013614,Leicester 031B,Drugs,Investigation complete; no suspect identified,
bf9a456e3d4d43b399415613e2f1f062c37717eeafdc4fe8d1cec853f8ee2007,2023-12,Leicestershire Police,Leicestershire Police,-1.143799,52.605901,On or near Duncan Road,E01013614,Leicester 031B,Drugs,Investigation complete; no suspect identified,
df8d14c3c19e9f81bcb30569536143dfdf4e1bc6b8c4770c7a9d21e7605ccf6b,2023-12,Leicestershire Police,Leicestershire Police,-1.144422,52.605762,On or near Florence Street,E01013614,Leicester 031B,Drugs,Investigation complete; no suspect identified,
d439a10aca5df43909821e25e5f4b71b6bb767c3e1d290092c43519a14a31fab,2023-12,Leicestershire Police,Leicestershire Police,-1.141327,52.603951,On or near St Andrews Road,E01013614,Leicester 031B,Other theft,Investigation complete; no suspect identified,
f7646543c7d62f8b111993a66a8dd4e6ca915e2bbf8f289f9807562e242db29a,2023-12,Leicestershire Police,Leicestershire Police,-1.138966,52.603897,On or near Saffron Lane,E01013614,Leicester 031B,Other theft,Investigation complete; no suspect identified,
b6e8ce4c4d393ae6d3becd5b1810b7fa5cd5ddfa9fe1d1c0cf1f923d9b3cc988,2023-12,Leicestershire Police,Leicestershire Police,-1.138966,52.603897,On or near Saffron Lane,E01013614,Leicester 031B,Public order,Investigation complete; no suspect identified,
85ef2da3d2e7d12b7bf06586b6f07cb35126eb0e73cea547a50dceaecad5afd7,2023-12,Leicestershire Police,Leicestershire Police,-1.141340,52.603303,On or near Cyprus Road,E01013614,Leicester 031B,Vehicle crime,Investigation complete; no suspect identified,
f93df27e1a8f00749287bfbc327b1cb2c5609e7d90b520b3c4bca5052d587b11,2023-12,Leicestershire Police,Leicestershire Police,-1.144422,52.605762,On or near Florence Street,E01013614,Leicester 031B,Violence and sexual offences,Unable to prosecute suspect,
8d6b4bc8922de575431905835e0cc0cb252455397388412a0db15acc70820039,2023-12,Leicestershire Police,Leicestershire Police,-1.138966,52.603897,On or near Saffron Lane,E01013614,Leicester 031B,Violence and sexual offences,Investigation complete; no suspect identified,
e6bbae30d95ea974273d6f3b1f600c44ff6b58b3b6469a87f3a7a6520c4e1730,2023-12,Leicestershire Police,Leicestershire Police,-1.141353,52.602629,On or near Burgess Road,E01013614,Leicester 031B,Violence and sexual offences,Unable to prosecute suspect,
793f3b8444ad6d3eb5661e1a9a42687f786a3ca4f9f9774d051a35e85ba85eb9,2023-12,Leicestershire Police,Leicestershire Police,-1.138887,52.604149,On or near B5366,E01013614,Leicester 031B,Violence and sexual offences,Unable to prosecute suspect,
5bee560d84d681d5833c42b70bcc3652661f35df3c6b778a32e5e1b6192da142,2023-12,Leicestershire Police,Leicestershire Police,-1.141340,52.603303,On or near Cyprus Road,E01013614,Leicester 031B,Violence and sexual offences,Unable to prosecute suspect,
f1425ecf4f11b0aaa815af811fba218e40a50c370d8d87c7adce28055e5622cc,2023-12,Leicestershire Police,Leicestershire Police,-1.138887,52.604149,On or near B5366,E01013614,Leicester 031B,Violence and sexual offences,Investigation complete; no suspect identified,
21f158cce543377d8b082acd77af0906b1611d62e3458b7f9ac70598e66fb3f0,2023-12,Leicestershire Police,Leicestershire Police,-1.138887,52.604149,On or near B5366,E01013614,Leicester 031B,Violence and sexual offences,Unable to prosecute suspect,
8d63dee7f2ba50a1d63979fbbaff770e250071449f135a54dc2fd34a92076f2d,2023-12,Leicestershire Police,Leicestershire Police,-1.138966,52.603897,On or near Saffron Lane,E01013614,Leicester 031B,Violence and sexual offences,Unable to prosecute suspect,
f28e3f26bdff03b7ecd3a222e9fc744e622b6cc94cf7b5c041054e296ea06364,2023-12,Leicestershire Police,Leicestershire Police,-1.142042,52.605169,On or near Handley Street,E01013614,Leicester 031B,Violence and sexual offences,Unable to prosecute suspect,
479470acae6289918dd617447b7a8f25823e6adc7ad9e404312ed7ec03d7605b,2023-12,Leicestershire Police,Leicestershire Police,-1.142347,52.614476,On or near Aylestone Road,E01013687,Leicester 031C,Violence and sexual offences,Unable to prosecute suspect,
4e5dbb9c652a437d04f8a1e4c571f4aeae6aa44495390cff744effefa19915d7,2023-12,Leicestershire Police,Leicestershire Police,-1.140453,52.611658,On or near Richmond Road,E01013687,Leicester 031C,Violence and sexual offences,Offender given a caution,
79274d7a0dfb6c2881b74d0a477120ac0f0d8e73b469a5b68d4880879c4372a8,2023-12,Leicestershire Police,Leicestershire Police,-1.141316,52.610567,On or near Park Avenue,E01013687,Leicester 031C,Burglary,Unable to prosecute suspect,
ba41b1de7066eed90997fd6d5610763dc6f3369bd677a998939700e62612fb5e,2023-12,Leicestershire Police,Leicestershire Police,-1.142347,52.614476,On or near Aylestone Road,E01013687,Leicester 031C,Criminal damage and arson,Investigation complete; no suspect identified,
8cd1d93f9036dd5571ab64a96d257bd1eae3c48829a000e385cf3eaad0080b21,2023-12,Leicestershire Police,Leicestershire Police,-1.144479,52.614968,On or near Dartford Road,E01013687,Leicester 031C,Other theft,Investigation complete; no suspect identified,
4015b583f53fcbaf06c99425f84ebcb2e324d7f59346746b9e22666b2f4aa30e,2023-12,Leicestershire Police,Leicestershire Police,-1.144479,52.614968,On or near Dartford Road,E01013687,Leicester 031C,Other theft,Investigation complete; no suspect identified,
639a3e5495e6ed559525f7dd4585751cf59cfdbb48773e32ba308c506e423796,2023-12,Leicestershire Police,Leicestershire Police,-1.142347,52.614476,On or near Aylestone Road,E01013687,Leicester 031C,Vehicle crime,Investigation complete; no suspect identified,
46d6222a0eefc374b87c45b8053ffe65f5dc4696cdc0cd755027282d7a562ad3,2023-12,Leicestershire Police,Leicestershire Police,-1.141306,52.611835,On or near Richmond Avenue,E01013687,Leicester 031C,Vehicle crime,Investigation complete; no suspect identified,
3e80faa092219f15466c9778d564d92f47a83c6bddc42ca756029dcb278f4e2c,2023-12,Leicestershire Police,Leicestershire Police,-1.143809,52.612959,On or near Rutland Avenue,E01013687,Leicester 031C,Vehicle crime,Investigation complete; no suspect identified,
4d8f6a7f6f67338fb3b2b094ff9b88e928682306eecf63fdf9bdfbbd1a6225b4,2023-12,Leicestershire Police,Leicestershire Police,-1.140453,52.611658,On or near Richmond Road,E01013687,Leicester 031C,Violence and sexual offences,Formal action is not in the public interest,
5711543a98d6949a9663cbef0348a08decaf3e4163f9035bf4363b9c7466f64a,2023-12,Leicestershire Police,Leicestershire Police,-1.142347,52.614476,On or near Aylestone Road,E01013687,Leicester 031C,Violence and sexual offences,Unable to prosecute suspect,
6cc544c1b17a113329e252470642f24d3e49e5143df6aa877fbe9953b423e5bf,2023-12,Leicestershire Police,Leicestershire Police,-1.143809,52.612959,On or near Rutland Avenue,E01013687,Leicester 031C,Violence and sexual offences,Unable to prosecute suspect,
bbf0de9517397e939fb55048d014f8a5049a20dac792d54d1fcce15bd42b7a13,2023-12,Leicestershire Police,Leicestershire Police,-1.143439,52.613783,On or near Batten Street,E01013687,Leicester 031C,Violence and sexual offences,Unable to prosecute suspect,
359482c1f108d0272266862e1d9e12d831cf3e61f7d961291aa49219e55c61e2,2023-12,Leicestershire Police,Leicestershire Police,-1.132611,52.616105,On or near Euston Street,E01013688,Leicester 031D,Criminal damage and arson,Court result unavailable,
aa9abad54a92ddd5f2cc499b689e3b22ad27b7f1c1c26e8ebc0c073c96d88744,2023-12,Leicestershire Police,Leicestershire Police,-1.132611,52.616105,On or near Euston Street,E01013688,Leicester 031D,Public order,Unable to prosecute suspect,
93c992bac231330e08135bc676110a4a0de94e508aa9bfa5101acd429b1d0697,2023-12,Leicestershire Police,Leicestershire Police,-1.139610,52.616227,On or near Pentland Close,E01013688,Leicester 031D,Violence and sexual offences,Unable to prosecute suspect,
a7ae96692c5d2343bc35eda7c08d2b74224a7d7ca7c8b0e2296f817d5eb3b8f4,2023-12,Leicestershire Police,Leicestershire Police,-1.137495,52.611097,On or near Clifton Road,E01013688,Leicester 031D,Violence and sexual offences,Court result unavailable,
c98e4e6182859a6c9297d8d7ba08235963a5f2c88876a6eb0efbcb22254c7269,2023-12,Leicestershire Police,Leicestershire Police,-1.134079,52.617753,On or near Shopping Area,E01013688,Leicester 031D,Violence and sexual offences,Further action is not in the public interest,
488de577a5c66cbb29af6a17ed996b6831b901200ce3618ec27f919679c594b7,2023-12,Leicestershire Police,Leicestershire Police,-1.133951,52.612581,On or near Shakespeare Street,E01013688,Leicester 031D,Violence and sexual offences,Unable to prosecute suspect,
e2ebeceb99c727e3ca28ecd69dacc55688771ae0cf8285b6bbca93835b668a82,2023-12,Leicestershire Police,Leicestershire Police,-1.132611,52.616105,On or near Euston Street,E01013688,Leicester 031D,Violence and sexual offences,Formal action is not in the public interest,
,2023-12,Leicestershire Police,Leicestershire Police,-1.139372,52.615569,On or near Maris Lane,E01013688,Leicester 031D,Anti-social behaviour,,
,2023-12,Leicestershire Police,Leicestershire Police,-1.138363,52.611256,On or near New Park Road,E01013688,Leicester 031D,Anti-social behaviour,,
,2023-12,Leicestershire Police,Leicestershire Police,-1.139610,52.616227,On or near Pentland Close,E01013688,Leicester 031D,Anti-social behaviour,,
6950c5d28332e57807ed1efba1ba00c39b8ccb05556b58c7546fde35a7ba358b,2023-12,Leicestershire Police,Leicestershire Police,-1.137495,52.611097,On or near Clifton Road,E01013688,Leicester 031D,Burglary,Unable to prosecute suspect,
9c54e915da28870c4fac8127565778c32612c9c94d0ff9b06f22392db1df87fd,2023-12,Leicestershire Police,Leicestershire Police,-1.133946,52.612114,On or near Thackeray Street,E01013688,Leicester 031D,Criminal damage and arson,Investigation complete; no suspect identified,
9649a34b5c465cb2807a9b1aa2161e26658e013a600965ce18642292f7933abe,2023-12,Leicestershire Police,Leicestershire Police,-1.132611,52.616105,On or near Euston Street,E01013688,Leicester 031D,Criminal damage and arson,Court result unavailable,
6357a72dbec436e973c7947a79336b7d7b034242aa02c6b5395fd105fc33ea24,2023-12,Leicestershire Police,Leicestershire Police,-1.132611,52.616105,On or near Euston Street,E01013688,Leicester 031D,Criminal damage and arson,Court result unavailable,
2bf23d99620ee5c8c08d768cc35e66aa070d7f57c4f36f73d8ec4511c9bcbdcf,2023-12,Leicestershire Police,Leicestershire Police,-1.132611,52.616105,On or near Euston Street,E01013688,Leicester 031D,Criminal damage and arson,Court result unavailable,
74ba6fe76f2543b5d1c0d7c9da6076ce23037657a6dc1d11a01797fa9be6f4aa,2023-12,Leicestershire Police,Leicestershire Police,-1.132611,52.616105,On or near Euston Street,E01013688,Leicester 031D,Criminal damage and arson,Court result unavailable,
bd12974c5904efefe4258bed3e3206c099a65b6b0553a64a61d74b4d82f3f82b,2023-12,Leicestershire Police,Leicestershire Police,-1.132611,52.616105,On or near Euston Street,E01013688,Leicester 031D,Criminal damage and arson,Further action is not in the public interest,
3f5bf4c7803f3208168e55a0255fa4bdf7ef6ce9e75b35026a98bb48831ba9c4,2023-12,Leicestershire Police,Leicestershire Police,-1.132611,52.616105,On or near Euston Street,E01013688,Leicester 031D,Criminal damage and arson,Court result unavailable,
005b8571befc0cc327f70c71800b52ec9e3c52ae7119ce7c589bcbd9cea214c9,2023-12,Leicestershire Police,Leicestershire Police,-1.132611,52.616105,On or near Euston Street,E01013688,Leicester 031D,Criminal damage and arson,Court result unavailable,
dc25c43cf83f23a3f456adb5107ba719e248ff445ce0f00242be2b87b4a0f96d,2023-12,Leicestershire Police,Leicestershire Police,-1.132611,52.616105,On or near Euston Street,E01013688,Leicester 031D,Criminal damage and arson,Court result unavailable,
32fbb0f9f33d0751481becc9820cc1fdafb2debf1de9e1a7e54b61dc1255bcb0,2023-12,Leicestershire Police,Leicestershire Police,-1.139571,52.612164,On or near Cavendish Road,E01013688,Leicester 031D,Criminal damage and arson,Investigation complete; no suspect identified,
bfcb2c9297ff267ffbeed140f94d18e47cb91774310edd5abbfa4780d04ca253,2023-12,Leicestershire Police,Leicestershire Police,-1.132611,52.616105,On or near Euston Street,E01013688,Leicester 031D,Criminal damage and arson,Court result unavailable,
7c0eeb7bad36cfecec4ca34b2320cf6bcff01702764097e5af37dcb9347aa91e,2023-12,Leicestershire Police,Leicestershire Police,-1.132611,52.616105,On or near Euston Street,E01013688,Leicester 031D,Criminal damage and arson,Local resolution,
4b9bb01b8db1a6d4846cde15bbb2e833cb8b898dddfd8cc3a843d36f76de3fb5,2023-12,Leicestershire Police,Leicestershire Police,-1.132611,52.616105,On or near Euston Street,E01013688,Leicester 031D,Criminal damage and arson,Local resolution,
b1e4f7ce152a4317d61c2fc4a15883ff2e4d0bf824a517886fb8e2a7f65a6b6e,2023-12,Leicestershire Police,Leicestershire Police,-1.139537,52.613179,On or near Lothair Road,E01013688,Leicester 031D,Criminal damage and arson,Investigation complete; no suspect identified,
091e92c7798a6df839e71de0957c8b5b9f0f6b105f4fdb72425a8d6650d045f3,2023-12,Leicestershire Police,Leicestershire Police,-1.139571,52.612164,On or near Cavendish Road,E01013688,Leicester 031D,Drugs,Local resolution,
0acc25ed3522c0d1ff64a71f868b0152eec4a65e33ba530ab607c81afc9d3958,2023-12,Leicestershire Police,Leicestershire Police,-1.132611,52.616105,On or near Euston Street,E01013688,Leicester 031D,Drugs,Court result unavailable,
931c27a66cd992f2ff07ddbfc74bd65a583a4baddaeeea20d1b995881f733206,2023-12,Leicestershire Police,Leicestershire Police,-1.139372,52.615569,On or near Maris Lane,E01013688,Leicester 031D,Drugs,Unable to prosecute suspect,
1a14e4096e69362680731a910cf5eeabff9574d4307c292add77d34a7b19146b,2023-12,Leicestershire Police,Leicestershire Police,-1.139372,52.615569,On or near Maris Lane,E01013688,Leicester 031D,Drugs,Investigation complete; no suspect identified,
f056b31fcfbc8043ed386a483127ec26dd77dfbb429acc218d2ec75cb576e294,2023-12,Leicestershire Police,Leicestershire Police,-1.132611,52.616105,On or near Euston Street,E01013688,Leicester 031D,Drugs,Court result unavailable,
b15dcaf57408bc88d39c6e8a692371518816ac6ee81f03f6624845b5657b729e,2023-12,Leicestershire Police,Leicestershire Police,-1.139571,52.612164,On or near Cavendish Road,E01013688,Leicester 031D,Drugs,Local resolution,
c8a1e200cf4178f7ed0408f60b3561d5167fd5660cfcde3d7bfe92e8c9e8f001,2023-12,Leicestershire Police,Leicestershire Police,-1.132611,52.616105,On or near Euston Street,E01013688,Leicester 031D,Drugs,Formal action is not in the public interest,
61582d04114ec712cf8c6e9be272bc3eaf989874cbd8d6ca5f4826447c7b326f,2023-12,Leicestershire Police,Leicestershire Police,-1.132611,52.616105,On or near Euston Street,E01013688,Leicester 031D,Drugs,Local resolution,
b4e351114094d5904e04ef14e47bc93468838525b513b322529b68e37accb1d9,2023-12,Leicestershire Police,Leicestershire Police,-1.132611,52.616105,On or near Euston Street,E01013688,Leicester 031D,Drugs,Formal action is not in the public interest,
31789e10f3efae52abcbfe14d3c428639f7204292d7dcb5d0e76dafd17b81dce,2023-12,Leicestershire Police,Leicestershire Police,-1.132611,52.616105,On or near Euston Street,E01013688,Leicester 031D,Drugs,Court result unavailable,
a17dbdd7a2972b3873d329634008d07db1ddf6f42c7b124777b8ad9f2758729f,2023-12,Leicestershire Police,Leicestershire Police,-1.132611,52.616105,On or near Euston Street,E01013688,Leicester 031D,Drugs,Court result unavailable,
58498de75a1c5a0070abd582e1172fdaa231fdb4804e348b306d21e0d24d4915,2023-12,Leicestershire Police,Leicestershire Police,-1.137921,52.611999,On or near Oliver Street,E01013688,Leicester 031D,Drugs,Status update unavailable,
335ed64eded6036b0019a3aee54ca847375db1e9b7221335377aba8acd5609e0,2023-12,Leicestershire Police,Leicestershire Police,-1.135525,52.618158,On or near Putney Road West,E01013688,Leicester 031D,Other theft,Investigation complete; no suspect identified,
d54557041fbbb85bba95c925a87bb0a349882b375219e39f206ac935fc734e83,2023-12,Leicestershire Police,Leicestershire Police,-1.135525,52.618158,On or near Putney Road West,E01013688,Leicester 031D,Other theft,Investigation complete; no suspect identified,
25dc843a65ecbee40f478ee8ce4244251428122f23af025f5684b240ee9a86d3,2023-12,Leicestershire Police,Leicestershire Police,-1.135525,52.618158,On or near Putney Road West,E01013688,Leicester 031D,Other theft,Investigation complete; no suspect identified,
f87479a5bfd859626cbcddb7a2266fb091849c4a3a1b7701f28601c34f00e4db,2023-12,Leicestershire Police,Leicestershire Police,-1.135525,52.618158,On or near Putney Road West,E01013688,Leicester 031D,Other theft,Investigation complete; no suspect identified,
912e534e46d7281e2deb6c9503c99f1da97278cf04c1d787d977abad5337c6d3,2023-12,Leicestershire Police,Leicestershire Police,-1.135525,52.618158,On or near Putney Road West,E01013688,Leicester 031D,Other theft,Investigation complete; no suspect identified,
7187170eb2cb36ce95e6d25a8db05010012a7709aa0b3b4c7fd3be0dbb57a361,2023-12,Leicestershire Police,Leicestershire Police,-1.135525,52.618158,On or near Putney Road West,E01013688,Leicester 031D,Other theft,Investigation complete; no suspect identified,
a51747425023ee68bebf9630ec3d7efd0ed564810fd4ebdbe6588f92b64a8678,2023-12,Leicestershire Police,Leicestershire Police,-1.135525,52.618158,On or near Putney Road West,E01013688,Leicester 031D,Other theft,Investigation complete; no suspect identified,
33c0504307a9f2b92ceb4c6ec495184e1a962b3c51236c6c6d461fe2e1b3e01e,2023-12,Leicestershire Police,Leicestershire Police,-1.135525,52.618158,On or near Putney Road West,E01013688,Leicester 031D,Other theft,Investigation complete; no suspect identified,
018c1c87a9e4eaa5414edf83fb107f84a8ceefa11f3f3d9bdb9c083176942d98,2023-12,Leicestershire Police,Leicestershire Police,-1.135525,52.618158,On or near Putney Road West,E01013688,Leicester 031D,Other theft,Investigation complete; no suspect identified,
9bcdf58a32b80747bd2e32a7f7c259ca9d599406e2c633196c3a05a9571ec40a,2023-12,Leicestershire Police,Leicestershire Police,-1.137921,52.611999,On or near Oliver Street,E01013688,Leicester 031D,Other theft,Investigation complete; no suspect identified,
346d5e2be8529b478eaad492374c25f7f1e053d167c335a0846e49a626140e6e,2023-12,Leicestershire Police,Leicestershire Police,-1.139571,52.612164,On or near Cavendish Road,E01013688,Leicester 031D,Possession of weapons,Status update unavailable,
0176fc67a17a47feab72f9122afdd6fc47b0d385ab2a858392bf024172daedd1,2023-12,Leicestershire Police,Leicestershire Police,-1.132611,52.616105,On or near Euston Street,E01013688,Leicester 031D,Public order,Court result unavailable,
af710238e7b328d1c3bd51e3b5747dff6f0f9e5ebf3644ab846c56b9a4766b50,2023-12,Leicestershire Police,Leicestershire Police,-1.139537,52.613179,On or near Lothair Road,E01013688,Leicester 031D,Public order,Investigation complete; no suspect identified,
36b341e23add8ae26772ba9b857244e907ba8c63c2de749c57d3e217a2371c4b,2023-12,Leicestershire Police,Leicestershire Police,-1.132611,52.616105,On or near Euston Street,E01013688,Leicester 031D,Public order,Local resolution,
4f68c9d287ce3cd47af046590ea6ccf7a52fc9a5ac1187e45982a48c3da36deb,2023-12,Leicestershire Police,Leicestershire Police,-1.132611,52.616105,On or near Euston Street,E01013688,Leicester 031D,Public order,Court result unavailable,
1c3d6c676e155781d206fdd472214329d66925cd53632569bd219949d5ad09fa,2023-12,Leicestershire Police,Leicestershire Police,-1.139571,52.612164,On or near Cavendish Road,E01013688,Leicester 031D,Public order,Investigation complete; no suspect identified,
123c601127d92a8ed1d4a3b5180fda604c67ee92f71a5b2050ddf73db30758d1,2023-12,Leicestershire Police,Leicestershire Police,-1.135525,52.618158,On or near Putney Road West,E01013688,Leicester 031D,Shoplifting,Investigation complete; no suspect identified,
b159aeafa8caf6342b4738e59dbfd2f36c5bc43e5f2cbd81b723980c1b644f5d,2023-12,Leicestershire Police,Leicestershire Police,-1.139537,52.613179,On or near Lothair Road,E01013688,Leicester 031D,Vehicle crime,Unable to prosecute suspect,
d8bc8a45703ac56fe0a31b0f35b6edd72321f37926c368d75fb42368f8e4384d,2023-12,Leicestershire Police,Leicestershire Police,-1.132611,52.616105,On or near Euston Street,E01013688,Leicester 031D,Violence and sexual offences,Investigation complete; no suspect identified,
7c99440236148e9dad6634ef5789139ffabf6628a5394be3aaf3e3588de59dfb,2023-12,Leicestershire Police,Leicestershire Police,-1.139537,52.613179,On or near Lothair Road,E01013688,Leicester 031D,Violence and sexual offences,Court result unavailable,
c7c36d8970d319c62cf369c9d206a42e3e790d0675ea855542953d07fa2eabbf,2023-12,Leicestershire Police,Leicestershire Police,-1.132611,52.616105,On or near Euston Street,E01013688,Leicester 031D,Violence and sexual offences,Court result unavailable,
08b1d5fa7955650aab9e66283acd96afa0536dccc8a8e708ab0d9546aae0d111,2023-12,Leicestershire Police,Leicestershire Police,-1.139537,52.613179,On or near Lothair Road,E01013688,Leicester 031D,Violence and sexual offences,Unable to prosecute suspect,
617f70195eab71b4a9d17110d28dbd6a311ea88c8abac57edd0b6eddb301e67e,2023-12,Leicestershire Police,Leicestershire Police,-1.140901,52.613657,On or near Brooksby Street,E01013688,Leicester 031D,Violence and sexual offences,Investigation complete; no suspect identified,
e2bde31a9dac2136f38c07ec623a5227b5a3e0d01ef015a38433c923eff38bfd,2023-12,Leicestershire Police,Leicestershire Police,-1.139537,52.613179,On or near Lothair Road,E01013688,Leicester 031D,Violence and sexual offences,Investigation complete; no suspect identified,
d0b3e8119b9a6188a5cf4b0482b1cfab2c92126da36cc5eedd81d9adc8d31e02,2023-12,Leicestershire Police,Leicestershire Police,-1.132611,52.616105,On or near Euston Street,E01013688,Leicester 031D,Violence and sexual offences,Court result unavailable,
ffd0e130feed307d3f3c0fba3120820153e8d91d9ddc308ddfb2be8c3356bad2,2023-12,Leicestershire Police,Leicestershire Police,-1.139571,52.612164,On or near Cavendish Road,E01013688,Leicester 031D,Violence and sexual offences,Unable to prosecute suspect,
126359232d973191994954ee24e46f4784c65a6d1937be69b11a5f768dce8cb3,2023-12,Leicestershire Police,Leicestershire Police,-1.137495,52.611097,On or near Clifton Road,E01013688,Leicester 031D,Violence and sexual offences,Investigation complete; no suspect identified,
60d6b364bb05342beebd5cb707fd4ccc941d670015edfb9b211fe2c657306bf3,2023-12,Leicestershire Police,Leicestershire Police,-1.137495,52.611097,On or near Clifton Road,E01013688,Leicester 031D,Violence and sexual offences,Action to be taken by another organisation,
af91a69d61145662b0aee9780f7bb3fd8a9095cb1f025cda9df3d6f96d233507,2023-12,Leicestershire Police,Leicestershire Police,-1.132611,52.616105,On or near Euston Street,E01013688,Leicester 031D,Violence and sexual offences,Court result unavailable,
5f9d4ef70bae70071516df82800ddead84434f6a3644ca40adac715f89cfe43c,2023-12,Leicestershire Police,Leicestershire Police,-1.132611,52.616105,On or near Euston Street,E01013688,Leicester 031D,Violence and sexual offences,Court result unavailable,
8e13ca9320f136d33785777ca81fc344324fa5e074ab368b75de87e0962f977b,2023-12,Leicestershire Police,Leicestershire Police,-1.137921,52.611999,On or near Oliver Street,E01013688,Leicester 031D,Violence and sexual offences,Investigation complete; no suspect identified,
1ec7f4246c0870597b67b332fed184fd47eda65f2a2c37fc76c7e34b284aa77f,2023-12,Leicestershire Police,Leicestershire Police,-1.132611,52.616105,On or near Euston Street,E01013688,Leicester 031D,Violence and sexual offences,Court result unavailable,
6da383145a38d4e3cabf138479cb8080dd63d242fa4d1b66ed64e35298b357e3,2023-12,Leicestershire Police,Leicestershire Police,-1.132611,52.616105,On or near Euston Street,E01013688,Leicester 031D,Violence and sexual offences,Court result unavailable,
01bf646311d254fd1d74d1e62bb8e0204af94b3d1d5b450d99205e6f57e23308,2023-12,Leicestershire Police,Leicestershire Police,-1.132611,52.616105,On or near Euston Street,E01013688,Leicester 031D,Violence and sexual offences,Court result unavailable,
8e3fba14244dc4961b4c551be9a5181d881496b636b4a53b686a41e53a83ce59,2023-12,Leicestershire Police,Leicestershire Police,-1.132611,52.616105,On or near Euston Street,E01013688,Leicester 031D,Other crime,Investigation complete; no suspect identified,
2f48f21fb7f1f72ea13137adb4b97dff3ccb834db056a15ce0275985dff137d0,2023-12,Leicestershire Police,Leicestershire Police,-1.108112,52.603525,On or near Stockwell Road,E01013703,Leicester 032A,Burglary,Investigation complete; no suspect identified,
7bfe776f3342ab71aeae5396cf7257e613fd10302ceaee3de1228f25174b0a0c,2023-12,Leicestershire Police,Leicestershire Police,-1.111823,52.609145,On or near Carisbrooke Gardens,E01013703,Leicester 032A,Drugs,Formal action is not in the public interest,
c7126d0831fce8c95e55e9c3508cf890f58e17d66ba43c3aa146f02569a3f710,2023-12,Leicestershire Police,Leicestershire Police,-1.107156,52.610602,On or near Elm Tree Gardens,E01013704,Leicester 032B,Violence and sexual offences,Awaiting court outcome,
88ec63805a88d59e7edd3bc956d6ab13b32b519333721217c16267ba92fdfb72,2023-12,Leicestershire Police,Leicestershire Police,-1.107098,52.609847,On or near Elms Road,E01013704,Leicester 032B,Violence and sexual offences,Unable to prosecute suspect,
44e08d07bc56de3f2c9411974f834d617ac4522b728c5b8ee85f158f9b397ca6,2023-12,Leicestershire Police,Leicestershire Police,-1.107156,52.610602,On or near Elm Tree Gardens,E01013704,Leicester 032B,Violence and sexual offences,Unable to prosecute suspect,
bd4d1057cdfdf1d38b6080782c7152e5832d3acea8f453d06c5d66e2c969a100,2023-12,Leicestershire Police,Leicestershire Police,-1.103791,52.609786,On or near Shirley Road,E01013704,Leicester 032B,Burglary,Investigation complete; no suspect identified,
63626b80d26dfb9053591604c0a76cb3eb1160b681dbed11679fb13102f7cd07,2023-12,Leicestershire Police,Leicestershire Police,-1.107156,52.610602,On or near Elm Tree Gardens,E01013704,Leicester 032B,Public order,Unable to prosecute suspect,
3bb994b2b2e036ec2eddb55b05105f98fbdccac5d9fab9386a337bf7b80705ca,2023-12,Leicestershire Police,Leicestershire Police,-1.104851,52.607043,On or near Sidney Road,E01013704,Leicester 032B,Vehicle crime,Investigation complete; no suspect identified,
02b29eb55bc9fa95a5aac34d10600177b70278b0309928a85e9178fd6a54d1a6,2023-12,Leicestershire Police,Leicestershire Police,-1.104851,52.607043,On or near Sidney Road,E01013704,Leicester 032B,Vehicle crime,Investigation complete; no suspect identified,
d5128b6f0ef7919889789c70c8bd7ca4f54075087ff53c3bd40cbd8ea27f39d5,2023-12,Leicestershire Police,Leicestershire Police,-1.103343,52.607103,On or near Goldhill Gardens,E01013704,Leicester 032B,Vehicle crime,Investigation complete; no suspect identified,
c9b8e2647cd24be3bc8418e4bb123702b288a93e020c346c7d8d26943c179dd5,2023-12,Leicestershire Police,Leicestershire Police,-1.107156,52.610602,On or near Elm Tree Gardens,E01013704,Leicester 032B,Violence and sexual offences,Unable to prosecute suspect,
a8aed39e6cdcc8bb7152ff9dcf67c10986bce492e36b2ba59cf98a4912ba7f92,2023-12,Leicestershire Police,Leicestershire Police,-1.107156,52.610602,On or near Elm Tree Gardens,E01013704,Leicester 032B,Violence and sexual offences,Unable to prosecute suspect,
38ce7bb9f0d5474b6cd6b5eac5971042e86e5cc03ea47401b0bcdcdcf6264f4a,2023-12,Leicestershire Police,Leicestershire Police,-1.107156,52.610602,On or near Elm Tree Gardens,E01013704,Leicester 032B,Violence and sexual offences,Unable to prosecute suspect,
aa33f75ce7774311bc73647a4b67320bc99fa034040a7d4b41798b4fde853e1c,2023-12,Leicestershire Police,Leicestershire Police,-1.107156,52.610602,On or near Elm Tree Gardens,E01013704,Leicester 032B,Violence and sexual offences,Unable to prosecute suspect,
03b335c35d6dfbedcb86ffd165d8412adc0823dd94800f25b06c2788167a4f74,2023-12,Leicestershire Police,Leicestershire Police,-1.107156,52.610602,On or near Elm Tree Gardens,E01013704,Leicester 032B,Violence and sexual offences,Unable to prosecute suspect,
df8b98b22690c3003bca4195b2ee25d9a09ef9edddd86f005b3a6b81f92ed35f,2023-12,Leicestershire Police,Leicestershire Police,-1.107156,52.610602,On or near Elm Tree Gardens,E01013704,Leicester 032B,Violence and sexual offences,Investigation complete; no suspect identified,
66fb3d97611939136101af5a004d210778d6f9ded2f87d3e132a06e3ead558b5,2023-12,Leicestershire Police,Leicestershire Police,-1.104851,52.607043,On or near Sidney Road,E01013704,Leicester 032B,Violence and sexual offences,Unable to prosecute suspect,
d286f86323135d2890f5ffa1274f3f9a6dbdc96c72f38025a0a899161e0ba619,2023-12,Leicestershire Police,Leicestershire Police,-1.105936,52.602322,On or near Parking Area,E01013706,Leicester 032C,Criminal damage and arson,Investigation complete; no suspect identified,
be70b4636c52e8a86b9ced216e8de9a659a3d0a5ace4fe0875dfff4f1fe262fa,2023-12,Leicestershire Police,Leicestershire Police,-1.100619,52.606040,On or near The Orchard,E01013706,Leicester 032C,Vehicle crime,Investigation complete; no suspect identified,
5a25b17ee95eadbf913a8b5e5eabd1f743e2e5ba172d5db822a42442c40d3755,2023-12,Leicestershire Police,Leicestershire Police,-1.099300,52.604825,On or near Link Road,E01013706,Leicester 032C,Vehicle crime,Investigation complete; no suspect identified,
89bab2eba4fc87f3e8c49f0d94704fa835556223b92050f79e4250d2ba1bad2c,2023-12,Leicestershire Police,Leicestershire Police,-1.103614,52.601082,On or near Southland Road,E01013706,Leicester 032C,Violence and sexual offences,Investigation complete; no suspect identified,
28a19f7add851403aa8937f9092e714bbb93178beb5770d219bead1e73059949,2023-12,Leicestershire Police,Leicestershire Police,-1.112445,52.604682,On or near Meadvale Road,E01013707,Leicester 032D,Burglary,Investigation complete; no suspect identified,
14b8d7fd36f4e9087702065b4b8d1bb908f96eb448e10edc3c075538c0d7b25e,2023-12,Leicestershire Police,Leicestershire Police,-1.117312,52.604952,On or near Brinsmead Road,E01013707,Leicester 032D,Drugs,Local resolution,
205512145f98dec574a30f5d2215f1474ce9cc0984d9e3e0d533d006a8fff1fe,2023-12,Leicestershire Police,Leicestershire Police,-1.117312,52.604952,On or near Brinsmead Road,E01013707,Leicester 032D,Drugs,Local resolution,
e15196a4553e1e9011eeba4d98aae2e2c48ef9602bfed99a50666cdd12c7cbd8,2023-12,Leicestershire Police,Leicestershire Police,-1.115515,52.602547,On or near Westgate Road,E01013707,Leicester 032D,Vehicle crime,Investigation complete; no suspect identified,
d23a409fcd87e0244a61b138f9563225f5984b82c36390d925eb614ba20f8e46,2023-12,Leicestershire Police,Leicestershire Police,-1.118084,52.601065,On or near Lynholme Road,E01013707,Leicester 032D,Violence and sexual offences,Investigation complete; no suspect identified,
6270db7d94438a457e05133765db0a995dfdaa91da2cc5c64acbd9f064f4de7a,2023-12,Leicestershire Police,Leicestershire Police,-1.105296,52.612009,On or near Ratcliffe Court,E01013712,Leicester 032E,Public order,Unable to prosecute suspect,
490fda3aa14badbe5455e461f8e1ed122988ba0465c6051580b29cecbc66879c,2023-12,Leicestershire Police,Leicestershire Police,-1.103539,52.614153,On or near Supermarket,E01013712,Leicester 032E,Shoplifting,Investigation complete; no suspect identified,
94ae80df90c24864c84195873035cd765d9344588fbf1ec9292ada87cc97c411,2023-12,Leicestershire Police,Leicestershire Police,-1.097599,52.612840,On or near Knighton Rise,E01013712,Leicester 032E,Vehicle crime,Investigation complete; no suspect identified,
4096a44d800474b9e9db4a5c6665f390cd3fac8198b1ead3a4a4014006f75c50,2023-12,Leicestershire Police,Leicestershire Police,-1.105296,52.612009,On or near Ratcliffe Court,E01013712,Leicester 032E,Violence and sexual offences,Unable to prosecute suspect,
d759fa7fa6c811ad404c42ce38dd318d30cd9c173aac2eaa85598a81209ce437,2023-12,Leicestershire Police,Leicestershire Police,-1.105296,52.612009,On or near Ratcliffe Court,E01013712,Leicester 032E,Violence and sexual offences,Unable to prosecute suspect,
60287a7706cad2b85d6e65a85af817849b5dbedb66ddd1e1d3e13cbe3675d2b7,2023-12,Leicestershire Police,Leicestershire Police,-1.107218,52.612653,On or near Knighton Drive,E01013712,Leicester 032E,Violence and sexual offences,Local resolution,
93b1673e12a0218243ec63c9344094c3ce45376fafb8e5b8b8f919dace4c6403,2023-12,Leicestershire Police,Leicestershire Police,-1.103539,52.614153,On or near Supermarket,E01013712,Leicester 032E,Violence and sexual offences,Investigation complete; no suspect identified,
d04f9178bd1ddbb35e59d4a292ed8ddd48d24202c18e4e1e8188dbc7c06de890,2023-12,Leicestershire Police,Leicestershire Police,-1.148901,52.597892,On or near Seaford Road,E01013608,Leicester 034A,Violence and sexual offences,Unable to prosecute suspect,
87deedee803934f73007f9999af9d19285f4e624574bda95b14e107785f06233,2023-12,Leicestershire Police,Leicestershire Police,-1.144116,52.597219,On or near Bridevale Road,E01013608,Leicester 034A,Burglary,Investigation complete; no suspect identified,
6afa61da75683cb7314f4e83672d20dfab03f346eae5191261d26ae78e8faf83,2023-12,Leicestershire Police,Leicestershire Police,-1.144116,52.597219,On or near Bridevale Road,E01013608,Leicester 034A,Criminal damage and arson,Unable to prosecute suspect,
cbaea8e4c9f05a9f9237455374ab88c66a5135e6287bcccf68c12054f633c36d,2023-12,Leicestershire Police,Leicestershire Police,-1.144116,52.597219,On or near Bridevale Road,E01013608,Leicester 034A,Criminal damage and arson,Investigation complete; no suspect identified,
299f7c83576371d66d085d4f606f8a3fa4ed8ca743cedab1ec762d7d60a23718,2023-12,Leicestershire Police,Leicestershire Police,-1.144060,52.600123,On or near Bretby Road,E01013608,Leicester 034A,Violence and sexual offences,Unable to prosecute suspect,
2904ac566bd6f77e1a6c60300a48d7d4de6d1e64338fa4a27535fb2af04771de,2023-12,Leicestershire Police,Leicestershire Police,-1.144116,52.597219,On or near Bridevale Road,E01013608,Leicester 034A,Violence and sexual offences,Investigation complete; no suspect identified,
71acdcd318a33fc73969019d5ac8edbd2ab72ab35bd5220fad8464a3a92a98f6,2023-12,Leicestershire Police,Leicestershire Police,-1.157499,52.600713,On or near Plantation Avenue,E01013609,Leicester 034B,Robbery,Investigation complete; no suspect identified,
77afd0edfd83e7a8304e4c3ad6ec92fc1bb081b90e2681c81afe86fa4b8d3e51,2023-12,Leicestershire Police,Leicestershire Police,-1.155445,52.603126,On or near Earl Russell Street,E01013609,Leicester 034B,Burglary,Investigation complete; no suspect identified,
e1f7a17fb0a264f243051082fb63cb50cdb932a1e75ed624711e87d470c4d34a,2023-12,Leicestershire Police,Leicestershire Police,-1.154013,52.600778,On or near Holywell Road,E01013609,Leicester 034B,Criminal damage and arson,Court result unavailable,
90f4b34ba3d3071a327a5110fbf93f23058006652ce43ffc170fa4f31a01d302,2023-12,Leicestershire Police,Leicestershire Police,-1.158937,52.596552,On or near Lutterworth Road,E01013609,Leicester 034B,Drugs,Local resolution,
a0040247fbb90cf9d2e8efa366a7107f829e1c84e7694c3dfbbfeeba7a090215,2023-12,Leicestershire Police,Leicestershire Police,-1.154013,52.600778,On or near Holywell Road,E01013609,Leicester 034B,Other theft,Investigation complete; no suspect identified,
aa53e68a75455dc8028fe8ee36247306dd67b424462b988eed451a5643896db0,2023-12,Leicestershire Police,Leicestershire Police,-1.157680,52.602818,On or near Croft Avenue,E01013609,Leicester 034B,Other theft,Local resolution,
30cc8bef13f7434a2bd1538d8813105113eb5a798b1561cd8223b877d51fe26b,2023-12,Leicestershire Police,Leicestershire Police,-1.158986,52.603241,On or near Narrow Lane,E01013609,Leicester 034B,Other theft,Investigation complete; no suspect identified,
a33397a0774a14d11759377ae44ee829ff74baef0d3b30e1395531362fbbf396,2023-12,Leicestershire Police,Leicestershire Police,-1.155445,52.603126,On or near Earl Russell Street,E01013609,Leicester 034B,Violence and sexual offences,Unable to prosecute suspect,
51dcc90ba9b49f9fcac98483afe0ce3b3b7bb6da6a8bc27527e5d3c0883d2a11,2023-12,Leicestershire Police,Leicestershire Police,-1.158986,52.603241,On or near Narrow Lane,E01013609,Leicester 034B,Violence and sexual offences,Unable to prosecute suspect,
85eac50710f13a9a647b274cb0c21bbe51da822f8c558d474a55f4379dbb7e3d,2023-12,Leicestershire Police,Leicestershire Police,-1.158986,52.603241,On or near Narrow Lane,E01013609,Leicester 034B,Violence and sexual offences,Unable to prosecute suspect,
d7996c8980782a40eed636a7ae604ded233d1df78d6849704496d8b997f72af4,2023-12,Leicestershire Police,Leicestershire Police,-1.158986,52.603241,On or near Narrow Lane,E01013609,Leicester 034B,Violence and sexual offences,Investigation complete; no suspect identified,
5032e4a7f6d16343378fa100446794ace53ec668bd84b0cde768a174f3fe2f0b,2023-12,Leicestershire Police,Leicestershire Police,-1.151470,52.596400,On or near Springclose,E01013610,Leicester 034C,Violence and sexual offences,Awaiting court outcome,
c968c913a53221b5e5bf4521121390df5ff7d9da1d08e444fd675aa17e136a32,2023-12,Leicestershire Police,Leicestershire Police,-1.152332,52.602196,On or near Belvoir Drive,E01013610,Leicester 034C,Violence and sexual offences,Court result unavailable,
50dd58ccad495f27278a2158d20f1569b63cffebaaa7f5d3716a765cb11883f7,2023-12,Leicestershire Police,Leicestershire Police,-1.147562,52.596165,On or near Stebbings Road,E01013610,Leicester 034C,Burglary,Unable to prosecute suspect,
d7e7cf6e99adbc738d8da91da60a5a07a8c87aa7e8df49e164cab7a67656aaec,2023-12,Leicestershire Police,Leicestershire Police,-1.151470,52.596400,On or near Springclose,E01013610,Leicester 034C,Criminal damage and arson,Unable to prosecute suspect,
7a70d7d6f0b410133f54c88baabe70d3cf958bb68acf9296a60308e7dc00d901,2023-12,Leicestershire Police,Leicestershire Police,-1.150754,52.600399,On or near Sports/Recreation Area,E01013610,Leicester 034C,Criminal damage and arson,Unable to prosecute suspect,
eea661e4aeb3d48d04a5bb267a3b012c92627845cd1f55c158cc5185e72da549,2023-12,Leicestershire Police,Leicestershire Police,-1.147562,52.596165,On or near Stebbings Road,E01013610,Leicester 034C,Criminal damage and arson,Unable to prosecute suspect,
bc9b0f368ed6a97a997da04e73562b4e41d951876123b53f30678b26719354dc,2023-12,Leicestershire Police,Leicestershire Police,-1.152662,52.599618,On or near Montrose Road,E01013610,Leicester 034C,Criminal damage and arson,Investigation complete; no suspect identified,
3409fe548228b552f8b40a66e789b44d53042018bdaed0a33577f071d0080c97,2023-12,Leicestershire Police,Leicestershire Police,-1.151780,52.597157,On or near Montrose Road South,E01013610,Leicester 034C,Public order,Unable to prosecute suspect,
6a6faa2e256fcd4822f1dd3dd1af5bc3dc6d188072728ca3f36f5bb36303668f,2023-12,Leicestershire Police,Leicestershire Police,-1.150754,52.600399,On or near Sports/Recreation Area,E01013610,Leicester 034C,Violence and sexual offences,Unable to prosecute suspect,
b298a406331718a77b1bb6658ffac04d568f9c798ff1a2986481b262f455bb25,2023-12,Leicestershire Police,Leicestershire Police,-1.150754,52.600399,On or near Sports/Recreation Area,E01013610,Leicester 034C,Violence and sexual offences,Unable to prosecute suspect,
b75ad5bdb643f537d14fc15374b5130a379a70f77931853ae085f74d33d38d30,2023-12,Leicestershire Police,Leicestershire Police,-1.150754,52.600399,On or near Sports/Recreation Area,E01013610,Leicester 034C,Violence and sexual offences,Unable to prosecute suspect,
bf5727eb5c49f79945802d5830e5d607db2af8727011730c906bfedbd5f6e317,2023-12,Leicestershire Police,Leicestershire Police,-1.152870,52.600357,On or near Paget Street,E01013610,Leicester 034C,Violence and sexual offences,Court result unavailable,
f6ac16226bdee85aef09220e72370d121048a7516b41b8f69b3bc33f4394245a,2023-12,Leicestershire Police,Leicestershire Police,-1.150754,52.600399,On or near Sports/Recreation Area,E01013610,Leicester 034C,Violence and sexual offences,Investigation complete; no suspect identified,
a06707f59538f870d6c7aabf1259617f844e3eaa491b92ea7286e110ac9c4c31,2023-12,Leicestershire Police,Leicestershire Police,-1.150754,52.600399,On or near Sports/Recreation Area,E01013610,Leicester 034C,Violence and sexual offences,Investigation complete; no suspect identified,
3318c942129d96230dd40c78a9819cde4cbabce9fb33223fcecebdebc47bd40a,2023-12,Leicestershire Police,Leicestershire Police,-1.150754,52.600399,On or near Sports/Recreation Area,E01013610,Leicester 034C,Other crime,Unable to prosecute suspect,
,2023-12,Leicestershire Police,Leicestershire Police,-1.158513,52.594787,On or near The Firs,E01013611,Leicester 034D,Anti-social behaviour,,
f8fee501ae743bb3f75b9cdcc8e12cc92ed74d574f7658f5a53e82399b17d93e,2023-12,Leicestershire Police,Leicestershire Police,-1.161947,52.592771,On or near Amanda Road,E01013611,Leicester 034D,Burglary,Investigation complete; no suspect identified,
14ecf6d6c2bd1c5641f0c05c06c29dd851027f0ae53d591ab6dd47ea600db768,2023-12,Leicestershire Police,Leicestershire Police,-1.158513,52.594787,On or near The Firs,E01013611,Leicester 034D,Criminal damage and arson,Unable to prosecute suspect,
f44ec8ab3c3367477ccf11c6027c2755937ef02e3367fd2841ebf8e14efc330b,2023-12,Leicestershire Police,Leicestershire Police,-1.156282,52.597199,On or near Monsell Drive,E01013611,Leicester 034D,Drugs,Local resolution,
d3a589ce0510d0b9f6b8d7c5491594dba993e45ff755fb43efe998bb38ec016a,2023-12,Leicestershire Police,Leicestershire Police,-1.158513,52.594787,On or near The Firs,E01013611,Leicester 034D,Other theft,Unable to prosecute suspect,
4900b940816abfe8c720340abb388982b8e2bbfb9351e6ac626ed375c5a8d279,2023-12,Leicestershire Police,Leicestershire Police,-1.158513,52.594787,On or near The Firs,E01013611,Leicester 034D,Other theft,Unable to prosecute suspect,
0f3bf35e8971f04c479ea3986a0433c412676b1ef6cecba10e9faca8962c9b27,2023-12,Leicestershire Police,Leicestershire Police,-1.158513,52.594787,On or near The Firs,E01013611,Leicester 034D,Public order,Unable to prosecute suspect,
4d0d992a31190cd7a767e0c019b49495f8027821bdfdb3301d8904d5c3eaac0c,2023-12,Leicestershire Police,Leicestershire Police,-1.155260,52.595834,On or near Sharpland,E01013611,Leicester 034D,Violence and sexual offences,Unable to prosecute suspect,
267be3725fa2804ff1dd3f470d59135b2babebfab23335e85c03263dd70180a5,2023-12,Leicestershire Police,Leicestershire Police,-1.158513,52.594787,On or near The Firs,E01013611,Leicester 034D,Violence and sexual offences,Unable to prosecute suspect,
c1c95ac5ea82b4cde7d686c89782406c7ceab610d1db00e6476ca95265699cce,2023-12,Leicestershire Police,Leicestershire Police,-1.153602,52.603733,On or near A426,E01013612,Leicester 034E,Other crime,Action to be taken by another organisation,
,2023-12,Leicestershire Police,Leicestershire Police,-1.144610,52.606716,On or near Curzon Road,E01013612,Leicester 034E,Anti-social behaviour,,
2952f73da992ad745b819083df3fa3299997de9d6cc9ea6a1ebb546583c10581,2023-12,Leicestershire Police,Leicestershire Police,-1.148999,52.605795,On or near Worcester Road,E01013612,Leicester 034E,Bicycle theft,Investigation complete; no suspect identified,
a0e1151864ca7b46c5b432373cb2e00c84f33aaee45c65ed4af10e99b9bfc402,2023-12,Leicestershire Police,Leicestershire Police,-1.150686,52.605646,On or near Petrol Station,E01013612,Leicester 034E,Other theft,Investigation complete; no suspect identified,
c3868976d5da65d2adab253f7fa8abcc697c63b2557ccc947f8bcbd87d26cf89,2023-12,Leicestershire Police,Leicestershire Police,-1.144610,52.606716,On or near Curzon Road,E01013612,Leicester 034E,Public order,Investigation complete; no suspect identified,
f62489d5e092839fa08e2a16b191ab8929443e9cdc8c866611a484edeaa7249d,2023-12,Leicestershire Police,Leicestershire Police,-1.145984,52.609001,On or near Parkhill,E01013612,Leicester 034E,Public order,Unable to prosecute suspect,
d49d7dc40dcef4d5fe7f26bd37630555b36c99ed7f8aef0375fcd8cb352aa93c,2023-12,Leicestershire Police,Leicestershire Police,-1.150525,52.607082,On or near Granby Road,E01013612,Leicester 034E,Public order,Unable to prosecute suspect,
98f1ce43b6f26259f29507cdb841c93dbee91cbe60bb480d586f67a6c0a70ece,2023-12,Leicestershire Police,Leicestershire Police,-1.149299,52.605545,On or near Banks Road,E01013612,Leicester 034E,Vehicle crime,Investigation complete; no suspect identified,
5f7ba449d2732bda787f51fc0521abf26ca053d45321b4b4fe6d0fe65f023100,2023-12,Leicestershire Police,Leicestershire Police,-1.145788,52.608442,On or near Park Hill Drive,E01013612,Leicester 034E,Violence and sexual offences,Unable to prosecute suspect,
b654d3c8f9e35ba79e40b2415d3eef3d890665fac1bf0c4eddcc3d25dd9625e4,2023-12,Leicestershire Police,Leicestershire Police,-1.153602,52.603733,On or near A426,E01013612,Leicester 034E,Violence and sexual offences,Investigation complete; no suspect identified,
615a8fa143a24f070acdc5199eb9b205bae5483df661d5572db8273748ce5cc1,2023-12,Leicestershire Police,Leicestershire Police,-1.153602,52.603733,On or near A426,E01013612,Leicester 034E,Violence and sexual offences,Local resolution,
5aa83bf65e5a23122b9a0783d97ec6d7d82a015e77bb731a5416cde9c4ff9a25,2023-12,Leicestershire Police,Leicestershire Police,-1.145788,52.608442,On or near Park Hill Drive,E01013612,Leicester 034E,Violence and sexual offences,Unable to prosecute suspect,
7ce2157f70b002364114d4310a814421a35678bb1ef75168e76dea072329773e,2023-12,Leicestershire Police,Leicestershire Police,-1.144176,52.594918,On or near Tamerton Road,E01013678,Leicester 035A,Violence and sexual offences,Unable to prosecute suspect,
,2023-12,Leicestershire Police,Leicestershire Police,-1.144176,52.594918,On or near Tamerton Road,E01013678,Leicester 035A,Anti-social behaviour,,
,2023-12,Leicestershire Police,Leicestershire Police,-1.137597,52.593864,On or near Trenant Road,E01013678,Leicester 035A,Anti-social behaviour,,
2a33ad48793a0b62b69d36efb602d35cc07d95060a2f3c4c488b9f609ff54bc2,2023-12,Leicestershire Police,Leicestershire Police,-1.135993,52.596630,On or near Arnesby Crescent,E01013678,Leicester 035A,Burglary,Unable to prosecute suspect,
21ad823a6115694f5dcc458040cc6ccc8d86f94a0d96bb7535ff2a3556326f51,2023-12,Leicestershire Police,Leicestershire Police,-1.135775,52.594956,On or near Jekor Close,E01013678,Leicester 035A,Criminal damage and arson,Investigation complete; no suspect identified,
227da65125b64e17a721447ff4f35ea74ab0338e9b16d374e2e62e757f450bd4,2023-12,Leicestershire Police,Leicestershire Police,-1.135775,52.594956,On or near Jekor Close,E01013678,Leicester 035A,Criminal damage and arson,Unable to prosecute suspect,
22706fee790332e60f91675166f4408755a65e470762aee45a0ab870fcbc8d13,2023-12,Leicestershire Police,Leicestershire Police,-1.136331,52.595976,On or near Greenside Place,E01013678,Leicester 035A,Other theft,Investigation complete; no suspect identified,
5f888a99e01aa882861e5810e1e7d3c6f1463baa1b176a201bddf99f0b402bd9,2023-12,Leicestershire Police,Leicestershire Police,-1.144176,52.594918,On or near Tamerton Road,E01013678,Leicester 035A,Other theft,Investigation complete; no suspect identified,
ba20bd1f5236d97863d3855cf69ff8f4e0094ad69a1b0868acea9b5918ab38ac,2023-12,Leicestershire Police,Leicestershire Police,-1.137597,52.593864,On or near Trenant Road,E01013678,Leicester 035A,Possession of weapons,Unable to prosecute suspect,
eb96066ad25b7ad90cf11edd3ae1d2ef8b56075125074aa10fb3da6ca120262c,2023-12,Leicestershire Police,Leicestershire Police,-1.143736,52.590986,On or near Rye Close,E01013678,Leicester 035A,Possession of weapons,Unable to prosecute suspect,
31a60db05cb1a24aa040fc82eea69cc27d3ab5925bc167ada6f8b26349758be7,2023-12,Leicestershire Police,Leicestershire Police,-1.136331,52.595976,On or near Greenside Place,E01013678,Leicester 035A,Public order,Further investigation is not in the public interest,
8edf676b8e7e01febea4eaa33a53f7a544cf5e183866ed253046ce207993d5b4,2023-12,Leicestershire Police,Leicestershire Police,-1.143736,52.590986,On or near Rye Close,E01013678,Leicester 035A,Public order,Investigation complete; no suspect identified,
ed942aa11301dab22d4eb423aa39cafc889cf0e5c81155477497510bf9147aa9,2023-12,Leicestershire Police,Leicestershire Police,-1.143976,52.590763,On or near Supermarket,E01013678,Leicester 035A,Public order,Investigation complete; no suspect identified,
310f2be474a094dcd907a5551e78cf2e646755f12263c654bc2d93fe46f23c39,2023-12,Leicestershire Police,Leicestershire Police,-1.135993,52.596630,On or near Arnesby Crescent,E01013678,Leicester 035A,Public order,Unable to prosecute suspect,
e4d074fb51f5c9d9643b26eff23918882683d2c2e671074c8007f721864d1b38,2023-12,Leicestershire Police,Leicestershire Police,-1.144176,52.594918,On or near Tamerton Road,E01013678,Leicester 035A,Public order,Local resolution,
5a2e468a814bb1b1d03361f1405d5c1e454c1a629fb3aa6ea2d22ffcaf3224ea,2023-12,Leicestershire Police,Leicestershire Police,-1.143976,52.590763,On or near Supermarket,E01013678,Leicester 035A,Robbery,Investigation complete; no suspect identified,
63341297c02437883b0f200f560ac06a3e6616494d17b6d905a408b1560dd30d,2023-12,Leicestershire Police,Leicestershire Police,-1.135993,52.596630,On or near Arnesby Crescent,E01013678,Leicester 035A,Vehicle crime,Investigation complete; no suspect identified,
fe81b22daf685b5107f34a281e58ccd7c7a26dacdf026dc48f4ed1af9adc0ba4,2023-12,Leicestershire Police,Leicestershire Police,-1.144176,52.594918,On or near Tamerton Road,E01013678,Leicester 035A,Vehicle crime,Unable to prosecute suspect,
f62ff59242e4410b743e708658ef788ebb22b4ead5323ecf088134b11872cc70,2023-12,Leicestershire Police,Leicestershire Police,-1.138586,52.596145,On or near Cottagers Close,E01013678,Leicester 035A,Violence and sexual offences,Unable to prosecute suspect,
6ee752b7adc7007ee8b6e8ab51d3dfa87e65beff43270caf81a00c809554d21c,2023-12,Leicestershire Police,Leicestershire Police,-1.135775,52.594956,On or near Jekor Close,E01013678,Leicester 035A,Violence and sexual offences,Unable to prosecute suspect,
555da2999225a56e991f080acd8eaaeccf3b2930e51ffe88d54334e52cf2c940,2023-12,Leicestershire Police,Leicestershire Police,-1.143736,52.590986,On or near Rye Close,E01013678,Leicester 035A,Violence and sexual offences,Unable to prosecute suspect,
5e2b90a57cda52726465143ef920dbcb26bac608d9330aa5a52ccf86619463d6,2023-12,Leicestershire Police,Leicestershire Police,-1.137597,52.593864,On or near Trenant Road,E01013678,Leicester 035A,Violence and sexual offences,Action to be taken by another organisation,
f81a02688b5379050aab6881afda4de422f2d1a6d8d2d4863974add1e5e7203c,2023-12,Leicestershire Police,Leicestershire Police,-1.143736,52.590986,On or near Rye Close,E01013678,Leicester 035A,Violence and sexual offences,Court result unavailable,
3cedebc25be239f5e4b0a37265658966a9ea26e3ae61745ecedc3237a8ea14e9,2023-12,Leicestershire Police,Leicestershire Police,-1.137597,52.593864,On or near Trenant Road,E01013678,Leicester 035A,Violence and sexual offences,Investigation complete; no suspect identified,
7226533db6e8522b644fbd6c1ec2eeacda4b072a313a28de5c49bce40ba99aa5,2023-12,Leicestershire Police,Leicestershire Police,-1.135775,52.594956,On or near Jekor Close,E01013678,Leicester 035A,Violence and sexual offences,Unable to prosecute suspect,
681ba173856008c12d2a38d41f666ba1b2fa313f7c64cce4dcb95c229a483ba6,2023-12,Leicestershire Police,Leicestershire Police,-1.144176,52.594918,On or near Tamerton Road,E01013678,Leicester 035A,Violence and sexual offences,Unable to prosecute suspect,
0021408773e345ac9796b2f6a2fb83bc69fccbb5afda184fc976f0c44fd34710,2023-12,Leicestershire Police,Leicestershire Police,-1.136331,52.595976,On or near Greenside Place,E01013678,Leicester 035A,Violence and sexual offences,Unable to prosecute suspect,
9e62ab100f05987087a9fd10c71f78f47ac18f48f7e3afcedf871df12dcd7019,2023-12,Leicestershire Police,Leicestershire Police,-1.134058,52.594422,On or near Stonesby Avenue,E01013678,Leicester 035A,Violence and sexual offences,Local resolution,
c702016bd659ce3f15b2dfc115aebe055cabfca24a849c0999397218ebe7bcab,2023-12,Leicestershire Police,Leicestershire Police,-1.137597,52.593864,On or near Trenant Road,E01013678,Leicester 035A,Violence and sexual offences,Action to be taken by another organisation,
15a9a8638db14931ac97f4252f2900a7c7a0ea6e5915f3c2330e7bf7a0024f8d,2023-12,Leicestershire Police,Leicestershire Police,-1.128254,52.592330,On or near Glenborne Road,E01013678,Leicester 035A,Violence and sexual offences,Unable to prosecute suspect,
050ad9dae6fe14bab2eb156b50361feb43d6752f33c159848632b276af1a3774,2023-12,Leicestershire Police,Leicestershire Police,-1.138586,52.596145,On or near Cottagers Close,E01013678,Leicester 035A,Violence and sexual offences,Formal action is not in the public interest,
fa887756282e2ea78f3b11dfc7a2ad8afc804427ad45b87e087a31f1adc31ac6,2023-12,Leicestershire Police,Leicestershire Police,-1.135775,52.594956,On or near Jekor Close,E01013678,Leicester 035A,Violence and sexual offences,Unable to prosecute suspect,
25d3042ed744c25eb8cd99e49ea4d5b23b4b2693a0c56320b6b80535ab39b252,2023-12,Leicestershire Police,Leicestershire Police,-1.135775,52.594956,On or near Jekor Close,E01013678,Leicester 035A,Violence and sexual offences,Unable to prosecute suspect,
221a19d19a63d6b26033df8d1516d3623e6116985dd2d1ce2fca4854862fac14,2023-12,Leicestershire Police,Leicestershire Police,-1.127821,52.596264,On or near Crabtree Corner,E01013679,Leicester 035B,Drugs,Local resolution,
b515cab7754c0e704c23becad6e33c1837b47b566aa7d63f65b16dd2830c3480,2023-12,Leicestershire Police,Leicestershire Police,-1.128325,52.593922,On or near Elmwood Row,E01013679,Leicester 035B,Public order,Unable to prosecute suspect,
baa96aaaaba537b458660c4a62c12eab2967e288134fa1385418edc1bd6d4b29,2023-12,Leicestershire Police,Leicestershire Police,-1.127821,52.596264,On or near Crabtree Corner,E01013679,Leicester 035B,Theft from the person,Court result unavailable,
,2023-12,Leicestershire Police,Leicestershire Police,-1.127023,52.594083,On or near Goldhill,E01013679,Leicester 035B,Anti-social behaviour,,
,2023-12,Leicestershire Police,Leicestershire Police,-1.127023,52.594083,On or near Goldhill,E01013679,Leicester 035B,Anti-social behaviour,,
,2023-12,Leicestershire Police,Leicestershire Police,-1.127023,52.594083,On or near Goldhill,E01013679,Leicester 035B,Anti-social behaviour,,
869063a7bff39848dd7b5e97886eae5ac8b1922c8d05d123a640e6f6a8503b41,2023-12,Leicestershire Police,Leicestershire Police,-1.127023,52.594083,On or near Goldhill,E01013679,Leicester 035B,Criminal damage and arson,Unable to prosecute suspect,
a33139b663dcc84b547e134b40c69f38ebd9ea00195b91d446666c632aac3640,2023-12,Leicestershire Police,Leicestershire Police,-1.127023,52.594083,On or near Goldhill,E01013679,Leicester 035B,Criminal damage and arson,Investigation complete; no suspect identified,
b701053c8e3ae7ea4cea4cdb7addf4fa53cc67f7496236704a78970129c6b1e4,2023-12,Leicestershire Police,Leicestershire Police,-1.131338,52.594609,On or near Littlegarth,E01013679,Leicester 035B,Criminal damage and arson,Investigation complete; no suspect identified,
57aeadbb4342b73920483cd77d0dbc8794015d84cb7e1c35dccc571df4d77a9a,2023-12,Leicestershire Police,Leicestershire Police,-1.131027,52.595389,On or near Barfoot Road,E01013679,Leicester 035B,Other theft,Unable to prosecute suspect,
d48a2a0f3e7ca6208b8493294743d50337d48aedd0c71e3b20ca90669f519a38,2023-12,Leicestershire Police,Leicestershire Police,-1.127023,52.594083,On or near Goldhill,E01013679,Leicester 035B,Public order,Unable to prosecute suspect,
fa7ae1b32ae0a21ed52eb47c46d7145a419f43e4e61f16ba6ad5dc24fb592978,2023-12,Leicestershire Police,Leicestershire Police,-1.127821,52.596264,On or near Crabtree Corner,E01013679,Leicester 035B,Violence and sexual offences,Investigation complete; no suspect identified,
83ed248bba831b1d01ae8888ca996ca3228dd1db2ae31c944adae39e41235fce,2023-12,Leicestershire Police,Leicestershire Police,-1.128325,52.593922,On or near Elmwood Row,E01013679,Leicester 035B,Violence and sexual offences,Investigation complete; no suspect identified,
762642ffb73d2fb047ac3f0b3a488ed5bb012dc31e1eb31c4ff011ef4c992759,2023-12,Leicestershire Police,Leicestershire Police,-1.128325,52.593922,On or near Elmwood Row,E01013679,Leicester 035B,Violence and sexual offences,Unable to prosecute suspect,
12d32c98797f447f990867863de57f8b270ca69f5b3afae6f639ce5f9e11f455,2023-12,Leicestershire Police,Leicestershire Police,-1.135553,52.600162,On or near Sports/Recreation Area,E01013691,Leicester 035C,Violence and sexual offences,Unable to prosecute suspect,
d581fe80983bb989340513bfdd51e0026129d9d74dc0af40edb0fdb3877ebeeb,2023-12,Leicestershire Police,Leicestershire Police,-1.138370,52.600369,On or near Fayrhurst Road,E01013691,Leicester 035C,Burglary,Investigation complete; no suspect identified,
9c4917753cb8ac096c885d2b1626f0b7b7e090fc0e3827a570be8f0a026ee701,2023-12,Leicestershire Police,Leicestershire Police,-1.135623,52.601931,On or near The Crossway,E01013691,Leicester 035C,Criminal damage and arson,Investigation complete; no suspect identified,
e1ab38d52cb512782a8ce51a4850d4bff4a0ad11f097383c37c875d5ebb28ab2,2023-12,Leicestershire Police,Leicestershire Police,-1.138370,52.600369,On or near Fayrhurst Road,E01013691,Leicester 035C,Criminal damage and arson,Investigation complete; no suspect identified,
b1bd2480d59ba666ca16f6e7b279ceac160c50b90d3b2d8d9e8da599ec8f917e,2023-12,Leicestershire Police,Leicestershire Police,-1.138370,52.600369,On or near Fayrhurst Road,E01013691,Leicester 035C,Criminal damage and arson,Unable to prosecute suspect,
1020aa1e6f532a679f9e4b4965556cf9077e69ed80f29b071e995d63af051581,2023-12,Leicestershire Police,Leicestershire Police,-1.135702,52.603901,On or near Heathcott Road,E01013691,Leicester 035C,Other theft,Unable to prosecute suspect,
d48062839398e280c154b3819d46219520512e98d8c58b4b264728a4b4af03d3,2023-12,Leicestershire Police,Leicestershire Police,-1.136776,52.601859,On or near North End Close,E01013691,Leicester 035C,Public order,Unable to prosecute suspect,
a0a3b034ad43e06e9c2db16c3a834eb4c1d9d79554ebd91f0203b47a91c80de6,2023-12,Leicestershire Police,Leicestershire Police,-1.132467,52.601737,On or near Boulder Lane,E01013691,Leicester 035C,Shoplifting,Local resolution,
c5e7d6323fb0fd30d01c7e4e347f96652410ac2d3b0bd8d0092c5b1dcee97575,2023-12,Leicestershire Police,Leicestershire Police,-1.132467,52.601737,On or near Boulder Lane,E01013691,Leicester 035C,Vehicle crime,Investigation complete; no suspect identified,
a4f4077e8831d215f0e65eef13902e38065d2af71ad851f8df0c9920ee30aa20,2023-12,Leicestershire Police,Leicestershire Police,-1.132467,52.601737,On or near Boulder Lane,E01013691,Leicester 035C,Violence and sexual offences,Unable to prosecute suspect,
b1293bd3b852e8adab8ded606f63311e3560a9abca4d41cc484533bb7dec7dc6,2023-12,Leicestershire Police,Leicestershire Police,-1.135225,52.602621,On or near The Fairway,E01013691,Leicester 035C,Violence and sexual offences,Formal action is not in the public interest,
27b83f8daf30d1b6faf8b25bc5a456a7a422a5108f45a5a6cf07350605f7fd1a,2023-12,Leicestershire Police,Leicestershire Police,-1.135702,52.603901,On or near Heathcott Road,E01013691,Leicester 035C,Violence and sexual offences,Unable to prosecute suspect,
76bbe2db458f6500fb3eecbeb41a1b5a935e277f2d66f3fef4dad6a15b18ebb2,2023-12,Leicestershire Police,Leicestershire Police,-1.135702,52.603901,On or near Heathcott Road,E01013691,Leicester 035C,Violence and sexual offences,Unable to prosecute suspect,
55d2ed9feb5fe535441f5d9ed396406f0605e4c883f483d2ce482bdf40654cd8,2023-12,Leicestershire Police,Leicestershire Police,-1.138370,52.600369,On or near Fayrhurst Road,E01013691,Leicester 035C,Violence and sexual offences,Unable to prosecute suspect,
032f932b2159bdc3a2488d005f15568334b079c9198a87eeeed51f7537b890c1,2023-12,Leicestershire Police,Leicestershire Police,-1.135702,52.603901,On or near Heathcott Road,E01013691,Leicester 035C,Violence and sexual offences,Investigation complete; no suspect identified,
10205b7f6a5e1b447e42a73d7e025de37a8c38a8f80edeee5a4946625394543c,2023-12,Leicestershire Police,Leicestershire Police,-1.132882,52.602379,On or near Prentice Court,E01013691,Leicester 035C,Violence and sexual offences,Unable to prosecute suspect,
43a27c9b52712cbb7bac78b56c91900e7aa17393e043e579d591af3b4210af41,2023-12,Leicestershire Police,Leicestershire Police,-1.135553,52.600162,On or near Sports/Recreation Area,E01013691,Leicester 035C,Violence and sexual offences,Unable to prosecute suspect,
43b4544746035df9b55764dd0076670ff676f202f19743731697d210423b0030,2023-12,Leicestershire Police,Leicestershire Police,-1.136776,52.601859,On or near North End Close,E01013691,Leicester 035C,Other crime,Investigation complete; no suspect identified,
,2023-12,Leicestershire Police,Leicestershire Police,-1.131684,52.599511,On or near Stanton Row,E01013692,Leicester 035D,Anti-social behaviour,,
,2023-12,Leicestershire Police,Leicestershire Police,-1.128508,52.600324,On or near Burnside Road,E01013692,Leicester 035D,Anti-social behaviour,,
c71af84badeb455d5b643dfc18be0a581d84b73454d20e7f3a7b71ba64ecc207,2023-12,Leicestershire Police,Leicestershire Police,-1.128508,52.600324,On or near Burnside Road,E01013692,Leicester 035D,Burglary,Investigation complete; no suspect identified,
76cfaa6f63e11dca0579fc7ced4098c69f88d3eb7d29f58fb92c30771ff6cad7,2023-12,Leicestershire Police,Leicestershire Police,-1.128508,52.600324,On or near Burnside Road,E01013692,Leicester 035D,Other theft,Investigation complete; no suspect identified,
8e4f97a1a7a89768b593ca1c5bf31cae92e1dc2341bb1a152c147b4c0f099acb,2023-12,Leicestershire Police,Leicestershire Police,-1.128508,52.600324,On or near Burnside Road,E01013692,Leicester 035D,Other theft,Investigation complete; no suspect identified,
285bede57b03de4317449e50f0140664e989e162248b2c8f7229a776107ef6c2,2023-12,Leicestershire Police,Leicestershire Police,-1.132576,52.598439,On or near Linwood Lane,E01013692,Leicester 035D,Violence and sexual offences,Unable to prosecute suspect,
0b933fbea1f4a2d5981cd585fe197a982bd1575d95a25b01e00d0a44e073f8d1,2023-12,Leicestershire Police,Leicestershire Police,-1.128508,52.600324,On or near Burnside Road,E01013692,Leicester 035D,Violence and sexual offences,Unable to prosecute suspect,
2c08de677e51643d45ca6f7dd984767185f492f02d61bc476f75b990438c1333,2023-12,Leicestershire Police,Leicestershire Police,-1.129488,52.597823,On or near Windley Road,E01013692,Leicester 035D,Violence and sexual offences,Unable to prosecute suspect,
a99a971bb4a260d630037900a8ea52b0fea046cb2648529edd4fb460d0c0d8e7,2023-12,Leicestershire Police,Leicestershire Police,-1.129488,52.597823,On or near Windley Road,E01013692,Leicester 035D,Violence and sexual offences,Investigation complete; no suspect identified,
710167a8ff46868a967007bab4df7cd023adba8f23bfa40c6dfb1cb997f3f480,2023-12,Leicestershire Police,Leicestershire Police,-1.139241,52.598865,On or near Melland Place,E01013693,Leicester 035E,Vehicle crime,Investigation complete; no suspect identified,
,2023-12,Leicestershire Police,Leicestershire Police,-1.141469,52.598944,On or near B5366,E01013693,Leicester 035E,Anti-social behaviour,,
9b42f7323c324ce5ae39f8a8ffec48bab0c0505787af0de5e45af4529a8713e8,2023-12,Leicestershire Police,Leicestershire Police,-1.136121,52.597638,On or near Hawkes Hill,E01013693,Leicester 035E,Drugs,Unable to prosecute suspect,
1d768efca6b4862d23a165f34d8e7c76dc5d093b3162b2e91ac8e58b2870723d,2023-12,Leicestershire Police,Leicestershire Police,-1.141469,52.598944,On or near B5366,E01013693,Leicester 035E,Other theft,Investigation complete; no suspect identified,
82dfea646397fa69cc74561dae4d46795c12f34ef0a901532256ca857e6ca6be,2023-12,Leicestershire Police,Leicestershire Police,-1.138989,52.601974,On or near Gedge Way,E01013693,Leicester 035E,Vehicle crime,Investigation complete; no suspect identified,
ad1d95961dd454e5e79b00a710177dfb1772ee83da04620bd6f090c6f389def1,2023-12,Leicestershire Police,Leicestershire Police,-1.138989,52.601974,On or near Gedge Way,E01013693,Leicester 035E,Violence and sexual offences,Investigation complete; no suspect identified,
c5b04cfd73e49dc2a69cd73ce71e7d0d529d4ee23493ad7ef3c114cec6ae37ef,2023-12,Leicestershire Police,Leicestershire Police,-1.141469,52.598944,On or near B5366,E01013693,Leicester 035E,Violence and sexual offences,Investigation complete; no suspect identified,
163debd5a8ebdcaf4ee17f0c6e128663350cc6e995a78f82bdd7677945512724,2023-12,Leicestershire Police,Leicestershire Police,-1.139331,52.598066,On or near Whitwell Row,E01013693,Leicester 035E,Violence and sexual offences,Unable to prosecute suspect,
3ad20565c9c10e9bbff88fb8099f0dc4d64c5ac02c515e0fd7c52ca2c3c8b832,2023-12,Leicestershire Police,Leicestershire Police,-1.151281,52.593171,On or near Pawley Gardens,E01013673,Leicester 036A,Public order,Unable to prosecute suspect,
830041aa592c055108210a87815f6f2afa42be8919d014156c93987c6b6b3d77,2023-12,Leicestershire Police,Leicestershire Police,-1.148491,52.593915,On or near Camfield Rise,E01013673,Leicester 036A,Violence and sexual offences,Unable to prosecute suspect,
e85f1c02f271d0c0c8cf4b63470a20a1e16c012715f6194c0c6a2365a6022408,2023-12,Leicestershire Police,Leicestershire Police,-1.143550,52.593718,On or near Lydall Road,E01013673,Leicester 036A,Violence and sexual offences,Investigation complete; no suspect identified,
,2023-12,Leicestershire Police,Leicestershire Police,-1.147952,52.592024,On or near Whitteney Drive South,E01013673,Leicester 036A,Anti-social behaviour,,
b142ce6aaf29bc42ac45cdf6d22df5811f812e6dcdc007b6b9fe504a9926e806,2023-12,Leicestershire Police,Leicestershire Police,-1.148491,52.593915,On or near Camfield Rise,E01013673,Leicester 036A,Burglary,Investigation complete; no suspect identified,
c159417307371492a3e94e36d23f7ea2c0337578ec93ae850252102ff83d1b49,2023-12,Leicestershire Police,Leicestershire Police,-1.152445,52.592541,On or near Lawford Road,E01013673,Leicester 036A,Criminal damage and arson,Unable to prosecute suspect,
d5d2c3ecd41527556b8f3652bfdf7e4a60106ce83ed809b73881d2ed27f57fee,2023-12,Leicestershire Police,Leicestershire Police,-1.146906,52.592699,On or near Kepston Close,E01013673,Leicester 036A,Drugs,Investigation complete; no suspect identified,
7ddf73f5e32464970d442b9e8a094007c03a93cd9890f41b5243684981847b64,2023-12,Leicestershire Police,Leicestershire Police,-1.148491,52.593915,On or near Camfield Rise,E01013673,Leicester 036A,Drugs,Status update unavailable,
01a66f7f7899099f03fc3f8db7e113f57813c54d9242de4e39a674e27c139e4d,2023-12,Leicestershire Police,Leicestershire Police,-1.147952,52.592024,On or near Whitteney Drive South,E01013673,Leicester 036A,Other theft,Investigation complete; no suspect identified,
5639b0afb98e26973621c5cdf1809b6fa8570d620cae9cfa153c96c887381723,2023-12,Leicestershire Police,Leicestershire Police,-1.147929,52.594747,On or near Brettell Road,E01013673,Leicester 036A,Violence and sexual offences,Unable to prosecute suspect,
68d4121eea4a1514e56975d465fc7830d9e0cabd62e90152ddbad7d0b9cea5f6,2023-12,Leicestershire Police,Leicestershire Police,-1.151281,52.593171,On or near Pawley Gardens,E01013673,Leicester 036A,Violence and sexual offences,Unable to prosecute suspect,
7af96bdae7a7c8033d8e874184cafabbfa6ef4cb1e746cc75ed50650da30a8bc,2023-12,Leicestershire Police,Leicestershire Police,-1.146906,52.592699,On or near Kepston Close,E01013673,Leicester 036A,Violence and sexual offences,Unable to prosecute suspect,
325e922e5222ab3403faad533c5014cdf6dd8857db360181d6d00c0cba509c4e,2023-12,Leicestershire Police,Leicestershire Police,-1.151281,52.593171,On or near Pawley Gardens,E01013673,Leicester 036A,Violence and sexual offences,Unable to prosecute suspect,
61b6ff523db8af3e8aea67dc2ee497d15ff8c0ee920fde9042024f5055492384,2023-12,Leicestershire Police,Leicestershire Police,-1.147929,52.594747,On or near Brettell Road,E01013673,Leicester 036A,Violence and sexual offences,Unable to prosecute suspect,
b26d31e3a16c1de8752bea46771948dbc5f95b12b259e4b4f3102e7d8eabe870,2023-12,Leicestershire Police,Leicestershire Police,-1.153757,52.590321,On or near Garnett Crescent,E01013674,Leicester 036B,Violence and sexual offences,Unable to prosecute suspect,
e3fb5e4965fe1341d093be6e201a4e914ced3a785d185464154f3911c1e73d93,2023-12,Leicestershire Police,Leicestershire Police,-1.141839,52.592087,On or near Allenwood Road,E01013674,Leicester 036B,Violence and sexual offences,Unable to prosecute suspect,
61fb3ccb56403ccbd50c922ab5b1631d17f00fa4349bbc47a798d0551987381b,2023-12,Leicestershire Police,Leicestershire Police,-1.151518,52.589325,On or near Kelso Green,E01013674,Leicester 036B,Criminal damage and arson,Investigation complete; no suspect identified,
0dd6ae3aab85e629f1f4b1232cc594f9e547d6fc7976525caf7f6b25e7c521b4,2023-12,Leicestershire Police,Leicestershire Police,-1.150296,52.589137,On or near Fountains Avenue,E01013674,Leicester 036B,Criminal damage and arson,Unable to prosecute suspect,
ca1ad28cb7f0ac68beda1f13029557d0db8a02c48f9c1df09cca21532b18ac37,2023-12,Leicestershire Police,Leicestershire Police,-1.150225,52.589748,On or near Runcorn Road,E01013674,Leicester 036B,Criminal damage and arson,Investigation complete; no suspect identified,
cebb71afd4504027eaed66e108c923aad395783be99a4fadfbdd4c88667193a3,2023-12,Leicestershire Police,Leicestershire Police,-1.146614,52.587933,On or near Eamont Close,E01013674,Leicester 036B,Criminal damage and arson,Investigation complete; no suspect identified,
d00e489797260a58a8a7222f6caa2f9fb3b40f4e2edebaaecbffa7e8aea56304,2023-12,Leicestershire Police,Leicestershire Police,-1.153843,52.589701,On or near Hesketh Avenue,E01013674,Leicester 036B,Other theft,Investigation complete; no suspect identified,
3baec02a48f7a84144b681716737d981e86d217df01fcc7ffcea604828f2d602,2023-12,Leicestershire Police,Leicestershire Police,-1.146614,52.587933,On or near Eamont Close,E01013674,Leicester 036B,Other theft,Investigation complete; no suspect identified,
83c30acd49d29dc6d74d66f6e206e976fa7d926bccc185aab3eab242a01cdccd,2023-12,Leicestershire Police,Leicestershire Police,-1.141839,52.592087,On or near Allenwood Road,E01013674,Leicester 036B,Public order,Investigation complete; no suspect identified,
a205c2ec8e7f2ab9f706609514c81bdee2738483225eeca20a7822e1f242ff47,2023-12,Leicestershire Police,Leicestershire Police,-1.150296,52.589137,On or near Fountains Avenue,E01013674,Leicester 036B,Violence and sexual offences,Unable to prosecute suspect,
1d92cd5cb0231a84657a83462896a687ec2b72a67abb66528c059f55f1d5a0e9,2023-12,Leicestershire Police,Leicestershire Police,-1.146974,52.586901,On or near Ibsley Way,E01013674,Leicester 036B,Violence and sexual offences,Unable to prosecute suspect,
ea9dfdc10f944ccdbf929f4330272f02efa69ba5337c8b510b1dec1bd5e343d8,2023-12,Leicestershire Police,Leicestershire Police,-1.149142,52.590819,On or near Sturdee Road,E01013674,Leicester 036B,Violence and sexual offences,Unable to prosecute suspect,
b5cdcde6e2070a9c31f3bb4cfd73eae0b5bc2db2cf94d24ab38c24983f878b24,2023-12,Leicestershire Police,Leicestershire Police,-1.156116,52.589682,On or near Ebchester Close,E01013675,Leicester 036C,Violence and sexual offences,Awaiting court outcome,
,2023-12,Leicestershire Police,Leicestershire Police,-1.153191,52.594399,On or near Markland,E01013675,Leicester 036C,Anti-social behaviour,,
107a0cc93d1e86276ac492b0de4433302f0d2094b6bd0749578fd46acf2d57bb,2023-12,Leicestershire Police,Leicestershire Police,-1.156418,52.590862,On or near Red House Close,E01013675,Leicester 036C,Criminal damage and arson,Investigation complete; no suspect identified,
25b99376461d67e3b6ae272f125e891115bdc4ea9f9c179fa528bc0711c33968,2023-12,Leicestershire Police,Leicestershire Police,-1.154934,52.593611,On or near The Slade Greens,E01013675,Leicester 036C,Vehicle crime,Investigation complete; no suspect identified,
e14edb039f375a85862b22e55c722ab7f01ff892c9f41ada2ac05ca9afeb3a89,2023-12,Leicestershire Police,Leicestershire Police,-1.155876,52.592943,On or near Sturdee Green,E01013675,Leicester 036C,Violence and sexual offences,Unable to prosecute suspect,
aac04a18aca14da97d88ea854ade80bd655abfd45462e7baba0ce34be6c39b45,2023-12,Leicestershire Police,Leicestershire Police,-1.154934,52.593611,On or near The Slade Greens,E01013675,Leicester 036C,Violence and sexual offences,Court result unavailable,
fb4ca4087cb6e2e4b8de924813875d77a659bb7c68b048a78cd26ad6b043d629,2023-12,Leicestershire Police,Leicestershire Police,-1.156116,52.589682,On or near Ebchester Close,E01013675,Leicester 036C,Violence and sexual offences,Unable to prosecute suspect,
36646edc47eab25689435207cc844581e2d534a283d70fae0590e5e243c681b9,2023-12,Leicestershire Police,Leicestershire Police,-1.153191,52.594399,On or near Markland,E01013675,Leicester 036C,Violence and sexual offences,Investigation complete; no suspect identified,
ad672dcb1c9dbcd358948305cb991f46444285eccd44b4955ec25be700d75209,2023-12,Leicestershire Police,Leicestershire Police,-1.156675,52.591358,On or near Red House Gardens,E01013675,Leicester 036C,Violence and sexual offences,Unable to prosecute suspect,
9eead6311d9d314f56af7929b902831cb2141a40ab3960b941b517a4f4cbe14f,2023-12,Leicestershire Police,Leicestershire Police,-1.154934,52.593611,On or near The Slade Greens,E01013675,Leicester 036C,Violence and sexual offences,Court result unavailable,
4ef83f45189a026e8ca6af08384b1b65722cb1ca09c8b933d761e7a97acb0256,2023-12,Leicestershire Police,Leicestershire Police,-1.156675,52.591358,On or near Red House Gardens,E01013675,Leicester 036C,Violence and sexual offences,Unable to prosecute suspect,
50be61845d102f3732881ba797ecabf97efcce5b20fd71519dc9ad7b34bcbc0e,2023-12,Leicestershire Police,Leicestershire Police,-1.153191,52.594399,On or near Markland,E01013675,Leicester 036C,Other crime,Investigation complete; no suspect identified,
c2859117240f56931c5d9f0bf3fb393ea921539cb08c4dbb6c0560a1451da352,2023-12,Leicestershire Police,Leicestershire Police,-1.151226,52.585296,On or near Supermarket,E01013676,Leicester 036D,Public order,Local resolution,
243d60f6a69e998b4245295b54567492fdfa9b7ba8ac1739266944091325d27e,2023-12,Leicestershire Police,Leicestershire Police,-1.151226,52.585296,On or near Supermarket,E01013676,Leicester 036D,Shoplifting,Court result unavailable,
,2023-12,Leicestershire Police,Leicestershire Police,-1.148861,52.587796,On or near Tadcaster Avenue,E01013676,Leicester 036D,Anti-social behaviour,,
,2023-12,Leicestershire Police,Leicestershire Police,-1.148861,52.587796,On or near Tadcaster Avenue,E01013676,Leicester 036D,Anti-social behaviour,,
,2023-12,Leicestershire Police,Leicestershire Police,-1.148861,52.587796,On or near Tadcaster Avenue,E01013676,Leicester 036D,Anti-social behaviour,,
ae621436f618189faa2dc2c7b7fc9430d06371a4557c7b0cb487766b31bd0525,2023-12,Leicestershire Police,Leicestershire Police,-1.151394,52.587320,On or near Scotswood Crescent,E01013676,Leicester 036D,Burglary,Unable to prosecute suspect,
ca6aa717099fa8e0fea54e5394ed0cdc1ec45d97ddc4b835279207f165a3bd23,2023-12,Leicestershire Police,Leicestershire Police,-1.153651,52.585861,On or near Hillsborough Road,E01013676,Leicester 036D,Burglary,Unable to prosecute suspect,
3358a9851e6b0da5771411a731a22096446fbd2cb9a4d760ecb4d0af3949dda0,2023-12,Leicestershire Police,Leicestershire Police,-1.155404,52.588337,On or near Ambleside Way,E01013676,Leicester 036D,Criminal damage and arson,Investigation complete; no suspect identified,
83545fa5f5323b36b11e66028fc3d67b674f2e27aa7bf350c984468f1c730464,2023-12,Leicestershire Police,Leicestershire Police,-1.148861,52.587796,On or near Tadcaster Avenue,E01013676,Leicester 036D,Criminal damage and arson,Investigation complete; no suspect identified,
556156565d512d5d9c2cfad46a331374041c5c9e48a37151d55167485ca461ef,2023-12,Leicestershire Police,Leicestershire Police,-1.151226,52.585296,On or near Supermarket,E01013676,Leicester 036D,Criminal damage and arson,Investigation complete; no suspect identified,
560481d68ef12c7b4d0958e0a4642a9cd88b632de10e0b23dfc7c10b46a37cdd,2023-12,Leicestershire Police,Leicestershire Police,-1.153651,52.585861,On or near Hillsborough Road,E01013676,Leicester 036D,Criminal damage and arson,Investigation complete; no suspect identified,
5b48ba8a16a527b7e27dd611ee1fc819be36e4f833d36fd515ddcc6b0fe7c20b,2023-12,Leicestershire Police,Leicestershire Police,-1.151226,52.585296,On or near Supermarket,E01013676,Leicester 036D,Criminal damage and arson,Investigation complete; no suspect identified,
553848bb1336178672ea87e7e76ecb478f4123dc435c3240b8f2799d581530b0,2023-12,Leicestershire Police,Leicestershire Police,-1.148861,52.587796,On or near Tadcaster Avenue,E01013676,Leicester 036D,Criminal damage and arson,Investigation complete; no suspect identified,
9690a117e51a995adea18ef729cc9970133787c00f90fcde1afdba1cdddc3180,2023-12,Leicestershire Police,Leicestershire Police,-1.151226,52.585296,On or near Supermarket,E01013676,Leicester 036D,Criminal damage and arson,Investigation complete; no suspect identified,
38325bfa2fafad7fd4b1219c214055c9317ba25f38bf7c1716da0281db43b388,2023-12,Leicestershire Police,Leicestershire Police,-1.148861,52.587796,On or near Tadcaster Avenue,E01013676,Leicester 036D,Drugs,Local resolution,
11f7b786ad6fa19dce3ad65bcdd261e86648125be883ec15070f5e6b7679eee0,2023-12,Leicestershire Police,Leicestershire Police,-1.153652,52.585780,On or near Hillsborough Close,E01013676,Leicester 036D,Drugs,Local resolution,
f8b15787b24c54603f405ada5ad03ae26a117aeaef63daf9dc842102313db32f,2023-12,Leicestershire Police,Leicestershire Police,-1.151226,52.585296,On or near Supermarket,E01013676,Leicester 036D,Other theft,Investigation complete; no suspect identified,
fffa9a72c444d6ac5066ab69af13bd08ee5318bc7305e6fade8b28847ebc80cf,2023-12,Leicestershire Police,Leicestershire Police,-1.148630,52.586751,On or near Radcot Lawns,E01013676,Leicester 036D,Other theft,Investigation complete; no suspect identified,
3e79b15956ab32fc3379f761f21435fbdd99b163d71f78d660a55ce760b195ac,2023-12,Leicestershire Police,Leicestershire Police,-1.155646,52.586487,On or near Stuart Road,E01013676,Leicester 036D,Possession of weapons,Court result unavailable,
33ab4e8c34408db236672c160fea6aa8bb2b14b04a43dc346b5f855c0b5ab893,2023-12,Leicestershire Police,Leicestershire Police,-1.151226,52.585296,On or near Supermarket,E01013676,Leicester 036D,Public order,Investigation complete; no suspect identified,
f0263d682f294eeb47d2f433662ce2fe0b614da941613951123148d4a6737436,2023-12,Leicestershire Police,Leicestershire Police,-1.151226,52.585296,On or near Supermarket,E01013676,Leicester 036D,Shoplifting,Investigation complete; no suspect identified,
863572fe65cfb829fc32fb4c52be58de73500b8cf6e8d5014af88d170b884a1f,2023-12,Leicestershire Police,Leicestershire Police,-1.151226,52.585296,On or near Supermarket,E01013676,Leicester 036D,Shoplifting,Further investigation is not in the public interest,
9e2e1f0efcd11d2910c6de47a9dade4704dc092c3af0c8cd3100d8697e115158,2023-12,Leicestershire Police,Leicestershire Police,-1.151226,52.585296,On or near Supermarket,E01013676,Leicester 036D,Shoplifting,Investigation complete; no suspect identified,
b13035dae9787afc72d5980f9b3cb4d4b60a70354986856adf7576013df4a3b9,2023-12,Leicestershire Police,Leicestershire Police,-1.151226,52.585296,On or near Supermarket,E01013676,Leicester 036D,Shoplifting,Formal action is not in the public interest,
c7f80a4c14413e23bdfc2a63aa54074c1d94b0ef6c955749f21cbee4b4e27989,2023-12,Leicestershire Police,Leicestershire Police,-1.151226,52.585296,On or near Supermarket,E01013676,Leicester 036D,Shoplifting,Investigation complete; no suspect identified,
ea86c1546fcbc82ff7319d721dee1cff5db53c6ab3ffbb7507b223c75f11f902,2023-12,Leicestershire Police,Leicestershire Police,-1.151226,52.585296,On or near Supermarket,E01013676,Leicester 036D,Shoplifting,Investigation complete; no suspect identified,
2f2ac2aaa8ade55f2666adfd27ad8072538f9a596ad4b9e7b4302b6bbc13c6a7,2023-12,Leicestershire Police,Leicestershire Police,-1.155052,52.587463,On or near Grange Close,E01013676,Leicester 036D,Violence and sexual offences,Unable to prosecute suspect,
a1bbf07617f440dceed233accd41d7eaff12d7297ef0a738a739267f3a8d2fbc,2023-12,Leicestershire Police,Leicestershire Police,-1.153652,52.585780,On or near Hillsborough Close,E01013676,Leicester 036D,Violence and sexual offences,Formal action is not in the public interest,
7ab72e96374ded651e881fdfeb70d2631d4766358444317c6e193fc2218e861b,2023-12,Leicestershire Police,Leicestershire Police,-1.152187,52.584457,On or near Swinford Avenue,E01013676,Leicester 036D,Violence and sexual offences,Unable to prosecute suspect,
2e35fa844db9d05cc63a6920507df8f732817c9f2ecc90286e131a7d1a5f0de9,2023-12,Leicestershire Police,Leicestershire Police,-1.154604,52.588484,On or near Autumn Road,E01013676,Leicester 036D,Violence and sexual offences,Unable to prosecute suspect,
a2b9eababa8261d54e696a9170fba8146813c82921386a81c561e579d23528df,2023-12,Leicestershire Police,Leicestershire Police,-1.148630,52.586751,On or near Radcot Lawns,E01013676,Leicester 036D,Violence and sexual offences,Local resolution,
2c33872b30c9fbf91cce4ead80f23bdef78de723ae3372a8bfbf8fa569c71355,2023-12,Leicestershire Police,Leicestershire Police,-1.153651,52.585861,On or near Hillsborough Road,E01013676,Leicester 036D,Violence and sexual offences,Unable to prosecute suspect,
aff64cf25965ea672505cfc79fb705c8ad56c32bfd729196484d9e28dd9aaae4,2023-12,Leicestershire Police,Leicestershire Police,-1.153652,52.585780,On or near Hillsborough Close,E01013676,Leicester 036D,Violence and sexual offences,Local resolution,
0b8fc9c133e79ddf35968140c230edddbf91de6267e266393708be5d63c91ea7,2023-12,Leicestershire Police,Leicestershire Police,-1.152751,52.585837,On or near Thurcroft Close,E01013676,Leicester 036D,Violence and sexual offences,Unable to prosecute suspect,
d4ffa41d58be76da1e4d5a3c6ba1792c62edfb0899c16916ee5d9b6277fedb00,2023-12,Leicestershire Police,Leicestershire Police,-1.153651,52.585861,On or near Hillsborough Road,E01013676,Leicester 036D,Violence and sexual offences,Unable to prosecute suspect,
ddbeb163d0d28693f256c68dcf3527dc9205cfa557ec91d7b090c6b3b5afadb8,2023-12,Leicestershire Police,Leicestershire Police,-1.154604,52.588484,On or near Autumn Road,E01013676,Leicester 036D,Violence and sexual offences,Unable to prosecute suspect,
a40dca6bf1bcd74fdfb0ca023201870b06d86a93a6b3432b66cfc8a05acdb93a,2023-12,Leicestershire Police,Leicestershire Police,-1.148630,52.586751,On or near Radcot Lawns,E01013676,Leicester 036D,Violence and sexual offences,Unable to prosecute suspect,
cdee563e04acd6dc54117f7cdfc4f3caa6937a24ba3dae2c74f19a82c87f268b,2023-12,Leicestershire Police,Leicestershire Police,-1.154873,52.589062,On or near Ambleside Close,E01013676,Leicester 036D,Violence and sexual offences,Unable to prosecute suspect,
93d701913eb11b62153beb4db6b655830f8d9a080bd502ee85c945b3df4fd1de,2023-12,Leicestershire Police,Leicestershire Police,-1.154873,52.589062,On or near Ambleside Close,E01013676,Leicester 036D,Violence and sexual offences,Unable to prosecute suspect,
40469930b706307ee218e4e625d7123319b9041937286ef13313045abe5ad49c,2023-12,Leicestershire Police,Leicestershire Police,-1.151226,52.585296,On or near Supermarket,E01013676,Leicester 036D,Other crime,Investigation complete; no suspect identified,
6dcc5f67d140bdb0774947864abb8a3dba874c0bd36ac45e3a1d4d2e6a80aa2c,2023-12,Leicestershire Police,Leicestershire Police,-1.158095,52.583466,On or near Hebden Close,E01013677,Leicester 036E,Drugs,Formal action is not in the public interest,
4a8a2b3154a37275816e84f107e62918159e74263561c2401a0e226ff7ada9f3,2023-12,Leicestershire Police,Leicestershire Police,-1.157411,52.583740,On or near Featherstone Drive,E01013677,Leicester 036E,Burglary,Formal action is not in the public interest,
13eb871c931e587bc978afa4abb8c9ea436347d24f5a64bf1c937814a9f4a3ae,2023-12,Leicestershire Police,Leicestershire Police,-1.149948,52.582715,On or near Wokingham Avenue,E01013677,Leicester 036E,Criminal damage and arson,Unable to prosecute suspect,
3aa0f597b907f31f8076ff176ba7dd92150bdf63575c5243f1c2cf778a58abe9,2023-12,Leicestershire Police,Leicestershire Police,-1.154602,52.582452,On or near Salkeld Road,E01013677,Leicester 036E,Criminal damage and arson,Investigation complete; no suspect identified,
c72cd41e5849ad6b35f5794c342f398578174c1df800d8c4dad212d38f36c066,2023-12,Leicestershire Police,Leicestershire Police,-1.149482,52.583926,On or near Eden Way,E01013677,Leicester 036E,Public order,Investigation complete; no suspect identified,
92a73cbf545f0b2655be49b2381ddc03973ff6a46f1b29f79c367abffef02823,2023-12,Leicestershire Police,Leicestershire Police,-1.153005,52.582593,On or near Julian Road,E01013677,Leicester 036E,Public order,Unable to prosecute suspect,
dcb31f8671d6dc7bac40fcd089a65040a03349b6dbc7966a8e37242aa9c12f7f,2023-12,Leicestershire Police,Leicestershire Police,-1.154199,52.584247,On or near Wensley Rise,E01013677,Leicester 036E,Violence and sexual offences,Unable to prosecute suspect,
f6f71ab2eb100e45a8ae33ad27398ac6f6bdbe3029385443933f256883b78b1e,2023-12,Leicestershire Police,Leicestershire Police,-1.154199,52.584247,On or near Wensley Rise,E01013677,Leicester 036E,Violence and sexual offences,Unable to prosecute suspect,
4ce2e7ea467d468a17d404bd91c32f998cdb9600b743465a183cb98c28b94212,2023-12,Leicestershire Police,Leicestershire Police,-1.157411,52.583740,On or near Featherstone Drive,E01013677,Leicester 036E,Violence and sexual offences,Unable to prosecute suspect,
ee28657445606a9f02cb25c61b6bd849f2428f9993ffcf4a8f80b8810712cf81,2023-12,Leicestershire Police,Leicestershire Police,-1.154199,52.584247,On or near Wensley Rise,E01013677,Leicester 036E,Violence and sexual offences,Unable to prosecute suspect,
240c1009b49e8efe74e3db68c81466ea5bdec797e751a186a4e52f2f1d8e8a4c,2023-12,Leicestershire Police,Leicestershire Police,-1.149482,52.583926,On or near Eden Way,E01013677,Leicester 036E,Violence and sexual offences,Unable to prosecute suspect,
630cf200e6edc9f1fcf9e7eedb6d65fd5bbd0d9da9d835990bdddb5934913846,2023-12,Leicestershire Police,Leicestershire Police,-1.154199,52.584247,On or near Wensley Rise,E01013677,Leicester 036E,Violence and sexual offences,Unable to prosecute suspect,
45fc3b246b92a1fa07ad3259882dacb801c985e6b7dbdd39ac161b827cb6c84d,2023-12,Leicestershire Police,Leicestershire Police,-1.157411,52.583740,On or near Featherstone Drive,E01013677,Leicester 036E,Violence and sexual offences,Unable to prosecute suspect,
318ab3252ccad97dbb6edf797028b8d57f5f8855f25bb27e0482ddfd2153c6cb,2023-12,Leicestershire Police,Leicestershire Police,-1.158095,52.583466,On or near Hebden Close,E01013677,Leicester 036E,Violence and sexual offences,Unable to prosecute suspect,
6e3feffa58e2f3df5c89e2e09d8feb0d714d1a8e289eecf6af24dd5e548606a0,2023-12,Leicestershire Police,Leicestershire Police,-1.149948,52.582715,On or near Wokingham Avenue,E01013677,Leicester 036E,Violence and sexual offences,Unable to prosecute suspect,
0297a2beb3ed53f516b93623c45d7c63fcd636da8c10e7ee04550fd61f08393b,2023-12,Leicestershire Police,Leicestershire Police,-1.153005,52.582593,On or near Julian Road,E01013677,Leicester 036E,Violence and sexual offences,Unable to prosecute suspect,
d5f0097e2219e2b0dc3ad8695183462a4f6ab35cd1a729dab7fc99bcb21fb446,2023-12,Leicestershire Police,Leicestershire Police,-1.154199,52.584247,On or near Wensley Rise,E01013677,Leicester 036E,Violence and sexual offences,Unable to prosecute suspect,
debe587f72c3e3b7c5306ebc40b9cfe07474ca52a28c70fb12fe574fd2504464,2023-12,Leicestershire Police,Leicestershire Police,-1.155422,52.582781,On or near Shield Crescent,E01013677,Leicester 036E,Other crime,Unable to prosecute suspect,
fc38bcac8f41e0badb4ee83544304d2a49368347bacff4bd63049e9d60c2a218,2023-12,Leicestershire Police,Leicestershire Police,-1.154602,52.582452,On or near Salkeld Road,E01013677,Leicester 036E,Other crime,Investigation complete; no suspect identified,
7c890d8c93ed3777f6e10d6dcd274ff272b6b93799fce0c9d69a5944d6629d81,2023-12,Leicestershire Police,Leicestershire Police,-1.057694,52.644435,On or near Lymington Road,E01013698,Leicester 037B,Vehicle crime,Unable to prosecute suspect,
c5c963fe2677e76c1450fa51b37a01003409149e61c22d9c5b6bbe3d3632e358,2023-12,Leicestershire Police,Leicestershire Police,-1.053254,52.646099,On or near Brocklesby Way,E01013698,Leicester 037B,Violence and sexual offences,Unable to prosecute suspect,
8643e317a517747d51cc43d4a4685b061cecc7f024316572c6a9d8de04eb9179,2023-12,Leicestershire Police,Leicestershire Police,-1.053254,52.646099,On or near Brocklesby Way,E01013698,Leicester 037B,Violence and sexual offences,Unable to prosecute suspect,
f9fbe328031ff1b4c725cb173ad7418623dce50b326af18da57fa472a00a46f3,2023-12,Leicestershire Police,Leicestershire Police,-1.054497,52.645345,On or near Bankside,E01013698,Leicester 037B,Violence and sexual offences,Investigation complete; no suspect identified,
6b54e5d23e76d2a038f2ae2db6cd86c134742b8ebb1cb166a7c2ccacb5e027d3,2023-12,Leicestershire Police,Leicestershire Police,-1.059306,52.644376,On or near Parkstone Road,E01013698,Leicester 037B,Violence and sexual offences,Unable to prosecute suspect,
700f9af0028897f793571feecb33e2bf3087f118f02d41fdd8361fa952d29697,2023-12,Leicestershire Police,Leicestershire Police,-1.052930,52.647391,On or near Renfrew Road,E01013698,Leicester 037B,Violence and sexual offences,Action to be taken by another organisation,
121e4f0cfa8cecbae88a1458e32dbfbf3b0312e63c7903020ba6ce1b606771c5,2023-12,Leicestershire Police,Leicestershire Police,-1.052930,52.647391,On or near Renfrew Road,E01013698,Leicester 037B,Violence and sexual offences,Action to be taken by another organisation,
a23c8763dd5dc36b8c8fdec39352e29bf44e2416d9c22372eb53fbf0f839affc,2023-12,Leicestershire Police,Leicestershire Police,-1.058042,52.647392,On or near Sports/Recreation Area,E01013698,Leicester 037B,Violence and sexual offences,Local resolution,
5b4a42d73ff240cf012e60fa15262b1408ccebafdf622b9ccb571ecb5014bb62,2023-12,Leicestershire Police,Leicestershire Police,-1.050652,52.637915,On or near Homestone Rise,E01013767,Leicester 037C,Robbery,Unable to prosecute suspect,
96a734891d54dfe71b6081e996a91f571f142cf400b3a2df0cbeadfe480e6380,2023-12,Leicestershire Police,Leicestershire Police,-1.059081,52.638342,On or near Thurncourt Road,E01013767,Leicester 037C,Criminal damage and arson,Investigation complete; no suspect identified,
7d030046a619ce522236ca4412d89ac6838b20504425d7eda371baac3dd35f2a,2023-12,Leicestershire Police,Leicestershire Police,-1.051189,52.635672,On or near Langholm Road,E01013767,Leicester 037C,Public order,Investigation complete; no suspect identified,
77a082cdf5ea21777ca7cba1cb12125aab526302b149e778aa1fde06b8677bb2,2023-12,Leicestershire Police,Leicestershire Police,-1.054697,52.633327,On or near Springway Close,E01013767,Leicester 037C,Violence and sexual offences,Unable to prosecute suspect,
15e5d88a0ff475d0bee5b55b85f18eb87871ca482957ae2288d2af86213de2c1,2023-12,Leicestershire Police,Leicestershire Police,-1.051189,52.635672,On or near Langholm Road,E01013767,Leicester 037C,Violence and sexual offences,Investigation complete; no suspect identified,
aecd8df8f1d9fd2f25c977acb2179ffbf68e51ad67eef2d732b56a0b6bfe456c,2023-12,Leicestershire Police,Leicestershire Police,-1.059170,52.634216,On or near Wintersdale Road,E01013767,Leicester 037C,Violence and sexual offences,Action to be taken by another organisation,
0b1d775c7143f0a2cb6a14f7c4a240d6f2c282022089b4bc30afc92a14cad8ea,2023-12,Leicestershire Police,Leicestershire Police,-1.050652,52.637915,On or near Homestone Rise,E01013767,Leicester 037C,Violence and sexual offences,Investigation complete; no suspect identified,
0c0f016d0988f78d1d0da5bbbaebb3cc5fe8b17aa47883f98e9ce57858683fcc,2023-12,Leicestershire Police,Leicestershire Police,-1.064324,52.635021,On or near Lodge Farm Road,E01013767,Leicester 037C,Violence and sexual offences,Investigation complete; no suspect identified,
17ef5033c4b5d7bb025754e2a31d41bbe9160184eed273e9452b272d2afc84b0,2023-12,Leicestershire Police,Leicestershire Police,-1.050652,52.637915,On or near Homestone Rise,E01013767,Leicester 037C,Violence and sexual offences,Status update unavailable,
e83ad2284d1c9ebab5a56f835085d44a4ca9439a41ddebbe72ba1942d19e03ad,2023-12,Leicestershire Police,Leicestershire Police,-1.058648,52.641980,On or near Tuskar Road,E01013768,Leicester 037D,Criminal damage and arson,Unable to prosecute suspect,
211aa0689c86cb37f5366166e4fc3d8d6ccc2f37941e28f60eba66a32e735185,2023-12,Leicestershire Police,Leicestershire Police,-1.059650,52.641430,On or near Brook Road,E01013768,Leicester 037D,Criminal damage and arson,Court result unavailable,
6ef0fcf50928386dc95f9d539b8650a6e21137e73d641f96232dccd3bba7647c,2023-12,Leicestershire Police,Leicestershire Police,-1.062127,52.641747,On or near Compass Road,E01013768,Leicester 037D,Other theft,Unable to prosecute suspect,
94b1cb5faf5ac322cde6428e6359ca7b7a74769d98ad6b3389aefc8e717929f9,2023-12,Leicestershire Police,Leicestershire Police,-1.055305,52.641432,On or near Weaver Road,E01013768,Leicester 037D,Public order,Unable to prosecute suspect,
5d1a1ddac25278ee876c474bf3ff6416ed0f3a902fa634ccabb67b0531a717a3,2023-12,Leicestershire Police,Leicestershire Police,-1.059650,52.641430,On or near Brook Road,E01013768,Leicester 037D,Vehicle crime,Investigation complete; no suspect identified,
2fd8a78eeb8c780a7286ced6b14a106b25867f62ed64368578501e3aff4be0f9,2023-12,Leicestershire Police,Leicestershire Police,-1.062127,52.641747,On or near Compass Road,E01013768,Leicester 037D,Vehicle crime,Unable to prosecute suspect,
8d64b9821c73a7eef07320704bdc46933ad697f0ee3c826d4889ce15e415b6d4,2023-12,Leicestershire Police,Leicestershire Police,-1.062127,52.641747,On or near Compass Road,E01013768,Leicester 037D,Violence and sexual offences,Further action is not in the public interest,
3206138d769c21fafc8774d5616fba91f075700d5e4102395bc9cedced0e7501,2023-12,Leicestershire Police,Leicestershire Police,-1.056839,52.640923,On or near Nursery Road,E01013768,Leicester 037D,Violence and sexual offences,Investigation complete; no suspect identified,
,2023-12,Leicestershire Police,Leicestershire Police,-1.051001,52.638889,On or near Homestone Gardens,E01013772,Leicester 037E,Anti-social behaviour,,
,2023-12,Leicestershire Police,Leicestershire Police,-1.054641,52.637992,On or near Willowbrook View,E01013772,Leicester 037E,Anti-social behaviour,,
caf8ec0635f0c655f38fadffd2d491f2cf501aa95462e7578406669bcd531675,2023-12,Leicestershire Police,Leicestershire Police,-1.048533,52.636172,On or near Drumcliff Road,E01013772,Leicester 037E,Burglary,Investigation complete; no suspect identified,
380f5014e9140ec677864a42c044c9a3b7697d5916d2a3879c1d9d857a864968,2023-12,Leicestershire Police,Leicestershire Police,-1.054641,52.637992,On or near Willowbrook View,E01013772,Leicester 037E,Criminal damage and arson,Unable to prosecute suspect,
bfaa361431b60783dff2d49cad3dece12a1c0413740e14ef19838a20e6fb0101,2023-12,Leicestershire Police,Leicestershire Police,-1.049626,52.634833,On or near Kinross Avenue,E01013772,Leicester 037E,Other theft,Investigation complete; no suspect identified,
0030cd2cea22926ab29c5da4cfb8f19405eb5d2f20df3dd425cfd67d00cf9eb2,2023-12,Leicestershire Police,Leicestershire Police,-1.050439,52.639586,On or near Eddystone Road,E01013772,Leicester 037E,Other theft,Investigation complete; no suspect identified,
5f9ab776405e48162de9a40c56f06e1d590a29411823909c47fd39758462260a,2023-12,Leicestershire Police,Leicestershire Police,-1.050172,52.638954,On or near Milnroy Road,E01013772,Leicester 037E,Violence and sexual offences,Investigation complete; no suspect identified,
a8262a5cec86fce7bc77fb4ecb710d6a43c88a062c77896be9f3abc1a8b709a2,2023-12,Leicestershire Police,Leicestershire Police,-1.050172,52.638954,On or near Milnroy Road,E01013772,Leicester 037E,Violence and sexual offences,Unable to prosecute suspect,
304c9e459c8ed1619e103328a07327428ec90e11d3a2588b5f50f7518016e5eb,2023-12,Leicestershire Police,Leicestershire Police,-1.054641,52.637992,On or near Willowbrook View,E01013772,Leicester 037E,Violence and sexual offences,Investigation complete; no suspect identified,
,2023-12,Leicestershire Police,Leicestershire Police,-1.052557,52.640745,On or near Bowhill Grove,E01032597,Leicester 037F,Anti-social behaviour,,
9701b30a5c107a68d1965d5fe3f710094ea678796ad14e1dbd9daf8eb71baad1,2023-12,Leicestershire Police,Leicestershire Police,-1.049624,52.641045,On or near Sunbury Green,E01032597,Leicester 037F,Criminal damage and arson,Investigation complete; no suspect identified,
1777f016ad9c45f52fd85ae072122a248060aec6454c8c60e60e745fe266aa8b,2023-12,Leicestershire Police,Leicestershire Police,-1.052557,52.640745,On or near Bowhill Grove,E01032597,Leicester 037F,Drugs,Local resolution,
f0c62b78905f733a5b39d01e48dbbe6fc53d176b9f8e113fd9539fc659a7a89a,2023-12,Leicestershire Police,Leicestershire Police,-1.053343,52.641973,On or near St Austell Road,E01032597,Leicester 037F,Other theft,Unable to prosecute suspect,
4d02d62afa7bb7abb9dcdfccd7b904f17d6d654c3d03cc1d93ec94ce9ad601c2,2023-12,Leicestershire Police,Leicestershire Police,-1.051005,52.641406,On or near Kirkwall Crescent,E01032597,Leicester 037F,Other theft,Investigation complete; no suspect identified,
4b0379522fb63f62ba0c702723a31aa536ca95c4148e4d7f4b15c271c42881b4,2023-12,Leicestershire Police,Leicestershire Police,-1.053343,52.641973,On or near St Austell Road,E01032597,Leicester 037F,Other theft,Unable to prosecute suspect,
19228369ee44fd1ab8397a0cb3e6ca844f52ebbea80da2add78881e389f7f678,2023-12,Leicestershire Police,Leicestershire Police,-1.053343,52.641973,On or near St Austell Road,E01032597,Leicester 037F,Public order,Investigation complete; no suspect identified,
1cd5787bdd9619f448b4e02266fadea797043679ae90bec3f7872c058730e5fd,2023-12,Leicestershire Police,Leicestershire Police,-1.050888,52.642062,On or near Gretna Way,E01032597,Leicester 037F,Vehicle crime,Investigation complete; no suspect identified,
87180d3f88f92fe6f4eef69539f5d9851ed102cab5dc37db1f846ba2cc3c643e,2023-12,Leicestershire Police,Leicestershire Police,-1.051630,52.640521,On or near Crief Close,E01032597,Leicester 037F,Violence and sexual offences,Action to be taken by another organisation,
1c036fd34613979dfda3db9f88b38abeeea68a86f340a1d86e55eb0a55da6c8a,2023-12,Leicestershire Police,Leicestershire Police,-1.053343,52.641973,On or near St Austell Road,E01032597,Leicester 037F,Violence and sexual offences,Unable to prosecute suspect,
efb65c241edb4b1dd1ec53785ce978904410d3b81091d25f304a75da4addae2d,2023-12,Leicestershire Police,Leicestershire Police,-1.052595,52.654688,On or near Raywell Road,E01034017,Leicester 037G,Other crime,Further action is not in the public interest,
1483ce4875a46ea3c414446767da355cfca04d4c7007e277ee37d3c33aef455d,2023-12,Leicestershire Police,Leicestershire Police,-1.052595,52.654688,On or near Raywell Road,E01034017,Leicester 037G,Other crime,Further action is not in the public interest,
060f1fa66006d30335c0904122979a624f048e8654eefcb27540647d374f028f,2023-12,Leicestershire Police,Leicestershire Police,-1.052595,52.654688,On or near Raywell Road,E01034017,Leicester 037G,Other crime,Investigation complete; no suspect identified,
,2023-12,Leicestershire Police,Leicestershire Police,-1.057811,52.651359,On or near Newlyn Parade,E01034018,Leicester 037H,Anti-social behaviour,,
8aa220de9ccd28f79937953a9de796ff6dfb0aed27947e18473b478f40f2a2bb,2023-12,Leicestershire Police,Leicestershire Police,-1.054442,52.649246,On or near Archway Road,E01034018,Leicester 037H,Burglary,Investigation complete; no suspect identified,
225489387c5086ecc56b1525b3f3330aabc83bfc65ce1fe1b74dc1fc37dd07c5,2023-12,Leicestershire Police,Leicestershire Police,-1.054902,52.650535,On or near Ivychurch Crescent,E01034018,Leicester 037H,Criminal damage and arson,Unable to prosecute suspect,
904bf0de2b7f5ff5e9f29e5e991faf3f96c8e68dfec065ef34271b9d23746672,2023-12,Leicestershire Police,Leicestershire Police,-1.051440,52.650004,On or near Rayleigh Way,E01034018,Leicester 037H,Other theft,Investigation complete; no suspect identified,
afef3edb33932c3e44a0e360bddf7e06efd32184750d19187f39b7e029f2d5e1,2023-12,Leicestershire Police,Leicestershire Police,-1.052244,52.651099,On or near Maplin Road,E01034018,Leicester 037H,Public order,Further action is not in the public interest,
70ce580ae00d990de892b15daf4ece05258d6e997169464bcb28bff8c75f7555,2023-12,Leicestershire Police,Leicestershire Police,-1.054442,52.649246,On or near Archway Road,E01034018,Leicester 037H,Violence and sexual offences,Unable to prosecute suspect,
fcaf5aa23a93d7f8b41c55c10e166ffcb857bd75757dca5a3ea1d5392c24ed6b,2023-12,Leicestershire Police,Leicestershire Police,-1.059517,52.652487,On or near Octon Close,E01034018,Leicester 037H,Violence and sexual offences,Local resolution,
ea136c2292599970cc87309c5dc50e8354e8bea87b8d00a41dd70d7ad16f416a,2023-12,Leicestershire Police,Leicestershire Police,-1.054902,52.650535,On or near Ivychurch Crescent,E01034018,Leicester 037H,Violence and sexual offences,Investigation complete; no suspect identified,
6c0d23e364afeba0d30010ca64f556abfb03de7a12429d4633b5c022750e6a39,2023-12,Leicestershire Police,Leicestershire Police,-1.054442,52.649246,On or near Archway Road,E01034018,Leicester 037H,Violence and sexual offences,Unable to prosecute suspect,
7c9927b2306af20d81c1c7712eecc83fb33a5a67408c5bb6621fe110490f63d1,2023-12,Leicestershire Police,Leicestershire Police,-1.054442,52.649246,On or near Archway Road,E01034018,Leicester 037H,Other crime,Unable to prosecute suspect,
301d94012ee17996b010fdf9433f239b355f4ced4fdc5714fe4058f9c572dd46,2023-12,Leicestershire Police,Leicestershire Police,-1.126956,52.616027,On or near Westbury Road,E01013689,Leicester 038A,Drugs,Awaiting court outcome,
c46084488e20ffb0122edeaa8df058ef039a3be9b0bd98a7c5bcff1d7b268beb,2023-12,Leicestershire Police,Leicestershire Police,-1.129457,52.618023,On or near Putney Road,E01013689,Leicester 038A,Robbery,Investigation complete; no suspect identified,
751a3240f1c93ebcfc3f2fb03ce3a740475cd83f1deff3db0f169c4e837ad9c0,2023-12,Leicestershire Police,Leicestershire Police,-1.123945,52.611474,On or near Petrol Station,E01013689,Leicester 038A,Violence and sexual offences,Court result unavailable,
aef1b5c047c95130cee499a67ce559cb689c241e07fd8467011445817d429dab,2023-12,Leicestershire Police,Leicestershire Police,-1.125821,52.612962,On or near Keble Road,E01013689,Leicester 038A,Burglary,Investigation complete; no suspect identified,
a209ae6052b5ad436013d91cb91e86358db7cf54035c22104012cb640d420adb,2023-12,Leicestershire Police,Leicestershire Police,-1.126956,52.616027,On or near Westbury Road,E01013689,Leicester 038A,Other theft,Investigation complete; no suspect identified,
3d25caf6a2a41a6e9d1b8d2777a31b347885920e883cd1d43b302459ee2fb823,2023-12,Leicestershire Police,Leicestershire Police,-1.127738,52.616069,On or near Knighton Junction Lane,E01013689,Leicester 038A,Other theft,Investigation complete; no suspect identified,
82d09f326586d975f85d45423e5ff6ee01ce349889ecb952c1b377b33752a21e,2023-12,Leicestershire Police,Leicestershire Police,-1.129457,52.618023,On or near Putney Road,E01013689,Leicester 038A,Violence and sexual offences,Unable to prosecute suspect,
e6ca437b7208c66249cb3bd3d15b1a70ae7730e4a5e8294e84016f6cccf7cd48,2023-12,Leicestershire Police,Leicestershire Police,-1.125663,52.614939,On or near Ashford Road,E01013689,Leicester 038A,Violence and sexual offences,Unable to prosecute suspect,
a2c079c3f89c0fd17c4704d6e6db7a36257b67917fefa4d0fc503a8413dab1f2,2023-12,Leicestershire Police,Leicestershire Police,-1.136272,52.605703,On or near Bloomfield Road,E01013690,Leicester 038B,Burglary,Investigation complete; no suspect identified,
508bf990c34f445954ebefc1052d912152818d7cd61e8ec50dc90f9998f7ca3d,2023-12,Leicestershire Police,Leicestershire Police,-1.123888,52.608408,On or near Great Arler Road,E01013690,Leicester 038B,Vehicle crime,Unable to prosecute suspect,
,2023-12,Leicestershire Police,Leicestershire Police,-1.128911,52.609074,On or near Aston Hill,E01013690,Leicester 038B,Anti-social behaviour,,
,2023-12,Leicestershire Police,Leicestershire Police,-1.127881,52.608860,On or near Calluna Close,E01013690,Leicester 038B,Anti-social behaviour,,
,2023-12,Leicestershire Police,Leicestershire Police,-1.128911,52.609074,On or near Aston Hill,E01013690,Leicester 038B,Anti-social behaviour,,
3a0d4e32ea59e8d6bb022950b196543d9b2e3c0aa3a71f68b95b8f0af045ad14,2023-12,Leicestershire Police,Leicestershire Police,-1.129570,52.610832,On or near Burns Street,E01013690,Leicester 038B,Burglary,Investigation complete; no suspect identified,
5838d2f302ec0c7ce7c5fbd7a6562f20a2dd9e7e5f7ce5252625c2f280753a62,2023-12,Leicestershire Police,Leicestershire Police,-1.126842,52.609140,On or near Heather Road,E01013690,Leicester 038B,Criminal damage and arson,Unable to prosecute suspect,
62fe81b66d36f1a1ab1a2f97eab2118d5df6b5ab922ed53056483587aa4c72c1,2023-12,Leicestershire Police,Leicestershire Police,-1.131583,52.612069,On or near Macaulay Street,E01013690,Leicester 038B,Criminal damage and arson,Investigation complete; no suspect identified,
70679bb221e25ddad2e78f8d1132cf55a59f88dd24f039d2a8a51233bd0d94d8,2023-12,Leicestershire Police,Leicestershire Police,-1.133498,52.611580,On or near Knighton Fields Road West,E01013690,Leicester 038B,Criminal damage and arson,Investigation complete; no suspect identified,
b24d47c86a918e44928d73a3cf28d4503baf6e8c8c8e5b27a1a4457ed7b9094a,2023-12,Leicestershire Police,Leicestershire Police,-1.129111,52.608644,On or near Knighton Lane East,E01013690,Leicester 038B,Criminal damage and arson,Investigation complete; no suspect identified,
3a2eb75ba33e352d36b1aa6007caa715500c70fbd290fa314f7b054c142999e1,2023-12,Leicestershire Police,Leicestershire Police,-1.136272,52.605703,On or near Bloomfield Road,E01013690,Leicester 038B,Drugs,Local resolution,
16cd67db8382f99cfed037a87e3a4622232fceb1e5dcd274ac349e4f6e2dea7b,2023-12,Leicestershire Police,Leicestershire Police,-1.127682,52.611438,On or near Knighton Fields Road East,E01013690,Leicester 038B,Other theft,Investigation complete; no suspect identified,
29f5d94e3ce5f8d2443a149ea240b3f13b309c72944e0d0ba05eeefa8f34bddc,2023-12,Leicestershire Police,Leicestershire Police,-1.126855,52.608475,On or near Sutton Road,E01013690,Leicester 038B,Other theft,Unable to prosecute suspect,
63ef4511b74c1e800420e2963e7a6322beab40c2e3e0a2ec2f8b1e7c8cf57f0c,2023-12,Leicestershire Police,Leicestershire Police,-1.129111,52.608644,On or near Knighton Lane East,E01013690,Leicester 038B,Vehicle crime,Investigation complete; no suspect identified,
fda45e017b4b0a84c64cd24ab3a58447725c134e932c7a89b3c3302f7e1a90c7,2023-12,Leicestershire Police,Leicestershire Police,-1.128863,52.612957,On or near Morris Road,E01013690,Leicester 038B,Vehicle crime,Investigation complete; no suspect identified,
8ce2c22db440c4f5cde5180adeac003d2156eda02b75a4902fc3ee3c91264e62,2023-12,Leicestershire Police,Leicestershire Police,-1.135351,52.604464,On or near Apple Crescent,E01013690,Leicester 038B,Violence and sexual offences,Unable to prosecute suspect,
bade4d2a6a0ec10baa67a8f0870d4c33650bba8679d7b9320512025a5dedf20f,2023-12,Leicestershire Police,Leicestershire Police,-1.123888,52.608408,On or near Great Arler Road,E01013690,Leicester 038B,Violence and sexual offences,Investigation complete; no suspect identified,
f90113ff92b1e5060412437cb5e4ee6733d7b3b33c761e50e1b705fbb9643840,2023-12,Leicestershire Police,Leicestershire Police,-1.130743,52.603055,On or near Neston Gardens,E01013690,Leicester 038B,Violence and sexual offences,Investigation complete; no suspect identified,
1a7c18c8e9116627c3f0e3622b0d2cfe5709fbc2352e9cd79e2d32618f8753c1,2023-12,Leicestershire Police,Leicestershire Police,-1.126842,52.609140,On or near Heather Road,E01013690,Leicester 038B,Violence and sexual offences,Further action is not in the public interest,
ba47c297fa2ced64dbf01735e15ca2b4e032d968e1d7b408a90ea6b74654f2db,2023-12,Leicestershire Police,Leicestershire Police,-1.123888,52.608408,On or near Great Arler Road,E01013690,Leicester 038B,Violence and sexual offences,Further action is not in the public interest,
b92b74a23371183fa90f1de2b09a34ae63d185e839e9573b6f87f3f2f4743ed0,2023-12,Leicestershire Police,Leicestershire Police,-1.123888,52.608408,On or near Great Arler Road,E01013690,Leicester 038B,Violence and sexual offences,Investigation complete; no suspect identified,
78cb579ced89a282f6c1122082f782e9238142b8789e585ad8748475c0e10087,2023-12,Leicestershire Police,Leicestershire Police,-1.134380,52.604305,On or near Holly Close,E01013690,Leicester 038B,Violence and sexual offences,Action to be taken by another organisation,
ff2a0d768201570697b549ea2bb7135d289479d78d19d74f0946ab2de783898a,2023-12,Leicestershire Police,Leicestershire Police,-1.123888,52.608408,On or near Great Arler Road,E01013690,Leicester 038B,Violence and sexual offences,Investigation complete; no suspect identified,
378185d8181b545d46b28bac35287daa5624af6ece37311b9ccc250e29ae7d72,2023-12,Leicestershire Police,Leicestershire Police,-1.126827,52.612088,On or near Wheatsheaf Way,E01013690,Leicester 038B,Violence and sexual offences,Unable to prosecute suspect,
dbfbd5c713a758de4d23df49e2f03e85b67500edd41ed31b10c079ee179e3fd3,2023-12,Leicestershire Police,Leicestershire Police,-1.126842,52.609140,On or near Heather Road,E01013690,Leicester 038B,Violence and sexual offences,Formal action is not in the public interest,
2ec53124e798d1e296b094fc860c162551efc8225edfbe513de4637d4adca613,2023-12,Leicestershire Police,Leicestershire Police,-1.126855,52.608475,On or near Sutton Road,E01013690,Leicester 038B,Violence and sexual offences,Unable to prosecute suspect,
2e36809f2b442491ac51bdad7ab819982aa06265bdaacff4caca521a48a51038,2023-12,Leicestershire Police,Leicestershire Police,-1.126855,52.608475,On or near Sutton Road,E01013690,Leicester 038B,Violence and sexual offences,Unable to prosecute suspect,
054722a4bbc72ac6f7d0ee0de87480b02948dcb9c8d3f1d8aaf3086945bcded0,2023-12,Leicestershire Police,Leicestershire Police,-1.127881,52.608860,On or near Calluna Close,E01013690,Leicester 038B,Other crime,Investigation complete; no suspect identified,
b5fb5eb8b5923c7ce99710525458855bc15221c325df4a71ffd4dc28ce92e8b4,2023-12,Leicestershire Police,Leicestershire Police,-1.123784,52.604730,On or near Pendlebury Drive,E01013705,Leicester 038C,Drugs,Local resolution,
0fadea8bd6090d5ddb1741a7bce7a7d1c88b38f345782cce4276302d54a6eb4c,2023-12,Leicestershire Police,Leicestershire Police,-1.123784,52.604730,On or near Pendlebury Drive,E01013705,Leicester 038C,Violence and sexual offences,Further action is not in the public interest,
58077257a8f9087a33332ef8580bae386835d6f262fee846856f2cabc7c10ad2,2023-12,Leicestershire Police,Leicestershire Police,-1.123784,52.604730,On or near Pendlebury Drive,E01013705,Leicester 038C,Violence and sexual offences,Unable to prosecute suspect,
1143f01663229ff207fcd828a3f984ef4eb344a6cef66128e756793fd79b1253,2023-12,Leicestershire Police,Leicestershire Police,-1.124141,52.603870,On or near Chadderton Close,E01013705,Leicester 038C,Burglary,Investigation complete; no suspect identified,
30cccfb91d5459f8b3b7b7d0cabeef1a5faef3adc87f6134b12db64d311ed186,2023-12,Leicestershire Police,Leicestershire Police,-1.117867,52.608929,On or near Gilliver Street,E01013705,Leicester 038C,Criminal damage and arson,Investigation complete; no suspect identified,
4300eb170d49be591ff17a59d9e3fd3b94e41e3fdb28908a354167d969eaecd8,2023-12,Leicestershire Police,Leicestershire Police,-1.123784,52.604730,On or near Pendlebury Drive,E01013705,Leicester 038C,Other theft,Investigation complete; no suspect identified,
0020a61ade427e4ad6dfa47a64d3d25f5b0f73df6722df9a01a5f57a50cbf1b9,2023-12,Leicestershire Police,Leicestershire Police,-1.117849,52.609118,On or near Newmarket Street,E01013705,Leicester 038C,Other theft,Investigation complete; no suspect identified,
33135750086e2557779dd82351a7266d54f3921b14d3943351a919d3cf2a75d2,2023-12,Leicestershire Police,Leicestershire Police,-1.121394,52.605396,On or near Muston Gardens,E01013705,Leicester 038C,Public order,Investigation complete; no suspect identified,
38002d8d171098de006d9a18dfd6c988c084f395b4c5870f3bf4ef4423a72b83,2023-12,Leicestershire Police,Leicestershire Police,-1.123784,52.604730,On or near Pendlebury Drive,E01013705,Leicester 038C,Public order,Unable to prosecute suspect,
150b39f8ac6bfffbf069525879d08b41c9c51b7d5fd380cccf277aab33ce8e1f,2023-12,Leicestershire Police,Leicestershire Police,-1.123784,52.604730,On or near Pendlebury Drive,E01013705,Leicester 038C,Vehicle crime,Investigation complete; no suspect identified,
1737c7e585883d2633d7fe251005780c54cfdb5246c56ca4791be4ecf48e24fa,2023-12,Leicestershire Police,Leicestershire Police,-1.123784,52.604730,On or near Pendlebury Drive,E01013705,Leicester 038C,Violence and sexual offences,Unable to prosecute suspect,
6ae42394ec0040be0915f3b0babacec319ccdbc55ce2b366184f373b456e49f4,2023-12,Leicestershire Police,Leicestershire Police,-1.121394,52.605396,On or near Muston Gardens,E01013705,Leicester 038C,Violence and sexual offences,Unable to prosecute suspect,
85b534ae7dcd3544f9317701629eb72213b38a65f1fd28f9351a29d47db0be90,2023-12,Leicestershire Police,Leicestershire Police,-1.118229,52.605633,On or near Wyndale Road,E01013705,Leicester 038C,Violence and sexual offences,Unable to prosecute suspect,
8e5356f9b516647673e9198fd896de6c7e4192131b6fd5678ea0b53adce13900,2023-12,Leicestershire Police,Leicestershire Police,-1.120314,52.606215,On or near The Cedars,E01013705,Leicester 038C,Violence and sexual offences,Court result unavailable,
0f4336ef7c5bf5cd383acd9e1d07ad567dd7463b52b7f4310d5b41e81abdcb0d,2023-12,Leicestershire Police,Leicestershire Police,-1.123784,52.604730,On or near Pendlebury Drive,E01013705,Leicester 038C,Violence and sexual offences,Action to be taken by another organisation,
db3ae72357a18fe045f1d2f523e45075ce874636837410d481b766f63a179a71,2023-12,Leicestershire Police,Leicestershire Police,-1.121394,52.605396,On or near Muston Gardens,E01013705,Leicester 038C,Violence and sexual offences,Investigation complete; no suspect identified,
385c7fd8754868a75a9e4f99f212c569ab7ab6b42454c66430da69e8d7fef415,2023-12,Leicestershire Police,Leicestershire Police,-1.121394,52.605396,On or near Muston Gardens,E01013705,Leicester 038C,Violence and sexual offences,Investigation complete; no suspect identified,
f6f959953f73e32a406a23f13395996ad16d855a0f73441e215c2c929324f1d6,2023-12,Leicestershire Police,Leicestershire Police,-1.121394,52.605396,On or near Muston Gardens,E01013705,Leicester 038C,Violence and sexual offences,Investigation complete; no suspect identified,
e034791dced1d674f27c5752e3ca0b916a8e36ac88d9e5e6339c97bb52e20e7d,2023-12,Leicestershire Police,Leicestershire Police,-1.121394,52.605396,On or near Muston Gardens,E01013705,Leicester 038C,Violence and sexual offences,Investigation complete; no suspect identified,
24feed1827fc203e9efa2b41ae0698f0c8bcbe5d1e0b6ba88b80bd67cb155701,2023-12,Leicestershire Police,Leicestershire Police,-1.121394,52.605396,On or near Muston Gardens,E01013705,Leicester 038C,Violence and sexual offences,Investigation complete; no suspect identified,
997a945efb10b71aa983a6d65d704a0fec3a536e923dd8f5d754112df32ee170,2023-12,Leicestershire Police,Leicestershire Police,-1.121629,52.599527,On or near Northdene Road,E01013709,Leicester 038D,Burglary,Investigation complete; no suspect identified,
9105c8700922d5dca5e469cdaa6af4763bff358009b8da5e0dfc95ca5136c7a4,2023-12,Leicestershire Police,Leicestershire Police,-1.121629,52.599527,On or near Northdene Road,E01013709,Leicester 038D,Other theft,Investigation complete; no suspect identified,
f781c3eb9e25735358748e2d15e28839060ba450794d32203fd0cfee11fc32e1,2023-12,Leicestershire Police,Leicestershire Police,-1.124769,52.601249,On or near Oakdene Road,E01013709,Leicester 038D,Public order,Investigation complete; no suspect identified,
b234036eb6914820d4752814fefeaabee924960752712273460ea3d49a284b20,2023-12,Leicestershire Police,Leicestershire Police,-1.121629,52.599527,On or near Northdene Road,E01013709,Leicester 038D,Public order,Investigation complete; no suspect identified,
d916cc206d9b5ef1c18e13175ebd8ce69b0353ceb09a40758724998d7d0a25bd,2023-12,Leicestershire Police,Leicestershire Police,-1.121800,52.601317,On or near Fairholme Road,E01013709,Leicester 038D,Violence and sexual offences,Unable to prosecute suspect,
,2023-12,Leicestershire Police,Leicestershire Police,-1.120204,52.598446,On or near Shackerdale Road,E01032599,Leicester 038E,Anti-social behaviour,,
,2023-12,Leicestershire Police,Leicestershire Police,-1.119372,52.600913,On or near Aberdale Road,E01032599,Leicester 038E,Anti-social behaviour,,
48b1f95c0fe8d88c5591ad17d8c39cf1821ff17db2cdfda222d1a2eb580da6e4,2023-12,Leicestershire Police,Leicestershire Police,-1.119372,52.600913,On or near Aberdale Road,E01032599,Leicester 038E,Criminal damage and arson,Investigation complete; no suspect identified,
cbbed7973a31331a32cbbedb9e81f8a022de471baea1d19710920013fe6bdd65,2023-12,Leicestershire Police,Leicestershire Police,-1.115586,52.599032,On or near Hillcrest Road,E01032599,Leicester 038E,Criminal damage and arson,Investigation complete; no suspect identified,
0ee0901b24af9a80dec8bc6ebbfecff48806aa33980f74e69b5f1c569d073f30,2023-12,Leicestershire Police,Leicestershire Police,-1.118063,52.599195,On or near Asquith Way,E01032599,Leicester 038E,Criminal damage and arson,Investigation complete; no suspect identified,
e5a707b52ab6e4c3907b19688bf51c717a9a5629fbb67b78c684e9345367b584,2023-12,Leicestershire Police,Leicestershire Police,-1.120900,52.598317,On or near Asquith Boulevard,E01032599,Leicester 038E,Other theft,Investigation complete; no suspect identified,
0e83c31e4184ee15c774dacc5af5195a58514fbec237eb37711b606aa7c93b3f,2023-12,Leicestershire Police,Leicestershire Police,-1.118063,52.599195,On or near Asquith Way,E01032599,Leicester 038E,Other theft,Investigation complete; no suspect identified,
5cf0e9ca548d5730d3d3b6068d7a2b1f5b7b0bd34e16fcd34dd0d1e8c5b69782,2023-12,Leicestershire Police,Leicestershire Police,-1.120204,52.598446,On or near Shackerdale Road,E01032599,Leicester 038E,Public order,Investigation complete; no suspect identified,
61f271d4120fdb926ec3a49685602e223c8e4d29870ec97b324b410866be19ec,2023-12,Leicestershire Police,Leicestershire Police,-1.120204,52.598446,On or near Shackerdale Road,E01032599,Leicester 038E,Shoplifting,Investigation complete; no suspect identified,
b8481c6a8954bfe7500bfa9cdded157a202535e4ea9b407162b79143b6bf54ef,2023-12,Leicestershire Police,Leicestershire Police,-1.120204,52.598446,On or near Shackerdale Road,E01032599,Leicester 038E,Shoplifting,Court result unavailable,
940b56b9712c89c329009b071e59bd3c07c44b86768a6ac4a63bbb1392cee9e3,2023-12,Leicestershire Police,Leicestershire Police,-1.119372,52.600913,On or near Aberdale Road,E01032599,Leicester 038E,Vehicle crime,Investigation complete; no suspect identified,
43471778e5567175c0ca248d5b74efa24601d5e5b1a8053daad5992e78e95f9f,2023-12,Leicestershire Police,Leicestershire Police,-1.114800,52.599188,On or near Hillcrest Road,E01032599,Leicester 038E,Violence and sexual offences,Investigation complete; no suspect identified,
d692839aac843dde138f82cedf92daf8aae9ad45e802db08d9849c854f6cdbf7,2023-12,Leicestershire Police,Leicestershire Police,-1.120204,52.598446,On or near Shackerdale Road,E01032599,Leicester 038E,Violence and sexual offences,Unable to prosecute suspect,
9dabbc762c036efb1b4e54b60cdadb4632ae0e117529716ca634e1bb1a749881,2023-12,Leicestershire Police,Leicestershire Police,-1.114121,52.598419,On or near Welford Road,E01032599,Leicester 038E,Violence and sexual offences,Unable to prosecute suspect,
7088af1516c749176c5f684058dd9f66fd2601bce356352d4ac0198ac116e9f0,2023-12,Leicestershire Police,Leicestershire Police,-1.119372,52.600913,On or near Aberdale Road,E01032599,Leicester 038E,Violence and sexual offences,Unable to prosecute suspect,
2ffaf06e3870696dce3270c362a9bc5244a488cea2c590906b114fc67aedfee1,2023-12,Leicestershire Police,Leicestershire Police,-1.178427,52.651681,On or near Groby Road Gardens,E01013722,Leicester 039A,Other theft,Unable to prosecute suspect,
1a62498f07fdce9915f21d9d9c1f50cef21f0d3ff01db44e11f39e524476c03e,2023-12,Leicestershire Police,Leicestershire Police,-1.179715,52.648399,On or near Keightley Road,E01013722,Leicester 039A,Burglary,Investigation complete; no suspect identified,
aa012699cd5e0fcaa4918f19234eab2001f6ad4a9c809a746a8733001908abfa,2023-12,Leicestershire Police,Leicestershire Police,-1.181475,52.651513,On or near Holmwood Court,E01013722,Leicester 039A,Burglary,Investigation complete; no suspect identified,
58c5df3987e487b3bfc0e7be5a465ea116c353768a5eeccba316287b846d57df,2023-12,Leicestershire Police,Leicestershire Police,-1.178427,52.651681,On or near Groby Road Gardens,E01013722,Leicester 039A,Criminal damage and arson,Unable to prosecute suspect,
013f5a70bd709c23a2d7018c0e5e9a3f5eec857af105ac04bb2be6a5093abdd1,2023-12,Leicestershire Police,Leicestershire Police,-1.181579,52.648304,On or near Goldfinch Close,E01013722,Leicester 039A,Criminal damage and arson,Investigation complete; no suspect identified,
17b8c628a3b5c2fc2d1cc11d1c7aee36872ad948acb987503278446a4f4eb4d7,2023-12,Leicestershire Police,Leicestershire Police,-1.181579,52.648304,On or near Goldfinch Close,E01013722,Leicester 039A,Criminal damage and arson,Unable to prosecute suspect,
84dfa1a17b4cb7193f35564a66698a74fa8e8a208a52ca50fed2a52a5085f210,2023-12,Leicestershire Police,Leicestershire Police,-1.179715,52.648399,On or near Keightley Road,E01013722,Leicester 039A,Criminal damage and arson,Investigation complete; no suspect identified,
d610c50c85e9c3abbae80295beaa82a753f57014b48dcabf3b868b22e2407f28,2023-12,Leicestershire Police,Leicestershire Police,-1.178427,52.651681,On or near Groby Road Gardens,E01013722,Leicester 039A,Other theft,Unable to prosecute suspect,
9035f158e7debaed0a2ea2ee7d7f5fd572b853ddd3d762da10c84500df59a947,2023-12,Leicestershire Police,Leicestershire Police,-1.181377,52.649651,On or near Styon Road,E01013722,Leicester 039A,Other theft,Investigation complete; no suspect identified,
34de1cbbe61161f5f0b7e77cf8f124d910e7efe87762c28d31f7f99c2fc62ffc,2023-12,Leicestershire Police,Leicestershire Police,-1.178427,52.651681,On or near Groby Road Gardens,E01013722,Leicester 039A,Other theft,Investigation complete; no suspect identified,
de1b5e47d8aa28ecb3e5f337c218b12264f61546552e6f8fd08aad2f10d7d378,2023-12,Leicestershire Police,Leicestershire Police,-1.181579,52.648304,On or near Goldfinch Close,E01013722,Leicester 039A,Public order,Unable to prosecute suspect,
0a92a66ce735a498347b65edecc4dee4de7beb69b392307b3662217c6e69f288,2023-12,Leicestershire Police,Leicestershire Police,-1.178427,52.651681,On or near Groby Road Gardens,E01013722,Leicester 039A,Public order,Unable to prosecute suspect,
ffe059ba2438f33f9d8d7526593c102d0f25818b61a8aa5b70d51544438e85e4,2023-12,Leicestershire Police,Leicestershire Police,-1.176440,52.650462,On or near Dillon Way,E01013722,Leicester 039A,Vehicle crime,Investigation complete; no suspect identified,
7a917a33c4d63e5437f8502a68376ad4d2abbb3d8c06ca9489f186135ee464b3,2023-12,Leicestershire Police,Leicestershire Police,-1.177639,52.648789,On or near Dillon Rise,E01013722,Leicester 039A,Vehicle crime,Unable to prosecute suspect,
cac8460b1809e592abb134e8e0eb1d604e11b679f240184c1e9ebce58298ae6a,2023-12,Leicestershire Police,Leicestershire Police,-1.179715,52.648399,On or near Keightley Road,E01013722,Leicester 039A,Vehicle crime,Investigation complete; no suspect identified,
eb8d525cfc1b214adff82172d7bfb13889624cd491926beac4d01fa24e2a1ecc,2023-12,Leicestershire Police,Leicestershire Police,-1.177639,52.648789,On or near Dillon Rise,E01013722,Leicester 039A,Violence and sexual offences,Unable to prosecute suspect,
c2f3bb50f8c1d0b75e77a5bc910beab974ef1ee2a0cfb685d408dfd1be36f297,2023-12,Leicestershire Police,Leicestershire Police,-1.176464,52.649150,On or near Dillon Road,E01013722,Leicester 039A,Violence and sexual offences,Unable to prosecute suspect,
133b3148cacae3efc0f8087d79358919b99a7464f126d678402dae292d36deed,2023-12,Leicestershire Police,Leicestershire Police,-1.178427,52.651681,On or near Groby Road Gardens,E01013722,Leicester 039A,Violence and sexual offences,Action to be taken by another organisation,
56a98e680cc60ea3497fee9e52e0fa349b7db7be1fefe5fbf3893cd593dbb313,2023-12,Leicestershire Police,Leicestershire Police,-1.182066,52.648398,On or near Dunnock Court,E01013722,Leicester 039A,Violence and sexual offences,Unable to prosecute suspect,
f848252b407fb6bb8d4865f561fdc4dd25f4a869fbe6c3fa3c853fc2dba0b6ac,2023-12,Leicestershire Police,Leicestershire Police,-1.176464,52.649150,On or near Dillon Road,E01013722,Leicester 039A,Violence and sexual offences,Unable to prosecute suspect,
b0108310d226befd4b3f4667b2b871e4c1550e40fb4e2541e8bab4ad0edc91cd,2023-12,Leicestershire Police,Leicestershire Police,-1.175577,52.650735,On or near Weatherburn Close,E01013722,Leicester 039A,Violence and sexual offences,Unable to prosecute suspect,
8b5012f5459a40640e1a19ae21eaf81685adc20ad437066c2bf1881acd68f2e7,2023-12,Leicestershire Police,Leicestershire Police,-1.176464,52.649150,On or near Dillon Road,E01013722,Leicester 039A,Violence and sexual offences,Unable to prosecute suspect,
0e2f60fc625e017d040c0c390b87228e8b410c9c0c4dc426a6a29664434178d5,2023-12,Leicestershire Police,Leicestershire Police,-1.174391,52.650924,On or near Amhurst Close,E01013722,Leicester 039A,Violence and sexual offences,Unable to prosecute suspect,
7df74a615f7a58960646dcf1ceb764d23187cf9394ab6738830ed095000068fe,2023-12,Leicestershire Police,Leicestershire Police,-1.176464,52.649150,On or near Dillon Road,E01013722,Leicester 039A,Violence and sexual offences,Unable to prosecute suspect,
38fe7a4c573e1edfc3e192888fd86331f4d986d04cfa1a07d646a966569e14b5,2023-12,Leicestershire Police,Leicestershire Police,-1.182066,52.648398,On or near Dunnock Court,E01013722,Leicester 039A,Violence and sexual offences,Local resolution,
a74667dc4683111eaef9739984d8c0c50c95c137e179b6cd02a2a65e2aea09f2,2023-12,Leicestershire Police,Leicestershire Police,-1.177639,52.648789,On or near Dillon Rise,E01013722,Leicester 039A,Violence and sexual offences,Unable to prosecute suspect,
6fbe92af4f6c40df79ab8479fc129583f2cb2d7f13a2d4b53453edc1244e03f9,2023-12,Leicestershire Police,Leicestershire Police,-1.178427,52.651681,On or near Groby Road Gardens,E01013722,Leicester 039A,Violence and sexual offences,Unable to prosecute suspect,
18cdf155c65f0e2aeee3bce33d020047a28da425dcbfe0e87ae3718e5709189e,2023-12,Leicestershire Police,Leicestershire Police,-1.174391,52.650924,On or near Amhurst Close,E01013722,Leicester 039A,Violence and sexual offences,Unable to prosecute suspect,
5c1630fc2a39df80a7c6cc85279e8352747d34eda7f08bf1b19e3cf65895847b,2023-12,Leicestershire Police,Leicestershire Police,-1.176464,52.649150,On or near Dillon Road,E01013722,Leicester 039A,Violence and sexual offences,Unable to prosecute suspect,
720a5e6416653f4fa83025bfc151125075b4c0fc1dfe2e36d7d15895ec928105,2023-12,Leicestershire Police,Leicestershire Police,-1.174391,52.650924,On or near Amhurst Close,E01013722,Leicester 039A,Violence and sexual offences,Unable to prosecute suspect,
f1adeeb42d00cab685c0fc11a68c6b91e237817b7586e718e7a2646edc4a09ee,2023-12,Leicestershire Police,Leicestershire Police,-1.178427,52.651681,On or near Groby Road Gardens,E01013722,Leicester 039A,Violence and sexual offences,Unable to prosecute suspect,
b3dc50a5286b1c89dc32d45bb871b5410363ec5bcecde224f19f5ea41b7636d7,2023-12,Leicestershire Police,Leicestershire Police,-1.176464,52.649150,On or near Dillon Road,E01013722,Leicester 039A,Violence and sexual offences,Unable to prosecute suspect,
31a1b62cb4617f510a10b98137d7d36317fe3db77b454ac2c4e70cb4bd27b5f6,2023-12,Leicestershire Police,Leicestershire Police,-1.192493,52.640009,On or near Liberty Road,E01013727,Leicester 039B,Violence and sexual offences,Unable to prosecute suspect,
,2023-12,Leicestershire Police,Leicestershire Police,-1.188779,52.638672,On or near Cropston Close,E01013727,Leicester 039B,Anti-social behaviour,,
,2023-12,Leicestershire Police,Leicestershire Police,-1.188779,52.638672,On or near Cropston Close,E01013727,Leicester 039B,Anti-social behaviour,,
814e07463b33ddf7136444efa72dddbb8322e9fe885614ee1b858e40dc601b29,2023-12,Leicestershire Police,Leicestershire Police,-1.193608,52.640458,On or near Dupont Gardens,E01013727,Leicester 039B,Criminal damage and arson,Unable to prosecute suspect,
eecbbf32697f0f7959cfa2c5d85e0919fd7a812896957df1a154076042d3ae7c,2023-12,Leicestershire Police,Leicestershire Police,-1.193608,52.640458,On or near Dupont Gardens,E01013727,Leicester 039B,Other theft,Unable to prosecute suspect,
f56cf49da2cbce7d5bce24cfeec0bd25d74af9f093ae20f89b6bb333f9b5bf7e,2023-12,Leicestershire Police,Leicestershire Police,-1.197320,52.641103,On or near Cranstone Crescent,E01013727,Leicester 039B,Possession of weapons,Investigation complete; no suspect identified,
1dbc28df6fd82f7a31c69acd0e6b7039ffa6f9a444b3e51008e6fc87bd11b2b9,2023-12,Leicestershire Police,Leicestershire Police,-1.188779,52.638672,On or near Cropston Close,E01013727,Leicester 039B,Public order,Unable to prosecute suspect,
c00377a73a56b7693286107820ec42b98cf43ac120cb1af09e669be9566f0071,2023-12,Leicestershire Police,Leicestershire Police,-1.188593,52.642302,On or near Bringhurst Road,E01013727,Leicester 039B,Public order,Investigation complete; no suspect identified,
9f96239af720194b2a134f04d884e7c91745cba9c457d781f253634877378028,2023-12,Leicestershire Police,Leicestershire Police,-1.191232,52.637061,On or near Supermarket,E01013727,Leicester 039B,Shoplifting,Investigation complete; no suspect identified,
06f7f3ea994ea55eb1a4d351f40e7d7c785a8e02961137d9feb788d340da0fdb,2023-12,Leicestershire Police,Leicestershire Police,-1.191755,52.639168,On or near Ormen Green,E01013727,Leicester 039B,Vehicle crime,Investigation complete; no suspect identified,
327207806879281d593788d3085b5b085025de0eaa20d48c729de70c14dd00a6,2023-12,Leicestershire Police,Leicestershire Police,-1.188633,52.640927,On or near Drayton Road,E01013727,Leicester 039B,Violence and sexual offences,Unable to prosecute suspect,
2dbc66efd1b86d5da17a5a0ac13efdc34562a3e28d9723c3af630e792d248e9e,2023-12,Leicestershire Police,Leicestershire Police,-1.190869,52.638299,On or near Sacheverel Road,E01013727,Leicester 039B,Violence and sexual offences,Unable to prosecute suspect,
9cca95e87a87902a50d9505cdc3f47c479405532ccb5abf2304bd911522d0e1e,2023-12,Leicestershire Police,Leicestershire Police,-1.193608,52.640458,On or near Dupont Gardens,E01013727,Leicester 039B,Violence and sexual offences,Unable to prosecute suspect,
c989abb02bdad880ebf0f07eff1b01a347663d2a3d3274850a1b13c57fb9e096,2023-12,Leicestershire Police,Leicestershire Police,-1.188655,52.639785,On or near Allexton Gardens,E01013727,Leicester 039B,Violence and sexual offences,Investigation complete; no suspect identified,
120609fcf0303171d8409f724c8d09cd222ecc07c9a6374a7d3b2e5fc21e9f96,2023-12,Leicestershire Police,Leicestershire Police,-1.191065,52.637303,On or near Whitman Close,E01013727,Leicester 039B,Violence and sexual offences,Investigation complete; no suspect identified,
c9f1c91b368d46c25c737ba17b9d99d45fc2e930f98e876934ca0dce2c464a2b,2023-12,Leicestershire Police,Leicestershire Police,-1.191065,52.637303,On or near Whitman Close,E01013727,Leicester 039B,Violence and sexual offences,Investigation complete; no suspect identified,
5da71791313657410cb6ae499197d96660a5e3778ac0026364a3a686a6613bc3,2023-12,Leicestershire Police,Leicestershire Police,-1.193608,52.640458,On or near Dupont Gardens,E01013727,Leicester 039B,Violence and sexual offences,Unable to prosecute suspect,
26b55ebaea4c44456689a3446ef5d2cf07fb21bf4933d06ee052c386154f74af,2023-12,Leicestershire Police,Leicestershire Police,-1.198137,52.639230,On or near Yew Tree Drive,E01013730,Leicester 039C,Burglary,Investigation complete; no suspect identified,
a452f8cf00097e402214ea660c32ad3b172138cc7817a6542cb517a2a45f9103,2023-12,Leicestershire Police,Leicestershire Police,-1.196354,52.639775,On or near Tatlow Road,E01013730,Leicester 039C,Vehicle crime,Court result unavailable,
b7ceeb49adafa1d18dd2e715adb9510e09a5f26d311b9a0dede5a92d5f266a77,2023-12,Leicestershire Police,Leicestershire Police,-1.198137,52.639230,On or near Yew Tree Drive,E01013730,Leicester 039C,Violence and sexual offences,Unable to prosecute suspect,
aef9fa9c0a5f110b16978a0094f53d10f21c0fa56a3d697258c352d39ca4c411,2023-12,Leicestershire Police,Leicestershire Police,-1.198137,52.639230,On or near Yew Tree Drive,E01013730,Leicester 039C,Violence and sexual offences,Unable to prosecute suspect,
,2023-12,Leicestershire Police,Leicestershire Police,-1.196354,52.639775,On or near Tatlow Road,E01013730,Leicester 039C,Anti-social behaviour,,
,2023-12,Leicestershire Police,Leicestershire Police,-1.198137,52.639230,On or near Yew Tree Drive,E01013730,Leicester 039C,Anti-social behaviour,,
,2023-12,Leicestershire Police,Leicestershire Police,-1.199655,52.639483,On or near Mulberry Avenue,E01013730,Leicester 039C,Anti-social behaviour,,
444fdf5a173c8fea838fed2b19abf134e2110ff946d74316afcd3098768b1636,2023-12,Leicestershire Police,Leicestershire Police,-1.192241,52.634434,On or near Outwood Close,E01013730,Leicester 039C,Burglary,Unable to prosecute suspect,
5ec59cdb22323e45aa6e295dd1b32a723109f5f3aa8300223badd3b6b6f6890e,2023-12,Leicestershire Police,Leicestershire Police,-1.198155,52.640695,On or near Ibbetson Avenue,E01013730,Leicester 039C,Burglary,Court result unavailable,
ef5774beb91c4593a6fc549de54cd004c1eb343164abc2f74186b52f7de70055,2023-12,Leicestershire Police,Leicestershire Police,-1.196279,52.637428,On or near Rowanberry Avenue,E01013730,Leicester 039C,Criminal damage and arson,Investigation complete; no suspect identified,
23a319c7145c7334bd999a283f5021abdc96b0922936d87886d4bee3acc5679f,2023-12,Leicestershire Police,Leicestershire Police,-1.196279,52.637428,On or near Rowanberry Avenue,E01013730,Leicester 039C,Criminal damage and arson,Investigation complete; no suspect identified,
bdb513812efffd01ba64f34a47e9b77b9e48eb35e64b31943a9767588b2de3fc,2023-12,Leicestershire Police,Leicestershire Police,-1.196279,52.637428,On or near Rowanberry Avenue,E01013730,Leicester 039C,Criminal damage and arson,Unable to prosecute suspect,
5fb9f172e2b6089f14335e68c00f3ce4903c568c17489da6188b045c07c3cf29,2023-12,Leicestershire Police,Leicestershire Police,-1.192241,52.634434,On or near Outwood Close,E01013730,Leicester 039C,Other theft,Unable to prosecute suspect,
a27bd004360651287b00c2b813d1c3d57a573b0cc7d8daad44547853c4556587,2023-12,Leicestershire Police,Leicestershire Police,-1.196358,52.640350,On or near Forbes Close,E01013730,Leicester 039C,Other theft,Investigation complete; no suspect identified,
be677bb442415465354c195969f748c9941c3a24dc0300e8906c586092a6261e,2023-12,Leicestershire Police,Leicestershire Police,-1.196279,52.637428,On or near Rowanberry Avenue,E01013730,Leicester 039C,Public order,Unable to prosecute suspect,
59d8b610a4b1627dd14db05610abab6f6d83c0c11da8419cf49890c65d84a6fe,2023-12,Leicestershire Police,Leicestershire Police,-1.199655,52.639483,On or near Mulberry Avenue,E01013730,Leicester 039C,Public order,Court result unavailable,
ea4698b952f12626a82ba9b9018394e741746d5272704b5750ba645b093df5b0,2023-12,Leicestershire Police,Leicestershire Police,-1.196358,52.640350,On or near Forbes Close,E01013730,Leicester 039C,Vehicle crime,Investigation complete; no suspect identified,
a8eb2f9f851b9b2be7d8af99df6a83f04d5f4f28758d00177124c3611672a9d9,2023-12,Leicestershire Police,Leicestershire Police,-1.199655,52.639483,On or near Mulberry Avenue,E01013730,Leicester 039C,Vehicle crime,Investigation complete; no suspect identified,
c7e43b47ce416716b3f0b9ca95c6bbd2a844e46c3ebe821c27fbf787fd9be8f3,2023-12,Leicestershire Police,Leicestershire Police,-1.198137,52.639230,On or near Yew Tree Drive,E01013730,Leicester 039C,Violence and sexual offences,Unable to prosecute suspect,
8db34cd9b0d91fa8c30a2cfa4f3136138d1e96a6798bcab25b46b9724b5e81e6,2023-12,Leicestershire Police,Leicestershire Police,-1.192241,52.634434,On or near Outwood Close,E01013730,Leicester 039C,Violence and sexual offences,Unable to prosecute suspect,
928aff4cc21df2488519ab72af7eba3eee13591779f2547c0f2df45cfb966010,2023-12,Leicestershire Police,Leicestershire Police,-1.196354,52.639775,On or near Tatlow Road,E01013730,Leicester 039C,Violence and sexual offences,Unable to prosecute suspect,
8af5c251318cf16ea04497dbad955acca06d78587a9ba6e27c2db70fdcb4d9fb,2023-12,Leicestershire Police,Leicestershire Police,-1.193648,52.635855,On or near Cuffling Close,E01013730,Leicester 039C,Violence and sexual offences,Unable to prosecute suspect,
732a37abd253f333de58b4b0b31f89cab2adaebaf8802f299f83c1ade0d6990c,2023-12,Leicestershire Police,Leicestershire Police,-1.196354,52.639775,On or near Tatlow Road,E01013730,Leicester 039C,Violence and sexual offences,Court result unavailable,
f012ec6181d02d8af06943e5210ff4ab4988508db457f0dd117cd4c1b75a86dd,2023-12,Leicestershire Police,Leicestershire Police,-1.192241,52.634434,On or near Outwood Close,E01013730,Leicester 039C,Violence and sexual offences,Unable to prosecute suspect,
d79b87837d69a9369283cc03adbe8da16130f53a4f14f29a036eeff2e8935ddd,2023-12,Leicestershire Police,Leicestershire Police,-1.192241,52.634434,On or near Outwood Close,E01013730,Leicester 039C,Violence and sexual offences,Unable to prosecute suspect,
d7fbff5b9afb962597e4247153805d964f73f061088cbb7756f8b617d23cad04,2023-12,Leicestershire Police,Leicestershire Police,-1.192241,52.634434,On or near Outwood Close,E01013730,Leicester 039C,Violence and sexual offences,Investigation complete; no suspect identified,
3b562439367074b9a0db264c70652c3462b66065db090a2d50ae0144f6f2b951,2023-12,Leicestershire Police,Leicestershire Police,-1.192241,52.634434,On or near Outwood Close,E01013730,Leicester 039C,Violence and sexual offences,Unable to prosecute suspect,
63455ca3e9ece444d6b63ed94fba3c73a4b1c942cebf12ba2725f84c755d6c25,2023-12,Leicestershire Police,Leicestershire Police,-1.192241,52.634434,On or near Outwood Close,E01013730,Leicester 039C,Violence and sexual offences,Investigation complete; no suspect identified,
b542bd3969e983fe19de792b86b88dc89fd41c6ae9c52a4ac1563d32d496c017,2023-12,Leicestershire Police,Leicestershire Police,-1.199448,52.637081,On or near Denham Close,E01013731,Leicester 039D,Violence and sexual offences,Further action is not in the public interest,
,2023-12,Leicestershire Police,Leicestershire Police,-1.199790,52.637776,On or near Ganton Road,E01013731,Leicester 039D,Anti-social behaviour,,
,2023-12,Leicestershire Police,Leicestershire Police,-1.199003,52.635541,On or near Ryder Road,E01013731,Leicester 039D,Anti-social behaviour,,
0cbe65c7869c78f3fb150ef772ffeef0befa17ecbbf0a26732e8a959aaaf9912,2023-12,Leicestershire Police,Leicestershire Police,-1.200898,52.635320,On or near Hollinwell Close,E01013731,Leicester 039D,Criminal damage and arson,Investigation complete; no suspect identified,
cd8b62a10488844e8d52fe29eba221a46bff2538587eb5e8023334cb4397ea00,2023-12,Leicestershire Police,Leicestershire Police,-1.193221,52.634162,On or near Brookdale Road,E01013731,Leicester 039D,Criminal damage and arson,Unable to prosecute suspect,
c87483aa0fa53285f064661cbb59f22be8394374b16ddd689ed097bb112fd342,2023-12,Leicestershire Police,Leicestershire Police,-1.199448,52.637081,On or near Denham Close,E01013731,Leicester 039D,Other theft,Investigation complete; no suspect identified,
504770aa6c0487ad16091f8e8e5f20269a17496a492af43d6297ad57b5ddaa18,2023-12,Leicestershire Police,Leicestershire Police,-1.199003,52.635541,On or near Ryder Road,E01013731,Leicester 039D,Public order,Investigation complete; no suspect identified,
a26057076ecd62fd93dd8b3ce9c15d94f5a8b7eabdd1771ae3b94047e1ad61ae,2023-12,Leicestershire Police,Leicestershire Police,-1.198805,52.636654,On or near Oakdale Close,E01013731,Leicester 039D,Public order,Unable to prosecute suspect,
d63c1d8726eb06a6f97ccb53ab94a68bb9add8a6b9d401094ad7ff96b567c650,2023-12,Leicestershire Police,Leicestershire Police,-1.200898,52.635320,On or near Hollinwell Close,E01013731,Leicester 039D,Public order,Unable to prosecute suspect,
01350bff1636317c893896a83933a29cdbdd0256015a4a1450f100bdc62980a3,2023-12,Leicestershire Police,Leicestershire Police,-1.199003,52.635541,On or near Ryder Road,E01013731,Leicester 039D,Shoplifting,Investigation complete; no suspect identified,
6acc9cb1b27cbae05d5bf03a6a5dd0ed6a335f8db331e25d4b2793220ffdeb3d,2023-12,Leicestershire Police,Leicestershire Police,-1.199003,52.635541,On or near Ryder Road,E01013731,Leicester 039D,Shoplifting,Investigation complete; no suspect identified,
53d506eb36535141a7832eede5db8a9a3ad27cc67ea51a33b72e21fd5a9a269a,2023-12,Leicestershire Police,Leicestershire Police,-1.199003,52.635541,On or near Ryder Road,E01013731,Leicester 039D,Shoplifting,Investigation complete; no suspect identified,
f746a5151fac15cdc165b4c2984cec91ff0581aa7f517d103287ae957f2522c4,2023-12,Leicestershire Police,Leicestershire Police,-1.194366,52.633756,On or near Cathkin Close,E01013731,Leicester 039D,Vehicle crime,Investigation complete; no suspect identified,
b965af94a1d601052a99f924c604ae06465831ce6ead082a71f6305f989b86c2,2023-12,Leicestershire Police,Leicestershire Police,-1.197843,52.635110,On or near Glenrothes Close,E01013731,Leicester 039D,Violence and sexual offences,Unable to prosecute suspect,
029fa2ed61043bca43e1b53ec1c2be929cb678e4b2353e3c4abc3e6256d46a4d,2023-12,Leicestershire Police,Leicestershire Police,-1.198805,52.636654,On or near Oakdale Close,E01013731,Leicester 039D,Violence and sexual offences,Unable to prosecute suspect,
e2683c894c762c58c2ed2707dab794fb088964a610d04cd1e32e9af94e6200be,2023-12,Leicestershire Police,Leicestershire Police,-1.199448,52.637081,On or near Denham Close,E01013731,Leicester 039D,Violence and sexual offences,Further investigation is not in the public interest,
ca0907f8c99ba9d79080103d80cbe339eac245ad0e3035dd79ab35e2b4aaacb7,2023-12,Leicestershire Police,Leicestershire Police,-1.197567,52.636466,On or near Chainama Close,E01013731,Leicester 039D,Violence and sexual offences,Unable to prosecute suspect,
20dfd852e7ade3a846fa57ad03c3960608f44572fe97019266e67a7075d4cc7f,2023-12,Leicestershire Police,Leicestershire Police,-1.196142,52.634425,On or near Belfry Drive,E01013731,Leicester 039D,Violence and sexual offences,Unable to prosecute suspect,
552d8840b623fa82d169e28ac42521f52fcf1a3d4e0ba4933673de6a472494e7,2023-12,Leicestershire Police,Leicestershire Police,-1.193482,52.633651,On or near Elsham Close,E01013731,Leicester 039D,Violence and sexual offences,Investigation complete; no suspect identified,
67559f973ce986d9dc2ac60d7018028f01494f62b0b227a9d7be8e88da96f011,2023-12,Leicestershire Police,Leicestershire Police,-1.199448,52.637081,On or near Denham Close,E01013731,Leicester 039D,Violence and sexual offences,Investigation complete; no suspect identified,
2104f6b277f949f698991e9a27e6828c226c0b9f09a0ff613a88785427f7acdf,2023-12,Leicestershire Police,Leicestershire Police,-1.196142,52.634425,On or near Belfry Drive,E01013731,Leicester 039D,Violence and sexual offences,Unable to prosecute suspect,
8843260ec16448cb2fb1fb33dc2c730474c2a43de74008cef68671c9c37924c8,2023-12,Leicestershire Police,Leicestershire Police,-1.196142,52.634425,On or near Belfry Drive,E01013731,Leicester 039D,Violence and sexual offences,Unable to prosecute suspect,
90444927ac9e77387db22166da78f4591109a6ff6b231953868fdc698cf47071,2023-12,Leicestershire Police,Leicestershire Police,-1.186020,52.643184,On or near Musson Road,E01032602,Leicester 039E,Violence and sexual offences,Unable to prosecute suspect,
058afa897aa4221ae1bbdc80ee97af001359b25d482831c13f1efe5f784be929,2023-12,Leicestershire Police,Leicestershire Police,-1.185588,52.641760,On or near Chadwell Road,E01032602,Leicester 039E,Burglary,Investigation complete; no suspect identified,
28ecfb3abb9a25b85584f52b4a21c8a47b23154c4add8084862cbfc090fd66cd,2023-12,Leicestershire Police,Leicestershire Police,-1.187202,52.642392,On or near Kerrial Road,E01032602,Leicester 039E,Drugs,Local resolution,
c5537fa0ab8882ec3b5cf438b44a8b0abeef158799a45eedcbd840ddd843939d,2023-12,Leicestershire Police,Leicestershire Police,-1.187202,52.642392,On or near Kerrial Road,E01032602,Leicester 039E,Public order,Local resolution,
df1e1329cd54601eac2de4a881ca04d3a34cdaaa50f472592bc4efeb18970f31,2023-12,Leicestershire Police,Leicestershire Police,-1.185588,52.641760,On or near Chadwell Road,E01032602,Leicester 039E,Vehicle crime,Investigation complete; no suspect identified,
fb856422b025139ee7a5afd6280af719f2c57e517c1f2b2554e5915498d24c14,2023-12,Leicestershire Police,Leicestershire Police,-1.181145,52.646234,On or near Heays Close,E01032602,Leicester 039E,Vehicle crime,Investigation complete; no suspect identified,
78b3cabc500205613a5c282c59c6b117409e39a82ca6733358d4828609fe12df,2023-12,Leicestershire Police,Leicestershire Police,-1.181724,52.647703,On or near Battersbee Way,E01032602,Leicester 039E,Violence and sexual offences,Unable to prosecute suspect,
3af091771b67d4a764d74437adc7bb68d794bf34aa9d6070f333b02862ab3c32,2023-12,Leicestershire Police,Leicestershire Police,-1.138404,52.621217,On or near Pavilion Close,E01013648,Leicester 040C,Violence and sexual offences,Investigation complete; no suspect identified,
68e6c6c689b4aeb145f798d7d5e55d8ac0aebbe964a65ca7b2aa11aaf5c0255f,2023-12,Leicestershire Police,Leicestershire Police,-1.142456,52.627045,On or near Eastern Boulevard,E01013648,Leicester 040C,Violence and sexual offences,Unable to prosecute suspect,
e25b7b3b0cad983bede9ca5166037beb4d7d6f7d88cb6f1c6bf61b386f1cfbff,2023-12,Leicestershire Police,Leicestershire Police,-1.141891,52.624946,On or near Coniston Avenue,E01013648,Leicester 040C,Violence and sexual offences,Investigation complete; no suspect identified,
,2023-12,Leicestershire Police,Leicestershire Police,-1.138014,52.620491,On or near Sports/Recreation Area,E01013648,Leicester 040C,Anti-social behaviour,,
633e3f58d1a0431222cdb2263ac6cb9e6b69828bb4b2bd7118ba494c2f8cfd41,2023-12,Leicestershire Police,Leicestershire Police,-1.139451,52.622807,On or near Burnmoor Street,E01013648,Leicester 040C,Criminal damage and arson,Investigation complete; no suspect identified,
536d3a33a261765a348722512ec89bb3afcfa672cc6cd4adea0e532050619067,2023-12,Leicestershire Police,Leicestershire Police,-1.140927,52.624409,On or near Filbert Street,E01013648,Leicester 040C,Criminal damage and arson,Unable to prosecute suspect,
ee83818901707e1327c005406696f0dc01ab27af6b613e41b74ceb402bcc4faa,2023-12,Leicestershire Police,Leicestershire Police,-1.141891,52.624946,On or near Coniston Avenue,E01013648,Leicester 040C,Criminal damage and arson,Unable to prosecute suspect,
fdec20b24f547471e167afca9b5dd1925e73326e36f7fead3d937a7bbbebdef7,2023-12,Leicestershire Police,Leicestershire Police,-1.138165,52.621821,On or near Sports/Recreation Area,E01013648,Leicester 040C,Criminal damage and arson,Investigation complete; no suspect identified,
8be54822d7b92fdb4c2854ca6b699fbe4388fe3a15d71877d11d722f6710aaa8,2023-12,Leicestershire Police,Leicestershire Police,-1.140875,52.627052,On or near Ullswater Street,E01013648,Leicester 040C,Drugs,Court result unavailable,
5fd56d095873b9a72bb2e1db6366f0c3ed969762a9fc527efaf0cbcad030d89e,2023-12,Leicestershire Police,Leicestershire Police,-1.138404,52.621217,On or near Pavilion Close,E01013648,Leicester 040C,Drugs,Further investigation is not in the public interest,
db5484bc0758251cc251f2706aa0417eac6b5869fa60ee2fcfe6955b3e912942,2023-12,Leicestershire Police,Leicestershire Police,-1.139814,52.626936,On or near Grasmere Street,E01013648,Leicester 040C,Drugs,Status update unavailable,
b70e10f16903837becb9c02cad3a16db685645af79c63190d815765594275e9f,2023-12,Leicestershire Police,Leicestershire Police,-1.140941,52.623681,On or near Lineker Road,E01013648,Leicester 040C,Drugs,Local resolution,
722c0fbe9917e3c3293c7ba3d387cc834c7497990d0e7c0ecefd8b06edb5712b,2023-12,Leicestershire Police,Leicestershire Police,-1.138404,52.621217,On or near Pavilion Close,E01013648,Leicester 040C,Drugs,Local resolution,
53e5dfb9b2df6a37943427332354a22a6b60e831386a0355aec270acdcf8999b,2023-12,Leicestershire Police,Leicestershire Police,-1.138404,52.621217,On or near Pavilion Close,E01013648,Leicester 040C,Drugs,Unable to prosecute suspect,
38077924de3ff9ebec6c089cb669b73156298ccfb23b450203f881db92865a7d,2023-12,Leicestershire Police,Leicestershire Police,-1.140875,52.627052,On or near Ullswater Street,E01013648,Leicester 040C,Drugs,Investigation complete; no suspect identified,
e2edb8a15648fe1c956fe6b814f694d70dd479e1190bf11232d76254ecb65093,2023-12,Leicestershire Police,Leicestershire Police,-1.138404,52.621217,On or near Pavilion Close,E01013648,Leicester 040C,Other theft,Investigation complete; no suspect identified,
48dca2a032a27bc89697971859075851f3f6e95973a4a1b3f14caa9e73d1b28b,2023-12,Leicestershire Police,Leicestershire Police,-1.142394,52.628717,On or near Mill Lane,E01013648,Leicester 040C,Other theft,Investigation complete; no suspect identified,
5bae971173f1b6bdb6017c33fdee232257e3ba8a81c730ccebcd46c4c4b7f2ea,2023-12,Leicestershire Police,Leicestershire Police,-1.141891,52.624946,On or near Coniston Avenue,E01013648,Leicester 040C,Other theft,Investigation complete; no suspect identified,
f3777910c335aa8af6337ae09e1151f0617086cb79525f7a3f63602cd9deb318,2023-12,Leicestershire Police,Leicestershire Police,-1.139814,52.626936,On or near Grasmere Street,E01013648,Leicester 040C,Other theft,Investigation complete; no suspect identified,
8fa555fb59cc790e47df9fd392258b66031281f8941ad2d06d5ada655e53c9fc,2023-12,Leicestershire Police,Leicestershire Police,-1.138014,52.620491,On or near Sports/Recreation Area,E01013648,Leicester 040C,Other theft,Investigation complete; no suspect identified,
02cda6b6bf0409b923d0a6591942a284c6ccf8b9700bbcf89ed78171b8c30945,2023-12,Leicestershire Police,Leicestershire Police,-1.138404,52.621217,On or near Pavilion Close,E01013648,Leicester 040C,Other theft,Investigation complete; no suspect identified,
a759236644f7a9ea039037f1fbd8b3e7174f90945ab870a601ff9f3a6e47aa67,2023-12,Leicestershire Police,Leicestershire Police,-1.138404,52.621217,On or near Pavilion Close,E01013648,Leicester 040C,Public order,Local resolution,
6b77739d628cbe64fb45c4393514d8de3922915faeda82d9844379f32ceb36e5,2023-12,Leicestershire Police,Leicestershire Police,-1.140899,52.625820,On or near Windermere Street,E01013648,Leicester 040C,Public order,Unable to prosecute suspect,
08e87f3f86e744d11b1457a160356d7d40845d7bb0a608b0768f4fe6ac1e6d3a,2023-12,Leicestershire Police,Leicestershire Police,-1.138404,52.621217,On or near Pavilion Close,E01013648,Leicester 040C,Public order,Investigation complete; no suspect identified,
27f915507e816ea0f30d589e5a0a1561968ee827d5eb149dfac7d180b86302ac,2023-12,Leicestershire Police,Leicestershire Police,-1.140899,52.625820,On or near Windermere Street,E01013648,Leicester 040C,Public order,Investigation complete; no suspect identified,
f926e13c64177443cff11ab7a292bd754d0ea2e8575ae6e046dde4a8a9ac5d0d,2023-12,Leicestershire Police,Leicestershire Police,-1.137031,52.624174,On or near Filbert Street East,E01013648,Leicester 040C,Public order,Further investigation is not in the public interest,
79bf4467fbc55d41eca5580d491574045ee976463fe0287f3367dcc79c7c5b87,2023-12,Leicestershire Police,Leicestershire Police,-1.140941,52.623681,On or near Lineker Road,E01013648,Leicester 040C,Public order,Investigation complete; no suspect identified,
dba11909d29cc8813b26f4c187349dcbdff0652c5f867affc22cceba9965a99d,2023-12,Leicestershire Police,Leicestershire Police,-1.138014,52.620491,On or near Sports/Recreation Area,E01013648,Leicester 040C,Public order,Local resolution,
b6dd2d3ab0dc751d087eff7ccb54fa9fb9a8450f77aa4b499ad316e4da7fe727,2023-12,Leicestershire Police,Leicestershire Police,-1.142394,52.628717,On or near Mill Lane,E01013648,Leicester 040C,Shoplifting,Investigation complete; no suspect identified,
b8321807f24ce81059ba1b2410aebab318a560065c5fe8e00ccc214d1d0ab746,2023-12,Leicestershire Police,Leicestershire Police,-1.142394,52.628717,On or near Mill Lane,E01013648,Leicester 040C,Shoplifting,Investigation complete; no suspect identified,
60139b6f719de5f5f2ef7a94253881f805909ecb00d2bd129d047c0f43745d80,2023-12,Leicestershire Police,Leicestershire Police,-1.139814,52.626936,On or near Grasmere Street,E01013648,Leicester 040C,Vehicle crime,Investigation complete; no suspect identified,
b55a1b51d38e536a6434cde4a50971f39f894f95b1902027bd0516524f6d41a1,2023-12,Leicestershire Police,Leicestershire Police,-1.140927,52.624409,On or near Filbert Street,E01013648,Leicester 040C,Vehicle crime,Investigation complete; no suspect identified,
ccd7c342a0a3d42c2ca36bc146d0e835605dca9ca87b959cd239594e7a94ed28,2023-12,Leicestershire Police,Leicestershire Police,-1.140927,52.624409,On or near Filbert Street,E01013648,Leicester 040C,Vehicle crime,Investigation complete; no suspect identified,
a968599e32fbac3d406bd5b72e8e042de0a334536cf99d9f83a365bff8b31a59,2023-12,Leicestershire Police,Leicestershire Police,-1.137277,52.623681,On or near Hazel Street,E01013648,Leicester 040C,Vehicle crime,Investigation complete; no suspect identified,
2b0b8fe9d04eef5a461d381a28f100e5df200f21eecc9776c342618103fc7dc0,2023-12,Leicestershire Police,Leicestershire Police,-1.141877,52.627212,On or near Rydal Street,E01013648,Leicester 040C,Violence and sexual offences,Local resolution,
809153a8e4bf781afb19f232f00a9d96357b38e3513afb5863277f475e0a3e21,2023-12,Leicestershire Police,Leicestershire Police,-1.139451,52.622807,On or near Burnmoor Street,E01013648,Leicester 040C,Violence and sexual offences,Unable to prosecute suspect,
ba101c88ae6d3c6fdcde20b2ff2c04798fbdde39396081e493abc91f57e2df8a,2023-12,Leicestershire Police,Leicestershire Police,-1.142394,52.628717,On or near Mill Lane,E01013648,Leicester 040C,Violence and sexual offences,Unable to prosecute suspect,
28a171a493dbc7e9f3e51d34146668e3868acc2d9aa1d23c7cf3209292f0e427,2023-12,Leicestershire Police,Leicestershire Police,-1.140899,52.625820,On or near Windermere Street,E01013648,Leicester 040C,Violence and sexual offences,Investigation complete; no suspect identified,
4cdbc438fe007680fa930183dd965f79be40847b9fa51c380e04c605e7ee63f8,2023-12,Leicestershire Police,Leicestershire Police,-1.138404,52.621217,On or near Pavilion Close,E01013648,Leicester 040C,Violence and sexual offences,Local resolution,
a2da0169ef2a0e9a407a52d7ed6537192017b51999c759dfdd3d5964ed9a3af6,2023-12,Leicestershire Police,Leicestershire Police,-1.138404,52.621217,On or near Pavilion Close,E01013648,Leicester 040C,Violence and sexual offences,Unable to prosecute suspect,
f49d163d6fb484458213a42680b727085ced7d08bbd241aa90819d8db1bb8fd8,2023-12,Leicestershire Police,Leicestershire Police,-1.140875,52.627052,On or near Ullswater Street,E01013648,Leicester 040C,Violence and sexual offences,Court result unavailable,
fa1290c86277fbe29141838955f22f9205af76b4ffa6110ab223c4957c7b9341,2023-12,Leicestershire Police,Leicestershire Police,-1.138014,52.620491,On or near Sports/Recreation Area,E01013648,Leicester 040C,Violence and sexual offences,Investigation complete; no suspect identified,
1494347d0c67540969f86f2bed0960d145fef960ad743c7d509a059e427fb2f0,2023-12,Leicestershire Police,Leicestershire Police,-1.137031,52.624174,On or near Filbert Street East,E01013648,Leicester 040C,Violence and sexual offences,Investigation complete; no suspect identified,
d5ec97b20283e465278c665559c4d3ad0e0fd094d62ca477d2775e304991bd19,2023-12,Leicestershire Police,Leicestershire Police,-1.138014,52.620491,On or near Sports/Recreation Area,E01013648,Leicester 040C,Violence and sexual offences,Unable to prosecute suspect,
bfc99b1be58851404735b857dd1a3c58b7dd583d485c412ec1ccf6f8c0d6e753,2023-12,Leicestershire Police,Leicestershire Police,-1.140875,52.627052,On or near Ullswater Street,E01013648,Leicester 040C,Violence and sexual offences,Court result unavailable,
acccedce1c09615809468fef285590b5fe55bd5732e9aeda1df6373293bfd998,2023-12,Leicestershire Police,Leicestershire Police,-1.140875,52.627052,On or near Ullswater Street,E01013648,Leicester 040C,Other crime,Investigation complete; no suspect identified,
59b0b6e35160b6e5fc5a5ec3f067fdd45187f1661d5e0f696029e507a05e1d15,2023-12,Leicestershire Police,Leicestershire Police,-1.119649,52.630519,On or near Seymour Street,E01034019,Leicester 040E,Violence and sexual offences,Unable to prosecute suspect,
,2023-12,Leicestershire Police,Leicestershire Police,-1.121102,52.630287,On or near College Street,E01034019,Leicester 040E,Anti-social behaviour,,
,2023-12,Leicestershire Police,Leicestershire Police,-1.122350,52.629928,On or near Prebend Street,E01034019,Leicester 040E,Anti-social behaviour,,
,2023-12,Leicestershire Police,Leicestershire Police,-1.120978,52.631302,On or near Lincoln Street,E01034019,Leicester 040E,Anti-social behaviour,,
,2023-12,Leicestershire Police,Leicestershire Police,-1.127802,52.625500,On or near Lancaster Road,E01034019,Leicester 040E,Anti-social behaviour,,
f66f0059ee275eb8df8b61eac3243cff7bc442fec3a6292be844e365b885d259,2023-12,Leicestershire Police,Leicestershire Police,-1.123255,52.630510,On or near Glebe Street,E01034019,Leicester 040E,Bicycle theft,Investigation complete; no suspect identified,
8643be7ca4c2912225548a3195b3b8c3bad1f6dd85d9425a6c542d6178b2b8de,2023-12,Leicestershire Police,Leicestershire Police,-1.123255,52.630510,On or near Glebe Street,E01034019,Leicester 040E,Burglary,Investigation complete; no suspect identified,
621b535dbd9808d2af61a9e6783e6e194b4352b17b0fd7652d955cba5b53b532,2023-12,Leicestershire Police,Leicestershire Police,-1.123495,52.628812,On or near De Montfort Place,E01034019,Leicester 040E,Criminal damage and arson,Investigation complete; no suspect identified,
5f499e5fde1bd32f94d9047407f7053a15f05473f2ee17e84cc02ff4a5c65b77,2023-12,Leicestershire Police,Leicestershire Police,-1.120978,52.631302,On or near Lincoln Street,E01034019,Leicester 040E,Criminal damage and arson,Unable to prosecute suspect,
1ba461c955935c3249f5cb65aa04f4e7919d44607594c7d68274339ed988fb4c,2023-12,Leicestershire Police,Leicestershire Police,-1.120978,52.631302,On or near Lincoln Street,E01034019,Leicester 040E,Criminal damage and arson,Investigation complete; no suspect identified,
57c17c4f7052f5e366814927c273d6e331caa0697272c815e459d67cf431f86c,2023-12,Leicestershire Police,Leicestershire Police,-1.122887,52.631190,On or near Andover Street,E01034019,Leicester 040E,Criminal damage and arson,Court result unavailable,
9ed93c47bd72befe99c0b9063fe9f0c05d820c0012bec80d1c5ec2d4148fabf2,2023-12,Leicestershire Police,Leicestershire Police,-1.122887,52.631190,On or near Andover Street,E01034019,Leicester 040E,Criminal damage and arson,Unable to prosecute suspect,
2e9e69a881631a08b6a641f7bf7e28d54034cfa75c1d24cccdd9f8e3398a5c57,2023-12,Leicestershire Police,Leicestershire Police,-1.123241,52.633431,On or near Swain Street,E01034019,Leicester 040E,Drugs,Formal action is not in the public interest,
36855ca718b4af4d06369056a1934e51e6927369fc2e3dddafbda64a4773c765,2023-12,Leicestershire Police,Leicestershire Police,-1.123241,52.633431,On or near Swain Street,E01034019,Leicester 040E,Other theft,Investigation complete; no suspect identified,
f3a686d0be4900d733c39dae01411acbe7124c4c1a63d1bb503ab289634017f2,2023-12,Leicestershire Police,Leicestershire Police,-1.124594,52.630034,On or near Nelson Street,E01034019,Leicester 040E,Other theft,Investigation complete; no suspect identified,
3d8add4663af08784544a51f9b1f04b4425a48313eefe3b6a7f7ab2e5f359bc8,2023-12,Leicestershire Police,Leicestershire Police,-1.123255,52.630510,On or near Glebe Street,E01034019,Leicester 040E,Other theft,Investigation complete; no suspect identified,
9d45ef7bb548c42dc10bdafce8a50d4da4e3fc6498ec7a23496b121ba7d1681f,2023-12,Leicestershire Police,Leicestershire Police,-1.122430,52.628148,On or near Further/Higher Educational Building,E01034019,Leicester 040E,Other theft,Investigation complete; no suspect identified,
d0fed61e107cf162e5052176dc2bfc46e8549b60d911c77b1d7a2e9a57365ed4,2023-12,Leicestershire Police,Leicestershire Police,-1.127802,52.625500,On or near Lancaster Road,E01034019,Leicester 040E,Other theft,Investigation complete; no suspect identified,
77bbab41cceeb438ae3bcb3807a76f21b92ed86ec9fd939017c81a3e2a40b2ea,2023-12,Leicestershire Police,Leicestershire Police,-1.126994,52.630429,On or near Ashwell Street,E01034019,Leicester 040E,Possession of weapons,Status update unavailable,
fca344ad54b9c6cb0f814727effe8f41cc61e6aea827f038a089b07b35c31370,2023-12,Leicestershire Police,Leicestershire Police,-1.121102,52.630287,On or near College Street,E01034019,Leicester 040E,Public order,Investigation complete; no suspect identified,
9d22f683ec6a25eec3729472a0b7c49d12ada12eb50a786efe48975716f9849a,2023-12,Leicestershire Police,Leicestershire Police,-1.122887,52.631190,On or near Andover Street,E01034019,Leicester 040E,Public order,Unable to prosecute suspect,
80240115516329394a270107473b674f9072be2ab5954c14bba8287bab66ab1b,2023-12,Leicestershire Police,Leicestershire Police,-1.122887,52.631190,On or near Andover Street,E01034019,Leicester 040E,Public order,Court result unavailable,
cda063661c3818f0e9b9e842a556454614d15be5e358b36b0162e15dae85463e,2023-12,Leicestershire Police,Leicestershire Police,-1.120978,52.631302,On or near Lincoln Street,E01034019,Leicester 040E,Public order,Local resolution,
45fe5e7ff86db7723d28f913fa6a0982546f83d285828d1542ec05c7e9166b64,2023-12,Leicestershire Police,Leicestershire Police,-1.123241,52.633431,On or near Swain Street,E01034019,Leicester 040E,Public order,Unable to prosecute suspect,
be81951a381585c9913ef2f7b1f9a5c72ebf9aa878187d7e0b3018128869d0e3,2023-12,Leicestershire Police,Leicestershire Police,-1.120978,52.631302,On or near Lincoln Street,E01034019,Leicester 040E,Public order,Unable to prosecute suspect,
f90f0c3e4b39c1d935c18b173602363f96023197d34e8bf7409a62c7d011dba8,2023-12,Leicestershire Police,Leicestershire Police,-1.126994,52.630429,On or near Ashwell Street,E01034019,Leicester 040E,Public order,Local resolution,
943ff17df020598c6e6e23f973c78226a2b6116133209663e33b3a36a0dbba10,2023-12,Leicestershire Police,Leicestershire Police,-1.122156,52.630043,On or near Brookhouse Street,E01034019,Leicester 040E,Public order,Status update unavailable,
a49cd12ab3586023ccddaeed54ec2427de937e3c647cef5d084d64224c9bfe8c,2023-12,Leicestershire Police,Leicestershire Police,-1.124594,52.630034,On or near Nelson Street,E01034019,Leicester 040E,Shoplifting,Investigation complete; no suspect identified,
0a1c7097bd3f2a4819066f74437c7e4a45fd15296dbdb2313442160965c83a34,2023-12,Leicestershire Police,Leicestershire Police,-1.124594,52.630034,On or near Nelson Street,E01034019,Leicester 040E,Shoplifting,Investigation complete; no suspect identified,
932fcbe5643cdbbfe64ab63860595b3f343086879f0737ec40470c45c7fd9c09,2023-12,Leicestershire Police,Leicestershire Police,-1.122297,52.628911,On or near College Walk,E01034019,Leicester 040E,Theft from the person,Investigation complete; no suspect identified,
db0900e8c5209ac209cd15377f094f527e46731a0c9283edefb76ff154368827,2023-12,Leicestershire Police,Leicestershire Police,-1.120259,52.626631,On or near Upper New Walk,E01034019,Leicester 040E,Vehicle crime,Investigation complete; no suspect identified,
e71a41f73f9f0f5bea76aa8421b3cee777d9cd54c7001f3a6fab55692aa67bcc,2023-12,Leicestershire Police,Leicestershire Police,-1.122887,52.631190,On or near Andover Street,E01034019,Leicester 040E,Violence and sexual offences,Court result unavailable,
6fea92eb81c26bc3dbbf50118ee36b415820395110ee1048a584959bbe8e2255,2023-12,Leicestershire Police,Leicestershire Police,-1.119635,52.631238,On or near Sparkenhoe Street,E01034019,Leicester 040E,Violence and sexual offences,Unable to prosecute suspect,
cc44971a9a7682e1ad4d07730cf641f9c9d3012b157e18ce0e1da2e8c71a64c6,2023-12,Leicestershire Police,Leicestershire Police,-1.120978,52.631302,On or near Lincoln Street,E01034019,Leicester 040E,Violence and sexual offences,Unable to prosecute suspect,
36300d092d15884833505875bc7fa71050abc337d5befdf368ab0b354bfa6421,2023-12,Leicestershire Police,Leicestershire Police,-1.125038,52.630747,On or near A6,E01034019,Leicester 040E,Violence and sexual offences,Unable to prosecute suspect,
6a6aedb6422df5e8943dacc41cb5ea91f17b26bcab203524b91d9881f7f16bf6,2023-12,Leicestershire Police,Leicestershire Police,-1.122887,52.631190,On or near Andover Street,E01034019,Leicester 040E,Violence and sexual offences,Unable to prosecute suspect,
c0a1cf57378fd4bfb373173d69360fbb011cd3be92406233769b047e7a619a7d,2023-12,Leicestershire Police,Leicestershire Police,-1.123030,52.627703,On or near The Oval,E01034019,Leicester 040E,Violence and sexual offences,Investigation complete; no suspect identified,
1b1aa0eff13d9a2a12ccf211abd5d4b34005bffb4c9adc438e8d30ab7a036ac3,2023-12,Leicestershire Police,Leicestershire Police,-1.126994,52.630429,On or near Ashwell Street,E01034019,Leicester 040E,Violence and sexual offences,Unable to prosecute suspect,
0cc5f45388a8307b0ed16e5ae596fd833fc5080c4a348a1a7b8410b6e97e695b,2023-12,Leicestershire Police,Leicestershire Police,-1.126994,52.630429,On or near Ashwell Street,E01034019,Leicester 040E,Violence and sexual offences,Status update unavailable,
a0110363873b8d5d76a48ad7f84fbad5d15a190c80450432ecd6a4f58305a670,2023-12,Leicestershire Police,Leicestershire Police,-1.120978,52.631302,On or near Lincoln Street,E01034019,Leicester 040E,Violence and sexual offences,Investigation complete; no suspect identified,
79d578a34858f8408a2f62b133573a6e6fcc07fd2fa8ed4b6f6cab96ce455b72,2023-12,Leicestershire Police,Leicestershire Police,-1.122887,52.631190,On or near Andover Street,E01034019,Leicester 040E,Violence and sexual offences,Unable to prosecute suspect,
52739aa18bb79872f26c70210228b76b56e7c986a2d833825365076dccc8821b,2023-12,Leicestershire Police,Leicestershire Police,-1.124594,52.630034,On or near Nelson Street,E01034019,Leicester 040E,Violence and sexual offences,Investigation complete; no suspect identified,
1e5cc1dc80dc5fe984fccb4238b95a8b233b597ec8a94b6c2f96928bc38e6bfe,2023-12,Leicestershire Police,Leicestershire Police,-1.123241,52.633431,On or near Swain Street,E01034019,Leicester 040E,Violence and sexual offences,Court result unavailable,
af75ea0e30ead9acdc5375324454f53f3d3c402fe097e307f30764571d56f4fc,2023-12,Leicestershire Police,Leicestershire Police,-1.126994,52.630429,On or near Ashwell Street,E01034019,Leicester 040E,Violence and sexual offences,Unable to prosecute suspect,
1ec93aeab3a47532736d4133028a4f78500de5d4af0cefb1122d7d48024bf013,2023-12,Leicestershire Police,Leicestershire Police,-1.126994,52.630429,On or near Ashwell Street,E01034019,Leicester 040E,Violence and sexual offences,Investigation complete; no suspect identified,
4197c5411f5a0225035fbef12ed23bdc2d35b59ee70587f99c900c61277247ab,2023-12,Leicestershire Police,Leicestershire Police,-1.123030,52.627703,On or near The Oval,E01034019,Leicester 040E,Violence and sexual offences,Unable to prosecute suspect,
0cfe9a79bdc3d7baff9bb45aa9fc952fe3bbeaf4686cfffcecfe7d4843a3d246,2023-12,Leicestershire Police,Leicestershire Police,-1.122887,52.631190,On or near Andover Street,E01034019,Leicester 040E,Violence and sexual offences,Unable to prosecute suspect,
6756cfbc677c7ed31cd6ad7b4d0febaec3576e022d161cb11a861295be3c488e,2023-12,Leicestershire Police,Leicestershire Police,-1.135961,52.626782,On or near Hospital,E01034020,Leicester 040F,Other theft,Unable to prosecute suspect,
cb772d11b1b96bdbd689d14e2963d10ce42bf32e7edae56731a47310b899df44,2023-12,Leicestershire Police,Leicestershire Police,-1.139615,52.625748,On or near Thirlmere Street,E01034020,Leicester 040F,Possession of weapons,Offender given a caution,
0f814650e8eaf1d2eca21a588637bf15bde57c0d0bec1f986337e6fbbdd4cb79,2023-12,Leicestershire Police,Leicestershire Police,-1.135961,52.626782,On or near Hospital,E01034020,Leicester 040F,Public order,Unable to prosecute suspect,
dc97f458596fde347f8e6b4a02a62f01fef23297f43b87561539fb5a46896798,2023-12,Leicestershire Police,Leicestershire Police,-1.135961,52.626782,On or near Hospital,E01034020,Leicester 040F,Public order,Court result unavailable,
5ebe356a648f7871bef242b239501f160cb4d38bfe2fac0f0b00202a9893583a,2023-12,Leicestershire Police,Leicestershire Police,-1.140129,52.625264,On or near Sports/Recreation Area,E01034020,Leicester 040F,Robbery,Further action is not in the public interest,
eb3b188de4d1d5e4a00ff84a8e6e2abd45dbb9dd134e6165e8781e3336ba276c,2023-12,Leicestershire Police,Leicestershire Police,-1.135961,52.626782,On or near Hospital,E01034020,Leicester 040F,Violence and sexual offences,Unable to prosecute suspect,
01862cba52c3761df193d893131188b52b7d1ff8a97f668fc1e5da11dcb80de5,2023-12,Leicestershire Police,Leicestershire Police,-1.135961,52.626782,On or near Hospital,E01034020,Leicester 040F,Violence and sexual offences,Unable to prosecute suspect,
b21aea3988eceb60502302dbcbe609530acef95dee16a61ffe510118f1fda268,2023-12,Leicestershire Police,Leicestershire Police,-1.135961,52.626782,On or near Hospital,E01034020,Leicester 040F,Violence and sexual offences,Unable to prosecute suspect,
,2023-12,Leicestershire Police,Leicestershire Police,-1.134096,52.629187,On or near Carlton Street,E01034020,Leicester 040F,Anti-social behaviour,,
,2023-12,Leicestershire Police,Leicestershire Police,-1.135961,52.626782,On or near Hospital,E01034020,Leicester 040F,Anti-social behaviour,,
4eb445b99be535d2f24f27450d018058b9bff1d145f42f03cfc5d16c4f640a6e,2023-12,Leicestershire Police,Leicestershire Police,-1.133133,52.630061,On or near Mill Street,E01034020,Leicester 040F,Bicycle theft,Investigation complete; no suspect identified,
7b8a5c4463d47f466c4438a8e097bc62389de4e22ced9a1e14fe8c41fe9f569c,2023-12,Leicestershire Police,Leicestershire Police,-1.137684,52.629294,On or near Further/Higher Educational Building,E01034020,Leicester 040F,Bicycle theft,Investigation complete; no suspect identified,
1dd302e84f9e36467f7a04bb03e2461d00bcd9c9cbcdf3ade22e80d5bbcf2863,2023-12,Leicestershire Police,Leicestershire Police,-1.134642,52.629982,On or near Lower Brown Street,E01034020,Leicester 040F,Bicycle theft,Investigation complete; no suspect identified,
8bef7f7038729c7ec67dc21e4be54defdffa068376ec2545da34a5b8d61ef79f,2023-12,Leicestershire Police,Leicestershire Police,-1.140873,52.630162,On or near Newarke Close,E01034020,Leicester 040F,Bicycle theft,Investigation complete; no suspect identified,
5fb79b949be62c9046846f33f44cae0dd244e1e262ccb5534f76573ebcbfc874,2023-12,Leicestershire Police,Leicestershire Police,-1.134642,52.629982,On or near Lower Brown Street,E01034020,Leicester 040F,Bicycle theft,Investigation complete; no suspect identified,
7393b63b3def65203a7948e082d8a2792baa716319fb9971acd6888434e45036,2023-12,Leicestershire Police,Leicestershire Police,-1.137410,52.625975,On or near Farndale Close,E01034020,Leicester 040F,Criminal damage and arson,Unable to prosecute suspect,
bcaeb2a96248ba336580d7f955b787cc50c3fb89a31b55e4dd2f7261c8cc31d5,2023-12,Leicestershire Police,Leicestershire Police,-1.135961,52.626782,On or near Hospital,E01034020,Leicester 040F,Criminal damage and arson,Court result unavailable,
8501d028d65183da07b7432243f5167506d76c47de3d7524d8d7de99250813b7,2023-12,Leicestershire Police,Leicestershire Police,-1.135961,52.626782,On or near Hospital,E01034020,Leicester 040F,Criminal damage and arson,Court result unavailable,
f780e90df36b02e384311841316ef01cd06937880039fe851c2648f26edccdba,2023-12,Leicestershire Police,Leicestershire Police,-1.135961,52.626782,On or near Hospital,E01034020,Leicester 040F,Criminal damage and arson,Unable to prosecute suspect,
3a83e59d2cdda396ee15108db3b277e5bf80b02e561b6d47a0701611db83b0a2,2023-12,Leicestershire Police,Leicestershire Police,-1.135039,52.627818,On or near Infirmary Close,E01034020,Leicester 040F,Criminal damage and arson,Unable to prosecute suspect,
8d2256bc041430e629383f2a5d9aec445d5931441d5e3e828d72da2c8e1104a0,2023-12,Leicestershire Police,Leicestershire Police,-1.135961,52.626782,On or near Hospital,E01034020,Leicester 040F,Criminal damage and arson,Unable to prosecute suspect,
f6a14b929379e214b846f537bc2c89b8814cc5481cb98a24ece2e8510e8b9c46,2023-12,Leicestershire Police,Leicestershire Police,-1.134642,52.629982,On or near Lower Brown Street,E01034020,Leicester 040F,Criminal damage and arson,Investigation complete; no suspect identified,
0d63e085493a81493719ba044503ad3889fbe66bf859ad33e03b424b23f26071,2023-12,Leicestershire Police,Leicestershire Police,-1.139615,52.625748,On or near Thirlmere Street,E01034020,Leicester 040F,Drugs,Status update unavailable,
6b83c5013ba89acf738cb108a7c6edea5bb393023eca98275e64d5989e2cc7a0,2023-12,Leicestershire Police,Leicestershire Police,-1.134642,52.629982,On or near Lower Brown Street,E01034020,Leicester 040F,Drugs,Local resolution,
6631ce218e99aa0bd5589bf0ba010f634664f467ffbd184c03a1bd2ebf5b7162,2023-12,Leicestershire Police,Leicestershire Police,-1.135039,52.627818,On or near Infirmary Close,E01034020,Leicester 040F,Other theft,Investigation complete; no suspect identified,
d499c842e64262e86a86ee8d46a754bce83fc33b6dbc0e21cb376dee438a6982,2023-12,Leicestershire Police,Leicestershire Police,-1.135961,52.626782,On or near Hospital,E01034020,Leicester 040F,Other theft,Investigation complete; no suspect identified,
b98071c5e3ee2577d1c06ccedcbeb563245df46d96b9fbffeeb30db587dd409c,2023-12,Leicestershire Police,Leicestershire Police,-1.135961,52.626782,On or near Hospital,E01034020,Leicester 040F,Other theft,Investigation complete; no suspect identified,
75528d089b71ba46bdd344cc5e67cc9cd6583f592181dc4360cc64bde8471f58,2023-12,Leicestershire Police,Leicestershire Police,-1.132917,52.629772,On or near Parking Area,E01034020,Leicester 040F,Other theft,Unable to prosecute suspect,
9afea610984ae6afbf5d2eda2a3c89ca87d2cc72e135377b65ac7b85ab927836,2023-12,Leicestershire Police,Leicestershire Police,-1.132917,52.629772,On or near Parking Area,E01034020,Leicester 040F,Other theft,Investigation complete; no suspect identified,
e6b4464540c8d5b305b87225afe0b1011a614bc7cec1b22c5899c0a33b211b95,2023-12,Leicestershire Police,Leicestershire Police,-1.140129,52.625264,On or near Sports/Recreation Area,E01034020,Leicester 040F,Other theft,Investigation complete; no suspect identified,
a240b521ade13b3eccdbd7a4a8f310c51470bca786d3cf746994d1a6f0288319,2023-12,Leicestershire Police,Leicestershire Police,-1.135961,52.626782,On or near Hospital,E01034020,Leicester 040F,Other theft,Investigation complete; no suspect identified,
844f18d87ccf130bce4c636e3a2b862dd638e946887ebff60549e4c8c2c9c4db,2023-12,Leicestershire Police,Leicestershire Police,-1.137064,52.628543,On or near Henshaw Street,E01034020,Leicester 040F,Other theft,Investigation complete; no suspect identified,
84a584bc08adf84224baefdc900851c0b1074485c8b9b48dbf9f048f6add6e08,2023-12,Leicestershire Police,Leicestershire Police,-1.136425,52.629483,On or near Grange Lane,E01034020,Leicester 040F,Other theft,Investigation complete; no suspect identified,
c6efd05a8a25b9d7179f91b16a39bcb903b6c26697363a003aaec401aaff3ee3,2023-12,Leicestershire Police,Leicestershire Police,-1.135961,52.626782,On or near Hospital,E01034020,Leicester 040F,Other theft,Investigation complete; no suspect identified,
ea5ce93c6946820b43a2e842859562cbf91465cd06fa3bbc0812e5b68b8f97aa,2023-12,Leicestershire Police,Leicestershire Police,-1.136425,52.629483,On or near Grange Lane,E01034020,Leicester 040F,Public order,Local resolution,
88b922b5f716430a1c9c0bc477fbcc196c5e03f2eb42c33ad889160a7d7e8055,2023-12,Leicestershire Police,Leicestershire Police,-1.135754,52.625297,On or near Hospital,E01034020,Leicester 040F,Public order,Court result unavailable,
e1170b1a4f402035cb48afc9c78e624d0c30458d143655fa524c273e3e03e20a,2023-12,Leicestershire Police,Leicestershire Police,-1.134642,52.629982,On or near Lower Brown Street,E01034020,Leicester 040F,Public order,Local resolution,
f467d4da663170749da301cf042e8edacef45ba7659e2dff0572d19510291c1d,2023-12,Leicestershire Police,Leicestershire Police,-1.132917,52.629772,On or near Parking Area,E01034020,Leicester 040F,Public order,Unable to prosecute suspect,
8de2d436aa2d86194df227170253db7b7fd95cd28db065f6271427d580fe6d59,2023-12,Leicestershire Police,Leicestershire Police,-1.135754,52.625297,On or near Hospital,E01034020,Leicester 040F,Public order,Unable to prosecute suspect,
6ddf5e1697fe634e3446c0bda5bee71e332007d35dd330512b04d82be7809b85,2023-12,Leicestershire Police,Leicestershire Police,-1.135961,52.626782,On or near Hospital,E01034020,Leicester 040F,Public order,Court result unavailable,
039090a3be0502db5f59f6164c79a99d092b01b5ea3011136ec024426f57f238,2023-12,Leicestershire Police,Leicestershire Police,-1.135961,52.626782,On or near Hospital,E01034020,Leicester 040F,Public order,Court result unavailable,
1c9b467a2098a688bbe5cfef42a67ee1052782b0940386f051c9e4c3dd1eccfc,2023-12,Leicestershire Police,Leicestershire Police,-1.135961,52.626782,On or near Hospital,E01034020,Leicester 040F,Public order,Investigation complete; no suspect identified,
4057e0e686511c7912f3074f3ab97c2ec85346c793b1773834d3a91220c4a795,2023-12,Leicestershire Police,Leicestershire Police,-1.135961,52.626782,On or near Hospital,E01034020,Leicester 040F,Public order,Unable to prosecute suspect,
7e24dcfad10ce51a74faf716dc709655542d0bbcaa922aa07aeed07537aaf5c2,2023-12,Leicestershire Police,Leicestershire Police,-1.135961,52.626782,On or near Hospital,E01034020,Leicester 040F,Public order,Unable to prosecute suspect,
1cf9edb1bc8e1381e37d21f3db8ac36b2f2c7eec6f734271132cc2a41cf50e2d,2023-12,Leicestershire Police,Leicestershire Police,-1.135961,52.626782,On or near Hospital,E01034020,Leicester 040F,Public order,Further investigation is not in the public interest,
2f850bd89ef052bdfc137e85fdbc2e9070fa7d158983326d2249cdabfbb6d589,2023-12,Leicestershire Police,Leicestershire Police,-1.135961,52.626782,On or near Hospital,E01034020,Leicester 040F,Public order,Unable to prosecute suspect,
4e89142b9a2ec18ca24fb85784f3f53f5260614227790c1c0d322abc78904a5b,2023-12,Leicestershire Police,Leicestershire Police,-1.135039,52.627818,On or near Infirmary Close,E01034020,Leicester 040F,Public order,Unable to prosecute suspect,
e7ba87df69609776454e61370f5ac0e930790e79c247f45390b937fb6e05ef2c,2023-12,Leicestershire Police,Leicestershire Police,-1.137705,52.626750,On or near Havelock Street,E01034020,Leicester 040F,Public order,Unable to prosecute suspect,
160e90b78e0832925a3d276dad8deafb359f87e63379bf19ea4bba62153dee5b,2023-12,Leicestershire Police,Leicestershire Police,-1.134642,52.629982,On or near Lower Brown Street,E01034020,Leicester 040F,Public order,Investigation complete; no suspect identified,
da7c78d231f0c920788891fc50324d5afa2e50f6387879a39bab13d8da8c43ed,2023-12,Leicestershire Police,Leicestershire Police,-1.140931,52.630999,On or near The Newarke,E01034020,Leicester 040F,Robbery,Investigation complete; no suspect identified,
0b887ea6254ebe68c04e96bd4cbe845a2b9c3a3bf6afe8169a8e517f12cf057e,2023-12,Leicestershire Police,Leicestershire Police,-1.137684,52.629294,On or near Further/Higher Educational Building,E01034020,Leicester 040F,Shoplifting,Court result unavailable,
154e590c6863a2843783f19b50d909639898829c83690c3a4295f89e0c8e13ef,2023-12,Leicestershire Police,Leicestershire Police,-1.135961,52.626782,On or near Hospital,E01034020,Leicester 040F,Theft from the person,Investigation complete; no suspect identified,
4635dc1cf7183e36d729d048aae5d97797c34027ca723c63c9ac059c47601f17,2023-12,Leicestershire Police,Leicestershire Police,-1.138454,52.624724,On or near Walnut Street,E01034020,Leicester 040F,Vehicle crime,Investigation complete; no suspect identified,
14ccfc79f1365d94ecab96c745849bd4638eb624ecd2ad63b7ec9f31e1745003,2023-12,Leicestershire Police,Leicestershire Police,-1.132917,52.629772,On or near Parking Area,E01034020,Leicester 040F,Vehicle crime,Investigation complete; no suspect identified,
8842ed031519783142055b69916fe58e8a2fa4aa21b59d334db684017b0d4c0f,2023-12,Leicestershire Police,Leicestershire Police,-1.138755,52.627432,On or near Jarrom Street,E01034020,Leicester 040F,Violence and sexual offences,Unable to prosecute suspect,
53efa832665e9677b647b55ce37be424882db5df8bc132564af35a81ae87cfad,2023-12,Leicestershire Police,Leicestershire Police,-1.138755,52.627432,On or near Jarrom Street,E01034020,Leicester 040F,Violence and sexual offences,Unable to prosecute suspect,
7da3060921b2e2ebec86c9387750009e0c03ca74746adfe47bd77e8d4b08a751,2023-12,Leicestershire Police,Leicestershire Police,-1.137632,52.627433,On or near Winifred Street,E01034020,Leicester 040F,Violence and sexual offences,Unable to prosecute suspect,
00e107fdffb098b5ca7f77b3c509bce913100fec05c281f5b6b28bae2817b707,2023-12,Leicestershire Police,Leicestershire Police,-1.129281,52.629134,On or near Museum Square,E01034020,Leicester 040F,Violence and sexual offences,Investigation complete; no suspect identified,
1e19bdd3b4264ec4a06a178cdbc431676922314468e7828ff9f2b28ad7d8c583,2023-12,Leicestershire Police,Leicestershire Police,-1.140873,52.630162,On or near Newarke Close,E01034020,Leicester 040F,Violence and sexual offences,Unable to prosecute suspect,
3d312e0fda60f4da01f12062cbb8b4ba4dc962a4f927f33371ef265b09f2d032,2023-12,Leicestershire Police,Leicestershire Police,-1.135039,52.627818,On or near Infirmary Close,E01034020,Leicester 040F,Violence and sexual offences,Court result unavailable,
1acf1a658d417a1bbce5f919cbf68349aa5d682f47eddf6f37841361fb46c712,2023-12,Leicestershire Police,Leicestershire Police,-1.135754,52.625297,On or near Hospital,E01034020,Leicester 040F,Violence and sexual offences,Investigation complete; no suspect identified,
e0865e3483ee284cf6034c729e75efe88327f3cfba9a2bf34d8680b6d90c44d1,2023-12,Leicestershire Police,Leicestershire Police,-1.134642,52.629982,On or near Lower Brown Street,E01034020,Leicester 040F,Violence and sexual offences,Unable to prosecute suspect,
8e5ce31edaa09bd5a4c725cea503b1d432293ee1eb43c760e531916ccc2600ee,2023-12,Leicestershire Police,Leicestershire Police,-1.135961,52.626782,On or near Hospital,E01034020,Leicester 040F,Violence and sexual offences,Investigation complete; no suspect identified,
757199ad4a67e8355c3a157e178cc67dbe496fe44f0c9688de5c012044494899,2023-12,Leicestershire Police,Leicestershire Police,-1.135961,52.626782,On or near Hospital,E01034020,Leicester 040F,Violence and sexual offences,Unable to prosecute suspect,
a00466916bf341a886ff694bd963f75b514100f08b1ebb726bd9d244dcfb88df,2023-12,Leicestershire Police,Leicestershire Police,-1.135961,52.626782,On or near Hospital,E01034020,Leicester 040F,Violence and sexual offences,Unable to prosecute suspect,
dc70115e14580de183d15babf3ab703762a8633a374bb0247b8abb4d02e2066c,2023-12,Leicestershire Police,Leicestershire Police,-1.140129,52.625264,On or near Sports/Recreation Area,E01034020,Leicester 040F,Violence and sexual offences,Unable to prosecute suspect,
40770b8b52a732d091fac531e28a34a82feb28831ce2f56fcecc1292efa0795e,2023-12,Leicestershire Police,Leicestershire Police,-1.137410,52.625975,On or near Farndale Close,E01034020,Leicester 040F,Violence and sexual offences,Investigation complete; no suspect identified,
3c55eebdc35edfc886aa75632a97308df7d8955db3a88e840c43e18d0d9734f0,2023-12,Leicestershire Police,Leicestershire Police,-1.138755,52.627432,On or near Jarrom Street,E01034020,Leicester 040F,Violence and sexual offences,Investigation complete; no suspect identified,
3961f452a953ca3f3975fe5fb5c885530aad14d609589a5f1bab8064ab9b8be6,2023-12,Leicestershire Police,Leicestershire Police,-1.135961,52.626782,On or near Hospital,E01034020,Leicester 040F,Violence and sexual offences,Further investigation is not in the public interest,
c742def4e62d72e2cd2a31a0bb80f37a55dfeaf9b68a6ac55c153e18a28a8399,2023-12,Leicestershire Police,Leicestershire Police,-1.137684,52.629294,On or near Further/Higher Educational Building,E01034020,Leicester 040F,Violence and sexual offences,Unable to prosecute suspect,
940c4369929d7039e5bb2c05dbfb689e806ae70e4f116d859d9681e2e30fb061,2023-12,Leicestershire Police,Leicestershire Police,-1.134642,52.629982,On or near Lower Brown Street,E01034020,Leicester 040F,Violence and sexual offences,Unable to prosecute suspect,
67a0455002fb168e91e9321fb11df5cc8bf1267f6a3eb9a757a60593ab6d3a2e,2023-12,Leicestershire Police,Leicestershire Police,-1.135961,52.626782,On or near Hospital,E01034020,Leicester 040F,Violence and sexual offences,Court result unavailable,
9f4007d2d68e1cea7a8c64c0b0f014098c31f073fbd9a6d6e473d6aef0b12eff,2023-12,Leicestershire Police,Leicestershire Police,-1.135754,52.625297,On or near Hospital,E01034020,Leicester 040F,Violence and sexual offences,Unable to prosecute suspect,
3dbb0b06a478bbf01e88952077eba81f825eb36cd31308b981dc6043b9dde197,2023-12,Leicestershire Police,Leicestershire Police,-1.134642,52.629982,On or near Lower Brown Street,E01034020,Leicester 040F,Violence and sexual offences,Court result unavailable,
5d8c881926d4995d50aad024a2f9d4b0b2821d155a5b494a5b9e04cee2eb19de,2023-12,Leicestershire Police,Leicestershire Police,-1.137632,52.627433,On or near Winifred Street,E01034020,Leicester 040F,Violence and sexual offences,Unable to prosecute suspect,
826d682bfabae223618664115796a11197ade5a831952f4367fb46a603a8cc24,2023-12,Leicestershire Police,Leicestershire Police,-1.138755,52.627432,On or near Jarrom Street,E01034020,Leicester 040F,Violence and sexual offences,Unable to prosecute suspect,
5617a8a42ab845073a88f1a186c2a56709405746abf2aa26e223f9fe7d2047a8,2023-12,Leicestershire Police,Leicestershire Police,-1.135961,52.626782,On or near Hospital,E01034020,Leicester 040F,Violence and sexual offences,Unable to prosecute suspect,
7a85d9f69a0b7ca73305c35511d8cdf74190ec1b8ca5298f99be0b05cd6c61e2,2023-12,Leicestershire Police,Leicestershire Police,-1.130492,52.629880,On or near Princess Road Backways,E01034020,Leicester 040F,Violence and sexual offences,Investigation complete; no suspect identified,
ce5547dea4cc523d8e7680a20a3f8bdd03b9a243132632e9b35d7b1e1d6c527b,2023-12,Leicestershire Police,Leicestershire Police,-1.133736,52.628699,On or near Pelham Way,E01034020,Leicester 040F,Violence and sexual offences,Investigation complete; no suspect identified,
c180d6c6e0fe7ede355c71c68317af485aa7a372c9e88ad6a3a6c3f5527c9351,2023-12,Leicestershire Police,Leicestershire Police,-1.135961,52.626782,On or near Hospital,E01034020,Leicester 040F,Violence and sexual offences,Court result unavailable,
4dd132adde50fcb87600a86731b184a3ca77100d641935473c727dd8c0bf801f,2023-12,Leicestershire Police,Leicestershire Police,-1.135039,52.627818,On or near Infirmary Close,E01034020,Leicester 040F,Violence and sexual offences,Court result unavailable,
8a7dc691a4ff325e003b3965d255d6e69e90e7b0294dc063b34ce3602083cbff,2023-12,Leicestershire Police,Leicestershire Police,-1.129760,52.628822,On or near Rawson Street,E01034020,Leicester 040F,Violence and sexual offences,Investigation complete; no suspect identified,
3a6ca8faf1fb1dec4d078d33d0c7c3e96862ce522e68968660c05e349f5bdf9f,2023-12,Leicestershire Police,Leicestershire Police,-1.134642,52.629982,On or near Lower Brown Street,E01034020,Leicester 040F,Violence and sexual offences,Unable to prosecute suspect,
2351dfc633a697334d815c0ceca57d888a04faccbfb34bd9ee9d57561d3ea888,2023-12,Leicestershire Police,Leicestershire Police,-1.134642,52.629982,On or near Lower Brown Street,E01034020,Leicester 040F,Violence and sexual offences,Unable to prosecute suspect,
6aac558562e22bc65f0997efaf9b4cddc7e8d7230c9278a6ef42d6491a1337cc,2023-12,Leicestershire Police,Leicestershire Police,-1.140931,52.630999,On or near The Newarke,E01034020,Leicester 040F,Violence and sexual offences,Further action is not in the public interest,
7b64717a92e6d5b5d66e64ac10b2515fbc124acb516365a4b1d3ca8f4c701174,2023-12,Leicestershire Police,Leicestershire Police,-1.129281,52.629134,On or near Museum Square,E01034020,Leicester 040F,Violence and sexual offences,Investigation complete; no suspect identified,
14d57b060299075ed950756b4565c13db0800e9f36718ed7727b3a6cdbcf951a,2023-12,Leicestershire Police,Leicestershire Police,-1.132159,52.628507,On or near Trinity Lane,E01034021,Leicester 040G,Drugs,Court result unavailable,
9d59eed2eb9bc4dd54f8ca7c2ef70f05f45bc30466aff315859c617f6c6aceac,2023-12,Leicestershire Police,Leicestershire Police,-1.132159,52.628507,On or near Trinity Lane,E01034021,Leicester 040G,Violence and sexual offences,Awaiting court outcome,
,2023-12,Leicestershire Police,Leicestershire Police,-1.124599,52.627535,On or near Princess Road East,E01034021,Leicester 040G,Anti-social behaviour,,
0f23aa415bd7116dbef8d5b4da17e67357ed1522710579d5853ba6a3445852cf,2023-12,Leicestershire Police,Leicestershire Police,-1.130553,52.627534,On or near Newtown Street,E01034021,Leicester 040G,Burglary,Investigation complete; no suspect identified,
8fb6bc0678dd429c3467f9adb5e69944399d2a7def68d9d9ff7dc49dc7761626,2023-12,Leicestershire Police,Leicestershire Police,-1.129389,52.627408,On or near West Street,E01034021,Leicester 040G,Criminal damage and arson,Investigation complete; no suspect identified,
8784565a1bb80442f63d9132c18903c5060e3d5422a7d9da18cf34af8a93ff0c,2023-12,Leicestershire Police,Leicestershire Police,-1.132159,52.628507,On or near Trinity Lane,E01034021,Leicester 040G,Criminal damage and arson,Court result unavailable,
ca6d618439aafb18ec00f017e62e5b3539672897b8a6e2e2b060cfa37ae7965d,2023-12,Leicestershire Police,Leicestershire Police,-1.132159,52.628507,On or near Trinity Lane,E01034021,Leicester 040G,Public order,Investigation complete; no suspect identified,
9e98dc42514e9f3a13ac3b892d33429655d26d628fa7e48b67b08640c95b64c8,2023-12,Leicestershire Police,Leicestershire Police,-1.132159,52.628507,On or near Trinity Lane,E01034021,Leicester 040G,Public order,Court result unavailable,
be7fb1cc32d04f976b78432d2e0ee36f279a86a85ede17ebafd38cb63847c8fc,2023-12,Leicestershire Police,Leicestershire Police,-1.132159,52.628507,On or near Trinity Lane,E01034021,Leicester 040G,Public order,Unable to prosecute suspect,
7dbc55d791a48505b4101f7ce31ae9b45c0b860747d03e882a742b8a99fca1e2,2023-12,Leicestershire Police,Leicestershire Police,-1.132159,52.628507,On or near Trinity Lane,E01034021,Leicester 040G,Public order,Unable to prosecute suspect,
1bc4f841fc8daf7b2999506e0de3625cf1fd9670c323bb9a1729d7cd8dc0ef12,2023-12,Leicestershire Police,Leicestershire Police,-1.127979,52.626211,On or near Parking Area,E01034021,Leicester 040G,Public order,Investigation complete; no suspect identified,
b8fa564f9b4a32ec355cbe2e415329cb8e87c0dbcddb0aa0190565a2a01251e3,2023-12,Leicestershire Police,Leicestershire Police,-1.127979,52.626211,On or near Parking Area,E01034021,Leicester 040G,Robbery,Investigation complete; no suspect identified,
d4d60cd8adb1a96d282a694ba378d02c0357060ae51d71ffe8dd313370caf046,2023-12,Leicestershire Police,Leicestershire Police,-1.132159,52.628507,On or near Trinity Lane,E01034021,Leicester 040G,Violence and sexual offences,Unable to prosecute suspect,
5a97eb531f802d0ca8bfc3dfcfac4b7c526812011d5c943d5d36468ad5783588,2023-12,Leicestershire Police,Leicestershire Police,-1.128779,52.626873,On or near Lower Hastings Street,E01034021,Leicester 040G,Violence and sexual offences,Investigation complete; no suspect identified,
f6c09a4613c0184c39ea6c44ccc422e782898d3f3c04955f3b4216b09abdc5a2,2023-12,Leicestershire Police,Leicestershire Police,-1.132159,52.628507,On or near Trinity Lane,E01034021,Leicester 040G,Violence and sexual offences,Unable to prosecute suspect,
36dd2e75358d9307c7b899b325cf98e560c22fd7b13a290a374508bf95b646c6,2023-12,Leicestershire Police,Leicestershire Police,-1.129389,52.627408,On or near West Street,E01034021,Leicester 040G,Violence and sexual offences,Unable to prosecute suspect,
b84cf95663c8555fa4e490e88fad5bcb7b1b310d6c0e16c1fc4da4619616a78f,2023-12,Leicestershire Police,Leicestershire Police,-1.132159,52.628507,On or near Trinity Lane,E01034021,Leicester 040G,Other crime,Status update unavailable,
b15bbd9fec12354df76707f3ec9e7140759ffe2c01f419cb8b262c3b1765f78a,2023-12,Leicestershire Police,Leicestershire Police,-1.133232,52.632534,On or near Market Street,E01032868,Leicester 041B,Burglary,Unable to prosecute suspect,
dd0f82f1e2337dae407c2f6110fc29be0f0dfb52148e6ca2e161477bd0f289d5,2023-12,Leicestershire Police,Leicestershire Police,-1.134077,52.632387,On or near Pocklingtons Walk,E01032868,Leicester 041B,Public order,Court result unavailable,
fcb533b9512c5fcb3d8937e34777799b32d1df6321b38f8a612be52c998a5cff,2023-12,Leicestershire Police,Leicestershire Police,-1.133232,52.632534,On or near Market Street,E01032868,Leicester 041B,Violence and sexual offences,Awaiting court outcome,
7c5b9c80dbb163118dfcafbb004468b7154ade422d01f75c2796503b0c556084,2023-12,Leicestershire Police,Leicestershire Police,-1.132868,52.630796,On or near Marlborough Street,E01032868,Leicester 041B,Violence and sexual offences,Unable to prosecute suspect,
1020e2ad29d0b0a17349c9f3c1d1a97bc1447070b5320ad2ab8c19bb36ba2d10,2023-12,Leicestershire Police,Leicestershire Police,-1.135798,52.632795,On or near Millstone Lane,E01032868,Leicester 041B,Violence and sexual offences,Court result unavailable,
18bc9d9c8d732e314501b3e11fffc528da46d0dcb791c0f4044ae092314f108b,2023-12,Leicestershire Police,Leicestershire Police,-1.131985,52.630574,On or near King Street,E01032868,Leicester 041B,Violence and sexual offences,Offender given a caution,
08b7207c9af612590b3594db1f3c3c0b71a52eede3948af4535bff6d45e24a6f,2023-12,Leicestershire Police,Leicestershire Police,-1.135723,52.632111,On or near Marble Street,E01032868,Leicester 041B,Bicycle theft,Investigation complete; no suspect identified,
f88c9252b68a3b2c11543b491c56b2f447a086050779aa7897c60a3636a0901f,2023-12,Leicestershire Police,Leicestershire Police,-1.135723,52.632111,On or near Marble Street,E01032868,Leicester 041B,Burglary,Investigation complete; no suspect identified,
e5e0383cd650ac45c331cc5945a045eb7c2da92c842573ad65d77af3a43d98b6,2023-12,Leicestershire Police,Leicestershire Police,-1.133232,52.632534,On or near Market Street,E01032868,Leicester 041B,Burglary,Investigation complete; no suspect identified,
651ee2d5bffca9a3321230b03ced2204154e72fceef065bafa8e0172945afc83,2023-12,Leicestershire Police,Leicestershire Police,-1.136205,52.633158,On or near Wycliffe Street,E01032868,Leicester 041B,Drugs,Local resolution,
82081a8fc0f4210b2a5b451df03169c2d62b5f007eb4682c3649e4b89c866996,2023-12,Leicestershire Police,Leicestershire Police,-1.135798,52.632795,On or near Millstone Lane,E01032868,Leicester 041B,Other theft,Investigation complete; no suspect identified,
ef9fe6ddeac9875f72284678674ba10837ad54f04c39f58d9ff111dace2fa6d9,2023-12,Leicestershire Police,Leicestershire Police,-1.132868,52.630796,On or near Marlborough Street,E01032868,Leicester 041B,Other theft,Investigation complete; no suspect identified,
c80978f6112be944deb1e3afed3f2a8559df052cc194571a864aca9a8c3fd2b5,2023-12,Leicestershire Police,Leicestershire Police,-1.131985,52.630574,On or near King Street,E01032868,Leicester 041B,Other theft,Investigation complete; no suspect identified,
0726cfb036e4fec8b546d91ade14705d904043b778def2c47088dc7d4bd40479,2023-12,Leicestershire Police,Leicestershire Police,-1.136306,52.630282,On or near Oxford Street,E01032868,Leicester 041B,Other theft,Investigation complete; no suspect identified,
43c5410a67dc26a3a28b6cf50f8a96ee53ea94197d4a2b7087286ce93d0b7233,2023-12,Leicestershire Police,Leicestershire Police,-1.132868,52.630796,On or near Marlborough Street,E01032868,Leicester 041B,Other theft,Investigation complete; no suspect identified,
a67db07e951493d92e05a1a80112de0bc104481d18ce2f58f75894cd71067f1f,2023-12,Leicestershire Police,Leicestershire Police,-1.135537,52.631813,On or near Newarke Street,E01032868,Leicester 041B,Other theft,Investigation complete; no suspect identified,
8a93218144298fae7923caa98c40fc3afb2a66e558efee6c9a838d210f362bbe,2023-12,Leicestershire Police,Leicestershire Police,-1.131985,52.630574,On or near King Street,E01032868,Leicester 041B,Other theft,Unable to prosecute suspect,
5b4145457e94bbd724320e0a8686ede4d50220084b81c69aef642e4935677d00,2023-12,Leicestershire Police,Leicestershire Police,-1.133232,52.632534,On or near Market Street,E01032868,Leicester 041B,Other theft,Unable to prosecute suspect,
3fc34ecee49f9ffebac8391810f51bbc72a99f83ca3e1d9684d00e1f72fbbfcf,2023-12,Leicestershire Police,Leicestershire Police,-1.134077,52.632387,On or near Pocklingtons Walk,E01032868,Leicester 041B,Public order,Investigation complete; no suspect identified,
11978bfa3133ba69fd153fcd327aaa229271a930c4436328de00a4983ef826a5,2023-12,Leicestershire Police,Leicestershire Police,-1.136548,52.632999,On or near Friar Lane,E01032868,Leicester 041B,Public order,Further action is not in the public interest,
c724d8d4aa88f6dc5ec2a53fd81e48fd0852d8d506a3f817a9da4cecda9dca4f,2023-12,Leicestershire Police,Leicestershire Police,-1.136548,52.632999,On or near Friar Lane,E01032868,Leicester 041B,Public order,Court result unavailable,
ee7d7b50a559b478fae7216cff74f9f1c5d9044982f5ced1cb71d075fb2c7bd6,2023-12,Leicestershire Police,Leicestershire Police,-1.135798,52.632795,On or near Millstone Lane,E01032868,Leicester 041B,Public order,Investigation complete; no suspect identified,
2e4c70c7ccaf021b5be9e741bf87b42802c7f1647afe7aad3093c98b9b66a861,2023-12,Leicestershire Police,Leicestershire Police,-1.136548,52.632999,On or near Friar Lane,E01032868,Leicester 041B,Public order,Unable to prosecute suspect,
db1cb7fb85ec8055f3b987dfca431ac8ebdb03d6b6e46f3ae9845fca0e0226dc,2023-12,Leicestershire Police,Leicestershire Police,-1.134077,52.632387,On or near Pocklingtons Walk,E01032868,Leicester 041B,Public order,Local resolution,
66b065acc2e0f234d3b90846043203fe304ffc845ea48f1a35e496d115c2ea44,2023-12,Leicestershire Police,Leicestershire Police,-1.136548,52.632999,On or near Friar Lane,E01032868,Leicester 041B,Public order,Court result unavailable,
009a3b4251cfb9be18b79c39fe7ad7a9cdc27f538b7e26c3e1dce88149ce2039,2023-12,Leicestershire Police,Leicestershire Police,-1.135324,52.631353,On or near Upper Brown Street,E01032868,Leicester 041B,Public order,Investigation complete; no suspect identified,
903fd59a5748fce781e187845f16fd2d63797a1c63b1efddc0e49f5e62f3b49a,2023-12,Leicestershire Police,Leicestershire Police,-1.135324,52.631353,On or near Upper Brown Street,E01032868,Leicester 041B,Public order,Investigation complete; no suspect identified,
e37bff5370169e5f7e66deff5f8e1f8fa79c46bc61b21d5086489d108d9e09d8,2023-12,Leicestershire Police,Leicestershire Police,-1.135798,52.632795,On or near Millstone Lane,E01032868,Leicester 041B,Public order,Court result unavailable,
771686f69bf8284383146a316b9f3f0ae2641171bd34dccf8a6cc8206d1b9383,2023-12,Leicestershire Police,Leicestershire Police,-1.136548,52.632999,On or near Friar Lane,E01032868,Leicester 041B,Public order,Court result unavailable,
3df306fa9a9c0d21c0638573da8ef8eeae1dbd0e514445896c0b988663091169,2023-12,Leicestershire Police,Leicestershire Police,-1.133232,52.632534,On or near Market Street,E01032868,Leicester 041B,Public order,Further investigation is not in the public interest,
8a0f855d700d2a5a2b0b44cb9c7b4337df4583eae5d4a041c8e13a62044a0762,2023-12,Leicestershire Police,Leicestershire Police,-1.133232,52.632534,On or near Market Street,E01032868,Leicester 041B,Public order,Investigation complete; no suspect identified,
6651c38217d4e28dbb6100f679cbd08531f2637b9ac8288ca87a6f4fd505fa5c,2023-12,Leicestershire Police,Leicestershire Police,-1.133232,52.632534,On or near Market Street,E01032868,Leicester 041B,Public order,Investigation complete; no suspect identified,
b38fd27e812a6e3a2e45cd2c1340f1507dbfad3554df35620aa15040126025ef,2023-12,Leicestershire Police,Leicestershire Police,-1.133232,52.632534,On or near Market Street,E01032868,Leicester 041B,Theft from the person,Investigation complete; no suspect identified,
a3781872b4a5867fa8d39232eb856f11ada0fe997468e354536bd1c6c03eaf12,2023-12,Leicestershire Police,Leicestershire Police,-1.133232,52.632534,On or near Market Street,E01032868,Leicester 041B,Theft from the person,Investigation complete; no suspect identified,
46ea45d1dca7633651df9bdde46ae50fb0009b0582643e4b7e107507aa469c63,2023-12,Leicestershire Police,Leicestershire Police,-1.136548,52.632999,On or near Friar Lane,E01032868,Leicester 041B,Theft from the person,Investigation complete; no suspect identified,
36734c9017ca8a0741ae0d82b8e3df3861b7e7b5d6c4734acc0b43242636190e,2023-12,Leicestershire Police,Leicestershire Police,-1.136548,52.632999,On or near Friar Lane,E01032868,Leicester 041B,Vehicle crime,Investigation complete; no suspect identified,
e4fa0bbeffd04479cb0838e0555e7dcaaf1ed80483487f29cf76c4e4a1d38a4b,2023-12,Leicestershire Police,Leicestershire Police,-1.131985,52.630574,On or near King Street,E01032868,Leicester 041B,Vehicle crime,Investigation complete; no suspect identified,
18e4c2a08c2d13dcbc6373fe1a4ced614a963897ce31adff66c82d9e3ff69b09,2023-12,Leicestershire Police,Leicestershire Police,-1.135028,52.631405,On or near Theatre/Concert Hall,E01032868,Leicester 041B,Vehicle crime,Investigation complete; no suspect identified,
cabe523c904e6710bfb9ad9cf81c73f9b691c08a157b8adca819180eb1cfb7ff,2023-12,Leicestershire Police,Leicestershire Police,-1.133232,52.632534,On or near Market Street,E01032868,Leicester 041B,Violence and sexual offences,Investigation complete; no suspect identified,
02ae01517980f836789806dee89661e372097ce77ca18c2e8b28647df6ba88ec,2023-12,Leicestershire Police,Leicestershire Police,-1.137103,52.630324,On or near Bonners Lane,E01032868,Leicester 041B,Violence and sexual offences,Unable to prosecute suspect,
8e28bbf1361d14df9cf5103613dfd91b9ae6639f06ff4525c5f48d46c0d1b81a,2023-12,Leicestershire Police,Leicestershire Police,-1.133232,52.632534,On or near Market Street,E01032868,Leicester 041B,Violence and sexual offences,Local resolution,
74ea2608914aaa79af984d23b9b89ccf3a8ad87a3656889618af373c02c744f5,2023-12,Leicestershire Police,Leicestershire Police,-1.133154,52.631985,On or near Welford Place,E01032868,Leicester 041B,Violence and sexual offences,Investigation complete; no suspect identified,
751aa1c354da7e7d6ab5cbf95434637d32881fd238beb2eb61198e269bad85b9,2023-12,Leicestershire Police,Leicestershire Police,-1.132868,52.630796,On or near Marlborough Street,E01032868,Leicester 041B,Violence and sexual offences,Investigation complete; no suspect identified,
cca873eed0a287762725a04cf93a2254006da1326193776c8a3f12594bbd6de9,2023-12,Leicestershire Police,Leicestershire Police,-1.132868,52.630796,On or near Marlborough Street,E01032868,Leicester 041B,Violence and sexual offences,Investigation complete; no suspect identified,
edfe0ca5774d7da8a17ce732ac1fce75b92a1018b1f9ea0e40cd6d37560a9b83,2023-12,Leicestershire Police,Leicestershire Police,-1.135798,52.632795,On or near Millstone Lane,E01032868,Leicester 041B,Violence and sexual offences,Court result unavailable,
fe29b6c1d8b1f0ee0b9e10ecd957089859f4a62c57fab62b45e44311439b8b15,2023-12,Leicestershire Police,Leicestershire Police,-1.132868,52.630796,On or near Marlborough Street,E01032868,Leicester 041B,Violence and sexual offences,Investigation complete; no suspect identified,
0e2381d8672c585d84792e026cfca627a3f862e56f727d208d61b6190d6050ef,2023-12,Leicestershire Police,Leicestershire Police,-1.133232,52.632534,On or near Market Street,E01032868,Leicester 041B,Violence and sexual offences,Investigation complete; no suspect identified,
3e3f3fdf8e18deb8d6d8f64dfd057409bb36b5cc21887490d95080df1fa90cfa,2023-12,Leicestershire Police,Leicestershire Police,-1.135324,52.631353,On or near Upper Brown Street,E01032868,Leicester 041B,Violence and sexual offences,Unable to prosecute suspect,
90a13b83fe2185f55be19ca75bebac6139da871db1c182df5464cb411e4b3f4a,2023-12,Leicestershire Police,Leicestershire Police,-1.135140,52.630948,On or near York Road,E01032868,Leicester 041B,Violence and sexual offences,Unable to prosecute suspect,
6b4df99153eeee3b3b34d3353cba859074662a60905ac87464ac701811bb55a1,2023-12,Leicestershire Police,Leicestershire Police,-1.133154,52.631985,On or near Welford Place,E01032868,Leicester 041B,Violence and sexual offences,Investigation complete; no suspect identified,
ed7b8d57a7161e2e7ab2943594fc9d3f4de567f8e772635193e6cb4281903ce0,2023-12,Leicestershire Police,Leicestershire Police,-1.133232,52.632534,On or near Market Street,E01032868,Leicester 041B,Violence and sexual offences,Unable to prosecute suspect,
e99f577d361d7f4087d273e122368c5ab162a9593c1522112a105d37810198e1,2023-12,Leicestershire Police,Leicestershire Police,-1.135140,52.630948,On or near York Road,E01032868,Leicester 041B,Violence and sexual offences,Unable to prosecute suspect,
2366255d4bdc977fa41eae004a5804db37011a2e0c015b8930c84584dc4c8854,2023-12,Leicestershire Police,Leicestershire Police,-1.133232,52.632534,On or near Market Street,E01032868,Leicester 041B,Violence and sexual offences,Investigation complete; no suspect identified,
22845a39ac5e1fc9f5f202645879389720f1a726aa26f2626a76b227b7f65a52,2023-12,Leicestershire Police,Leicestershire Police,-1.124807,52.637147,On or near Ann Street,E01032872,Leicester 041C,Criminal damage and arson,Unable to prosecute suspect,
e595d69df46891f3d54d2897fa88d258717cb59cfcd134db48036a8ed811b236,2023-12,Leicestershire Police,Leicestershire Police,-1.125919,52.636211,On or near Wimbledon Street,E01032872,Leicester 041C,Violence and sexual offences,Unable to prosecute suspect,
b48e2ee19e124980ed5b57e4da16040d5a3aef8d202c32e3ccef11d532dad53c,2023-12,Leicestershire Police,Leicestershire Police,-1.127553,52.635528,On or near Theatre/Concert Hall,E01032872,Leicester 041C,Violence and sexual offences,Unable to prosecute suspect,
6a386908966c2d325f99385703ceeb080fdecd8821c72773df94ab088c7a418c,2023-12,Leicestershire Police,Leicestershire Police,-1.124807,52.637147,On or near Ann Street,E01032872,Leicester 041C,Violence and sexual offences,Court result unavailable,
,2023-12,Leicestershire Police,Leicestershire Police,-1.127553,52.635528,On or near Theatre/Concert Hall,E01032872,Leicester 041C,Anti-social behaviour,,
,2023-12,Leicestershire Police,Leicestershire Police,-1.127784,52.636054,On or near Vestry Street,E01032872,Leicester 041C,Anti-social behaviour,,
,2023-12,Leicestershire Police,Leicestershire Police,-1.127553,52.635528,On or near Theatre/Concert Hall,E01032872,Leicester 041C,Anti-social behaviour,,
,2023-12,Leicestershire Police,Leicestershire Police,-1.127553,52.635528,On or near Theatre/Concert Hall,E01032872,Leicester 041C,Anti-social behaviour,,
,2023-12,Leicestershire Police,Leicestershire Police,-1.127553,52.635528,On or near Theatre/Concert Hall,E01032872,Leicester 041C,Anti-social behaviour,,
c5b5f61d44b2df7419abf4873c97b3d910b173a995ec10328f1929301af96ab3,2023-12,Leicestershire Police,Leicestershire Police,-1.125919,52.636211,On or near Wimbledon Street,E01032872,Leicester 041C,Bicycle theft,Investigation complete; no suspect identified,
72f5a18bedb3d0b219a477ae02b9074585f810e946b58bd008d35bcc520ca6ef,2023-12,Leicestershire Police,Leicestershire Police,-1.125919,52.636211,On or near Wimbledon Street,E01032872,Leicester 041C,Burglary,Investigation complete; no suspect identified,
f0e23175852bfd9bc63728b724a170445397192ac721d0bec52aea89164ae520,2023-12,Leicestershire Police,Leicestershire Police,-1.128314,52.635401,On or near Parking Area,E01032872,Leicester 041C,Burglary,Investigation complete; no suspect identified,
4b63f522c8744d4789a7b42bd62363e7b3df721af8f315a75c8498482feed3f9,2023-12,Leicestershire Police,Leicestershire Police,-1.128314,52.635401,On or near Parking Area,E01032872,Leicester 041C,Criminal damage and arson,Investigation complete; no suspect identified,
b57ba1212ee8328d36de2efb81208f16b503bc9d418c50f340a9658a8cda33f3,2023-12,Leicestershire Police,Leicestershire Police,-1.125919,52.636211,On or near Wimbledon Street,E01032872,Leicester 041C,Criminal damage and arson,Investigation complete; no suspect identified,
438132594303165db2e7f49ca7312b5fee55756ed1238477ae5c013607fa72f2,2023-12,Leicestershire Police,Leicestershire Police,-1.125919,52.636211,On or near Wimbledon Street,E01032872,Leicester 041C,Other theft,Investigation complete; no suspect identified,
d7c57631b755c83f84f7fbd762664cd84de70877a92b5d914f4015e71fae308b,2023-12,Leicestershire Police,Leicestershire Police,-1.127097,52.636399,On or near Nightclub,E01032872,Leicester 041C,Other theft,Investigation complete; no suspect identified,
8a9a24d3766d7e16fb9bfb0885dd60d35c274c9ce4560d95698dfabe7123a24b,2023-12,Leicestershire Police,Leicestershire Police,-1.125919,52.636211,On or near Wimbledon Street,E01032872,Leicester 041C,Other theft,Investigation complete; no suspect identified,
1e866e5296481a15f944d51fa686c7d2c548c12a7eb3b63c0491bdc03ed833b5,2023-12,Leicestershire Police,Leicestershire Police,-1.127553,52.635528,On or near Theatre/Concert Hall,E01032872,Leicester 041C,Other theft,Investigation complete; no suspect identified,
0706fe79af8cc35daf791e6fe5d3d67766ccf657dc91d3a79c3f4e592a74be94,2023-12,Leicestershire Police,Leicestershire Police,-1.127553,52.635528,On or near Theatre/Concert Hall,E01032872,Leicester 041C,Other theft,Investigation complete; no suspect identified,
7bb5f7bc790dd7677f14b12488729f36fafe19c445274e7c3c921a17a539a133,2023-12,Leicestershire Police,Leicestershire Police,-1.127784,52.636054,On or near Vestry Street,E01032872,Leicester 041C,Other theft,Investigation complete; no suspect identified,
6e73fb82d38ed40e4642ffe02e980227534d10714ce0c316c3c178b0d19a30d0,2023-12,Leicestershire Police,Leicestershire Police,-1.127553,52.635528,On or near Theatre/Concert Hall,E01032872,Leicester 041C,Possession of weapons,Offender given a caution,
63926aa22152849cb47be30e9b86c67cafc56322ddc7076660782857098b65b7,2023-12,Leicestershire Police,Leicestershire Police,-1.125919,52.636211,On or near Wimbledon Street,E01032872,Leicester 041C,Public order,Investigation complete; no suspect identified,
043d45b9073ea76b920ccd40bbaf71600a854224d01710d148d03045bfe07a11,2023-12,Leicestershire Police,Leicestershire Police,-1.127749,52.634849,On or near Rutland Street,E01032872,Leicester 041C,Public order,Investigation complete; no suspect identified,
f190eb8ff95b0d619ed094bcaf0d19dc7bd4575025caa44ef89c67e01d35c1bb,2023-12,Leicestershire Police,Leicestershire Police,-1.127553,52.635528,On or near Theatre/Concert Hall,E01032872,Leicester 041C,Public order,Investigation complete; no suspect identified,
65007968df03b14bbc81de84ccc512e392fa3cbc5e0ad13c7870e3b078224fbe,2023-12,Leicestershire Police,Leicestershire Police,-1.123883,52.636771,On or near Supermarket,E01032872,Leicester 041C,Shoplifting,Investigation complete; no suspect identified,
f7b15fa04070538f447aa55e53e52fc5ef40e28e638d81cdd8097513bc00d050,2023-12,Leicestershire Police,Leicestershire Police,-1.123883,52.636771,On or near Supermarket,E01032872,Leicester 041C,Shoplifting,Unable to prosecute suspect,
3fc09b5b135cdb871677da9d80858b77cc7d504a5c7830a79fc91f9ac39010ba,2023-12,Leicestershire Police,Leicestershire Police,-1.127749,52.634849,On or near Rutland Street,E01032872,Leicester 041C,Theft from the person,Investigation complete; no suspect identified,
829d80c3b948d75e5fbb54e259e406af5469d3fd9111af8f1a7c186664065b07,2023-12,Leicestershire Police,Leicestershire Police,-1.123762,52.633983,On or near St Georges Way,E01032872,Leicester 041C,Theft from the person,Investigation complete; no suspect identified,
adfcb75eaff365b2c3819ade85683accd8227404b4762bdb2b032715e9f20df0,2023-12,Leicestershire Police,Leicestershire Police,-1.124807,52.637147,On or near Ann Street,E01032872,Leicester 041C,Vehicle crime,Investigation complete; no suspect identified,
37bde08fb4fec0a0a29aa72cf61972227737723ec1ab93ed3b72a6890f941639,2023-12,Leicestershire Police,Leicestershire Police,-1.128314,52.635401,On or near Parking Area,E01032872,Leicester 041C,Vehicle crime,Investigation complete; no suspect identified,
8c3a2880b1164c3ce5d3e39f6007d744668c50c8957588e26a06f87ae899d6f2,2023-12,Leicestershire Police,Leicestershire Police,-1.128314,52.635401,On or near Parking Area,E01032872,Leicester 041C,Vehicle crime,Investigation complete; no suspect identified,
b797f556fb909d2b48ea335494084226a754d1303cf21617c89d5befa2321f25,2023-12,Leicestershire Police,Leicestershire Police,-1.127553,52.635528,On or near Theatre/Concert Hall,E01032872,Leicester 041C,Violence and sexual offences,Offender given a caution,
5493c943d17c2fce9777a1b172ecb81c1e2c73d6a3d51c32a576ecdacf1dfe11,2023-12,Leicestershire Police,Leicestershire Police,-1.123883,52.636771,On or near Supermarket,E01032872,Leicester 041C,Violence and sexual offences,Unable to prosecute suspect,
380dedf12908a192d632399052e27a17567f7b90a8b32360ebe8386d9d102e80,2023-12,Leicestershire Police,Leicestershire Police,-1.124807,52.637147,On or near Ann Street,E01032872,Leicester 041C,Violence and sexual offences,Court result unavailable,
afd407af4d532e55889634c074f8dad616db34e0eacf9189e11f8ac8545643db,2023-12,Leicestershire Police,Leicestershire Police,-1.127553,52.635528,On or near Theatre/Concert Hall,E01032872,Leicester 041C,Violence and sexual offences,Local resolution,
4c712c5888107b09beaaa6ed5d44a77d6d230f1127c5fc1873f1f2580c55b681,2023-12,Leicestershire Police,Leicestershire Police,-1.127553,52.635528,On or near Theatre/Concert Hall,E01032872,Leicester 041C,Violence and sexual offences,Investigation complete; no suspect identified,
680d46cfd402e221e30f2aeb8b6a88102babbc1460ae7260eff37a291379541a,2023-12,Leicestershire Police,Leicestershire Police,-1.127784,52.636054,On or near Vestry Street,E01032872,Leicester 041C,Violence and sexual offences,Unable to prosecute suspect,
defc7203c35e18dbb0850e96d82fb374da523dcda75af320d785f8657c38b5c8,2023-12,Leicestershire Police,Leicestershire Police,-1.127097,52.636399,On or near Nightclub,E01032872,Leicester 041C,Violence and sexual offences,Investigation complete; no suspect identified,
c742338c30525c3a1689af10a27fd793b9715461a4e51bda22a31b3531667f3f,2023-12,Leicestershire Police,Leicestershire Police,-1.124807,52.637147,On or near Ann Street,E01032872,Leicester 041C,Violence and sexual offences,Court result unavailable,
d3f03d7b1df03370108e716c3e91d1e83fa6b94fcdb92f6a365aea8b10118968,2023-12,Leicestershire Police,Leicestershire Police,-1.127784,52.636054,On or near Vestry Street,E01032872,Leicester 041C,Violence and sexual offences,Investigation complete; no suspect identified,
6e404a5cff0b6fb52237355ece60cbe435a31ddb6f667d91eacdc226af845b3c,2023-12,Leicestershire Police,Leicestershire Police,-1.124807,52.637147,On or near Ann Street,E01032872,Leicester 041C,Violence and sexual offences,Further action is not in the public interest,
0da764d3776dca5aa97d477f5a8e388d63dcf0d627696a4f2f924ee235e02a56,2023-12,Leicestershire Police,Leicestershire Police,-1.128328,52.634709,On or near Wigston Street,E01032872,Leicester 041C,Other crime,Investigation complete; no suspect identified,
d30e51c921a6fed97ee5155ca4381db857ab08cf0628dbf21112b5998ac329fb,2023-12,Leicestershire Police,Leicestershire Police,-1.126996,52.631814,On or near Theatre/Concert Hall,E01032873,Leicester 041D,Burglary,Formal action is not in the public interest,
6f3d17c53f133bc8d114202a8c356e12242e3095447621ae16aad2e8b03e3fc1,2023-12,Leicestershire Police,Leicestershire Police,-1.129306,52.633053,On or near Granby Street,E01032873,Leicester 041D,Public order,Court result unavailable,
281cbdcc651ca3e58a24b14a27bdceef689077797f08ca219ad94c647461ddc0,2023-12,Leicestershire Police,Leicestershire Police,-1.129306,52.633053,On or near Granby Street,E01032873,Leicester 041D,Robbery,Unable to prosecute suspect,
a47ef1805f066b8194c9cfa160efc714b04773928e92833ac3bc43e68600bbe1,2023-12,Leicestershire Police,Leicestershire Police,-1.129306,52.633053,On or near Granby Street,E01032873,Leicester 041D,Violence and sexual offences,Court result unavailable,
5adbca599d693db8d3e8c2a9ff04fffcb604c1ef2f28830ed3e825a8f9ea2ebd,2023-12,Leicestershire Police,Leicestershire Police,-1.129306,52.633053,On or near Granby Street,E01032873,Leicester 041D,Violence and sexual offences,Court result unavailable,
bd58a6cd9441348920fccb9f15159c77c715ac3dd8b402f65708c521dda181c7,2023-12,Leicestershire Police,Leicestershire Police,-1.126996,52.631814,On or near Theatre/Concert Hall,E01032873,Leicester 041D,Violence and sexual offences,Unable to prosecute suspect,
cae37eeeea4a11c1d4483e65790d9e5396ca73f8a52b1f77ce44835a7c31c78b,2023-12,Leicestershire Police,Leicestershire Police,-1.127203,52.633317,On or near Church Street,E01032873,Leicester 041D,Violence and sexual offences,Unable to prosecute suspect,
06781663329286a2b8e9683c65804066f2db8a80f112446592339d03d8a3944c,2023-12,Leicestershire Police,Leicestershire Police,-1.126996,52.631814,On or near Theatre/Concert Hall,E01032873,Leicester 041D,Violence and sexual offences,Court result unavailable,
cb8c5b2a5068d21aaca8378ff91e8546a16a9e53bb4e6c805d3f00e41fb9bb18,2023-12,Leicestershire Police,Leicestershire Police,-1.129306,52.633053,On or near Granby Street,E01032873,Leicester 041D,Violence and sexual offences,Court result unavailable,
ea8e7ef36b4e18eef58adb6646cb407b38e8fc516bf7bf859fff01ac7c0e84b4,2023-12,Leicestershire Police,Leicestershire Police,-1.130544,52.631013,On or near Park Street,E01032873,Leicester 041D,Violence and sexual offences,Unable to prosecute suspect,
,2023-12,Leicestershire Police,Leicestershire Police,-1.129155,52.631767,On or near Dover Street,E01032873,Leicester 041D,Anti-social behaviour,,
,2023-12,Leicestershire Police,Leicestershire Police,-1.129253,52.632019,On or near Theatre/Concert Hall,E01032873,Leicester 041D,Anti-social behaviour,,
,2023-12,Leicestershire Police,Leicestershire Police,-1.130544,52.631013,On or near Park Street,E01032873,Leicester 041D,Anti-social behaviour,,
,2023-12,Leicestershire Police,Leicestershire Police,-1.128220,52.631193,On or near Calais Hill,E01032873,Leicester 041D,Anti-social behaviour,,
,2023-12,Leicestershire Police,Leicestershire Police,-1.128220,52.631193,On or near Calais Hill,E01032873,Leicester 041D,Anti-social behaviour,,
,2023-12,Leicestershire Police,Leicestershire Police,-1.129306,52.633053,On or near Granby Street,E01032873,Leicester 041D,Anti-social behaviour,,
,2023-12,Leicestershire Police,Leicestershire Police,-1.129306,52.633053,On or near Granby Street,E01032873,Leicester 041D,Anti-social behaviour,,
a33ac9bcdd62f9be4b3bc70c37c673963389da8321b2f4a15eb98d59b9297540,2023-12,Leicestershire Police,Leicestershire Police,-1.131038,52.632931,On or near Belvoir Street,E01032873,Leicester 041D,Bicycle theft,Investigation complete; no suspect identified,
4fb02546c253a7b5d21b0c7a61ba2b0a7bd4512c2098a3709ec70bef11cc02df,2023-12,Leicestershire Police,Leicestershire Police,-1.129306,52.633053,On or near Granby Street,E01032873,Leicester 041D,Bicycle theft,Investigation complete; no suspect identified,
e0ea1b488d66f683cf3efbd963d13629c7acfb7d2925fbbc5d7a97db78263497,2023-12,Leicestershire Police,Leicestershire Police,-1.129483,52.632318,On or near York Street,E01032873,Leicester 041D,Burglary,Investigation complete; no suspect identified,
d0ebc3311fb7e3cd867fa5b9349a6d92fe4cc92a4fcd9919707f3b5339f930d1,2023-12,Leicestershire Police,Leicestershire Police,-1.131038,52.632931,On or near Belvoir Street,E01032873,Leicester 041D,Burglary,Investigation complete; no suspect identified,
b6c9fa4883d45cd4c9ab0e9a2867d78d80793ddf1b315985d694db848ccd1eb7,2023-12,Leicestershire Police,Leicestershire Police,-1.124819,52.632805,On or near Campbell Street,E01032873,Leicester 041D,Burglary,Investigation complete; no suspect identified,
4795f69a5fa870c2ec1cc03d04b9bf998c6440e71eca7554faf059803c8790ed,2023-12,Leicestershire Police,Leicestershire Police,-1.131836,52.632901,On or near Nightclub,E01032873,Leicester 041D,Criminal damage and arson,Investigation complete; no suspect identified,
4af66449574e8b73dea0a079402fbd5938befa99ff988c663f48f5b8d94eabe3,2023-12,Leicestershire Police,Leicestershire Police,-1.129306,52.633053,On or near Granby Street,E01032873,Leicester 041D,Criminal damage and arson,Investigation complete; no suspect identified,
da12bbf179f797d3bc11c9e2e8c259dd606b48eac9387de2b85d66084880ead3,2023-12,Leicestershire Police,Leicestershire Police,-1.124819,52.632805,On or near Campbell Street,E01032873,Leicester 041D,Criminal damage and arson,Action to be taken by another organisation,
172705e951cb73b6d202b574a397380dfc8179094cc8ee669090dc315538b1c0,2023-12,Leicestershire Police,Leicestershire Police,-1.129306,52.633053,On or near Granby Street,E01032873,Leicester 041D,Criminal damage and arson,Investigation complete; no suspect identified,
367516dd4de464e8d8d2358ac72f281c1e030649a9736a8f520ae54f14551299,2023-12,Leicestershire Police,Leicestershire Police,-1.127689,52.631154,On or near Parking Area,E01032873,Leicester 041D,Criminal damage and arson,Investigation complete; no suspect identified,
48fa8b8e006e5f1966d29a4a498498a58339e56a7b0b01e8fbd4d8338828cd1b,2023-12,Leicestershire Police,Leicestershire Police,-1.129306,52.633053,On or near Granby Street,E01032873,Leicester 041D,Criminal damage and arson,Further investigation is not in the public interest,
490fa3eebe13391c0b9bd5071dc19c0625cd8ac705ee28a205f4e261e7d9cbc6,2023-12,Leicestershire Police,Leicestershire Police,-1.128220,52.631193,On or near Calais Hill,E01032873,Leicester 041D,Criminal damage and arson,Investigation complete; no suspect identified,
cbb7182d04f3094af732648740e85854035ef9b818937738075350e55f2f02dd,2023-12,Leicestershire Police,Leicestershire Police,-1.129306,52.633053,On or near Granby Street,E01032873,Leicester 041D,Drugs,Formal action is not in the public interest,
5ca5914f274874ea223c8ea1cc89c98afa4182a7873dbe91f590d0be6664bd07,2023-12,Leicestershire Police,Leicestershire Police,-1.129483,52.632318,On or near York Street,E01032873,Leicester 041D,Drugs,Local resolution,
5172ca78e8326f8b7ec2020c343076fd31e30b812738b8e841ae67c71ff43bdf,2023-12,Leicestershire Police,Leicestershire Police,-1.129306,52.633053,On or near Granby Street,E01032873,Leicester 041D,Other theft,Investigation complete; no suspect identified,
3ee7c543a4f0e07ede3e94f1022cb190644cc411c3309dce6eac7d3ccc1fd35e,2023-12,Leicestershire Police,Leicestershire Police,-1.131038,52.632931,On or near Belvoir Street,E01032873,Leicester 041D,Other theft,Unable to prosecute suspect,
eb0aea5a787a09028c33dbb030cdf5b070a6c67d9a6c71b29afeb2428c073c9d,2023-12,Leicestershire Police,Leicestershire Police,-1.127731,52.634237,On or near Conference/Exhibition Centre,E01032873,Leicester 041D,Other theft,Investigation complete; no suspect identified,
6302a2a0ea38c315b9b8728df3b4e4851c39f32e932746817f19418cb2d0bd35,2023-12,Leicestershire Police,Leicestershire Police,-1.131662,52.633502,On or near Bishop Street,E01032873,Leicester 041D,Other theft,Investigation complete; no suspect identified,
3a55e7cc0e327346d972bb41ebc064aa639d3235ba3ac130e9de5d0ea7a3c9e9,2023-12,Leicestershire Police,Leicestershire Police,-1.131662,52.633502,On or near Bishop Street,E01032873,Leicester 041D,Other theft,Investigation complete; no suspect identified,
8ecc8cd6209d12a10a5fb64d941ed9db08b1702c0e2d3b329930860ee6926f15,2023-12,Leicestershire Police,Leicestershire Police,-1.131662,52.633502,On or near Bishop Street,E01032873,Leicester 041D,Other theft,Court result unavailable,
c1e4d0dc193e44ce2348c43c9c4803ae0c7e31820472ebe0205fa57f0b8f237b,2023-12,Leicestershire Police,Leicestershire Police,-1.125641,52.631624,On or near Station Street,E01032873,Leicester 041D,Other theft,Investigation complete; no suspect identified,
147a6b81683fc682d74f35339e3e7addc98d8ae18a8cbfc85446fda147385164,2023-12,Leicestershire Police,Leicestershire Police,-1.125120,52.633274,On or near Fox Street,E01032873,Leicester 041D,Other theft,Investigation complete; no suspect identified,
a561891d43af3ea344a4ffd285c051fcc5982c8f458ba22de60a0f281280c6e9,2023-12,Leicestershire Police,Leicestershire Police,-1.127203,52.633317,On or near Church Street,E01032873,Leicester 041D,Other theft,Unable to prosecute suspect,
dbcc3eb73e5049642a7357d146d4f00023d9e237a65f1fc9ff33a9d6bf6ba3be,2023-12,Leicestershire Police,Leicestershire Police,-1.124819,52.632805,On or near Campbell Street,E01032873,Leicester 041D,Other theft,Unable to prosecute suspect,
397cd4c3c187013a7b29ebda12fc5b85ee3af3215b5467dab24053992f570487,2023-12,Leicestershire Police,Leicestershire Police,-1.129155,52.631767,On or near Dover Street,E01032873,Leicester 041D,Possession of weapons,Court result unavailable,
7b879c0f2177e0e81c9025545e58eb10a2ed00522f3e57ca975a03d5c954a4ff,2023-12,Leicestershire Police,Leicestershire Police,-1.127203,52.633317,On or near Church Street,E01032873,Leicester 041D,Possession of weapons,Court result unavailable,
7727d2f7c900270c2d4b228cc203179d4d5be8ba012dc67d41fbef4042b22273,2023-12,Leicestershire Police,Leicestershire Police,-1.126996,52.631814,On or near Theatre/Concert Hall,E01032873,Leicester 041D,Possession of weapons,Court result unavailable,
e5bf565c76835e21a3f38eb5b54ffde468e792861fdf47668123a4e27b4d9b59,2023-12,Leicestershire Police,Leicestershire Police,-1.127549,52.632987,On or near Northampton Square,E01032873,Leicester 041D,Public order,Investigation complete; no suspect identified,
8678ddc7bcc12bc2b160f5ac68705b00c73a95fad9acff185ebd5a92a7ff2571,2023-12,Leicestershire Police,Leicestershire Police,-1.127791,52.632746,On or near Northampton Street,E01032873,Leicester 041D,Public order,Court result unavailable,
e8f965f8c379fd93cb60beaea267c8ca177ddc5c03166510dfd71d4c2343b673,2023-12,Leicestershire Police,Leicestershire Police,-1.129885,52.630693,On or near Wellington Street,E01032873,Leicester 041D,Public order,Court result unavailable,
bf35f3cb62bfb8b09ad43c09e4808ba7e1d62e5d753663421145e089d4a67dfc,2023-12,Leicestershire Police,Leicestershire Police,-1.129306,52.633053,On or near Granby Street,E01032873,Leicester 041D,Public order,Formal action is not in the public interest,
d1296ec2b14e3d4f48d575c194261ee6c4c9147e68e66ef647f0b99c284555ac,2023-12,Leicestershire Police,Leicestershire Police,-1.131836,52.632901,On or near Nightclub,E01032873,Leicester 041D,Public order,Local resolution,
0deb171db7b0bdeefc204d0996933de224d31d3c6eb8af9ed45b4533722e04ae,2023-12,Leicestershire Police,Leicestershire Police,-1.131836,52.632901,On or near Nightclub,E01032873,Leicester 041D,Public order,Local resolution,
3c927b650cf7e6f9d3b408b1d13d23389d1f11a5839c5e6d1f66de8677eda77c,2023-12,Leicestershire Police,Leicestershire Police,-1.129306,52.633053,On or near Granby Street,E01032873,Leicester 041D,Public order,Local resolution,
b80071baee2dce1c9411686464e85d665c2c4b6a7890f1a2aac257f968236c93,2023-12,Leicestershire Police,Leicestershire Police,-1.129885,52.630693,On or near Wellington Street,E01032873,Leicester 041D,Public order,Unable to prosecute suspect,
011e5d3412f6246b9022ae3e51ef7b28f6119da7e63a4b0686785019392a31da,2023-12,Leicestershire Police,Leicestershire Police,-1.127791,52.632746,On or near Northampton Street,E01032873,Leicester 041D,Public order,Investigation complete; no suspect identified,
508c525fb0f3e0e9bf91faf2aef532c456b8735a7558d3f70fcffc48c63c1fd3,2023-12,Leicestershire Police,Leicestershire Police,-1.129885,52.630693,On or near Wellington Street,E01032873,Leicester 041D,Public order,Offender given a caution,
22675f27e2d6c07da9127790770d1183051a1a28656055c7e2dfbb885100b751,2023-12,Leicestershire Police,Leicestershire Police,-1.124819,52.632805,On or near Campbell Street,E01032873,Leicester 041D,Public order,Status update unavailable,
c4925c6797888c673dd829cc0d415f4c790a445f545fe680012786c693cda394,2023-12,Leicestershire Police,Leicestershire Police,-1.128220,52.631193,On or near Calais Hill,E01032873,Leicester 041D,Public order,Unable to prosecute suspect,
0d6a3c12dec160c357e2e874e772c0c34e3daf4758a4366a1d52ac87b60babde,2023-12,Leicestershire Police,Leicestershire Police,-1.131662,52.633502,On or near Bishop Street,E01032873,Leicester 041D,Public order,Investigation complete; no suspect identified,
55e0e302317357ce6e8ee16b468cca0dcb116253f1eaad41d91fd94ef343202b,2023-12,Leicestershire Police,Leicestershire Police,-1.129483,52.632318,On or near York Street,E01032873,Leicester 041D,Robbery,Investigation complete; no suspect identified,
28fd32c9695030532e51778e9d1fe48437934652605f8f877e991c134e205edb,2023-12,Leicestershire Police,Leicestershire Police,-1.127791,52.632746,On or near Northampton Street,E01032873,Leicester 041D,Shoplifting,Investigation complete; no suspect identified,
21aeeb3c2cd7f0fb3a6aeb4002cd725e69c99c6617d81318f017a0213048a034,2023-12,Leicestershire Police,Leicestershire Police,-1.127791,52.632746,On or near Northampton Street,E01032873,Leicester 041D,Shoplifting,Investigation complete; no suspect identified,
b6feb01c6054d321d142e3eea05acd40ae1c2e8446aba6e29c3df565c4152d54,2023-12,Leicestershire Police,Leicestershire Police,-1.127791,52.632746,On or near Northampton Street,E01032873,Leicester 041D,Shoplifting,Investigation complete; no suspect identified,
755a7fbfa7a8f0cfd8b56996b1d85f0cce928b8d3e154886cdeeb2ed69139250,2023-12,Leicestershire Police,Leicestershire Police,-1.127791,52.632746,On or near Northampton Street,E01032873,Leicester 041D,Shoplifting,Investigation complete; no suspect identified,
ed9109a499b50084e611cbf50e32922b7481def5be195da1bdd60bba1d5b93f3,2023-12,Leicestershire Police,Leicestershire Police,-1.127791,52.632746,On or near Northampton Street,E01032873,Leicester 041D,Shoplifting,Investigation complete; no suspect identified,
287194984424dfaf2098ce80e7bbf15f49069a8fa902f08fd8d7c7f96790f51d,2023-12,Leicestershire Police,Leicestershire Police,-1.127791,52.632746,On or near Northampton Street,E01032873,Leicester 041D,Shoplifting,Investigation complete; no suspect identified,
fbeec5ff99365ecaf033eb1b90ee43cd82aee0edf86bf07f96fd93cf1c6e1282,2023-12,Leicestershire Police,Leicestershire Police,-1.127791,52.632746,On or near Northampton Street,E01032873,Leicester 041D,Shoplifting,Unable to prosecute suspect,
728a859411f0fc79c5706a9ebbe4202984554bc3cb246224540d9042b22cc320,2023-12,Leicestershire Police,Leicestershire Police,-1.127791,52.632746,On or near Northampton Street,E01032873,Leicester 041D,Shoplifting,Investigation complete; no suspect identified,
83917c985ba5427973f3d890a2589e0f770dfdf2b34f5245c4d2ed84fe987edb,2023-12,Leicestershire Police,Leicestershire Police,-1.127203,52.633317,On or near Church Street,E01032873,Leicester 041D,Theft from the person,Investigation complete; no suspect identified,
3e861b92d051a2a748ab6e063be94fa93d57fa18ed9c0967040f03a2bed87934,2023-12,Leicestershire Police,Leicestershire Police,-1.125641,52.631624,On or near Station Street,E01032873,Leicester 041D,Vehicle crime,Investigation complete; no suspect identified,
f9538a1cbd8581bcb19408d3cd900a196bfae652022ca61e7c413199bb04a149,2023-12,Leicestershire Police,Leicestershire Police,-1.129155,52.631767,On or near Dover Street,E01032873,Leicester 041D,Vehicle crime,Investigation complete; no suspect identified,
3ca2ae2156eda1e9a4d12258bad954d5e5fb20330ade9b58f44a096e2e271291,2023-12,Leicestershire Police,Leicestershire Police,-1.131038,52.632931,On or near Belvoir Street,E01032873,Leicester 041D,Vehicle crime,Investigation complete; no suspect identified,
26ddd085fe06978cbf24a10ccf18c8a08c562c5b80d2972b87872b723061b6d4,2023-12,Leicestershire Police,Leicestershire Police,-1.131836,52.632901,On or near Nightclub,E01032873,Leicester 041D,Violence and sexual offences,Investigation complete; no suspect identified,
b3ebdaee0861f77977055ae94a3027aeb4da34745ca53d48b5b91f5d379f6b5b,2023-12,Leicestershire Police,Leicestershire Police,-1.127203,52.633317,On or near Church Street,E01032873,Leicester 041D,Violence and sexual offences,Unable to prosecute suspect,
129301f9751eb3b299a2b5c98a2e0869dc86ee6643c5f90fff163779fabf242e,2023-12,Leicestershire Police,Leicestershire Police,-1.131662,52.633502,On or near Bishop Street,E01032873,Leicester 041D,Violence and sexual offences,Investigation complete; no suspect identified,
fbb3e9fbbf9f88663dbfbb2755fab42b7bf9b04ac9b6803943649a71db75948f,2023-12,Leicestershire Police,Leicestershire Police,-1.131836,52.632901,On or near Nightclub,E01032873,Leicester 041D,Violence and sexual offences,Investigation complete; no suspect identified,
fd04bd5eb1cf516d863aa4345570f22036d15bf79c8fc117a8f5ad0ce2232276,2023-12,Leicestershire Police,Leicestershire Police,-1.129306,52.633053,On or near Granby Street,E01032873,Leicester 041D,Violence and sexual offences,Investigation complete; no suspect identified,
3df37e743f5ec2acb5fede31749dbc0ac6cfd6b6eb21c73a2db11700144d60b2,2023-12,Leicestershire Police,Leicestershire Police,-1.130358,52.632171,On or near Stamford Street,E01032873,Leicester 041D,Violence and sexual offences,Unable to prosecute suspect,
a32b1e55a8f8a0142a8ba02891b22576ed928cf9f1fa325280b088451ee73f9a,2023-12,Leicestershire Police,Leicestershire Police,-1.129885,52.630693,On or near Wellington Street,E01032873,Leicester 041D,Violence and sexual offences,Unable to prosecute suspect,
255933b7c4eb05cc6f6fdaf368872844c5bceedebfe12ba7ffb236e11a71fc30,2023-12,Leicestershire Police,Leicestershire Police,-1.131038,52.632931,On or near Belvoir Street,E01032873,Leicester 041D,Violence and sexual offences,Investigation complete; no suspect identified,
970674c32db2b697ed899d60fcd3e1e28e9f73f89f4154c64a5b08b92b1e7ded,2023-12,Leicestershire Police,Leicestershire Police,-1.131662,52.633502,On or near Bishop Street,E01032873,Leicester 041D,Violence and sexual offences,Action to be taken by another organisation,
d8cb4f5abec1482ad34c875bb8a99748ec31ff5f58fcd59066286195941fa568,2023-12,Leicestershire Police,Leicestershire Police,-1.127203,52.633317,On or near Church Street,E01032873,Leicester 041D,Violence and sexual offences,Further investigation is not in the public interest,
92f86b99da4cc361ee97c513d966f3cc14f2801928969c36e187123e3e74faa5,2023-12,Leicestershire Police,Leicestershire Police,-1.129885,52.630693,On or near Wellington Street,E01032873,Leicester 041D,Violence and sexual offences,Investigation complete; no suspect identified,
4f3805ca37f007d318875e4c6319819c6e422f89e15085597bb496ca3552ff03,2023-12,Leicestershire Police,Leicestershire Police,-1.131038,52.632931,On or near Belvoir Street,E01032873,Leicester 041D,Violence and sexual offences,Unable to prosecute suspect,
dffa8e25a552199452fa5c907417ac74e9211caf9d051c7f7103730ce7d24c80,2023-12,Leicestershire Police,Leicestershire Police,-1.129885,52.630693,On or near Wellington Street,E01032873,Leicester 041D,Violence and sexual offences,Unable to prosecute suspect,
cb29309a2a8893ad6e5919c6b056b653d097306be1a89a49499338a2a78ddb0c,2023-12,Leicestershire Police,Leicestershire Police,-1.128220,52.631193,On or near Calais Hill,E01032873,Leicester 041D,Violence and sexual offences,Action to be taken by another organisation,
295c709d21c116eb73a4ee4babad62b2174fa94a1769b1b7ec1150f015c487b1,2023-12,Leicestershire Police,Leicestershire Police,-1.131836,52.632901,On or near Nightclub,E01032873,Leicester 041D,Violence and sexual offences,Investigation complete; no suspect identified,
28d0730c8a8e167905343babff80b14c2a423d70a8f409d2e7b6de4a85338c12,2023-12,Leicestershire Police,Leicestershire Police,-1.128220,52.631193,On or near Calais Hill,E01032873,Leicester 041D,Violence and sexual offences,Unable to prosecute suspect,
13aedf87b98b617bb0f9912de437f7c11df79be1624a6a6b00ec36d787ca0651,2023-12,Leicestershire Police,Leicestershire Police,-1.129306,52.633053,On or near Granby Street,E01032873,Leicester 041D,Violence and sexual offences,Investigation complete; no suspect identified,
20a2a882fbf0c0b8706bd70931480ca66f6348794001dc9ee335e29dbab5611a,2023-12,Leicestershire Police,Leicestershire Police,-1.125641,52.631624,On or near Station Street,E01032873,Leicester 041D,Violence and sexual offences,Unable to prosecute suspect,
03b5c9505f48393f1e9a45bc7a80e2ce82e220aeb6ac634622115597d5d32f35,2023-12,Leicestershire Police,Leicestershire Police,-1.129306,52.633053,On or near Granby Street,E01032873,Leicester 041D,Violence and sexual offences,Unable to prosecute suspect,
64a4233211adb4f9f8598761e38dbf733906fb88a8c2270fb5087030cecd7b9b,2023-12,Leicestershire Police,Leicestershire Police,-1.131038,52.632931,On or near Belvoir Street,E01032873,Leicester 041D,Violence and sexual offences,Investigation complete; no suspect identified,
fdaf700765fe742e77e6d680f9519ce60d4e19f58f5b5b914338b6a6827b87e2,2023-12,Leicestershire Police,Leicestershire Police,-1.125641,52.631624,On or near Station Street,E01032873,Leicester 041D,Violence and sexual offences,Unable to prosecute suspect,
a666187ecbf48b770dd52669605de4f614a2b6a5f572beff6a82588847494974,2023-12,Leicestershire Police,Leicestershire Police,-1.129306,52.633053,On or near Granby Street,E01032873,Leicester 041D,Violence and sexual offences,Unable to prosecute suspect,
f0d442611b1be4960e691763da3645b8a662cc3dd7f5f1816ff5e3dd413fbd22,2023-12,Leicestershire Police,Leicestershire Police,-1.127731,52.634237,On or near Conference/Exhibition Centre,E01032873,Leicester 041D,Violence and sexual offences,Unable to prosecute suspect,
1519e56ee052fab716d6b55913a14176ae5e76a7b29535deb611bc500004e5c3,2023-12,Leicestershire Police,Leicestershire Police,-1.131038,52.632931,On or near Belvoir Street,E01032873,Leicester 041D,Violence and sexual offences,Unable to prosecute suspect,
6c710d99e9747eb73192c7398e22012590fbd7cab7ceae39659bc8a14237d4e7,2023-12,Leicestershire Police,Leicestershire Police,-1.131836,52.632901,On or near Nightclub,E01032873,Leicester 041D,Violence and sexual offences,Investigation complete; no suspect identified,
f92864a747e9ab38802e48d62758d44558084b97acd269febc22f194327d4ac5,2023-12,Leicestershire Police,Leicestershire Police,-1.124819,52.632805,On or near Campbell Street,E01032873,Leicester 041D,Violence and sexual offences,Unable to prosecute suspect,
17375c01f176d17cda3b299df8ff3ec2f1ca7b1d0b554a602a8525effa1e6146,2023-12,Leicestershire Police,Leicestershire Police,-1.128220,52.631193,On or near Calais Hill,E01032873,Leicester 041D,Violence and sexual offences,Action to be taken by another organisation,
27a77c1211a44017897e2983f5e4b3731b194ddf830efc89318d29ae7211d46b,2023-12,Leicestershire Police,Leicestershire Police,-1.129306,52.633053,On or near Granby Street,E01032873,Leicester 041D,Violence and sexual offences,Investigation complete; no suspect identified,
b9a400d6b3e4eace6319f8fce6180fed10475ff10bff6472c53d4df317ede662,2023-12,Leicestershire Police,Leicestershire Police,-1.129885,52.630693,On or near Wellington Street,E01032873,Leicester 041D,Violence and sexual offences,Offender given a caution,
51554da70e76cd3600128b3711eced18ae6166a3720e2adf24cca161c456de7e,2023-12,Leicestershire Police,Leicestershire Police,-1.127203,52.633317,On or near Church Street,E01032873,Leicester 041D,Violence and sexual offences,Investigation complete; no suspect identified,
7b283c750d05967da667d730c21d050452cfa8ac68176568c49cdf77c3fec4c8,2023-12,Leicestershire Police,Leicestershire Police,-1.129885,52.630693,On or near Wellington Street,E01032873,Leicester 041D,Violence and sexual offences,Unable to prosecute suspect,
605998975539b49cb5264ec38a3ee56d15e0b19c3e4ec406dba5b95dd2a02717,2023-12,Leicestershire Police,Leicestershire Police,-1.129306,52.633053,On or near Granby Street,E01032873,Leicester 041D,Violence and sexual offences,Unable to prosecute suspect,
94bd32dfa14adc8ad02a06074f4a5f584c8c406946a8e5deaa7fb44666a9c042,2023-12,Leicestershire Police,Leicestershire Police,-1.131836,52.632901,On or near Nightclub,E01032873,Leicester 041D,Violence and sexual offences,Court result unavailable,
cbc6e1360d84578f01773056d7aceabecef9fe436b1d5f78c13e168273fd6ac0,2023-12,Leicestershire Police,Leicestershire Police,-1.131836,52.632901,On or near Nightclub,E01032873,Leicester 041D,Violence and sexual offences,Unable to prosecute suspect,
ea295bdb87498f7eb5b8e4da92c4398beeee560aa57920df9c3c935cc3855d30,2023-12,Leicestershire Police,Leicestershire Police,-1.125641,52.631624,On or near Station Street,E01032873,Leicester 041D,Violence and sexual offences,Court result unavailable,
3eddeaee18e3aa4d999fad467fb8a81d36298ed04ed9ee93f04636bfcc65bf9a,2023-12,Leicestershire Police,Leicestershire Police,-1.129885,52.630693,On or near Wellington Street,E01032873,Leicester 041D,Violence and sexual offences,Investigation complete; no suspect identified,
3947ee022d78e749a0987d3a51a247abd095e2f2600dd6f27a3ee3c04dd8e385,2023-12,Leicestershire Police,Leicestershire Police,-1.129306,52.633053,On or near Granby Street,E01032873,Leicester 041D,Violence and sexual offences,Unable to prosecute suspect,
66e62314a110e940910e24df203f76a196fac8a5625479ce8bc3cd5f71e1cc52,2023-12,Leicestershire Police,Leicestershire Police,-1.127203,52.633317,On or near Church Street,E01032873,Leicester 041D,Violence and sexual offences,Investigation complete; no suspect identified,
07ec581fc53b45eb09f7adcd15d87d2f9551290cfd1cf306ce4d87914dffb2ed,2023-12,Leicestershire Police,Leicestershire Police,-1.131038,52.632931,On or near Belvoir Street,E01032873,Leicester 041D,Violence and sexual offences,Investigation complete; no suspect identified,
c9be28a02ecdb40e22f722c24e771dabd56f7f09812f9ff543c121682947b178,2023-12,Leicestershire Police,Leicestershire Police,-1.129885,52.630693,On or near Wellington Street,E01032873,Leicester 041D,Violence and sexual offences,Unable to prosecute suspect,
7c2e361f30fb4f8348f5eeca29407261d261a3ed52a23e086992b2f0302510d6,2023-12,Leicestershire Police,Leicestershire Police,-1.126996,52.631814,On or near Theatre/Concert Hall,E01032873,Leicester 041D,Violence and sexual offences,Unable to prosecute suspect,
2a475e1b0d6a277676197a6cc9acf3182ecbed015ee9517817c63ec8db6520e3,2023-12,Leicestershire Police,Leicestershire Police,-1.129885,52.630693,On or near Wellington Street,E01032873,Leicester 041D,Violence and sexual offences,Status update unavailable,
4a9e2cb2863cf0f4a30e426e07fd759b4af55be77285e62da88512ef1b4fb2bf,2023-12,Leicestershire Police,Leicestershire Police,-1.130544,52.631013,On or near Park Street,E01032873,Leicester 041D,Other crime,Unable to prosecute suspect,
33f2207a2447db26c256ccc05181ccfa0f7f878826625a0dfb3fe7f83ceac205,2023-12,Leicestershire Police,Leicestershire Police,-1.131038,52.632931,On or near Belvoir Street,E01032873,Leicester 041D,Other crime,Investigation complete; no suspect identified,
b5aad27158a6a7bc1ddd54b3d79cabd15c9f26465b128e65914ed7ac8b203845,2023-12,Leicestershire Police,Leicestershire Police,-1.130997,52.634252,On or near Granby Place,E01034022,Leicester 041E,Burglary,Unable to prosecute suspect,
fe8bf135067c38dfe507292ed56547a43a02ffa595245737d76f2161238af99b,2023-12,Leicestershire Police,Leicestershire Police,-1.130997,52.634252,On or near Granby Place,E01034022,Leicester 041E,Burglary,Unable to prosecute suspect,
5e4cf22c45cdcea94e91d5ba36b289d67112353c2710707cfedf3f8d789f9724,2023-12,Leicestershire Police,Leicestershire Police,-1.132159,52.634477,On or near Market Place Approach,E01034022,Leicester 041E,Burglary,Unable to prosecute suspect,
d9175e6253103933c9b1567424ec5bc6f40d4295991744a9153bfc275d7e1881,2023-12,Leicestershire Police,Leicestershire Police,-1.132473,52.639558,On or near Nightclub,E01034022,Leicester 041E,Criminal damage and arson,Court result unavailable,
633ccf7de9530b61e1e8a454add5b1ee90d12fa14b7a4a8ae383dc878e96cb4c,2023-12,Leicestershire Police,Leicestershire Police,-1.132473,52.639558,On or near Nightclub,E01034022,Leicester 041E,Drugs,Unable to prosecute suspect,
29812d26296f0b1d6bedcc823d5cceb426f8219cfe15ac5400f3bfe7fd398d48,2023-12,Leicestershire Police,Leicestershire Police,-1.134563,52.637740,On or near Church Gate,E01034022,Leicester 041E,Drugs,Court result unavailable,
bf19136edd8a188f803995929bf99783c5ce440578c2f3cecdba5d5e4971df22,2023-12,Leicestershire Police,Leicestershire Police,-1.140229,52.634392,On or near Parking Area,E01034022,Leicester 041E,Drugs,Local resolution,
6042d4131b66a6d5f52abe4d020638e8546fd49cbd81f1b146f656c055b09da9,2023-12,Leicestershire Police,Leicestershire Police,-1.132277,52.639764,On or near Abbey Street,E01034022,Leicester 041E,Drugs,Court result unavailable,
b3c193e805b41d65a14a91e3899bfeceb2dd0343df0dc973ac1bffc54001712c,2023-12,Leicestershire Police,Leicestershire Police,-1.131354,52.639316,On or near Nightclub,E01034022,Leicester 041E,Possession of weapons,Unable to prosecute suspect,
c0887b9d308109768c0f81cc839a7f1eaf87d66f0fddb67256f448e0e2dec692,2023-12,Leicestershire Police,Leicestershire Police,-1.132473,52.639558,On or near Nightclub,E01034022,Leicester 041E,Public order,Court result unavailable,
76462f58e6b7319e66884023513dea86d6b00ed1bba75c35ecdd511f9af169dc,2023-12,Leicestershire Police,Leicestershire Police,-1.132277,52.639764,On or near Abbey Street,E01034022,Leicester 041E,Public order,Court result unavailable,
12ebf94e94b4abf4e94fc4829d5090a554ef5e62522a3368664a338ef7953f64,2023-12,Leicestershire Police,Leicestershire Police,-1.138330,52.634009,On or near Peacock Lane,E01034022,Leicester 041E,Public order,Unable to prosecute suspect,
e9698d1e6f39abed30aad906897eaf0b9598836580674b1e0e865335e280c611,2023-12,Leicestershire Police,Leicestershire Police,-1.133652,52.634409,On or near Shopping Area,E01034022,Leicester 041E,Public order,Court result unavailable,
9e9ebb4a3bf85e17c2b29e0e0c392ec1bb781a1bfa79eae25609c13bb59351e8,2023-12,Leicestershire Police,Leicestershire Police,-1.132473,52.639558,On or near Nightclub,E01034022,Leicester 041E,Public order,Court result unavailable,
56fb563ce0047549710c02b49e820b32e2bcda02f3e4531fd1170cd323a6f60a,2023-12,Leicestershire Police,Leicestershire Police,-1.132473,52.639558,On or near Nightclub,E01034022,Leicester 041E,Public order,Court result unavailable,
b067168d441912ecdcd78ee1dc71f0a2b18bda9291fbe494d077f70dd1c09eaf,2023-12,Leicestershire Police,Leicestershire Police,-1.132473,52.639558,On or near Nightclub,E01034022,Leicester 041E,Public order,Court result unavailable,
7a29cda41002065ab42985bbd9dda7dbed6e851d1f593c957074c80a19d69192,2023-12,Leicestershire Police,Leicestershire Police,-1.131926,52.635797,On or near Fox Lane,E01034022,Leicester 041E,Robbery,Court result unavailable,
b6d7243103ed244541e7138ae867acbd40ac079b7699aa96a0b7710f000714e5,2023-12,Leicestershire Police,Leicestershire Police,-1.134107,52.635399,On or near Shopping Area,E01034022,Leicester 041E,Robbery,Investigation complete; no suspect identified,
944b2f58daae3821a76a5005f173a79b1e85446c237d66a175eaa3e228b2d1fa,2023-12,Leicestershire Police,Leicestershire Police,-1.139462,52.635078,On or near St Nicholas Place,E01034022,Leicester 041E,Robbery,Court result unavailable,
5b8f265e3383b70e761b2a0d2059dc51125a2807032aa39f0b93c468df0b23a8,2023-12,Leicestershire Police,Leicestershire Police,-1.130997,52.634252,On or near Granby Place,E01034022,Leicester 041E,Shoplifting,Court result unavailable,
60a28fbfa581623a2df99b7a66327a6448caae2faa936d80df9708bdc65258f2,2023-12,Leicestershire Police,Leicestershire Police,-1.130997,52.634252,On or near Granby Place,E01034022,Leicester 041E,Shoplifting,Further action is not in the public interest,
1aa78acceaab413bb431323136e7dbce22f8bedfb0807af5e9a32c4a59c487f1,2023-12,Leicestershire Police,Leicestershire Police,-1.137297,52.637697,On or near Causeway Lane,E01034022,Leicester 041E,Shoplifting,Local resolution,
7606d860aeb5b1c65811ff65ad94873451d8b390b607552c9a153233f921d71e,2023-12,Leicestershire Police,Leicestershire Police,-1.137297,52.637697,On or near Causeway Lane,E01034022,Leicester 041E,Shoplifting,Court result unavailable,
fdf9254851d37988e445edd0a2184f719218354ac2a3a3b38219f91722302784,2023-12,Leicestershire Police,Leicestershire Police,-1.139462,52.635078,On or near St Nicholas Place,E01034022,Leicester 041E,Violence and sexual offences,Court result unavailable,
1663af4d7052a0c7c9882058a64df50958d9ccba94fe5476ac45e657c488f95f,2023-12,Leicestershire Police,Leicestershire Police,-1.132277,52.639764,On or near Abbey Street,E01034022,Leicester 041E,Violence and sexual offences,Court result unavailable,
7fac0fa83bbc300dd9786c6c10070f7c3c0ed5552f512d16d8b0ed48658ec99e,2023-12,Leicestershire Police,Leicestershire Police,-1.129532,52.640274,On or near Wilton Street,E01034022,Leicester 041E,Violence and sexual offences,Further investigation is not in the public interest,
98c28998ca7755309bea7533221d2cace4d51747480c724a076d97ad252fda61,2023-12,Leicestershire Police,Leicestershire Police,-1.132309,52.634406,On or near Nightclub,E01034022,Leicester 041E,Violence and sexual offences,Investigation complete; no suspect identified,
d96eff8756ad906a143944a9e2c81f06971fdd0d28e22d6581745ae2c8eb11f9,2023-12,Leicestershire Police,Leicestershire Police,-1.134798,52.633318,On or near Nightclub,E01034022,Leicester 041E,Violence and sexual offences,Offender given a caution,
596a993c9eaf884124b9cdda4b10036e05259353c3b42541e521af7cd56912ac,2023-12,Leicestershire Police,Leicestershire Police,-1.136050,52.634991,On or near Loseby Lane,E01034022,Leicester 041E,Violence and sexual offences,Court result unavailable,
03e69a8894d93762e8ba0de8c023c9e44a7c89033820b6251cc03113d8f45a75,2023-12,Leicestershire Police,Leicestershire Police,-1.139462,52.635078,On or near St Nicholas Place,E01034022,Leicester 041E,Violence and sexual offences,Court result unavailable,
e76f1cd7e0cf484a3df391b7536c709cfc34dd8cf1c5f123cc5354b6802affa6,2023-12,Leicestershire Police,Leicestershire Police,-1.137297,52.637697,On or near Causeway Lane,E01034022,Leicester 041E,Violence and sexual offences,Unable to prosecute suspect,
1308e1c05a3a3ecdcc15a76be211523f0ccb93ae9e536cba8cea44ddd626fbef,2023-12,Leicestershire Police,Leicestershire Police,-1.139462,52.635078,On or near St Nicholas Place,E01034022,Leicester 041E,Violence and sexual offences,Court result unavailable,
bb46cef634d306454bc9f3ef7b2dfb2a2a8f85bbebf620deda84e67644d46ba5,2023-12,Leicestershire Police,Leicestershire Police,-1.139462,52.635078,On or near St Nicholas Place,E01034022,Leicester 041E,Violence and sexual offences,Court result unavailable,
3811e837f7b99a0e9dadba8d08b7276c2f7833d1dbc3ff598743a123274cba03,2023-12,Leicestershire Police,Leicestershire Police,-1.134107,52.635399,On or near Shopping Area,E01034022,Leicester 041E,Violence and sexual offences,Offender given a caution,
8464f39c708730cfcad831c46e0dbb7d540f2e08afc0f4f2aa9d22c3687510d1,2023-12,Leicestershire Police,Leicestershire Police,-1.139462,52.635078,On or near St Nicholas Place,E01034022,Leicester 041E,Violence and sexual offences,Offender given a caution,
85e9e02a91a639f56fe0e30bc15df8dd3a907d8b4d9e7a6ba6ec11ce2ff7f55f,2023-12,Leicestershire Police,Leicestershire Police,-1.132473,52.639558,On or near Nightclub,E01034022,Leicester 041E,Violence and sexual offences,Court result unavailable,
6868647a7e00d8658a2debc2a101bdad6c9363ec5609a5fbbf13f98e73358738,2023-12,Leicestershire Police,Leicestershire Police,-1.133444,52.636041,On or near East Gates,E01034022,Leicester 041E,Violence and sexual offences,Local resolution,
8f2d34bc30d768e03a270151298b1f0125fa46684addc45e990ef05a5a831a25,2023-12,Leicestershire Police,Leicestershire Police,-1.139010,52.634787,On or near Parking Area,E01034022,Leicester 041E,Violence and sexual offences,Unable to prosecute suspect,
684a076e9126a500d7a5ca633ad502cb3f1d4d19c94b66b788a48867754c848e,2023-12,Leicestershire Police,Leicestershire Police,-1.134018,52.638383,On or near Parking Area,E01034022,Leicester 041E,Violence and sexual offences,Awaiting court outcome,
26e7e8955eeda1001720c17e1315d76b54cbb975034d0e181cda8a5aeb80ca9d,2023-12,Leicestershire Police,Leicestershire Police,-1.132473,52.639558,On or near Nightclub,E01034022,Leicester 041E,Violence and sexual offences,Court result unavailable,
7a3fca4acc3e14f3ccd82c5b3dfb70277f49dbde137692d769818340bd7d0398,2023-12,Leicestershire Police,Leicestershire Police,-1.130997,52.634252,On or near Granby Place,E01034022,Leicester 041E,Violence and sexual offences,Investigation complete; no suspect identified,
7ee47e70920ce336056adf62aef690304245a42c8c54672bdce145c5c468ce14,2023-12,Leicestershire Police,Leicestershire Police,-1.133444,52.636041,On or near East Gates,E01034022,Leicester 041E,Violence and sexual offences,Court result unavailable,
871403dbb4289a7cfaf9c07874952fa93f13e831e1c31c4d9a224ae06292faed,2023-12,Leicestershire Police,Leicestershire Police,-1.139462,52.635078,On or near St Nicholas Place,E01034022,Leicester 041E,Violence and sexual offences,Offender given a caution,
,2023-12,Leicestershire Police,Leicestershire Police,-1.136395,52.635488,On or near Carts Lane,E01034022,Leicester 041E,Anti-social behaviour,,
,2023-12,Leicestershire Police,Leicestershire Police,-1.129437,52.638358,On or near Parking Area,E01034022,Leicester 041E,Anti-social behaviour,,
,2023-12,Leicestershire Police,Leicestershire Police,-1.136050,52.634991,On or near Loseby Lane,E01034022,Leicester 041E,Anti-social behaviour,,
,2023-12,Leicestershire Police,Leicestershire Police,-1.131414,52.635559,On or near Shopping Area,E01034022,Leicester 041E,Anti-social behaviour,,
,2023-12,Leicestershire Police,Leicestershire Police,-1.130997,52.634252,On or near Granby Place,E01034022,Leicester 041E,Anti-social behaviour,,
,2023-12,Leicestershire Police,Leicestershire Police,-1.133444,52.636041,On or near East Gates,E01034022,Leicester 041E,Anti-social behaviour,,
,2023-12,Leicestershire Police,Leicestershire Police,-1.131222,52.637041,On or near Parking Area,E01034022,Leicester 041E,Anti-social behaviour,,
,2023-12,Leicestershire Police,Leicestershire Police,-1.133444,52.636041,On or near East Gates,E01034022,Leicester 041E,Anti-social behaviour,,
,2023-12,Leicestershire Police,Leicestershire Police,-1.133444,52.636041,On or near East Gates,E01034022,Leicester 041E,Anti-social behaviour,,
,2023-12,Leicestershire Police,Leicestershire Police,-1.134798,52.633318,On or near Nightclub,E01034022,Leicester 041E,Anti-social behaviour,,
,2023-12,Leicestershire Police,Leicestershire Police,-1.133444,52.636041,On or near East Gates,E01034022,Leicester 041E,Anti-social behaviour,,
,2023-12,Leicestershire Police,Leicestershire Police,-1.136395,52.635488,On or near Carts Lane,E01034022,Leicester 041E,Anti-social behaviour,,
,2023-12,Leicestershire Police,Leicestershire Police,-1.131222,52.637041,On or near Parking Area,E01034022,Leicester 041E,Anti-social behaviour,,
,2023-12,Leicestershire Police,Leicestershire Police,-1.136395,52.635488,On or near Carts Lane,E01034022,Leicester 041E,Anti-social behaviour,,
,2023-12,Leicestershire Police,Leicestershire Police,-1.133444,52.636041,On or near East Gates,E01034022,Leicester 041E,Anti-social behaviour,,
,2023-12,Leicestershire Police,Leicestershire Police,-1.137309,52.634874,On or near Guildhall Lane,E01034022,Leicester 041E,Anti-social behaviour,,
,2023-12,Leicestershire Police,Leicestershire Police,-1.132389,52.634074,On or near Every Street,E01034022,Leicester 041E,Anti-social behaviour,,
,2023-12,Leicestershire Police,Leicestershire Police,-1.134107,52.635399,On or near Shopping Area,E01034022,Leicester 041E,Anti-social behaviour,,
,2023-12,Leicestershire Police,Leicestershire Police,-1.133444,52.636041,On or near East Gates,E01034022,Leicester 041E,Anti-social behaviour,,
,2023-12,Leicestershire Police,Leicestershire Police,-1.132309,52.634406,On or near Nightclub,E01034022,Leicester 041E,Anti-social behaviour,,
,2023-12,Leicestershire Police,Leicestershire Police,-1.133444,52.636041,On or near East Gates,E01034022,Leicester 041E,Anti-social behaviour,,
,2023-12,Leicestershire Police,Leicestershire Police,-1.131222,52.637041,On or near Parking Area,E01034022,Leicester 041E,Anti-social behaviour,,
,2023-12,Leicestershire Police,Leicestershire Police,-1.133444,52.636041,On or near East Gates,E01034022,Leicester 041E,Anti-social behaviour,,
,2023-12,Leicestershire Police,Leicestershire Police,-1.128966,52.640513,On or near Gower Street,E01034022,Leicester 041E,Anti-social behaviour,,
,2023-12,Leicestershire Police,Leicestershire Police,-1.131222,52.637041,On or near Parking Area,E01034022,Leicester 041E,Anti-social behaviour,,
,2023-12,Leicestershire Police,Leicestershire Police,-1.131414,52.635559,On or near Shopping Area,E01034022,Leicester 041E,Anti-social behaviour,,
,2023-12,Leicestershire Police,Leicestershire Police,-1.132821,52.633879,On or near Horsefair Street,E01034022,Leicester 041E,Anti-social behaviour,,
,2023-12,Leicestershire Police,Leicestershire Police,-1.135207,52.633528,On or near Berridge Street,E01034022,Leicester 041E,Anti-social behaviour,,
,2023-12,Leicestershire Police,Leicestershire Police,-1.133444,52.636041,On or near East Gates,E01034022,Leicester 041E,Anti-social behaviour,,
,2023-12,Leicestershire Police,Leicestershire Police,-1.130997,52.634252,On or near Granby Place,E01034022,Leicester 041E,Anti-social behaviour,,
,2023-12,Leicestershire Police,Leicestershire Police,-1.133444,52.636041,On or near East Gates,E01034022,Leicester 041E,Anti-social behaviour,,
,2023-12,Leicestershire Police,Leicestershire Police,-1.129437,52.638358,On or near Parking Area,E01034022,Leicester 041E,Anti-social behaviour,,
,2023-12,Leicestershire Police,Leicestershire Police,-1.136395,52.635488,On or near Carts Lane,E01034022,Leicester 041E,Anti-social behaviour,,
,2023-12,Leicestershire Police,Leicestershire Police,-1.133709,52.637581,On or near Parking Area,E01034022,Leicester 041E,Anti-social behaviour,,
,2023-12,Leicestershire Police,Leicestershire Police,-1.134798,52.633318,On or near Nightclub,E01034022,Leicester 041E,Anti-social behaviour,,
,2023-12,Leicestershire Police,Leicestershire Police,-1.133444,52.636041,On or near East Gates,E01034022,Leicester 041E,Anti-social behaviour,,
,2023-12,Leicestershire Police,Leicestershire Police,-1.133444,52.636041,On or near East Gates,E01034022,Leicester 041E,Anti-social behaviour,,
a0a55eb211b91852ab14b7ebaccd4f61ce7c231a1a2f32e23cbb41bd9a027f25,2023-12,Leicestershire Police,Leicestershire Police,-1.130997,52.634252,On or near Granby Place,E01034022,Leicester 041E,Bicycle theft,Investigation complete; no suspect identified,
b2b76f2727de985795c4bd5f9753f4541532009450e2627c08b2327c8966ad97,2023-12,Leicestershire Police,Leicestershire Police,-1.130778,52.637101,On or near Shopping Area,E01034022,Leicester 041E,Bicycle theft,Further investigation is not in the public interest,
245a13c3033974fb0d5a6a4b9ed16450ebb6ab35df8ea411bbc7c82505336c3b,2023-12,Leicestershire Police,Leicestershire Police,-1.136395,52.635488,On or near Carts Lane,E01034022,Leicester 041E,Bicycle theft,Investigation complete; no suspect identified,
a5c67b0f1a19095705648c0f4378ef5982df8053e41da5022d6db510e5608a99,2023-12,Leicestershire Police,Leicestershire Police,-1.137293,52.635647,On or near Shires Lane,E01034022,Leicester 041E,Bicycle theft,Investigation complete; no suspect identified,
0d3bbfad9ab43f4c8dde1808700dde55454c28d9a3d38d4d82c21b7f92e1dd19,2023-12,Leicestershire Police,Leicestershire Police,-1.138053,52.636111,On or near Freeschool Lane,E01034022,Leicester 041E,Bicycle theft,Investigation complete; no suspect identified,
9b2809bf0db31aafe69c727a897dfade61e62aebeaac250b4d7b231cb819e73a,2023-12,Leicestershire Police,Leicestershire Police,-1.138765,52.632952,On or near Southgates,E01034022,Leicester 041E,Bicycle theft,Investigation complete; no suspect identified,
c86c0f99019036cd8c7fdd5c4a25c6221d3a5db5315d99d9fe6c6c180499b94d,2023-12,Leicestershire Police,Leicestershire Police,-1.133652,52.634409,On or near Shopping Area,E01034022,Leicester 041E,Bicycle theft,Court result unavailable,
96b4a333a42753877b79408b3ec0c56eb53e57dfbe0546b59b0eb40de931e091,2023-12,Leicestershire Police,Leicestershire Police,-1.131222,52.637041,On or near Parking Area,E01034022,Leicester 041E,Bicycle theft,Investigation complete; no suspect identified,
5617589b4a63d173c383b9600ad71b4ac8162a0a3de65ec28886600a83d58100,2023-12,Leicestershire Police,Leicestershire Police,-1.140434,52.632955,On or near Castle Street,E01034022,Leicester 041E,Bicycle theft,Investigation complete; no suspect identified,
9d8535036afd53026b92aa6bf9ee44e372a14a733cb11b55e0454776441f6646,2023-12,Leicestershire Police,Leicestershire Police,-1.131926,52.635797,On or near Fox Lane,E01034022,Leicester 041E,Bicycle theft,Investigation complete; no suspect identified,
b0814b76b6161d9ad5df4facf397cbd1d9552a954ff44c444286ee064f52c754,2023-12,Leicestershire Police,Leicestershire Police,-1.140229,52.634392,On or near Parking Area,E01034022,Leicester 041E,Burglary,Unable to prosecute suspect,
e361d8f09fe82c3145a9e520d9f484fc4f14538ea940d96f3072e3937ed6e35e,2023-12,Leicestershire Police,Leicestershire Police,-1.130635,52.640579,On or near Wood Street,E01034022,Leicester 041E,Burglary,Investigation complete; no suspect identified,
8455779ebe636864f4eb3cbab2eefc49f125cc0335f0918cd31a0bfbe87d3caa,2023-12,Leicestershire Police,Leicestershire Police,-1.136050,52.634991,On or near Loseby Lane,E01034022,Leicester 041E,Burglary,Investigation complete; no suspect identified,
f0317db681399b4afc584af1b65f06193ed83ae2846ca39efac2dbdd76385b26,2023-12,Leicestershire Police,Leicestershire Police,-1.131222,52.637041,On or near Parking Area,E01034022,Leicester 041E,Burglary,Court result unavailable,
0f2c3c99801c78cc6dbccf70f12b1afb7d8913afb26d6ab685565c4a3732e0d2,2023-12,Leicestershire Police,Leicestershire Police,-1.136050,52.634991,On or near Loseby Lane,E01034022,Leicester 041E,Burglary,Investigation complete; no suspect identified,
a5cab33a2da2ab0cd1db339eaa67fc0c4f4ba218396503b5da30b2cab81795c8,2023-12,Leicestershire Police,Leicestershire Police,-1.140229,52.634392,On or near Parking Area,E01034022,Leicester 041E,Criminal damage and arson,Investigation complete; no suspect identified,
dc945e65fde52ee02034aadce9fc734e1ab3a025ec1427c81554e1268f116c25,2023-12,Leicestershire Police,Leicestershire Police,-1.133444,52.636041,On or near East Gates,E01034022,Leicester 041E,Criminal damage and arson,Investigation complete; no suspect identified,
2e2f936aa999ef4e923ebffec0b7e3074f7ca470102e363883012e0402869113,2023-12,Leicestershire Police,Leicestershire Police,-1.137293,52.635647,On or near Shires Lane,E01034022,Leicester 041E,Criminal damage and arson,Unable to prosecute suspect,
5e83c89fdfda8efabb3c5264e3d3301c45ce50d190962f9d4cac50f651f962d8,2023-12,Leicestershire Police,Leicestershire Police,-1.136050,52.634991,On or near Loseby Lane,E01034022,Leicester 041E,Criminal damage and arson,Investigation complete; no suspect identified,
b07c33d11fa878b89dc2ca650449bed9f88f96ea818392e51f36649475fc7a86,2023-12,Leicestershire Police,Leicestershire Police,-1.133444,52.636041,On or near East Gates,E01034022,Leicester 041E,Criminal damage and arson,Court result unavailable,
9bad7c47fb9ccdf8da99b10451e0d5e98f64189872f11a45e67ede1767d36822,2023-12,Leicestershire Police,Leicestershire Police,-1.132821,52.633879,On or near Horsefair Street,E01034022,Leicester 041E,Criminal damage and arson,Investigation complete; no suspect identified,
688aba020c9d473262aecc63519b7afb911b525f52b99d69b917e6e19e27402a,2023-12,Leicestershire Police,Leicestershire Police,-1.137402,52.636133,On or near Shopping Area,E01034022,Leicester 041E,Criminal damage and arson,Investigation complete; no suspect identified,
c3d3677f16753b57dffc88fb48767f319d19524094791fbc949fd802d2e5a175,2023-12,Leicestershire Police,Leicestershire Police,-1.133444,52.636041,On or near East Gates,E01034022,Leicester 041E,Criminal damage and arson,Local resolution,
4c90b9224dbd45722e309dd48c925ffc53c7d8a1d2b03702a9b66fb487bc0e4c,2023-12,Leicestershire Police,Leicestershire Police,-1.139462,52.635078,On or near St Nicholas Place,E01034022,Leicester 041E,Criminal damage and arson,Local resolution,
a172d6fa9c9d9f3b903d875677cae8d121fc83cec63b9945b7f6eed151901a9d,2023-12,Leicestershire Police,Leicestershire Police,-1.131222,52.637041,On or near Parking Area,E01034022,Leicester 041E,Criminal damage and arson,Investigation complete; no suspect identified,
67f0db331633d2386e2947eddeabf7abb4f1a08f1321c77bc30d40fe264b8c81,2023-12,Leicestershire Police,Leicestershire Police,-1.136649,52.638357,On or near Grape Street,E01034022,Leicester 041E,Criminal damage and arson,Investigation complete; no suspect identified,
53ef97287dbda4f2f59c84dd303a2e924bef6a8ad5ea83d11b8669bbc6f60394,2023-12,Leicestershire Police,Leicestershire Police,-1.137402,52.636133,On or near Shopping Area,E01034022,Leicester 041E,Criminal damage and arson,Investigation complete; no suspect identified,
221ecc5c01e807b136fbd6ce2db19db4cafdd5ae011a4c1646027226599c05a8,2023-12,Leicestershire Police,Leicestershire Police,-1.133444,52.636041,On or near East Gates,E01034022,Leicester 041E,Criminal damage and arson,Investigation complete; no suspect identified,
44152448bd5d3183bb24e56102f9a98af54a5c1722e8a5ed11b0b70128de434e,2023-12,Leicestershire Police,Leicestershire Police,-1.128966,52.640513,On or near Gower Street,E01034022,Leicester 041E,Criminal damage and arson,Unable to prosecute suspect,
cf3d9e44680f96159b9b2abc4dfeb3b47efbab6d2266a43c03bb7208148069a7,2023-12,Leicestershire Police,Leicestershire Police,-1.132159,52.634477,On or near Market Place Approach,E01034022,Leicester 041E,Criminal damage and arson,Investigation complete; no suspect identified,
c52c832f20af09d88d1ec8c2685ed4fe10e930c59e414263ca4c0a613e577296,2023-12,Leicestershire Police,Leicestershire Police,-1.137293,52.635647,On or near Shires Lane,E01034022,Leicester 041E,Criminal damage and arson,Investigation complete; no suspect identified,
d72a864342123f2a50acd512910694fe55e38b46310aa817b9c901f61d662f82,2023-12,Leicestershire Police,Leicestershire Police,-1.133652,52.634409,On or near Shopping Area,E01034022,Leicester 041E,Criminal damage and arson,Further investigation is not in the public interest,
81d9c952303d3850b934d772fced7a9160c978111ec2c3982ef8827191f28532,2023-12,Leicestershire Police,Leicestershire Police,-1.132473,52.639558,On or near Nightclub,E01034022,Leicester 041E,Criminal damage and arson,Investigation complete; no suspect identified,
f5f9748d0f2d358171b40d665b352af1679ab940766427b29909c19ab052af4a,2023-12,Leicestershire Police,Leicestershire Police,-1.133444,52.636041,On or near East Gates,E01034022,Leicester 041E,Criminal damage and arson,Investigation complete; no suspect identified,
148570e683e7f853de2026c3882ca40a1051fd723ffc004dfe64458334770895,2023-12,Leicestershire Police,Leicestershire Police,-1.137309,52.634874,On or near Guildhall Lane,E01034022,Leicester 041E,Criminal damage and arson,Court result unavailable,
b53586639858e56a93ef0f74a1c8e7fe5beac8791bfebf4acac9e99a443f0cc2,2023-12,Leicestershire Police,Leicestershire Police,-1.133444,52.636041,On or near East Gates,E01034022,Leicester 041E,Criminal damage and arson,Investigation complete; no suspect identified,
96373303f288f75bccbfcc6462bbbc68363a84b2cb1b6c44db4ef8978255568e,2023-12,Leicestershire Police,Leicestershire Police,-1.133652,52.634409,On or near Shopping Area,E01034022,Leicester 041E,Criminal damage and arson,Investigation complete; no suspect identified,
f18793f4f3aa5a6ef73c3027c1c22ecf2699b600246f2950744a8a78cdd86543,2023-12,Leicestershire Police,Leicestershire Police,-1.131354,52.639316,On or near Nightclub,E01034022,Leicester 041E,Criminal damage and arson,Court result unavailable,
8d1c510c242bab9132d3af3b30de0c10866e4b3b23db65b1d6380d23d48c5993,2023-12,Leicestershire Police,Leicestershire Police,-1.131354,52.639316,On or near Nightclub,E01034022,Leicester 041E,Criminal damage and arson,Court result unavailable,
6498baf5ef6fcae52ed6b1c5d33d0bc51bfee4b0c86b98cd06218e2ece1f05be,2023-12,Leicestershire Police,Leicestershire Police,-1.132821,52.633879,On or near Horsefair Street,E01034022,Leicester 041E,Drugs,Court result unavailable,
974a81704249fe57b1f24a8b7bff999d81e17f6c915d7780156b0ec8a4fa9af8,2023-12,Leicestershire Police,Leicestershire Police,-1.136395,52.635488,On or near Carts Lane,E01034022,Leicester 041E,Drugs,Unable to prosecute suspect,
6150048abad749f57cbfa0e99a320101c396956d7e784136bddf869befd14725,2023-12,Leicestershire Police,Leicestershire Police,-1.139462,52.635078,On or near St Nicholas Place,E01034022,Leicester 041E,Drugs,Local resolution,
04cf0421c52ee1e493d0a18a935c035f35e854e616d324977ece1e7b920e2796,2023-12,Leicestershire Police,Leicestershire Police,-1.139462,52.635078,On or near St Nicholas Place,E01034022,Leicester 041E,Drugs,Local resolution,
47dee50e6882202a21978aa1adde28050b51db5394fba0f8ea954fe826dec453,2023-12,Leicestershire Police,Leicestershire Police,-1.133417,52.638882,On or near Sandacre Street,E01034022,Leicester 041E,Drugs,Local resolution,
a052b66501184dad8ad63280fecc8908005d7b4afbcfe514b8baa6075ca66158,2023-12,Leicestershire Police,Leicestershire Police,-1.137198,52.633749,On or near Parking Area,E01034022,Leicester 041E,Drugs,Offender given a caution,
3d542c7eff9e4d5b30bba667dbf1e765ea9d908bb2a897922854087030d212d7,2023-12,Leicestershire Police,Leicestershire Police,-1.130997,52.634252,On or near Granby Place,E01034022,Leicester 041E,Drugs,Local resolution,
617f0b99b63409c883d96034d23db6c41dee079baf9f427adfccec2de0288f5b,2023-12,Leicestershire Police,Leicestershire Police,-1.125417,52.639138,On or near St Matthews Way,E01034022,Leicester 041E,Drugs,Local resolution,
2628ab9ece1ad7a8e05eb7f962242ce767794a3f389f9065c41a83a2d777dcd3,2023-12,Leicestershire Police,Leicestershire Police,-1.133652,52.634409,On or near Shopping Area,E01034022,Leicester 041E,Other theft,Investigation complete; no suspect identified,
88429e945841bfbf33212f0d1c062facbd7d633abed41ccbdebb0755be477bee,2023-12,Leicestershire Police,Leicestershire Police,-1.133709,52.637581,On or near Parking Area,E01034022,Leicester 041E,Other theft,Investigation complete; no suspect identified,
be36ede00ed1a7fa13907232595d35680128560125c6fcef853549944efcfe3a,2023-12,Leicestershire Police,Leicestershire Police,-1.132473,52.639558,On or near Nightclub,E01034022,Leicester 041E,Other theft,Investigation complete; no suspect identified,
b55bdd0bd1b00928e61661efd7c6c741cbfe752b1999c69b303af335bf39b639,2023-12,Leicestershire Police,Leicestershire Police,-1.134798,52.633318,On or near Nightclub,E01034022,Leicester 041E,Other theft,Investigation complete; no suspect identified,
5ab08c4c5aa0f730223d95f131639247f151e67e73f40c55b5e826dad33ba7a3,2023-12,Leicestershire Police,Leicestershire Police,-1.131222,52.637041,On or near Parking Area,E01034022,Leicester 041E,Other theft,Investigation complete; no suspect identified,
76eefd95b2b93b0a4e27ee2996175563c1255f5b1d4a972b8073ad398ee76f2a,2023-12,Leicestershire Police,Leicestershire Police,-1.133444,52.636041,On or near East Gates,E01034022,Leicester 041E,Other theft,Investigation complete; no suspect identified,
63cb996dd73f43820d7446d2d8a69e2681bf25e3fde807f06008dd6323aedabc,2023-12,Leicestershire Police,Leicestershire Police,-1.133444,52.636041,On or near East Gates,E01034022,Leicester 041E,Other theft,Investigation complete; no suspect identified,
c245732bc955809f3b6ee0bc3b3cd38f4c7eae2bab27dabafe129c3e90443311,2023-12,Leicestershire Police,Leicestershire Police,-1.132080,52.639223,On or near Police Station,E01034022,Leicester 041E,Other theft,Investigation complete; no suspect identified,
e85da7f1e61142c8538590afd81652f4e4b25f0c647fefa88115f0fddd7bb646,2023-12,Leicestershire Police,Leicestershire Police,-1.128966,52.640513,On or near Gower Street,E01034022,Leicester 041E,Other theft,Investigation complete; no suspect identified,
913e5e01afdb47f91e93058072bcff740578316a9f22e350752655368da124e8,2023-12,Leicestershire Police,Leicestershire Police,-1.133417,52.638882,On or near Sandacre Street,E01034022,Leicester 041E,Other theft,Investigation complete; no suspect identified,
d0e7cc3d10af2017a29dabdf3c6561b9f9c977ff1be8840c31d3ace92f6a4932,2023-12,Leicestershire Police,Leicestershire Police,-1.134563,52.637740,On or near Church Gate,E01034022,Leicester 041E,Other theft,Investigation complete; no suspect identified,
74fa87ba79cff92b62e0cf0ba7e48e872d9086c5b0fde84969d7976fe132205b,2023-12,Leicestershire Police,Leicestershire Police,-1.137198,52.633749,On or near Parking Area,E01034022,Leicester 041E,Other theft,Investigation complete; no suspect identified,
cab965509531aeb9a6909326036f3b423e236694d81b5f82403c672ccd02504f,2023-12,Leicestershire Police,Leicestershire Police,-1.133444,52.636041,On or near East Gates,E01034022,Leicester 041E,Other theft,Investigation complete; no suspect identified,
b2806bb784997473e771459e2f449c0490844250709ea8c3699b08d41cde57f3,2023-12,Leicestershire Police,Leicestershire Police,-1.133417,52.638882,On or near Sandacre Street,E01034022,Leicester 041E,Other theft,Investigation complete; no suspect identified,
e6ea79bef4618518ecccc18e866bac76ce0443e37ac38f73cda4a586d35bfc99,2023-12,Leicestershire Police,Leicestershire Police,-1.134122,52.638366,On or near Short Street,E01034022,Leicester 041E,Other theft,Investigation complete; no suspect identified,
0a97d2b8c5ec2a529f0c0ab6636ce614a8db6ee04e363815454bb2a00ac4fa3a,2023-12,Leicestershire Police,Leicestershire Police,-1.134798,52.633318,On or near Nightclub,E01034022,Leicester 041E,Other theft,Investigation complete; no suspect identified,
ad6b9549230be5c5b563d25168d77dad421ab287bc488bfc412482fd9bfd0ed5,2023-12,Leicestershire Police,Leicestershire Police,-1.132821,52.633879,On or near Horsefair Street,E01034022,Leicester 041E,Other theft,Investigation complete; no suspect identified,
e2efd1a7788ca72043b8b0f6882af0c6833fb5c59b8504a085516ff6c4848abc,2023-12,Leicestershire Police,Leicestershire Police,-1.132473,52.639558,On or near Nightclub,E01034022,Leicester 041E,Other theft,Investigation complete; no suspect identified,
b620efe331c82f9999043688f0c146db811561fae7efe907d1c9be9c9e8dc5cb,2023-12,Leicestershire Police,Leicestershire Police,-1.136395,52.635488,On or near Carts Lane,E01034022,Leicester 041E,Other theft,Investigation complete; no suspect identified,
15378e23ae1e7d748c62793372e0146198ed97c6fc16ab560bf6185aca357f5c,2023-12,Leicestershire Police,Leicestershire Police,-1.132309,52.634406,On or near Nightclub,E01034022,Leicester 041E,Other theft,Investigation complete; no suspect identified,
09a5240f30df1206c8601a231b0a89dfeee88f782c559297db6f95fa9492ccd0,2023-12,Leicestershire Police,Leicestershire Police,-1.133417,52.638882,On or near Sandacre Street,E01034022,Leicester 041E,Other theft,Investigation complete; no suspect identified,
e19174a6c064f41312d8d00e8950b725068bae69b1aaf56dd07be7dee82f7583,2023-12,Leicestershire Police,Leicestershire Police,-1.130778,52.637101,On or near Shopping Area,E01034022,Leicester 041E,Other theft,Investigation complete; no suspect identified,
c6f065e3718bb01e32e08d9630d795b46c76423f12e818c9b2614794d0a64008,2023-12,Leicestershire Police,Leicestershire Police,-1.134122,52.638366,On or near Short Street,E01034022,Leicester 041E,Other theft,Investigation complete; no suspect identified,
3c4ad14d5fa8492bc28421459c1b05048468ac9df288c369f19607f824844e0f,2023-12,Leicestershire Police,Leicestershire Police,-1.135305,52.637556,On or near St Peters Lane,E01034022,Leicester 041E,Other theft,Investigation complete; no suspect identified,
ffbd62eefff5707b523a4c348d6a4357f2028485b4b65fcac2be5aff6ae96873,2023-12,Leicestershire Police,Leicestershire Police,-1.128735,52.639495,On or near Dryden Street,E01034022,Leicester 041E,Other theft,Investigation complete; no suspect identified,
d07f32b56706994f2e1c5c6ac3311993eb82f2e67b4f3f675c8fe154b9245ecf,2023-12,Leicestershire Police,Leicestershire Police,-1.131414,52.635559,On or near Shopping Area,E01034022,Leicester 041E,Other theft,Investigation complete; no suspect identified,
3c7c11fec909d03e4777e4389291abee617f5e8c9f3f3ff3a59851a8f9c85daf,2023-12,Leicestershire Police,Leicestershire Police,-1.133652,52.634409,On or near Shopping Area,E01034022,Leicester 041E,Other theft,Investigation complete; no suspect identified,
dbcfcf4d433246b989ec83d8e21a665875a5806a49037c694b424ef0aba9bf31,2023-12,Leicestershire Police,Leicestershire Police,-1.134107,52.635399,On or near Shopping Area,E01034022,Leicester 041E,Other theft,Formal action is not in the public interest,
9f229fb9bbe2d80b24ff713cb0985bebb1f3866f00220221ac2a7b116945dc56,2023-12,Leicestershire Police,Leicestershire Police,-1.135305,52.637556,On or near St Peters Lane,E01034022,Leicester 041E,Other theft,Investigation complete; no suspect identified,
a0ca90ba5bb2a45a377b9e8d505bd6c28670397160a4a23e8ea8434bce3e5e9d,2023-12,Leicestershire Police,Leicestershire Police,-1.133444,52.636041,On or near East Gates,E01034022,Leicester 041E,Other theft,Investigation complete; no suspect identified,
baf768c1cb4a7c7a1cee3df539e76974d886f35cb52e3bdb3f401a3efb1aae0a,2023-12,Leicestershire Police,Leicestershire Police,-1.134107,52.635399,On or near Shopping Area,E01034022,Leicester 041E,Other theft,Investigation complete; no suspect identified,
398a51d1cff451ffc49051a5eff40acf73eaa6dc2917b90f73bc8d5f4cc97876,2023-12,Leicestershire Police,Leicestershire Police,-1.132821,52.633879,On or near Horsefair Street,E01034022,Leicester 041E,Other theft,Investigation complete; no suspect identified,
0315b9434e52f0cb643f20e30219fe794fcf28cc35d08cb0d7c5aa79301453cc,2023-12,Leicestershire Police,Leicestershire Police,-1.132309,52.634406,On or near Nightclub,E01034022,Leicester 041E,Other theft,Investigation complete; no suspect identified,
e1ee9d20bd796a7ea4cc651f516a2d6f2c8769d2e468d86774c627295955a8fc,2023-12,Leicestershire Police,Leicestershire Police,-1.132309,52.634406,On or near Nightclub,E01034022,Leicester 041E,Other theft,Investigation complete; no suspect identified,
8db3b5346c8c23a4b8a098a2ca46ef7817d7ccb02ac2cd1f228634e7ea924f57,2023-12,Leicestershire Police,Leicestershire Police,-1.133444,52.636041,On or near East Gates,E01034022,Leicester 041E,Other theft,Investigation complete; no suspect identified,
f92cf376e47db84afd0a78ff9ca019da7ee76baee0adcdcc2b4e3c5db4bc07b5,2023-12,Leicestershire Police,Leicestershire Police,-1.130556,52.638573,On or near Lower Lee Street,E01034022,Leicester 041E,Other theft,Investigation complete; no suspect identified,
7e470df0bb75a300bd08b3ca763f133aa6d24539d5a51efd337f8a47bd87505b,2023-12,Leicestershire Police,Leicestershire Police,-1.132821,52.633879,On or near Horsefair Street,E01034022,Leicester 041E,Other theft,Investigation complete; no suspect identified,
ee9220a4e6979c39881a76f6c6ee6d2bed369cb5aae03c9ae2f09c09545c4391,2023-12,Leicestershire Police,Leicestershire Police,-1.128966,52.640513,On or near Gower Street,E01034022,Leicester 041E,Other theft,Investigation complete; no suspect identified,
8b76ef240f9b812150f90264aa0a232e5f891d4f1722ce88a9bd383a82796686,2023-12,Leicestershire Police,Leicestershire Police,-1.132821,52.633879,On or near Horsefair Street,E01034022,Leicester 041E,Other theft,Investigation complete; no suspect identified,
341250708aeb52d4537fc29b8f503d32b4b31ec15faf163fc1c2612ad0de0076,2023-12,Leicestershire Police,Leicestershire Police,-1.139010,52.634787,On or near Parking Area,E01034022,Leicester 041E,Other theft,Investigation complete; no suspect identified,
eee142bce2669bce1aa43c62f2f69df4a8d5802b044d68f68af72fae9f9bc2a1,2023-12,Leicestershire Police,Leicestershire Police,-1.134107,52.635399,On or near Shopping Area,E01034022,Leicester 041E,Other theft,Investigation complete; no suspect identified,
d9a8cb7f6077da71cf28df0c86d5be7a1fe7948c03dab075fce53288c9836801,2023-12,Leicestershire Police,Leicestershire Police,-1.133417,52.638882,On or near Sandacre Street,E01034022,Leicester 041E,Other theft,Investigation complete; no suspect identified,
207277ba5409e02ba7902836d5ebc2276d1782eb9fa7637ef0f3d4253ce1b1e2,2023-12,Leicestershire Police,Leicestershire Police,-1.133709,52.637581,On or near Parking Area,E01034022,Leicester 041E,Other theft,Investigation complete; no suspect identified,
ff4c8e352129b8bbae14271628ef96474a4c9bf45e7f045c87bfe37f28e3cfef,2023-12,Leicestershire Police,Leicestershire Police,-1.132309,52.634406,On or near Nightclub,E01034022,Leicester 041E,Other theft,Investigation complete; no suspect identified,
97313fa2b7a8014528629f5e3aa6fe551bfd39246bc31f71a2632fa9a52a858b,2023-12,Leicestershire Police,Leicestershire Police,-1.137293,52.635647,On or near Shires Lane,E01034022,Leicester 041E,Other theft,Investigation complete; no suspect identified,
71b4bddce6518a8bb5b4e1d6860cb15f45e069de86fb3ae9d64172b5611e6315,2023-12,Leicestershire Police,Leicestershire Police,-1.130778,52.637101,On or near Shopping Area,E01034022,Leicester 041E,Other theft,Investigation complete; no suspect identified,
f8ef1511758b779d64f8f240e808bb885169e2a373975cba7592766cf47b7867,2023-12,Leicestershire Police,Leicestershire Police,-1.128966,52.640513,On or near Gower Street,E01034022,Leicester 041E,Other theft,Investigation complete; no suspect identified,
e2940d67edb7a145d14595e90db12c75d571e5316169d63c19e8b8a6a6a479d0,2023-12,Leicestershire Police,Leicestershire Police,-1.133417,52.638882,On or near Sandacre Street,E01034022,Leicester 041E,Other theft,Investigation complete; no suspect identified,
671fe3f8bad71faa5fee37ad4bc7980f0689ef5107371a636a2ba2f814bd1905,2023-12,Leicestershire Police,Leicestershire Police,-1.137293,52.635647,On or near Shires Lane,E01034022,Leicester 041E,Other theft,Investigation complete; no suspect identified,
5588f97fe151ba6578d43b29af5d19dfdc39ea87ae80d9380c5c2f283ceb3153,2023-12,Leicestershire Police,Leicestershire Police,-1.133652,52.634409,On or near Shopping Area,E01034022,Leicester 041E,Other theft,Investigation complete; no suspect identified,
2e8f25747d5b565b66adf8546e66afb0ba2de3c54da04ce380c5ae529c4bf298,2023-12,Leicestershire Police,Leicestershire Police,-1.131222,52.637041,On or near Parking Area,E01034022,Leicester 041E,Other theft,Investigation complete; no suspect identified,
f6f6f37494ab8990bdbfbef102fa06f5b7555290b3be205a5fc3cbc2bedce851,2023-12,Leicestershire Police,Leicestershire Police,-1.132473,52.639558,On or near Nightclub,E01034022,Leicester 041E,Other theft,Investigation complete; no suspect identified,
e85db4d2917faf9e2a03d1b152503fdc1f109f3526fb192c709583c71141232b,2023-12,Leicestershire Police,Leicestershire Police,-1.135305,52.637556,On or near St Peters Lane,E01034022,Leicester 041E,Other theft,Investigation complete; no suspect identified,
c55a62ffac39f7ca926771959186323c91a9bb93a36c2653c838d33f719d83b4,2023-12,Leicestershire Police,Leicestershire Police,-1.134798,52.633318,On or near Nightclub,E01034022,Leicester 041E,Other theft,Investigation complete; no suspect identified,
40a9bc6c8f3eea1bc75266d4f3d5c2b54228811b799198a8fcbe1ed33535e2af,2023-12,Leicestershire Police,Leicestershire Police,-1.137402,52.636133,On or near Shopping Area,E01034022,Leicester 041E,Other theft,Investigation complete; no suspect identified,
2a79851f0fcefabaeb61167634ae4d6f1dc860b80df210b303b1d15b4ecf3da5,2023-12,Leicestershire Police,Leicestershire Police,-1.132821,52.633879,On or near Horsefair Street,E01034022,Leicester 041E,Other theft,Investigation complete; no suspect identified,
6b5dc51473b4d4cd342449e099f5436eef6231ea3a35b77a3cecb56f09adfde0,2023-12,Leicestershire Police,Leicestershire Police,-1.132206,52.634378,On or near Nightclub,E01034022,Leicester 041E,Other theft,Investigation complete; no suspect identified,
f439b6261101fa752b1ef9e7d18b12dbbc1f264e81af4f2a11729549015c6f9b,2023-12,Leicestershire Police,Leicestershire Police,-1.137402,52.636133,On or near Shopping Area,E01034022,Leicester 041E,Other theft,Investigation complete; no suspect identified,
758f8d96a62347bb26747449bf6a11af6875f49df810b028cbb43551cc42c457,2023-12,Leicestershire Police,Leicestershire Police,-1.132309,52.634406,On or near Nightclub,E01034022,Leicester 041E,Other theft,Investigation complete; no suspect identified,
e14ba18d4f11b4e2eace5e4969bfbf64825bcc32d27c17cdb312391a3aa6002d,2023-12,Leicestershire Police,Leicestershire Police,-1.132473,52.639558,On or near Nightclub,E01034022,Leicester 041E,Other theft,Investigation complete; no suspect identified,
d05e09b8f1e09b9ae1d9f1c85e423b0855452632ad043063b1fa7a8474bc1cbe,2023-12,Leicestershire Police,Leicestershire Police,-1.137293,52.635647,On or near Shires Lane,E01034022,Leicester 041E,Other theft,Investigation complete; no suspect identified,
5910bc23f52f7f291aa4039fe9096160ca25e4c5cff520262b01828032c85b20,2023-12,Leicestershire Police,Leicestershire Police,-1.137402,52.636133,On or near Shopping Area,E01034022,Leicester 041E,Other theft,Investigation complete; no suspect identified,
ec7ebc652beb100d627b5412f0b8c7422310d2002df5f2705b2b8de69f78324f,2023-12,Leicestershire Police,Leicestershire Police,-1.131414,52.635559,On or near Shopping Area,E01034022,Leicester 041E,Other theft,Investigation complete; no suspect identified,
d19c9126080c48af81edf9ae93d7ce09e5767f87484d8f33a08cfea80a9a63d1,2023-12,Leicestershire Police,Leicestershire Police,-1.132821,52.633879,On or near Horsefair Street,E01034022,Leicester 041E,Other theft,Investigation complete; no suspect identified,
88abfb74ecd5b8d707d757dba11b9c89e42df1f71fcdf921efdf0ac841459c7b,2023-12,Leicestershire Police,Leicestershire Police,-1.138053,52.636111,On or near Freeschool Lane,E01034022,Leicester 041E,Other theft,Investigation complete; no suspect identified,
e641097f0beb3cf959a83d6318e887cf31707dae1f526a48f6f3a682bd5f3b5d,2023-12,Leicestershire Police,Leicestershire Police,-1.132309,52.634406,On or near Nightclub,E01034022,Leicester 041E,Other theft,Investigation complete; no suspect identified,
a3b00e160e342cf198132fdaf21b3237c01f4ef3a8db6fcb8df2d120d0af747a,2023-12,Leicestershire Police,Leicestershire Police,-1.130997,52.634252,On or near Granby Place,E01034022,Leicester 041E,Possession of weapons,Local resolution,
3ddd6df28422254109b62c44222833aec6bb6fdb2990dff4ea73838352cc6de7,2023-12,Leicestershire Police,Leicestershire Police,-1.130997,52.634252,On or near Granby Place,E01034022,Leicester 041E,Possession of weapons,Status update unavailable,
ad156c59247703f527cd9ce436eb2f41335e1d2e0e7c1595e8853cf47d816577,2023-12,Leicestershire Police,Leicestershire Police,-1.134563,52.637740,On or near Church Gate,E01034022,Leicester 041E,Possession of weapons,Court result unavailable,
0cf3de434fe194caeb1ad4e433f8a7e0aabe0c99b3fc042de3f9fa99edbf7af0,2023-12,Leicestershire Police,Leicestershire Police,-1.133444,52.636041,On or near East Gates,E01034022,Leicester 041E,Public order,Investigation complete; no suspect identified,
aeba15567f35e68f731bd6cfab9f03594bc80d84858639ffa28f4c0fb5f1de37,2023-12,Leicestershire Police,Leicestershire Police,-1.133444,52.636041,On or near East Gates,E01034022,Leicester 041E,Public order,Investigation complete; no suspect identified,
40e30064ec7367db9a004b3062e80536aec28a3b48e7e776e25e31bac7a03221,2023-12,Leicestershire Police,Leicestershire Police,-1.137402,52.636133,On or near Shopping Area,E01034022,Leicester 041E,Public order,Unable to prosecute suspect,
5b795f1044cb22f5e3a2bcdec697aa7c6a35a84c61ca51857dadd4fbd570f01d,2023-12,Leicestershire Police,Leicestershire Police,-1.136050,52.634991,On or near Loseby Lane,E01034022,Leicester 041E,Public order,Local resolution,
cb6ac5e7a985c384255c2752663568fed1ee7e199dc95d9b929dc558caed4a84,2023-12,Leicestershire Police,Leicestershire Police,-1.133444,52.636041,On or near East Gates,E01034022,Leicester 041E,Public order,Investigation complete; no suspect identified,
f68f908247cba903de7831ede96b8aed6ec7a19d9138e9e2c02c4bb9d39fa985,2023-12,Leicestershire Police,Leicestershire Police,-1.134752,52.634136,On or near Hotel Street,E01034022,Leicester 041E,Public order,Unable to prosecute suspect,
c0020f1fadeee1f2352b0a6189cf9fc1630b79ec62ff2c461eb0094a3eff5d34,2023-12,Leicestershire Police,Leicestershire Police,-1.132277,52.639764,On or near Abbey Street,E01034022,Leicester 041E,Public order,Court result unavailable,
f13ef19a2cd26595bca51570bc41bcc67ba5101ba3c198daceb20f8f2998347c,2023-12,Leicestershire Police,Leicestershire Police,-1.139010,52.634787,On or near Parking Area,E01034022,Leicester 041E,Public order,Local resolution,
44afc5486d2b50a160edd62ad8b57925cbd55c5dfadad1288b91e31fab392e6e,2023-12,Leicestershire Police,Leicestershire Police,-1.130778,52.637101,On or near Shopping Area,E01034022,Leicester 041E,Public order,Unable to prosecute suspect,
7bd295a8eeeb16db4418e7350f34e8621a09ce7774d59f4076c2d8ff85f49ec3,2023-12,Leicestershire Police,Leicestershire Police,-1.132821,52.633879,On or near Horsefair Street,E01034022,Leicester 041E,Public order,Investigation complete; no suspect identified,
98fc75c0f8f22231a061cf87b31d58082cee32996a5484154f745f796c8e3531,2023-12,Leicestershire Police,Leicestershire Police,-1.134798,52.633318,On or near Nightclub,E01034022,Leicester 041E,Public order,Investigation complete; no suspect identified,
7e10f459c996246695ecf1b831b1e5000dbf81f6e0ecf63818e37d01ea1d890a,2023-12,Leicestershire Police,Leicestershire Police,-1.134798,52.633318,On or near Nightclub,E01034022,Leicester 041E,Public order,Investigation complete; no suspect identified,
c5f0c07b2b055eafe2a20291395d5c413a23c2d9eca7f05670e5566a2682bdbe,2023-12,Leicestershire Police,Leicestershire Police,-1.137297,52.637697,On or near Causeway Lane,E01034022,Leicester 041E,Public order,Court result unavailable,
4a0d1ff00cf2db00992716dd3f44e8b8f9c84cad87973aa0483e2612173d6848,2023-12,Leicestershire Police,Leicestershire Police,-1.136395,52.635488,On or near Carts Lane,E01034022,Leicester 041E,Public order,Court result unavailable,
338b475eef652e2f0f01eda81255077a00c3540d8b87a84c35b0e00333b15324,2023-12,Leicestershire Police,Leicestershire Police,-1.132433,52.640046,On or near Nightclub,E01034022,Leicester 041E,Public order,Court result unavailable,
b3b8afeef3af58b29fd75454bf56f100a0cb21aac3e205ba389d643126d91c8f,2023-12,Leicestershire Police,Leicestershire Police,-1.131414,52.635559,On or near Shopping Area,E01034022,Leicester 041E,Public order,Investigation complete; no suspect identified,
8509c5d37f063eb168d6bf4b1d5b3e54eb8e5d9ef2d4a637c4cddad7e9be31f4,2023-12,Leicestershire Police,Leicestershire Police,-1.133444,52.636041,On or near East Gates,E01034022,Leicester 041E,Public order,Investigation complete; no suspect identified,
339938fd80f42a1704ead91b1856c0cbb634daccfe12a2d0cb80706e31d255a3,2023-12,Leicestershire Police,Leicestershire Police,-1.131926,52.635797,On or near Fox Lane,E01034022,Leicester 041E,Public order,Unable to prosecute suspect,
bcac166862345f0e6ab3557d6ab7f2933b5d849419460248b79a0f3161471335,2023-12,Leicestershire Police,Leicestershire Police,-1.136395,52.635488,On or near Carts Lane,E01034022,Leicester 041E,Public order,Court result unavailable,
56cb4b53bdb8492a9b24c9e0006e27d5549cef7ebff3d0e89bd6607e71da5784,2023-12,Leicestershire Police,Leicestershire Police,-1.133444,52.636041,On or near East Gates,E01034022,Leicester 041E,Public order,Unable to prosecute suspect,
6a9129b38e660af83f716a3503af9eb17af6003b94ab04c1a329ba54bce2769a,2023-12,Leicestershire Police,Leicestershire Police,-1.136395,52.635488,On or near Carts Lane,E01034022,Leicester 041E,Public order,Court result unavailable,
7ba24dd6ab606062245e070b8fb3d89716134c8c11afab841b66bc2e3d800da2,2023-12,Leicestershire Police,Leicestershire Police,-1.133709,52.637581,On or near Parking Area,E01034022,Leicester 041E,Public order,Investigation complete; no suspect identified,
82336d2f61603ae21c661244d46348cb94c6bd81e6a6a1e88b02ee8f3d811f7c,2023-12,Leicestershire Police,Leicestershire Police,-1.140229,52.634392,On or near Parking Area,E01034022,Leicester 041E,Public order,Unable to prosecute suspect,
a314983bcc412187086f4be5459b0265cccb6fd6d2c2855407aa060d611dc8fb,2023-12,Leicestershire Police,Leicestershire Police,-1.136050,52.634991,On or near Loseby Lane,E01034022,Leicester 041E,Public order,Local resolution,
d91ff92ab1240c5d61188d5d31a391f6bb6b60b6943a8460074e71b4a1ac9ddd,2023-12,Leicestershire Police,Leicestershire Police,-1.139010,52.634787,On or near Parking Area,E01034022,Leicester 041E,Public order,Investigation complete; no suspect identified,
3f4bfcfbc4c2036068ebb4e5e5210ac0e5e75321d9f8bccf37d2b225bc51b46c,2023-12,Leicestershire Police,Leicestershire Police,-1.133444,52.636041,On or near East Gates,E01034022,Leicester 041E,Public order,Investigation complete; no suspect identified,
ff74a9a85ae747b0d36b3c40b542fafb6ed62e9241dea2c0c51f8fa0b1271929,2023-12,Leicestershire Police,Leicestershire Police,-1.133444,52.636041,On or near East Gates,E01034022,Leicester 041E,Public order,Unable to prosecute suspect,
b0d7c2deeabee03fed98925ddeab57ba3058d825db187364773ce084c06f7c9d,2023-12,Leicestershire Police,Leicestershire Police,-1.131926,52.635797,On or near Fox Lane,E01034022,Leicester 041E,Public order,Further investigation is not in the public interest,
d42cd7ed927b89a3988e04cdc0fd67c6d43ce23cc9eb5dd43e1da379a5ffaa9f,2023-12,Leicestershire Police,Leicestershire Police,-1.139010,52.634787,On or near Parking Area,E01034022,Leicester 041E,Public order,Investigation complete; no suspect identified,
a9d2ac669a7d45f42e37311cbe437cf220c912cd674827552eb320d93d72a2bc,2023-12,Leicestershire Police,Leicestershire Police,-1.136395,52.635488,On or near Carts Lane,E01034022,Leicester 041E,Public order,Unable to prosecute suspect,
83686e871e675679fa60aa5cf4dd907f69549a7dee4520908de76a5410cefb5c,2023-12,Leicestershire Police,Leicestershire Police,-1.131926,52.635797,On or near Fox Lane,E01034022,Leicester 041E,Public order,Court result unavailable,
c147998d8107cc1ca270df0fb904f6e179a5b4f5c576b6deff4a43cdecc81258,2023-12,Leicestershire Police,Leicestershire Police,-1.133444,52.636041,On or near East Gates,E01034022,Leicester 041E,Public order,Local resolution,
3a21dc07d92d2cdb8cb0c4383da34a56f6c21a665336f1c4b9bf231fe61aaa51,2023-12,Leicestershire Police,Leicestershire Police,-1.133444,52.636041,On or near East Gates,E01034022,Leicester 041E,Public order,Investigation complete; no suspect identified,
0a95e40426fe2776826541710757c1069d6e569fc3b7d63718703c907dd795b9,2023-12,Leicestershire Police,Leicestershire Police,-1.136395,52.635488,On or near Carts Lane,E01034022,Leicester 041E,Public order,Court result unavailable,
d0ccd313a19ece5d7ba4c32012c4dda8dba8554b5440948bd42ec6cc9d783a53,2023-12,Leicestershire Police,Leicestershire Police,-1.130997,52.634252,On or near Granby Place,E01034022,Leicester 041E,Public order,Investigation complete; no suspect identified,
ee700454483849f24a040507a1ed6e829ee9d75a83eca7d9266b4dbae7653ae4,2023-12,Leicestershire Police,Leicestershire Police,-1.139462,52.635078,On or near St Nicholas Place,E01034022,Leicester 041E,Public order,Local resolution,
a181878bb7fff5c8b7c79b151706da53b8a5c7e8a6bad30a2ea73b82cc3e8c34,2023-12,Leicestershire Police,Leicestershire Police,-1.137293,52.635647,On or near Shires Lane,E01034022,Leicester 041E,Public order,Investigation complete; no suspect identified,
859f71b39b02cd55dd85b6496db98bd0825e861a005db8fa8750649f2e904e4c,2023-12,Leicestershire Police,Leicestershire Police,-1.136395,52.635488,On or near Carts Lane,E01034022,Leicester 041E,Public order,Court result unavailable,
982be0cf03c6e80e254cb85179da0eb0b198b2f03bc9130d9527e5fce2858a82,2023-12,Leicestershire Police,Leicestershire Police,-1.137402,52.636133,On or near Shopping Area,E01034022,Leicester 041E,Public order,Local resolution,
49c0c24160276a80934a8964476b4266d50e2359c5f00782916158bbe8c15f4b,2023-12,Leicestershire Police,Leicestershire Police,-1.130778,52.637101,On or near Shopping Area,E01034022,Leicester 041E,Public order,Unable to prosecute suspect,
8532628ee0aaade07b9b00aa9badb5c2a7a0e460ba04ec06658a61fdb2809592,2023-12,Leicestershire Police,Leicestershire Police,-1.130997,52.634252,On or near Granby Place,E01034022,Leicester 041E,Public order,Investigation complete; no suspect identified,
42e633617a34b88aeb4df04e23f3da197d9cd5b8d76e2a6eb6079002051f7b3c,2023-12,Leicestershire Police,Leicestershire Police,-1.137402,52.636133,On or near Shopping Area,E01034022,Leicester 041E,Public order,Unable to prosecute suspect,
d1867966b714fb8c71793795f3a262d7550d5995246b1f51804785a9490e10e4,2023-12,Leicestershire Police,Leicestershire Police,-1.136395,52.635488,On or near Carts Lane,E01034022,Leicester 041E,Public order,Court result unavailable,
1dcb251310f921a126e976e30bcaea25e30bd2d3b7cbf9c88e61fc7c0b20d878,2023-12,Leicestershire Police,Leicestershire Police,-1.134752,52.634136,On or near Hotel Street,E01034022,Leicester 041E,Public order,Court result unavailable,
aceb0802944d8604026a161aa23374ff7f0bd4575b5d5bb6054325bc156365d6,2023-12,Leicestershire Police,Leicestershire Police,-1.137293,52.635647,On or near Shires Lane,E01034022,Leicester 041E,Public order,Local resolution,
fcf6071495345b40f1f9d57ccce2c09e2c366dbe1a4885a32f7db2bed99aeae6,2023-12,Leicestershire Police,Leicestershire Police,-1.139010,52.634787,On or near Parking Area,E01034022,Leicester 041E,Public order,Unable to prosecute suspect,
9651827b780a4b64a03122127f59d73fb14b4d76b2dcbbd2b82608c5441a3264,2023-12,Leicestershire Police,Leicestershire Police,-1.130778,52.637101,On or near Shopping Area,E01034022,Leicester 041E,Public order,Investigation complete; no suspect identified,
982e8d0a7fa3e0b0c6b0474de1c48f40c408ca97e47f7e9c836a61b25f488895,2023-12,Leicestershire Police,Leicestershire Police,-1.136050,52.634991,On or near Loseby Lane,E01034022,Leicester 041E,Public order,Local resolution,
9113e6fc8564f7de7ca47b0c6708a6ff42e35283122649113e3daf2b7011c114,2023-12,Leicestershire Police,Leicestershire Police,-1.133444,52.636041,On or near East Gates,E01034022,Leicester 041E,Public order,Offender given a caution,
3a9994c9d3a05532505a6d72b29509e3ce219bc1c8f4cade7c51fe3130d70577,2023-12,Leicestershire Police,Leicestershire Police,-1.137309,52.634874,On or near Guildhall Lane,E01034022,Leicester 041E,Public order,Unable to prosecute suspect,
34aa0b8685e4b32817dd3192412a7a58d43c9e0714666e6052f678af847ee865,2023-12,Leicestershire Police,Leicestershire Police,-1.133417,52.638882,On or near Sandacre Street,E01034022,Leicester 041E,Public order,Investigation complete; no suspect identified,
dc3d7eb5d9e7763e5b185e320ec88afb64307f37b5c2cee01cc535880473445d,2023-12,Leicestershire Police,Leicestershire Police,-1.133444,52.636041,On or near East Gates,E01034022,Leicester 041E,Public order,Court result unavailable,
b529baa7169af7b1b0d9f1f6df19905b97c3f77019e681eb3a6ed48544562290,2023-12,Leicestershire Police,Leicestershire Police,-1.128966,52.640513,On or near Gower Street,E01034022,Leicester 041E,Public order,Unable to prosecute suspect,
e203d473ab239ec5f8c335f8dccd6ac4b449a64e2e8d76cf0b36047c71a8c67c,2023-12,Leicestershire Police,Leicestershire Police,-1.136395,52.635488,On or near Carts Lane,E01034022,Leicester 041E,Public order,Court result unavailable,
20cece3aa79f34ad95be821e559a5720e9bb27bb2cbbaab8dee746740a886196,2023-12,Leicestershire Police,Leicestershire Police,-1.140229,52.634392,On or near Parking Area,E01034022,Leicester 041E,Public order,Unable to prosecute suspect,
22d59d104c52083eb122e6139c18a77bb214991ff225d0556d12b7fea542e511,2023-12,Leicestershire Police,Leicestershire Police,-1.130778,52.637101,On or near Shopping Area,E01034022,Leicester 041E,Public order,Unable to prosecute suspect,
32c9785d9c91e46423915ca93f80f27b2aa637f8c018ac094f480f5ff35f380a,2023-12,Leicestershire Police,Leicestershire Police,-1.134798,52.633318,On or near Nightclub,E01034022,Leicester 041E,Public order,Unable to prosecute suspect,
f1a7ed703c7d0e20a0add631c9aa7c1d6edfc99c83bd5c2fee63e5dc558f28cd,2023-12,Leicestershire Police,Leicestershire Police,-1.131926,52.635797,On or near Fox Lane,E01034022,Leicester 041E,Public order,Investigation complete; no suspect identified,
f64f5be3ba0b23a2c63ecb65afe0dc7a41494d8b5f55dd3575c7c6a2fd36a9ef,2023-12,Leicestershire Police,Leicestershire Police,-1.133709,52.637581,On or near Parking Area,E01034022,Leicester 041E,Public order,Local resolution,
4d77713395fea3d57591431d56f2eb57fbd207f8f2e2d05b9d85fbaafa442f1d,2023-12,Leicestershire Police,Leicestershire Police,-1.134450,52.636723,On or near New Bond Street,E01034022,Leicester 041E,Public order,Formal action is not in the public interest,
0a622eee40b3068fe6a7afc5c0de981d0e74e3e4112a8561d4f3d94df79c5fde,2023-12,Leicestershire Police,Leicestershire Police,-1.132277,52.639764,On or near Abbey Street,E01034022,Leicester 041E,Public order,Local resolution,
796c6e85ccc9e858182a9edac7e063f28af1fca1ab59059fbe75cc1c9d07ce51,2023-12,Leicestershire Police,Leicestershire Police,-1.128966,52.640513,On or near Gower Street,E01034022,Leicester 041E,Public order,Investigation complete; no suspect identified,
1c491e32d6362f9e5b00661a61d5ba4d254be70836f325329e8bd4c208791dd8,2023-12,Leicestershire Police,Leicestershire Police,-1.133444,52.636041,On or near East Gates,E01034022,Leicester 041E,Public order,Court result unavailable,
6b9374a54eb9621f690be48de17f6d51ac02c81eb0d3e6581ad48cf42da23ebe,2023-12,Leicestershire Police,Leicestershire Police,-1.133652,52.634409,On or near Shopping Area,E01034022,Leicester 041E,Public order,Unable to prosecute suspect,
0c06eb757906c09d390b5478516b65687c03c134aa99dfa97058529a5e83374c,2023-12,Leicestershire Police,Leicestershire Police,-1.132080,52.639223,On or near Police Station,E01034022,Leicester 041E,Public order,Local resolution,
4dd4dd97c29348d70a2bfdc84d4c9cae427170ef56bb3ab9502b378c2d27daf4,2023-12,Leicestershire Police,Leicestershire Police,-1.137309,52.634874,On or near Guildhall Lane,E01034022,Leicester 041E,Public order,Investigation complete; no suspect identified,
2ba423a57aebcb052279666f20253a68a2fb94af84925eb0ce3900bc866d277e,2023-12,Leicestershire Police,Leicestershire Police,-1.131926,52.635797,On or near Fox Lane,E01034022,Leicester 041E,Public order,Investigation complete; no suspect identified,
d9ece7d7a84dc103f395ed67ad4531bedf928b0ee94b6d0c5d5a46d6dfe7d7e2,2023-12,Leicestershire Police,Leicestershire Police,-1.131926,52.635797,On or near Fox Lane,E01034022,Leicester 041E,Public order,Court result unavailable,
d71fa00590e80c844948841176c45788a30110cd6c3293cd8e40a46929975693,2023-12,Leicestershire Police,Leicestershire Police,-1.128966,52.640513,On or near Gower Street,E01034022,Leicester 041E,Public order,Investigation complete; no suspect identified,
2ae1256125ab85b85a91bb26a503f0789e4960e0490832362fda0c3171bcfe62,2023-12,Leicestershire Police,Leicestershire Police,-1.133652,52.634409,On or near Shopping Area,E01034022,Leicester 041E,Public order,Further investigation is not in the public interest,
ff1159164b1825d65c86cbb022f8f9b98235c0738bb1733c4646ceafc77946b2,2023-12,Leicestershire Police,Leicestershire Police,-1.130778,52.637101,On or near Shopping Area,E01034022,Leicester 041E,Public order,Investigation complete; no suspect identified,
88ddab5aab28850379c699b88583bb50903e50c48903bf8e652240c0d7b4c10c,2023-12,Leicestershire Police,Leicestershire Police,-1.128966,52.640513,On or near Gower Street,E01034022,Leicester 041E,Public order,Local resolution,
1a3b68cbd181567239d86b36425ec2600bee32992d6edde4f0221e6429f90eb4,2023-12,Leicestershire Police,Leicestershire Police,-1.131414,52.635559,On or near Shopping Area,E01034022,Leicester 041E,Robbery,Investigation complete; no suspect identified,
46cc92612dc731a9701f5bb34ec5b3f059a4de5232a6f9195e866cd2bb0f4525,2023-12,Leicestershire Police,Leicestershire Police,-1.128966,52.640513,On or near Gower Street,E01034022,Leicester 041E,Robbery,Unable to prosecute suspect,
95a2edf12e5ae5fa761d03c45baed75b6810c38a9768dc497cc59136bad30748,2023-12,Leicestershire Police,Leicestershire Police,-1.130556,52.638573,On or near Lower Lee Street,E01034022,Leicester 041E,Robbery,Investigation complete; no suspect identified,
54d99fdbc4aa821d3aff03b91bbdb22c0fb66a223bec2de53a8adeb9c5159b77,2023-12,Leicestershire Police,Leicestershire Police,-1.130556,52.638573,On or near Lower Lee Street,E01034022,Leicester 041E,Robbery,Investigation complete; no suspect identified,
11f88add23096fcf54b05839c6a3ac3aa48411b4ea9bfbe30346b19200f9aa37,2023-12,Leicestershire Police,Leicestershire Police,-1.140434,52.632955,On or near Castle Street,E01034022,Leicester 041E,Robbery,Unable to prosecute suspect,
428e4b3a65eb9a715f86267cab76d61ed6158519be701fa00f640f33c61dcb6f,2023-12,Leicestershire Police,Leicestershire Police,-1.139010,52.634787,On or near Parking Area,E01034022,Leicester 041E,Robbery,Court result unavailable,
bf4af982da2e20f75366882ff727b563c8f9c20916c067422a48c650107dd379,2023-12,Leicestershire Police,Leicestershire Police,-1.136395,52.635488,On or near Carts Lane,E01034022,Leicester 041E,Robbery,Investigation complete; no suspect identified,
2619451e1a4dda33110b1c4f4bf957fa5f0f889048c4dada027c57d28838e889,2023-12,Leicestershire Police,Leicestershire Police,-1.131354,52.639316,On or near Nightclub,E01034022,Leicester 041E,Robbery,Investigation complete; no suspect identified,
839d3d329ec36defb584be574e93fccfd695e752414ac600d9094a2e0164d15c,2023-12,Leicestershire Police,Leicestershire Police,-1.136050,52.634991,On or near Loseby Lane,E01034022,Leicester 041E,Shoplifting,Investigation complete; no suspect identified,
f9d8b61043cbf92517bbf80c7be2521288cdf210f6a6679212ab473f22618e4c,2023-12,Leicestershire Police,Leicestershire Police,-1.137293,52.635647,On or near Shires Lane,E01034022,Leicester 041E,Shoplifting,Local resolution,
e9125d7a0e606ba54e0e253c504bb77a6be9d2225a2a817dd5e1c32cc8d4f785,2023-12,Leicestershire Police,Leicestershire Police,-1.137418,52.636826,On or near Parking Area,E01034022,Leicester 041E,Shoplifting,Investigation complete; no suspect identified,
a2a23e2161d5569faa6d8a9e3eb9fca97623db56ae197c59389abd636e11e12e,2023-12,Leicestershire Police,Leicestershire Police,-1.133709,52.637581,On or near Parking Area,E01034022,Leicester 041E,Shoplifting,Investigation complete; no suspect identified,
2da493bcc6eca1cc7258d8ee8de0458f322361a7bbfcfa9362a3bb7e02fc0d09,2023-12,Leicestershire Police,Leicestershire Police,-1.133444,52.636041,On or near East Gates,E01034022,Leicester 041E,Shoplifting,Investigation complete; no suspect identified,
6d866fee2da768634777b6759f882bb015fd9c1700f37f0f508e70b70745d5aa,2023-12,Leicestershire Police,Leicestershire Police,-1.131414,52.635559,On or near Shopping Area,E01034022,Leicester 041E,Shoplifting,Investigation complete; no suspect identified,
c17e279fe0d9e01dcc799aeafd3a68028b62385e75eba8d4f9cd3da00b40f353,2023-12,Leicestershire Police,Leicestershire Police,-1.133444,52.636041,On or near East Gates,E01034022,Leicester 041E,Shoplifting,Court result unavailable,
f783bf62a9e063f008046e3523c40ae7d04cf2a747a13951866cb12517f66a8e,2023-12,Leicestershire Police,Leicestershire Police,-1.133709,52.637581,On or near Parking Area,E01034022,Leicester 041E,Shoplifting,Local resolution,
c90c9ceb03ff51ca37e531150dc3212dd5c5fe3245fdb635e869754fde8e2edf,2023-12,Leicestershire Police,Leicestershire Police,-1.131414,52.635559,On or near Shopping Area,E01034022,Leicester 041E,Shoplifting,Investigation complete; no suspect identified,
949be0d6a178f3b3aed88e5f9bc0dd612a93cb7892894c13c526786717e1f2a6,2023-12,Leicestershire Police,Leicestershire Police,-1.133709,52.637581,On or near Parking Area,E01034022,Leicester 041E,Shoplifting,Investigation complete; no suspect identified,
2b3d0458fc011c73e557a6227c0c3e148eee0fced4a9f1e09ea967fffd9c07ff,2023-12,Leicestershire Police,Leicestershire Police,-1.131414,52.635559,On or near Shopping Area,E01034022,Leicester 041E,Shoplifting,Investigation complete; no suspect identified,
aef01b006f8e25ebc86f7aea2c52231658cbdc82b9b686ebce5a61c24b129bbb,2023-12,Leicestershire Police,Leicestershire Police,-1.130997,52.634252,On or near Granby Place,E01034022,Leicester 041E,Shoplifting,Investigation complete; no suspect identified,
57807ef69d9fa8b4de0f0a28f61cae2d77474e96ffef7fefba946d856d626bf1,2023-12,Leicestershire Police,Leicestershire Police,-1.130778,52.637101,On or near Shopping Area,E01034022,Leicester 041E,Shoplifting,Investigation complete; no suspect identified,
868d2d0b15e0e9b4418b9e69eee7320e6f1e5683757b88d619528f8beee2aec9,2023-12,Leicestershire Police,Leicestershire Police,-1.134450,52.636723,On or near New Bond Street,E01034022,Leicester 041E,Shoplifting,Investigation complete; no suspect identified,
0753e123ac44b286f6af361201fc62784ea4a3608412cf395d6e78c37ac8aee4,2023-12,Leicestershire Police,Leicestershire Police,-1.131222,52.637041,On or near Parking Area,E01034022,Leicester 041E,Shoplifting,Investigation complete; no suspect identified,
e063f4ef58d6c449b9142e437652d16aab2951a42d2a22c15c7bda72bc2530e8,2023-12,Leicestershire Police,Leicestershire Police,-1.133444,52.636041,On or near East Gates,E01034022,Leicester 041E,Shoplifting,Investigation complete; no suspect identified,
8b358c9916ec0e1d9256f1a3f56d4595be3217be623cf89e37993b756cbd55ad,2023-12,Leicestershire Police,Leicestershire Police,-1.130997,52.634252,On or near Granby Place,E01034022,Leicester 041E,Shoplifting,Investigation complete; no suspect identified,
d2257d2578a4099b13ebc2f4cf72dcc16c1a14a5a2404453b5b349230a0d2434,2023-12,Leicestershire Police,Leicestershire Police,-1.137297,52.637697,On or near Causeway Lane,E01034022,Leicester 041E,Shoplifting,Investigation complete; no suspect identified,
f6497afb6dd427d37b207bb823795dab031cbf1aac66a458fbc625f718617466,2023-12,Leicestershire Police,Leicestershire Police,-1.137297,52.637697,On or near Causeway Lane,E01034022,Leicester 041E,Shoplifting,Investigation complete; no suspect identified,
27b3f7643bbe3bc0bbf6bd855b3626896d562408d855b9e8e0a4a296a29ef053,2023-12,Leicestershire Police,Leicestershire Police,-1.137418,52.636826,On or near Parking Area,E01034022,Leicester 041E,Shoplifting,Investigation complete; no suspect identified,
bf36582d33112ace7751673c8564df64a8c77bbd56c24139880f643ec3268e5e,2023-12,Leicestershire Police,Leicestershire Police,-1.131414,52.635559,On or near Shopping Area,E01034022,Leicester 041E,Shoplifting,Investigation complete; no suspect identified,
2826285e9059bd8072fb169398b82517e671c9166c42c6438a8b27832c134deb,2023-12,Leicestershire Police,Leicestershire Police,-1.137297,52.637697,On or near Causeway Lane,E01034022,Leicester 041E,Shoplifting,Court result unavailable,
6eeaaa8976a5a39a720c24d70fccce3b1bf07e1882ded8d90e1ef5a966fd5e29,2023-12,Leicestershire Police,Leicestershire Police,-1.133709,52.637581,On or near Parking Area,E01034022,Leicester 041E,Shoplifting,Investigation complete; no suspect identified,
ec507d3e694a58d67d787a324931daa5a0f499a19427a8d70dc98b210b7e2fd9,2023-12,Leicestershire Police,Leicestershire Police,-1.133444,52.636041,On or near East Gates,E01034022,Leicester 041E,Shoplifting,Investigation complete; no suspect identified,
e975f9eb13a622ad4caef2e76bee749faa7501f7152adc5c2abee5150a60216d,2023-12,Leicestershire Police,Leicestershire Police,-1.132389,52.634074,On or near Every Street,E01034022,Leicester 041E,Shoplifting,Investigation complete; no suspect identified,
de53131db655850277151f41d2ccb64dc821dccb131e22be85b261d035605f8b,2023-12,Leicestershire Police,Leicestershire Police,-1.133444,52.636041,On or near East Gates,E01034022,Leicester 041E,Shoplifting,Investigation complete; no suspect identified,
72f06e1c09d74a2e5e0901005d00dc420db9ada8c18429682d970e780fb3e426,2023-12,Leicestershire Police,Leicestershire Police,-1.130997,52.634252,On or near Granby Place,E01034022,Leicester 041E,Shoplifting,Local resolution,
25d23fb1f6b925467e88d128ac7e941b0f5f354b39c91fd86039d52ccc3c4765,2023-12,Leicestershire Police,Leicestershire Police,-1.137297,52.637697,On or near Causeway Lane,E01034022,Leicester 041E,Shoplifting,Investigation complete; no suspect identified,
26498f05b0e220b8a9e6bda8e471c5ad350836eb90fdeb6156e16fec3e5f7608,2023-12,Leicestershire Police,Leicestershire Police,-1.133444,52.636041,On or near East Gates,E01034022,Leicester 041E,Shoplifting,Investigation complete; no suspect identified,
62d373447b0a77bea51ccd128144325a2760e65e677c5c05c45b8bdc0a04cc53,2023-12,Leicestershire Police,Leicestershire Police,-1.131222,52.637041,On or near Parking Area,E01034022,Leicester 041E,Shoplifting,Investigation complete; no suspect identified,
af9b6a06fb13f60eb206554cf941af193bf6546a167ebfcd79c75f6f26d273a0,2023-12,Leicestershire Police,Leicestershire Police,-1.133709,52.637581,On or near Parking Area,E01034022,Leicester 041E,Shoplifting,Investigation complete; no suspect identified,
e9a2b489a24d0a77af889c545dc51716d16c95ce17f79eab40a10dc15dd40770,2023-12,Leicestershire Police,Leicestershire Police,-1.137418,52.636826,On or near Parking Area,E01034022,Leicester 041E,Shoplifting,Investigation complete; no suspect identified,
01bd7720bf13c7ed607442886cc56d91902caa15226b4e0e27864fffac27d715,2023-12,Leicestershire Police,Leicestershire Police,-1.137418,52.636826,On or near Parking Area,E01034022,Leicester 041E,Shoplifting,Investigation complete; no suspect identified,
25a2be5112c43829351705c1771ddc6f861b085a87efbb8d77acb2ffc6fe1c4e,2023-12,Leicestershire Police,Leicestershire Police,-1.134107,52.635399,On or near Shopping Area,E01034022,Leicester 041E,Shoplifting,Unable to prosecute suspect,
10fcde122b1229ff3c35d06063d63c1d3d76c6af2b6e86fea921fa1023dc9d0d,2023-12,Leicestershire Police,Leicestershire Police,-1.137418,52.636826,On or near Parking Area,E01034022,Leicester 041E,Shoplifting,Investigation complete; no suspect identified,
d24d44a0ea733a40fa7f72eb5dd1f1584f472edbbd6df9b26e7c57ddf3e70c66,2023-12,Leicestershire Police,Leicestershire Police,-1.132159,52.634477,On or near Market Place Approach,E01034022,Leicester 041E,Shoplifting,Investigation complete; no suspect identified,
fe89fc230143b0963b6bae743058a63117b1c5d61aff02b04c5f76f38cc99fec,2023-12,Leicestershire Police,Leicestershire Police,-1.133444,52.636041,On or near East Gates,E01034022,Leicester 041E,Shoplifting,Court result unavailable,
b34959786dd1b4aca3f3c0c374bd7c99f8559e80629567d3e6302346cf4c08a7,2023-12,Leicestershire Police,Leicestershire Police,-1.137297,52.637697,On or near Causeway Lane,E01034022,Leicester 041E,Shoplifting,Court result unavailable,
0361a0f4908f62cee44a8185bedcad7a368e0a38dab90e1cc491b1c05dbbc8b0,2023-12,Leicestershire Police,Leicestershire Police,-1.130997,52.634252,On or near Granby Place,E01034022,Leicester 041E,Shoplifting,Court result unavailable,
861470b38d94a3019548efe072c4782bef19496ece19077d9fca3e481c36c296,2023-12,Leicestershire Police,Leicestershire Police,-1.129532,52.640274,On or near Wilton Street,E01034022,Leicester 041E,Shoplifting,Investigation complete; no suspect identified,
32f4b5a4fdd59f8eb3a0b4c27787b9d4378cfb75864b06ce9b9293f71b31e77e,2023-12,Leicestershire Police,Leicestershire Police,-1.136395,52.635488,On or near Carts Lane,E01034022,Leicester 041E,Shoplifting,Investigation complete; no suspect identified,
f39cac032008a42ec55325c95bcf42de44790c50ca4b231dcbd73cc9a45e92fa,2023-12,Leicestershire Police,Leicestershire Police,-1.131414,52.635559,On or near Shopping Area,E01034022,Leicester 041E,Shoplifting,Local resolution,
d0f59e47385752d704f6756b306e2b472638a658331f6d05693f1422969e1914,2023-12,Leicestershire Police,Leicestershire Police,-1.134450,52.636723,On or near New Bond Street,E01034022,Leicester 041E,Shoplifting,Investigation complete; no suspect identified,
94ed06126bca85c647df4c0a1f4b550b41b3b116f5826156aa1d054daa631343,2023-12,Leicestershire Police,Leicestershire Police,-1.137297,52.637697,On or near Causeway Lane,E01034022,Leicester 041E,Shoplifting,Court result unavailable,
4525aed25df96f23406b3d678c5a23ec4771cc5b9e2d8a685dcf150287b4132f,2023-12,Leicestershire Police,Leicestershire Police,-1.130778,52.637101,On or near Shopping Area,E01034022,Leicester 041E,Shoplifting,Investigation complete; no suspect identified,
f51f80351e3d7b8b3c03aa2a68b8095c9db753dd92e814f40359508879870922,2023-12,Leicestershire Police,Leicestershire Police,-1.137297,52.637697,On or near Causeway Lane,E01034022,Leicester 041E,Shoplifting,Investigation complete; no suspect identified,
56f9205e843468ff7981c42d558290e50b21fb5951c204b3356ade01090d2687,2023-12,Leicestershire Police,Leicestershire Police,-1.133444,52.636041,On or near East Gates,E01034022,Leicester 041E,Shoplifting,Investigation complete; no suspect identified,
8f5ec5f10eebb63dca71f6f82ea4a32598a026d3c6a1a086f68080452d9974ee,2023-12,Leicestershire Police,Leicestershire Police,-1.134450,52.636723,On or near New Bond Street,E01034022,Leicester 041E,Shoplifting,Local resolution,
2a458b318d239fcf9cd28c77a2d323c66c821851f7160533a624ad523309cd98,2023-12,Leicestershire Police,Leicestershire Police,-1.133709,52.637581,On or near Parking Area,E01034022,Leicester 041E,Shoplifting,Investigation complete; no suspect identified,
edca55f0a7179012004106a3365b9f02d9816b87ebd17c83afd6147d2c0ce025,2023-12,Leicestershire Police,Leicestershire Police,-1.131414,52.635559,On or near Shopping Area,E01034022,Leicester 041E,Shoplifting,Unable to prosecute suspect,
20a2d8b304edf2b2a90ab9602565d57748e40da54069b1d9c9b09a8a2d92a15a,2023-12,Leicestershire Police,Leicestershire Police,-1.136395,52.635488,On or near Carts Lane,E01034022,Leicester 041E,Shoplifting,Investigation complete; no suspect identified,
f1a149e917c7ddde49bf8595e22c13bf10fac15c6b1d3fbab4ff5ec949549527,2023-12,Leicestershire Police,Leicestershire Police,-1.137297,52.637697,On or near Causeway Lane,E01034022,Leicester 041E,Shoplifting,Unable to prosecute suspect,
01ade3109a7aa7b18aaa46fd7b65be179f920d1416f69062096809145c29c870,2023-12,Leicestershire Police,Leicestershire Police,-1.136395,52.635488,On or near Carts Lane,E01034022,Leicester 041E,Shoplifting,Unable to prosecute suspect,
e9544e09cc84c0034989aaa6c1f1fc7cb1ea2bfbb49e49bf475d43b3a9d44f86,2023-12,Leicestershire Police,Leicestershire Police,-1.137297,52.637697,On or near Causeway Lane,E01034022,Leicester 041E,Shoplifting,Status update unavailable,
96ef59a1fe4470f6094f0b28284a2737cd4af984bdaaaa5176a8a62419d5aec5,2023-12,Leicestershire Police,Leicestershire Police,-1.130997,52.634252,On or near Granby Place,E01034022,Leicester 041E,Shoplifting,Investigation complete; no suspect identified,
0acf57a8eb7235c6d1dfb414a77d85ef3dbfa8b53dd2f02950cc865045e8fbd8,2023-12,Leicestershire Police,Leicestershire Police,-1.131222,52.637041,On or near Parking Area,E01034022,Leicester 041E,Shoplifting,Court result unavailable,
b29a990f9a2ee31deef4bfc500f2237d10f80024f8809dede0f01edc3f9f0c9b,2023-12,Leicestershire Police,Leicestershire Police,-1.130997,52.634252,On or near Granby Place,E01034022,Leicester 041E,Shoplifting,Court result unavailable,
ce899a7997d7f1f56f09159fd61f5832e3372b0f9d2f54e43acc71ac2eb296df,2023-12,Leicestershire Police,Leicestershire Police,-1.134450,52.636723,On or near New Bond Street,E01034022,Leicester 041E,Shoplifting,Investigation complete; no suspect identified,
a1862092b61471f3e2eef695b1c92c125d268d38c709ce912b4a4e204d3a7bf2,2023-12,Leicestershire Police,Leicestershire Police,-1.134450,52.636723,On or near New Bond Street,E01034022,Leicester 041E,Shoplifting,Local resolution,
68ebf61b22648771cdeb5dff5699a8c9eb641b61bff65c8f4ed63372e5796f48,2023-12,Leicestershire Police,Leicestershire Police,-1.132473,52.639558,On or near Nightclub,E01034022,Leicester 041E,Shoplifting,Further action is not in the public interest,
8398c12a8a054d25c2bf8aef2897f2fb40730c7732f9bc20e3023170ac690dab,2023-12,Leicestershire Police,Leicestershire Police,-1.134450,52.636723,On or near New Bond Street,E01034022,Leicester 041E,Shoplifting,Investigation complete; no suspect identified,
6c3b15b9eaeedff6c15fac254fa5246e31bba8ee5fc6819b4d82eca1b0f764a6,2023-12,Leicestershire Police,Leicestershire Police,-1.134450,52.636723,On or near New Bond Street,E01034022,Leicester 041E,Shoplifting,Investigation complete; no suspect identified,
e219c543c82d159ee1202973d19c98a92f21eb4fac09acef00867f799d9d475f,2023-12,Leicestershire Police,Leicestershire Police,-1.133444,52.636041,On or near East Gates,E01034022,Leicester 041E,Shoplifting,Investigation complete; no suspect identified,
05e9e1e5a099bee1942ec09726613ffd8ef33a088c86d24d3c410fc8cd8f1f3d,2023-12,Leicestershire Police,Leicestershire Police,-1.133444,52.636041,On or near East Gates,E01034022,Leicester 041E,Shoplifting,Investigation complete; no suspect identified,
802ebec252bebf039e2eafc644aad5af550cd964c22570c802906940914b51d4,2023-12,Leicestershire Police,Leicestershire Police,-1.131414,52.635559,On or near Shopping Area,E01034022,Leicester 041E,Shoplifting,Investigation complete; no suspect identified,
e0d1068e9a4b156f87cb9dc416e1e2ae5d044dbe300272e9d7bc93f0a8c8a39c,2023-12,Leicestershire Police,Leicestershire Police,-1.133444,52.636041,On or near East Gates,E01034022,Leicester 041E,Shoplifting,Investigation complete; no suspect identified,
8a1f80085462a2c2fd1b1fda5a5c8f7eaa3b050756ce3415179f210e34fd0e05,2023-12,Leicestershire Police,Leicestershire Police,-1.133444,52.636041,On or near East Gates,E01034022,Leicester 041E,Shoplifting,Investigation complete; no suspect identified,
fdcd16d76bf870a1e335ae35b066ee07a1584519b8f58966500fa13fe33221bd,2023-12,Leicestershire Police,Leicestershire Police,-1.133417,52.638882,On or near Sandacre Street,E01034022,Leicester 041E,Theft from the person,Investigation complete; no suspect identified,
454e1f78634eae64cbabf011516148ac3e94ff8f41df87e570435766e0dd2913,2023-12,Leicestershire Police,Leicestershire Police,-1.131414,52.635559,On or near Shopping Area,E01034022,Leicester 041E,Theft from the person,Investigation complete; no suspect identified,
17d6bab506d69487fcc0266989fd04cc5d2cfa82a520a82f9d8ea23c99c49fea,2023-12,Leicestershire Police,Leicestershire Police,-1.136050,52.634991,On or near Loseby Lane,E01034022,Leicester 041E,Theft from the person,Investigation complete; no suspect identified,
d59f621c83a37c07fbf035cfd54b219eabd0793436b762cf31ff3fbbea452a43,2023-12,Leicestershire Police,Leicestershire Police,-1.128966,52.640513,On or near Gower Street,E01034022,Leicester 041E,Theft from the person,Investigation complete; no suspect identified,
35f197900893e9b9367fe7f0ab0dc95b2dea4463e155ae48360c2984c7829718,2023-12,Leicestershire Police,Leicestershire Police,-1.133417,52.638882,On or near Sandacre Street,E01034022,Leicester 041E,Theft from the person,Investigation complete; no suspect identified,
56ea2d0046920d90ea2fd22eba772ea9c929af3c8173414151c33782fd9948d9,2023-12,Leicestershire Police,Leicestershire Police,-1.134798,52.633318,On or near Nightclub,E01034022,Leicester 041E,Theft from the person,Investigation complete; no suspect identified,
84ef30b7b42e96e2ac140d1d3a9897f59f7c424b01882b117b26a4331e2340f9,2023-12,Leicestershire Police,Leicestershire Police,-1.131222,52.637041,On or near Parking Area,E01034022,Leicester 041E,Theft from the person,Investigation complete; no suspect identified,
0bcf4e4036f0d999f705d925ec6093ffefd1ce92002e1dcbc92a36cd44df8a14,2023-12,Leicestershire Police,Leicestershire Police,-1.133444,52.636041,On or near East Gates,E01034022,Leicester 041E,Theft from the person,Investigation complete; no suspect identified,
daa0b857fe6d3fcb0b061b5fbbb139e77ce8e971686081b9be5d8d76d35b3d8a,2023-12,Leicestershire Police,Leicestershire Police,-1.131222,52.637041,On or near Parking Area,E01034022,Leicester 041E,Theft from the person,Investigation complete; no suspect identified,
2ad5b720620541bafd0724b560ab35d6a64d4d33f5c622e6463ee5dd56bd23d7,2023-12,Leicestershire Police,Leicestershire Police,-1.133444,52.636041,On or near East Gates,E01034022,Leicester 041E,Theft from the person,Investigation complete; no suspect identified,
2bddee98677217b7af8dd3256ea51168de9f9548187e262305add368806c5eca,2023-12,Leicestershire Police,Leicestershire Police,-1.131926,52.635797,On or near Fox Lane,E01034022,Leicester 041E,Theft from the person,Investigation complete; no suspect identified,
9510ff70ac4093c308040fb423c4b3ad6cdd6d3d6554ffd706df2a5d5ce161be,2023-12,Leicestershire Police,Leicestershire Police,-1.139462,52.635078,On or near St Nicholas Place,E01034022,Leicester 041E,Theft from the person,Investigation complete; no suspect identified,
c347e3fadeb37a125f64e7fec7c6b497dd8823282bbb9a358da3d383223f8213,2023-12,Leicestershire Police,Leicestershire Police,-1.137309,52.634874,On or near Guildhall Lane,E01034022,Leicester 041E,Theft from the person,Investigation complete; no suspect identified,
09c241d1023637aa070498639fd382d7da67294551138fe6da53c46e6d99dada,2023-12,Leicestershire Police,Leicestershire Police,-1.133417,52.638882,On or near Sandacre Street,E01034022,Leicester 041E,Theft from the person,Investigation complete; no suspect identified,
83564f94eb371f22388dcf0e4265a17d07dc53e8ea1e792f6c803ebb60544e68,2023-12,Leicestershire Police,Leicestershire Police,-1.131222,52.637041,On or near Parking Area,E01034022,Leicester 041E,Theft from the person,Investigation complete; no suspect identified,
b0c590aac14b02c7f0e9a7a07167ee3f7dc79564aa0835e949f454e54489ad2f,2023-12,Leicestershire Police,Leicestershire Police,-1.140229,52.634392,On or near Parking Area,E01034022,Leicester 041E,Vehicle crime,Investigation complete; no suspect identified,
b620a47a26ca3b1e1072259bd575169ff3bc308380522834d901d6eee97db619,2023-12,Leicestershire Police,Leicestershire Police,-1.140229,52.634392,On or near Parking Area,E01034022,Leicester 041E,Vehicle crime,Investigation complete; no suspect identified,
f3386677a53f8c7169fcbe1136514d923950fc759903154f546257b1d42917fb,2023-12,Leicestershire Police,Leicestershire Police,-1.134563,52.637740,On or near Church Gate,E01034022,Leicester 041E,Vehicle crime,Investigation complete; no suspect identified,
77c98d2f6ea792e06c2eb815a8f18bb7ad391d46649a6900b38648affe7ec20b,2023-12,Leicestershire Police,Leicestershire Police,-1.128966,52.640513,On or near Gower Street,E01034022,Leicester 041E,Vehicle crime,Investigation complete; no suspect identified,
c4d81d37cfab548eb87b6f73acbbe06dd11070940ee0e367004fecd02e9e4d42,2023-12,Leicestershire Police,Leicestershire Police,-1.136054,52.638533,On or near Darker Street,E01034022,Leicester 041E,Vehicle crime,Investigation complete; no suspect identified,
34e65d3526c3bdfcd5dcf2a23196e8858a74360b7ec841d98e9b98bea3c631e2,2023-12,Leicestershire Police,Leicestershire Police,-1.132821,52.633879,On or near Horsefair Street,E01034022,Leicester 041E,Violence and sexual offences,Court result unavailable,
3a31df7a6541df1bd769b05318f900bf122f489b546905a5b9de54d87311277f,2023-12,Leicestershire Police,Leicestershire Police,-1.132433,52.640046,On or near Nightclub,E01034022,Leicester 041E,Violence and sexual offences,Unable to prosecute suspect,
023d69bb8288e0dd68bd2993ce475bcef8c66f3c534cbdea19d72411cb89eb87,2023-12,Leicestershire Police,Leicestershire Police,-1.132473,52.639558,On or near Nightclub,E01034022,Leicester 041E,Violence and sexual offences,Investigation complete; no suspect identified,
0bcc52551bee2ecc22325d45a4ae5b61c4636be560b04abe037de6af48275aad,2023-12,Leicestershire Police,Leicestershire Police,-1.136054,52.638533,On or near Darker Street,E01034022,Leicester 041E,Violence and sexual offences,Formal action is not in the public interest,
adf9329d6761d8a70150757825aae120e5f528d9368700978d011a21c01ae5a1,2023-12,Leicestershire Police,Leicestershire Police,-1.133652,52.634409,On or near Shopping Area,E01034022,Leicester 041E,Violence and sexual offences,Unable to prosecute suspect,
52192b9441662ec42b5f4210098ce2ae8c8e9179ca3d9b46b006b735bb541ca9,2023-12,Leicestershire Police,Leicestershire Police,-1.139462,52.635078,On or near St Nicholas Place,E01034022,Leicester 041E,Violence and sexual offences,Offender given a caution,
7b49780640bdcd4f80c3c5816b7580bd0b698ab2b1fb16cde1ec4664c7782a42,2023-12,Leicestershire Police,Leicestershire Police,-1.139462,52.635078,On or near St Nicholas Place,E01034022,Leicester 041E,Violence and sexual offences,Unable to prosecute suspect,
6330d0b34329604241a05bb63cdf49dbf5d965fd5647d8b30664f885e64fbf37,2023-12,Leicestershire Police,Leicestershire Police,-1.131222,52.637041,On or near Parking Area,E01034022,Leicester 041E,Violence and sexual offences,Court result unavailable,
e24fbd684cfa3cace7b5638e21c7d5c6cdd95f627358c51974319d5ff1464660,2023-12,Leicestershire Police,Leicestershire Police,-1.132277,52.639764,On or near Abbey Street,E01034022,Leicester 041E,Violence and sexual offences,Local resolution,
241c4285e7b2558bc0bf09c89f14bb338efc568d17ed7b96ffeb193ea2494540,2023-12,Leicestershire Police,Leicestershire Police,-1.132277,52.639764,On or near Abbey Street,E01034022,Leicester 041E,Violence and sexual offences,Unable to prosecute suspect,
2cf0d9bc0215449aa262a306c9ab8850f90c19d54e0289a5c1a6b119dbdcc12b,2023-12,Leicestershire Police,Leicestershire Police,-1.132277,52.639764,On or near Abbey Street,E01034022,Leicester 041E,Violence and sexual offences,Local resolution,
2e6f96bd71eafd0549bf4fd035211cd3d26390d6ac58fa80b09faa2c79dab78c,2023-12,Leicestershire Police,Leicestershire Police,-1.132473,52.639558,On or near Nightclub,E01034022,Leicester 041E,Violence and sexual offences,Local resolution,
fb115908a17efa0e3ab23a3df430a2ef7309749d3953acd427d121cefe4e0bd8,2023-12,Leicestershire Police,Leicestershire Police,-1.131414,52.635559,On or near Shopping Area,E01034022,Leicester 041E,Violence and sexual offences,Investigation complete; no suspect identified,
5aefac6ef7ea27c2ed5acbd2aee8e169465ae244b0f38de69e2bc0b50c866661,2023-12,Leicestershire Police,Leicestershire Police,-1.139010,52.634787,On or near Parking Area,E01034022,Leicester 041E,Violence and sexual offences,Court result unavailable,
6ca6ac065eae70f9e716f76a7b569bdc4134f0104de71081bb3fc5b8d9655e6a,2023-12,Leicestershire Police,Leicestershire Police,-1.139462,52.635078,On or near St Nicholas Place,E01034022,Leicester 041E,Violence and sexual offences,Court result unavailable,
fe42c4d5d7130e00f86804d7ba59fb8064253eb87d6b6639fea5fcd3399a42f9,2023-12,Leicestershire Police,Leicestershire Police,-1.132473,52.639558,On or near Nightclub,E01034022,Leicester 041E,Violence and sexual offences,Local resolution,
4b26eb428077fc4018144d3d7cb42b31fd13a0f55c5788fa66f88076828a02d4,2023-12,Leicestershire Police,Leicestershire Police,-1.126189,52.638227,On or near Gladstone Street,E01034022,Leicester 041E,Violence and sexual offences,Unable to prosecute suspect,
5f2486422f5be8f248c5db09bc0d655f288554fc89621c55c6c8a8b33f514d0e,2023-12,Leicestershire Police,Leicestershire Police,-1.131222,52.637041,On or near Parking Area,E01034022,Leicester 041E,Violence and sexual offences,Unable to prosecute suspect,
8308220af948ef1fc15ef7bd4fb4fc94526fe1a2eec9e2288f43f484c640265d,2023-12,Leicestershire Police,Leicestershire Police,-1.137293,52.635647,On or near Shires Lane,E01034022,Leicester 041E,Violence and sexual offences,Unable to prosecute suspect,
78c567fbcbb1d57db8e1233cf6b08ce4c93c0d90e9aef784873ed3ad92f051c1,2023-12,Leicestershire Police,Leicestershire Police,-1.139462,52.635078,On or near St Nicholas Place,E01034022,Leicester 041E,Violence and sexual offences,Unable to prosecute suspect,
ba6b43e934ef79cfa6f53984d6793db9d028cbfcc87721714af08ed1fdd4d656,2023-12,Leicestershire Police,Leicestershire Police,-1.138765,52.632952,On or near Southgates,E01034022,Leicester 041E,Violence and sexual offences,Unable to prosecute suspect,
cc2afb31d629e50407d33499e3346f62477746546f419303b6234d31f3f541eb,2023-12,Leicestershire Police,Leicestershire Police,-1.133444,52.636041,On or near East Gates,E01034022,Leicester 041E,Violence and sexual offences,Investigation complete; no suspect identified,
fe22adf93e66cf594f335a9339296a636c990e8d91e9c406355944703f87e4ec,2023-12,Leicestershire Police,Leicestershire Police,-1.137293,52.635647,On or near Shires Lane,E01034022,Leicester 041E,Violence and sexual offences,Unable to prosecute suspect,
76d6072c0d41345a9bc90e29780e3d0f1f07af8a0720ca3e11bea9f688e1e2e9,2023-12,Leicestershire Police,Leicestershire Police,-1.134798,52.633318,On or near Nightclub,E01034022,Leicester 041E,Violence and sexual offences,Unable to prosecute suspect,
808bc56a9a9d9ade3a58182dc356823a98484ffd651177f0f183533f69080d73,2023-12,Leicestershire Police,Leicestershire Police,-1.132309,52.634406,On or near Nightclub,E01034022,Leicester 041E,Violence and sexual offences,Investigation complete; no suspect identified,
05ff8665b9cc3f0c220a7c0604332fadb67a63648f5c80205102ba4507b15792,2023-12,Leicestershire Police,Leicestershire Police,-1.134798,52.633318,On or near Nightclub,E01034022,Leicester 041E,Violence and sexual offences,Investigation complete; no suspect identified,
d0a23ce325ff31de1beeb504243c910312c0862e4f1db97652ff4c88a2c12e1b,2023-12,Leicestershire Police,Leicestershire Police,-1.136395,52.635488,On or near Carts Lane,E01034022,Leicester 041E,Violence and sexual offences,Unable to prosecute suspect,
852b2845177785a5e75f2c7f66c25fc7326f3be072f0e7e18346c492fdff3488,2023-12,Leicestershire Police,Leicestershire Police,-1.132821,52.633879,On or near Horsefair Street,E01034022,Leicester 041E,Violence and sexual offences,Investigation complete; no suspect identified,
1ee454b59234bed2175c0c5ea4e89af38faa3bf60cd161662bec6d0c81fc3728,2023-12,Leicestershire Police,Leicestershire Police,-1.133444,52.636041,On or near East Gates,E01034022,Leicester 041E,Violence and sexual offences,Investigation complete; no suspect identified,
0af5b10784af190f968810d2b1e22fcd1cd12df15829da028e723c3805f4a9ad,2023-12,Leicestershire Police,Leicestershire Police,-1.133444,52.636041,On or near East Gates,E01034022,Leicester 041E,Violence and sexual offences,Investigation complete; no suspect identified,
a267d87399a36acdb62c429d986e6337deaca721c559c9f6e44ba32f1dcaa61a,2023-12,Leicestershire Police,Leicestershire Police,-1.131414,52.635559,On or near Shopping Area,E01034022,Leicester 041E,Violence and sexual offences,Investigation complete; no suspect identified,
e8bac578c9a98283c54d26a0eb21dedcc3c7ff39d97864d4259cb52db67dea2d,2023-12,Leicestershire Police,Leicestershire Police,-1.139010,52.634787,On or near Parking Area,E01034022,Leicester 041E,Violence and sexual offences,Investigation complete; no suspect identified,
28156b55130c5f5ddc43dbd49f0edb52b7c0a0cb7309b37239ad6c005b471130,2023-12,Leicestershire Police,Leicestershire Police,-1.131926,52.635797,On or near Fox Lane,E01034022,Leicester 041E,Violence and sexual offences,Investigation complete; no suspect identified,
15a256f3d169f8c8b477dae2c622fddff90e02e1a434e2d1fdfc06f0d74a87ce,2023-12,Leicestershire Police,Leicestershire Police,-1.134563,52.637740,On or near Church Gate,E01034022,Leicester 041E,Violence and sexual offences,Investigation complete; no suspect identified,
6709cb69004121c755314694c448aede9ec87507c6d61a3299ed3bb142fa6749,2023-12,Leicestershire Police,Leicestershire Police,-1.131926,52.635797,On or near Fox Lane,E01034022,Leicester 041E,Violence and sexual offences,Unable to prosecute suspect,
131f6a100222fc85ac81847a1fd74a58b9054c9ebded665dec0852ad8830ff64,2023-12,Leicestershire Police,Leicestershire Police,-1.138053,52.636111,On or near Freeschool Lane,E01034022,Leicester 041E,Violence and sexual offences,Investigation complete; no suspect identified,
6b3ceac07c9e1df3e2a9cc9b5c90bdb17d5d2a89462c74ecfe7918e73507bf5b,2023-12,Leicestershire Police,Leicestershire Police,-1.133444,52.636041,On or near East Gates,E01034022,Leicester 041E,Violence and sexual offences,Local resolution,
9428a7b6481797d2bcf42808155e2cb2c2a866d60add3d8ec591bf8f8d823972,2023-12,Leicestershire Police,Leicestershire Police,-1.133652,52.634409,On or near Shopping Area,E01034022,Leicester 041E,Violence and sexual offences,Unable to prosecute suspect,
7928083cd936b84b47a652fe9ef3416248736cba482595201b84a32374c6076e,2023-12,Leicestershire Police,Leicestershire Police,-1.132473,52.639558,On or near Nightclub,E01034022,Leicester 041E,Violence and sexual offences,Unable to prosecute suspect,
1585f8c9e4a7e8bd2092108ff8946164d9c6ed475eff3d15445fa3894cc45b19,2023-12,Leicestershire Police,Leicestershire Police,-1.133444,52.636041,On or near East Gates,E01034022,Leicester 041E,Violence and sexual offences,Investigation complete; no suspect identified,
549feda000086b225c94b73cc72f50ff25fc5a999943dd5a0dcc483a0b1e1202,2023-12,Leicestershire Police,Leicestershire Police,-1.132821,52.633879,On or near Horsefair Street,E01034022,Leicester 041E,Violence and sexual offences,Investigation complete; no suspect identified,
5a75653ed4e1c739048fef360766168120a41ad56b7898c8d1f5a259ea26e4ff,2023-12,Leicestershire Police,Leicestershire Police,-1.139010,52.634787,On or near Parking Area,E01034022,Leicester 041E,Violence and sexual offences,Court result unavailable,
0b9598dfc6ae9db3ee9d14df668ca617386656d976dca0bb512b9f9c36bbcacc,2023-12,Leicestershire Police,Leicestershire Police,-1.133417,52.638882,On or near Sandacre Street,E01034022,Leicester 041E,Violence and sexual offences,Investigation complete; no suspect identified,
c9928a04d0f6f4f92a6bb914a42a9a93f4d79ccd27d2d9953c4fa5a602f1dd79,2023-12,Leicestershire Police,Leicestershire Police,-1.129612,52.634764,On or near Halford Street,E01034022,Leicester 041E,Violence and sexual offences,Unable to prosecute suspect,
3f3eb1ac941c9860be8d61385589a0eb180356deb7afe3576737c9b698aa9991,2023-12,Leicestershire Police,Leicestershire Police,-1.128966,52.640513,On or near Gower Street,E01034022,Leicester 041E,Violence and sexual offences,Investigation complete; no suspect identified,
0dc44d63d30e14c40f7bb6bfa8916456600d42508c8c8c202f5428646ba3507b,2023-12,Leicestershire Police,Leicestershire Police,-1.137309,52.634874,On or near Guildhall Lane,E01034022,Leicester 041E,Violence and sexual offences,Formal action is not in the public interest,
84f8b49df15fb16f63488dac3fa4461f2f6fceb7034317369688c480ace75732,2023-12,Leicestershire Police,Leicestershire Police,-1.139462,52.635078,On or near St Nicholas Place,E01034022,Leicester 041E,Violence and sexual offences,Investigation complete; no suspect identified,
6319735b2d708494fb9d80a770cc6091d63bdc82e55b792da35faa506e026513,2023-12,Leicestershire Police,Leicestershire Police,-1.137293,52.635647,On or near Shires Lane,E01034022,Leicester 041E,Violence and sexual offences,Investigation complete; no suspect identified,
2c2563ab74ab954ccc8bef31f18aadcab56ed456b79d97422872fa4afbcc59d2,2023-12,Leicestershire Police,Leicestershire Police,-1.133417,52.638882,On or near Sandacre Street,E01034022,Leicester 041E,Violence and sexual offences,Local resolution,
20843f2836d626205ea7c77290c9413d93f2b25c2b22dadb65c89ec37451b451,2023-12,Leicestershire Police,Leicestershire Police,-1.132473,52.639558,On or near Nightclub,E01034022,Leicester 041E,Violence and sexual offences,Unable to prosecute suspect,
9347230a11bf5d8ebcd39006314d4a1c8f221bc83a00e5db056115e6a161ef5d,2023-12,Leicestershire Police,Leicestershire Police,-1.133444,52.636041,On or near East Gates,E01034022,Leicester 041E,Violence and sexual offences,Investigation complete; no suspect identified,
a3d7f7d6b6c42133a89d2ad69ab169c91c17a7aee714b3aeae1b51e2c8a8a6cc,2023-12,Leicestershire Police,Leicestershire Police,-1.139010,52.634787,On or near Parking Area,E01034022,Leicester 041E,Violence and sexual offences,Court result unavailable,
fb6f8c173548c170b4b68b9748ef3e8e34f4401cf2cbcea431dedaeb4e00148b,2023-12,Leicestershire Police,Leicestershire Police,-1.139010,52.634787,On or near Parking Area,E01034022,Leicester 041E,Violence and sexual offences,Court result unavailable,
85a25cadeccae3d8d3aec3c96ddf51693118e31dc91d6ae9c515f645435bddc7,2023-12,Leicestershire Police,Leicestershire Police,-1.132821,52.633879,On or near Horsefair Street,E01034022,Leicester 041E,Violence and sexual offences,Unable to prosecute suspect,
05bb7bb6c8f192c91400db587e2c7ace904df53bbb480c1ff5d0e11d8ae2bae9,2023-12,Leicestershire Police,Leicestershire Police,-1.132080,52.639223,On or near Police Station,E01034022,Leicester 041E,Violence and sexual offences,Investigation complete; no suspect identified,
20ffaa62e516fa1c695c444863cf7641dfa6b0dcc608c35edadf0fc8bd486888,2023-12,Leicestershire Police,Leicestershire Police,-1.134450,52.636723,On or near New Bond Street,E01034022,Leicester 041E,Violence and sexual offences,Investigation complete; no suspect identified,
ccc996e3aba806aca11dd4b6ca2582d1de47cd931be0046c4df47cd37dabadbf,2023-12,Leicestershire Police,Leicestershire Police,-1.139462,52.635078,On or near St Nicholas Place,E01034022,Leicester 041E,Violence and sexual offences,Investigation complete; no suspect identified,
7ef20ee40bec6880c3d9587576a9a1ac13ea0fef9ce66b1f01568d76a44b5398,2023-12,Leicestershire Police,Leicestershire Police,-1.132277,52.639764,On or near Abbey Street,E01034022,Leicester 041E,Violence and sexual offences,Court result unavailable,
f4e8aae29d5c37adf616d91e7bd853d94fb18975058920fa8f13b9f031de18ad,2023-12,Leicestershire Police,Leicestershire Police,-1.137293,52.635647,On or near Shires Lane,E01034022,Leicester 041E,Violence and sexual offences,Unable to prosecute suspect,
aa9a44dd09a72f83edf93310b781971865311a4b2097d887d28271e6108349d5,2023-12,Leicestershire Police,Leicestershire Police,-1.132277,52.639764,On or near Abbey Street,E01034022,Leicester 041E,Violence and sexual offences,Investigation complete; no suspect identified,
ae3a6d7fc48af35f5a84bcf764fdae2663ecb0f55c12fc1c91433ebf4a7e58df,2023-12,Leicestershire Police,Leicestershire Police,-1.133444,52.636041,On or near East Gates,E01034022,Leicester 041E,Violence and sexual offences,Investigation complete; no suspect identified,
7a277917ab30845ee1a958260462e5c2f7135212c7971e0613b5d9d9f80219b7,2023-12,Leicestershire Police,Leicestershire Police,-1.139010,52.634787,On or near Parking Area,E01034022,Leicester 041E,Violence and sexual offences,Unable to prosecute suspect,
615d317a35e85205020f7d88e5553c35c8e1f2339f5d3f9322b4eeff2c95dc00,2023-12,Leicestershire Police,Leicestershire Police,-1.132473,52.639558,On or near Nightclub,E01034022,Leicester 041E,Violence and sexual offences,Unable to prosecute suspect,
0a1f841d827fcc74204ddfe6fccb08507a040a27328166fa7785005a7e6864b5,2023-12,Leicestershire Police,Leicestershire Police,-1.139462,52.635078,On or near St Nicholas Place,E01034022,Leicester 041E,Violence and sexual offences,Local resolution,
097554e08947f6dedddb3d5f47e815b9d5090faa007b5caaa4a258d1e8d02806,2023-12,Leicestershire Police,Leicestershire Police,-1.131222,52.637041,On or near Parking Area,E01034022,Leicester 041E,Violence and sexual offences,Unable to prosecute suspect,
570e4a313caafb7fec34499a413c313d8f516424f5f332f220f9e31fc1b1ed93,2023-12,Leicestershire Police,Leicestershire Police,-1.131926,52.635797,On or near Fox Lane,E01034022,Leicester 041E,Violence and sexual offences,Court result unavailable,
ff5dcd005cd14918cac3994210894ac1a6d868428f40ba7bcfe0f75d0867e184,2023-12,Leicestershire Police,Leicestershire Police,-1.132277,52.639764,On or near Abbey Street,E01034022,Leicester 041E,Violence and sexual offences,Investigation complete; no suspect identified,
a58110b009689544422e5272f2589ee7faf43f5d547ec77a7fbff1461e87a53b,2023-12,Leicestershire Police,Leicestershire Police,-1.132473,52.639558,On or near Nightclub,E01034022,Leicester 041E,Violence and sexual offences,Unable to prosecute suspect,
0301f6c7653d52188ff6f72a3cc24182113aa0da5e0688bcef10d351d2146d0d,2023-12,Leicestershire Police,Leicestershire Police,-1.132473,52.639558,On or near Nightclub,E01034022,Leicester 041E,Violence and sexual offences,Unable to prosecute suspect,
3be807c41935bbdf64924f50b64fad575bf76b7a882a42d1b4c3ec7f446d1b35,2023-12,Leicestershire Police,Leicestershire Police,-1.134563,52.637740,On or near Church Gate,E01034022,Leicester 041E,Violence and sexual offences,Investigation complete; no suspect identified,
dd6fec92fee2d2827ea3f13c3dbedee8a1833614c2ce0cf4afc6a1f9279b70fd,2023-12,Leicestershire Police,Leicestershire Police,-1.137418,52.636826,On or near Parking Area,E01034022,Leicester 041E,Violence and sexual offences,Investigation complete; no suspect identified,
7bda0e4a759910c7de4b076207ada86abc94d5c8da76612a726bf8125cca7e7d,2023-12,Leicestershire Police,Leicestershire Police,-1.134752,52.634136,On or near Hotel Street,E01034022,Leicester 041E,Violence and sexual offences,Investigation complete; no suspect identified,
e93cac0c8fdaa2924abee9ad81179da6510773031761be28ad4771046c058a16,2023-12,Leicestershire Police,Leicestershire Police,-1.126189,52.638227,On or near Gladstone Street,E01034022,Leicester 041E,Violence and sexual offences,Unable to prosecute suspect,
a5ca9b8dafc3b20c9aeb4bb9b4ddd6e550e9278433f30cf2c574c393365e04a5,2023-12,Leicestershire Police,Leicestershire Police,-1.130997,52.634252,On or near Granby Place,E01034022,Leicester 041E,Violence and sexual offences,Unable to prosecute suspect,
ff5a39d00a2cb21aa994ae9ea3d0833ee89d3a28f25bccc6be492a06f2231f88,2023-12,Leicestershire Police,Leicestershire Police,-1.139010,52.634787,On or near Parking Area,E01034022,Leicester 041E,Violence and sexual offences,Investigation complete; no suspect identified,
3641ff34f32188ca2f0bcfeb9c43454db8ebbbb8c54ccf977c374656a25db31c,2023-12,Leicestershire Police,Leicestershire Police,-1.138765,52.632952,On or near Southgates,E01034022,Leicester 041E,Violence and sexual offences,Unable to prosecute suspect,
f702bc303cef4dd4369aa0829c83632c847ab183f761c6484ee93ce9e0ee1906,2023-12,Leicestershire Police,Leicestershire Police,-1.132309,52.634406,On or near Nightclub,E01034022,Leicester 041E,Violence and sexual offences,Investigation complete; no suspect identified,
216237e9b82106f1024d096d03496999e4dde066c2c81ea80a0c054734eb5d3f,2023-12,Leicestershire Police,Leicestershire Police,-1.134798,52.633318,On or near Nightclub,E01034022,Leicester 041E,Violence and sexual offences,Investigation complete; no suspect identified,
444ed0d6c168c499b39043bca3992c65264dcc6e181625b639501576fee79937,2023-12,Leicestershire Police,Leicestershire Police,-1.131926,52.635797,On or near Fox Lane,E01034022,Leicester 041E,Violence and sexual offences,Unable to prosecute suspect,
1d7c976601f0f837d1bb7868ca2a2dd8c75cdca8fa1f9febe3916fd21377ffe4,2023-12,Leicestershire Police,Leicestershire Police,-1.131222,52.637041,On or near Parking Area,E01034022,Leicester 041E,Violence and sexual offences,Unable to prosecute suspect,
5bcfb2810c62d4985c95b33de0316b29ef38afaa8eb10d99e7c7510cb4966257,2023-12,Leicestershire Police,Leicestershire Police,-1.133444,52.636041,On or near East Gates,E01034022,Leicester 041E,Violence and sexual offences,Investigation complete; no suspect identified,
c8bbb17e08e4be7fe6e785ee5be2651b5b253e84880a1fd75cc7843bb81a98fc,2023-12,Leicestershire Police,Leicestershire Police,-1.133652,52.634409,On or near Shopping Area,E01034022,Leicester 041E,Violence and sexual offences,Investigation complete; no suspect identified,
2ae5b61945831995269ce1a70f85a4b16fcb48cdd137c6086684527ce14e9849,2023-12,Leicestershire Police,Leicestershire Police,-1.132277,52.639764,On or near Abbey Street,E01034022,Leicester 041E,Violence and sexual offences,Investigation complete; no suspect identified,
0658a3672653ed02ecd0df2d6db60f76ded890b77fe60ec359765886db9a5d3f,2023-12,Leicestershire Police,Leicestershire Police,-1.128735,52.639495,On or near Dryden Street,E01034022,Leicester 041E,Violence and sexual offences,Unable to prosecute suspect,
224332e2cfe4948f90611b9cfb420c4c8b2d46ad651174f616875cab2d265379,2023-12,Leicestershire Police,Leicestershire Police,-1.132309,52.634406,On or near Nightclub,E01034022,Leicester 041E,Violence and sexual offences,Unable to prosecute suspect,
5bd0ba2110802d548ec34645f053599025cd1818764d12ae1886da9cb3b6adc8,2023-12,Leicestershire Police,Leicestershire Police,-1.133417,52.638882,On or near Sandacre Street,E01034022,Leicester 041E,Violence and sexual offences,Unable to prosecute suspect,
47343d25f73b2fedf58dec69dee02dc6916e22f03f0c988f5414cc28179d344e,2023-12,Leicestershire Police,Leicestershire Police,-1.139462,52.635078,On or near St Nicholas Place,E01034022,Leicester 041E,Violence and sexual offences,Unable to prosecute suspect,
f4424c1b79ee35078d88e1c9644cd44c4611c5478bf7db6cd8ba9f8203bec5dc,2023-12,Leicestershire Police,Leicestershire Police,-1.131222,52.637041,On or near Parking Area,E01034022,Leicester 041E,Violence and sexual offences,Court result unavailable,
b7499e712865158632e7046cd8694813f2661444ac76e18083cc7b5a612953b3,2023-12,Leicestershire Police,Leicestershire Police,-1.132277,52.639764,On or near Abbey Street,E01034022,Leicester 041E,Violence and sexual offences,Investigation complete; no suspect identified,
7877944c74bf31999e63c07bddf2f7b8ae2783d0fa94ccf3918618978e2e4084,2023-12,Leicestershire Police,Leicestershire Police,-1.140859,52.634675,On or near St Nicholas Circle,E01034022,Leicester 041E,Violence and sexual offences,Court result unavailable,
1f46ab07635db0f260202931f911987ce5de76505c3594eb46607dc4c31a5d4a,2023-12,Leicestershire Police,Leicestershire Police,-1.133264,52.638387,On or near Mansfield Street,E01034022,Leicester 041E,Violence and sexual offences,Investigation complete; no suspect identified,
ec9574168114950786a4f4388721780ddd49f5c4cbe89a57e463c7036d630539,2023-12,Leicestershire Police,Leicestershire Police,-1.140229,52.634392,On or near Parking Area,E01034022,Leicester 041E,Violence and sexual offences,Unable to prosecute suspect,
80e1bc60ff07f13a0e4f217058c4970262fb1f7a7c6f635fa2d7da6f868fe8f1,2023-12,Leicestershire Police,Leicestershire Police,-1.136395,52.635488,On or near Carts Lane,E01034022,Leicester 041E,Violence and sexual offences,Court result unavailable,
23b121163335f18868a791d59c61aa3360602e3750fea3a2d655155c913e7c31,2023-12,Leicestershire Police,Leicestershire Police,-1.131414,52.635559,On or near Shopping Area,E01034022,Leicester 041E,Violence and sexual offences,Unable to prosecute suspect,
ce8c59984fcb28be9015ab0e49d9e9efce9cb9d44951429bb4871282d503d1a5,2023-12,Leicestershire Police,Leicestershire Police,-1.133444,52.636041,On or near East Gates,E01034022,Leicester 041E,Violence and sexual offences,Unable to prosecute suspect,
7b0ea497e692c41ef836bae348650ae30507883af7f31bb643fcafe3a96d229a,2023-12,Leicestershire Police,Leicestershire Police,-1.130778,52.637101,On or near Shopping Area,E01034022,Leicester 041E,Violence and sexual offences,Local resolution,
7b350fa1b0dc6e6e153d80083668926516aee11228ee34f3bbfe18156595c0be,2023-12,Leicestershire Police,Leicestershire Police,-1.133652,52.634409,On or near Shopping Area,E01034022,Leicester 041E,Violence and sexual offences,Investigation complete; no suspect identified,
c04919987168145f2668dc49d3028d77a618ff013795fd6a04c625cc353e3028,2023-12,Leicestershire Police,Leicestershire Police,-1.132159,52.634477,On or near Market Place Approach,E01034022,Leicester 041E,Violence and sexual offences,Unable to prosecute suspect,
0b233d717a4d634bd14124ce19510ed983c09574463aebf30a309629cc128579,2023-12,Leicestershire Police,Leicestershire Police,-1.133444,52.636041,On or near East Gates,E01034022,Leicester 041E,Violence and sexual offences,Unable to prosecute suspect,
1857677c6bd507150fbbd1382d67327e2dec79cf054d9eb259c3a65331f1a3fe,2023-12,Leicestershire Police,Leicestershire Police,-1.132159,52.634477,On or near Market Place Approach,E01034022,Leicester 041E,Violence and sexual offences,Investigation complete; no suspect identified,
d8c3364b914ca0d82ed0167af7326e1866e5a919204c695d414b4f397b9bc4ec,2023-12,Leicestershire Police,Leicestershire Police,-1.139462,52.635078,On or near St Nicholas Place,E01034022,Leicester 041E,Violence and sexual offences,Unable to prosecute suspect,
2dfdf06a4e157e0135e7a0dede1f67ac6578b6243932468c616ba8570af50c60,2023-12,Leicestershire Police,Leicestershire Police,-1.131222,52.637041,On or near Parking Area,E01034022,Leicester 041E,Violence and sexual offences,Investigation complete; no suspect identified,
09d4d9baa9c85fb035ec780d559652e6ee697401d82f7ba69119eb0c04944041,2023-12,Leicestershire Police,Leicestershire Police,-1.136395,52.635488,On or near Carts Lane,E01034022,Leicester 041E,Violence and sexual offences,Investigation complete; no suspect identified,
cee8be598c57564a8154d4fa27e27b3fc1c1c2ea44f6873e8d25cdb97897bd3d,2023-12,Leicestershire Police,Leicestershire Police,-1.133444,52.636041,On or near East Gates,E01034022,Leicester 041E,Violence and sexual offences,Court result unavailable,
7092686e9134e2467f9edde31979b94ad11f3d5992716f4d733632a233d7185b,2023-12,Leicestershire Police,Leicestershire Police,-1.139010,52.634787,On or near Parking Area,E01034022,Leicester 041E,Violence and sexual offences,Court result unavailable,
c6ec71f5dfd2faa3e1fd06050f83be515d98a03af17c36eb3bcd3ed910b119d0,2023-12,Leicestershire Police,Leicestershire Police,-1.134450,52.636723,On or near New Bond Street,E01034022,Leicester 041E,Violence and sexual offences,Local resolution,
a933f8d4eb04843a2c213c2dea2b28760b65a0c56fdf5930a3324eedb4844855,2023-12,Leicestershire Police,Leicestershire Police,-1.132277,52.639764,On or near Abbey Street,E01034022,Leicester 041E,Violence and sexual offences,Unable to prosecute suspect,
e667932fa3525edd266ed4e7ae7d47782e82410669f8dad016277287f10fe50b,2023-12,Leicestershire Police,Leicestershire Police,-1.131222,52.637041,On or near Parking Area,E01034022,Leicester 041E,Violence and sexual offences,Unable to prosecute suspect,
86e7771047d718fa6c2d6e327818c7bb9d101c3c3547e350933ee33b60821997,2023-12,Leicestershire Police,Leicestershire Police,-1.131506,52.640594,On or near Royal East Street,E01034022,Leicester 041E,Violence and sexual offences,Unable to prosecute suspect,
2275ffad98465452eca6204feb597f2a654aab47f7cc7c1f4b7d12e8dccead7a,2023-12,Leicestershire Police,Leicestershire Police,-1.139462,52.635078,On or near St Nicholas Place,E01034022,Leicester 041E,Violence and sexual offences,Formal action is not in the public interest,
2803ed52cd7e5946bf60690815215ba19eb80e00a034786ee0a56be0ed7e2ce3,2023-12,Leicestershire Police,Leicestershire Police,-1.130635,52.640579,On or near Wood Street,E01034022,Leicester 041E,Violence and sexual offences,Further investigation is not in the public interest,
fb953254029636b7bbf504cbd46981ffda98dde2f78efc906cbeba15cbe3913c,2023-12,Leicestershire Police,Leicestershire Police,-1.132159,52.634477,On or near Market Place Approach,E01034022,Leicester 041E,Violence and sexual offences,Investigation complete; no suspect identified,
efddbee959e837e347790b1777ceaf72eaf11a7baceeb87680835035e5ad9548,2023-12,Leicestershire Police,Leicestershire Police,-1.132159,52.634477,On or near Market Place Approach,E01034022,Leicester 041E,Violence and sexual offences,Unable to prosecute suspect,
6c91eb07b21f8b882439bdf402f516cb452e3212ff647f2932dd0e57d0e771ab,2023-12,Leicestershire Police,Leicestershire Police,-1.139462,52.635078,On or near St Nicholas Place,E01034022,Leicester 041E,Violence and sexual offences,Local resolution,
81b803f94df434b4ee91a8c31a59f8a39c6110eb499554940387b73851f6463d,2023-12,Leicestershire Police,Leicestershire Police,-1.134107,52.635399,On or near Shopping Area,E01034022,Leicester 041E,Violence and sexual offences,Unable to prosecute suspect,
cd6ec32981cbf6efa6676cb3e41294e556644d7359eb2d26098432baa93a496e,2023-12,Leicestershire Police,Leicestershire Police,-1.137309,52.634874,On or near Guildhall Lane,E01034022,Leicester 041E,Violence and sexual offences,Unable to prosecute suspect,
7a915e63457fd8e00aa9fe2bce2554dd9d8521ffbbb68f05acadd11fbb2c6dbf,2023-12,Leicestershire Police,Leicestershire Police,-1.134450,52.636723,On or near New Bond Street,E01034022,Leicester 041E,Violence and sexual offences,Unable to prosecute suspect,
1e99d529b75161e767e7545010d31bf60920fb32c73bbc14aa905acb99ef6c2a,2023-12,Leicestershire Police,Leicestershire Police,-1.134450,52.636723,On or near New Bond Street,E01034022,Leicester 041E,Violence and sexual offences,Investigation complete; no suspect identified,
b58092b74431b9a1e7a1f5fa9d78e7310516260c328f02cc8e64a5518ad4fd01,2023-12,Leicestershire Police,Leicestershire Police,-1.139010,52.634787,On or near Parking Area,E01034022,Leicester 041E,Violence and sexual offences,Local resolution,
5984fae1331348762a2c22cf619563585c8e047e39e743915f354fbc21c815da,2023-12,Leicestershire Police,Leicestershire Police,-1.131222,52.637041,On or near Parking Area,E01034022,Leicester 041E,Violence and sexual offences,Court result unavailable,
1e1aa5a38d964bb2c67de5052cd4cb6ad287982d688ec375538afb13e9492bbb,2023-12,Leicestershire Police,Leicestershire Police,-1.133652,52.634409,On or near Shopping Area,E01034022,Leicester 041E,Violence and sexual offences,Investigation complete; no suspect identified,
7d174f6e6969e4fe3db14a2044b98793c45daac7acd61faf8b7ad68fbebeb27f,2023-12,Leicestershire Police,Leicestershire Police,-1.132277,52.639764,On or near Abbey Street,E01034022,Leicester 041E,Violence and sexual offences,Court result unavailable,
726917c6bd104773872b76f4720f5f277840fd644c8f74528c566cf10e1df6c0,2023-12,Leicestershire Police,Leicestershire Police,-1.133709,52.637581,On or near Parking Area,E01034022,Leicester 041E,Violence and sexual offences,Local resolution,
2bbb495b31d4fbe30d96d5779703552929c1479a91ef436de66480c11354cb00,2023-12,Leicestershire Police,Leicestershire Police,-1.133444,52.636041,On or near East Gates,E01034022,Leicester 041E,Violence and sexual offences,Investigation complete; no suspect identified,
2fcf4ee23ef2e41a70b6202ab6e1fa38767cfcafbdf2153689ccd558140ef63a,2023-12,Leicestershire Police,Leicestershire Police,-1.132821,52.633879,On or near Horsefair Street,E01034022,Leicester 041E,Violence and sexual offences,Investigation complete; no suspect identified,
f9e0905ee4d3ba342428c794dbcc4b9666bb712c25c2caf4a063ac3e1967197d,2023-12,Leicestershire Police,Leicestershire Police,-1.132473,52.639558,On or near Nightclub,E01034022,Leicester 041E,Violence and sexual offences,Unable to prosecute suspect,
bd3065189666f134c75bbb44eeb8ce7bbd9ce64789cf2cee3f139a55cd97c181,2023-12,Leicestershire Police,Leicestershire Police,-1.130635,52.640579,On or near Wood Street,E01034022,Leicester 041E,Violence and sexual offences,Investigation complete; no suspect identified,
c716622fe61e6420a0c6d6cc6652fa7645678e4e1a80faddb690878f3c5be1bf,2023-12,Leicestershire Police,Leicestershire Police,-1.133652,52.634409,On or near Shopping Area,E01034022,Leicester 041E,Violence and sexual offences,Investigation complete; no suspect identified,
af3085e19c80eb8219f0cdbe63b6cc5d6b730be4ad5a82f15fde30fabe2dd549,2023-12,Leicestershire Police,Leicestershire Police,-1.139010,52.634787,On or near Parking Area,E01034022,Leicester 041E,Violence and sexual offences,Local resolution,
a7f9a93b3c472eecc726837b72f598894c760267279c191dbf996b4dbbdde2c4,2023-12,Leicestershire Police,Leicestershire Police,-1.133652,52.634409,On or near Shopping Area,E01034022,Leicester 041E,Violence and sexual offences,Unable to prosecute suspect,
96de1226946f2d4b5670a114cfe17eae0c8ba2e648dc8881f2904ccc49f8643e,2023-12,Leicestershire Police,Leicestershire Police,-1.129532,52.640274,On or near Wilton Street,E01034022,Leicester 041E,Violence and sexual offences,Unable to prosecute suspect,
82e644e0c2eb806b3e6a25d165b90cb36fc98662fcb066c63060a36f5155edbf,2023-12,Leicestershire Police,Leicestershire Police,-1.132821,52.633879,On or near Horsefair Street,E01034022,Leicester 041E,Violence and sexual offences,Unable to prosecute suspect,
a54e36969f0ce1a70b072b37c0e397e30d6f6359656077b73e65c99deab462b0,2023-12,Leicestershire Police,Leicestershire Police,-1.134752,52.634136,On or near Hotel Street,E01034022,Leicester 041E,Violence and sexual offences,Unable to prosecute suspect,
94ea928ea6096e49800e59991a005cf6da772984154c9b3ee8596415e96ad53e,2023-12,Leicestershire Police,Leicestershire Police,-1.132080,52.639223,On or near Police Station,E01034022,Leicester 041E,Violence and sexual offences,Court result unavailable,
27eecf8eac4a4f201637d33ac52bd5f55b91876dab5bd05d1c02529d02b10720,2023-12,Leicestershire Police,Leicestershire Police,-1.129612,52.634764,On or near Halford Street,E01034022,Leicester 041E,Violence and sexual offences,Investigation complete; no suspect identified,
5bf88b30c6a62029d484a2b1ad134f9782696089257bd312f75a1900436067cc,2023-12,Leicestershire Police,Leicestershire Police,-1.137418,52.636826,On or near Parking Area,E01034022,Leicester 041E,Other crime,Further investigation is not in the public interest,
b362b3e096902811eb70c32a95abf05dfd628462b7f00b02a1ad68644f3d94bb,2023-12,Leicestershire Police,Leicestershire Police,-1.128211,52.636857,On or near St James Street,E01034023,Leicester 041F,Drugs,Court result unavailable,
7989cfd3a4e5e396ac46879e8f656a5838a2e5da46a76b6f11d82b92c9cd8177,2023-12,Leicestershire Police,Leicestershire Police,-1.129878,52.637031,On or near Clarence Street,E01034023,Leicester 041F,Robbery,Investigation complete; no suspect identified,
9460448774517b68863720acf6630adba3513090e41d2f6e8306948c99cd00d0,2023-12,Leicestershire Police,Leicestershire Police,-1.128211,52.636857,On or near St James Street,E01034023,Leicester 041F,Violence and sexual offences,Court result unavailable,
074d3e164813acf6a5c4fd0755d0e1f8de93e415f45caeb783207ec91e160ecc,2023-12,Leicestershire Police,Leicestershire Police,-1.128211,52.636857,On or near St James Street,E01034023,Leicester 041F,Violence and sexual offences,Court result unavailable,
804fd3bd688685db56b6cf17b7990369924415795f32c182b27862b7594b546b,2023-12,Leicestershire Police,Leicestershire Police,-1.128211,52.636857,On or near St James Street,E01034023,Leicester 041F,Violence and sexual offences,Court result unavailable,
97f30b8bf30df8f41bd2be0cb5bf083ce91549883fb3089c8325c4f7b849cc68,2023-12,Leicestershire Police,Leicestershire Police,-1.129626,52.635555,On or near Yeoman Lane,E01034023,Leicester 041F,Violence and sexual offences,Court result unavailable,
291d22e01f02ed59414455d6b3a87804abdc17619c37fd91b05fa434c51a107f,2023-12,Leicestershire Police,Leicestershire Police,-1.128741,52.635486,On or near Yeoman Street,E01034023,Leicester 041F,Violence and sexual offences,Court result unavailable,
,2023-12,Leicestershire Police,Leicestershire Police,-1.129013,52.635191,On or near Nightclub,E01034023,Leicester 041F,Anti-social behaviour,,
,2023-12,Leicestershire Police,Leicestershire Police,-1.125755,52.637756,On or near Clyde Street,E01034023,Leicester 041F,Anti-social behaviour,,
,2023-12,Leicestershire Police,Leicestershire Police,-1.129626,52.635555,On or near Yeoman Lane,E01034023,Leicester 041F,Anti-social behaviour,,
,2023-12,Leicestershire Police,Leicestershire Police,-1.128211,52.636857,On or near St James Street,E01034023,Leicester 041F,Anti-social behaviour,,
,2023-12,Leicestershire Police,Leicestershire Police,-1.129626,52.635555,On or near Yeoman Lane,E01034023,Leicester 041F,Anti-social behaviour,,
,2023-12,Leicestershire Police,Leicestershire Police,-1.128191,52.634169,On or near Colton Street,E01034023,Leicester 041F,Anti-social behaviour,,
d04cd860675bda77d60a43e35fb7c7b1daa8f75d41e887a53a6f0a650edd77bb,2023-12,Leicestershire Police,Leicestershire Police,-1.128211,52.636857,On or near St James Street,E01034023,Leicester 041F,Bicycle theft,Investigation complete; no suspect identified,
d8d355dcfea3f4cac90345aea5b4ab7fd0dd98fdf464dffa02addac9d7729ff6,2023-12,Leicestershire Police,Leicestershire Police,-1.128741,52.635486,On or near Yeoman Street,E01034023,Leicester 041F,Burglary,Investigation complete; no suspect identified,
1cf4c5dfdd039e370db46fa7341a7e392f78ae55c7b366df859aae8ebc35aeb3,2023-12,Leicestershire Police,Leicestershire Police,-1.129626,52.635555,On or near Yeoman Lane,E01034023,Leicester 041F,Criminal damage and arson,Investigation complete; no suspect identified,
2085f21fc969d446ef85961e4995e57e296abe20d96b0bd069c816d5224609e3,2023-12,Leicestershire Police,Leicestershire Police,-1.127715,52.637303,On or near Camden Street,E01034023,Leicester 041F,Criminal damage and arson,Investigation complete; no suspect identified,
ffbad5d2b696fee3cfb81347d6cb3d808a28c1ac8941cdf4195328882f62fea1,2023-12,Leicestershire Police,Leicestershire Police,-1.128211,52.636857,On or near St James Street,E01034023,Leicester 041F,Criminal damage and arson,Court result unavailable,
af5685170a2cbeb3ea4ce4e10b56d4cd47f73d582f836faf3bbbf7f7bbdee144,2023-12,Leicestershire Police,Leicestershire Police,-1.128191,52.634169,On or near Colton Street,E01034023,Leicester 041F,Drugs,Unable to prosecute suspect,
12519ece7cc5aadeb06a4922d51d15d493c025367b1e81bfb4b7a002b637c53b,2023-12,Leicestershire Police,Leicestershire Police,-1.129626,52.635555,On or near Yeoman Lane,E01034023,Leicester 041F,Drugs,Offender given a caution,
c6310c77be9ccc2d5181f454f5c824e5e4049be4efdb038236c428d13ee79ede,2023-12,Leicestershire Police,Leicestershire Police,-1.128191,52.634169,On or near Colton Street,E01034023,Leicester 041F,Other theft,Investigation complete; no suspect identified,
18c06137f6140a7c46a9a11a0e1181523e50ba83ac7e6d2a6742a8f68613dcb0,2023-12,Leicestershire Police,Leicestershire Police,-1.128211,52.636857,On or near St James Street,E01034023,Leicester 041F,Other theft,Investigation complete; no suspect identified,
b4f7e34dd318ad58ef55c6e7d3805858079d4642fbad3e10b62ab509cc35c7af,2023-12,Leicestershire Police,Leicestershire Police,-1.127715,52.637303,On or near Camden Street,E01034023,Leicester 041F,Other theft,Unable to prosecute suspect,
ec2c2ba20a4ab7b2dc545d7e650195dbbc1c24af8cfdf95c2ad877e129d6614c,2023-12,Leicestershire Police,Leicestershire Police,-1.129626,52.635555,On or near Yeoman Lane,E01034023,Leicester 041F,Other theft,Unable to prosecute suspect,
8058ffa62b503c5de925c648a28fbef466b3a7a0d866c00b6d375623e56d1295,2023-12,Leicestershire Police,Leicestershire Police,-1.130275,52.637843,On or near Shopping Area,E01034023,Leicester 041F,Other theft,Investigation complete; no suspect identified,
25b97d0800066e43f60f1369b03b5ef518f05a815b6ae0aa119058b493df2b65,2023-12,Leicestershire Police,Leicestershire Police,-1.128211,52.636857,On or near St James Street,E01034023,Leicester 041F,Possession of weapons,Court result unavailable,
582128cc6d3444182c2c3331e96652014da908b188e1fda00dbf08dd3be1ab2f,2023-12,Leicestershire Police,Leicestershire Police,-1.128211,52.636857,On or near St James Street,E01034023,Leicester 041F,Public order,Investigation complete; no suspect identified,
04092659777bbccf9046d88de9f9b143a34f2e7ba4ed5b4e7e22122e4bbb254d,2023-12,Leicestershire Police,Leicestershire Police,-1.128211,52.636857,On or near St James Street,E01034023,Leicester 041F,Public order,Investigation complete; no suspect identified,
7391c544c7741403b61a86511685007839a2ec20885c01d07b67f8ab08067408,2023-12,Leicestershire Police,Leicestershire Police,-1.129626,52.635555,On or near Yeoman Lane,E01034023,Leicester 041F,Public order,Unable to prosecute suspect,
28d8c626bf9e79027a5da90fa3317f0697eba30c56cf3a9c81883c1b827fd5ae,2023-12,Leicestershire Police,Leicestershire Police,-1.128191,52.634169,On or near Colton Street,E01034023,Leicester 041F,Public order,Investigation complete; no suspect identified,
c2a599703a898b3bd11d894de23fb1fc3d9eb4fa992945cb24a8328634ef50d3,2023-12,Leicestershire Police,Leicestershire Police,-1.128211,52.636857,On or near St James Street,E01034023,Leicester 041F,Public order,Court result unavailable,
b49a834781b8bd1f65df36a2720914197db4d18a449e10df5d9145e530403f43,2023-12,Leicestershire Police,Leicestershire Police,-1.129626,52.635555,On or near Yeoman Lane,E01034023,Leicester 041F,Public order,Court result unavailable,
7b98dcae13c4d9b80cafc2233aee0008779602935820f8c129c4675f51bf1dfa,2023-12,Leicestershire Police,Leicestershire Police,-1.128211,52.636857,On or near St James Street,E01034023,Leicester 041F,Public order,Unable to prosecute suspect,
11e6e6482fa44c98f2d9aeac024dacb6173fbea6abe0b8e89d371de835641004,2023-12,Leicestershire Police,Leicestershire Police,-1.129626,52.635555,On or near Yeoman Lane,E01034023,Leicester 041F,Public order,Further action is not in the public interest,
d642617374c5bd3aaeeaec6bfc30a2faeba6ee04a4e55d34c47dce6782ab9bd3,2023-12,Leicestershire Police,Leicestershire Police,-1.128211,52.636857,On or near St James Street,E01034023,Leicester 041F,Robbery,Investigation complete; no suspect identified,
82cc18c2639d688b15323edb5a2a47068a61189ebf0dce27312f2e7f5d1d8718,2023-12,Leicestershire Police,Leicestershire Police,-1.125755,52.637756,On or near Clyde Street,E01034023,Leicester 041F,Robbery,Unable to prosecute suspect,
6608b6ab88ad9812f99c8b25ee2b1f554f38f531785025d232b1f50cdc695388,2023-12,Leicestershire Police,Leicestershire Police,-1.128741,52.635486,On or near Yeoman Street,E01034023,Leicester 041F,Robbery,Unable to prosecute suspect,
64344a6bea39d79df3de56c6b0a65c98d1886b52c00126580823626a1b8732f3,2023-12,Leicestershire Police,Leicestershire Police,-1.128211,52.636857,On or near St James Street,E01034023,Leicester 041F,Theft from the person,Investigation complete; no suspect identified,
e835d375b7e31c0cdbfd9f40452177c1dfec00c9a9bd7fae8116a026274af693,2023-12,Leicestershire Police,Leicestershire Police,-1.129878,52.637031,On or near Clarence Street,E01034023,Leicester 041F,Theft from the person,Investigation complete; no suspect identified,
6a00f6e2b151b46a26c486a08a0e0b916973a495bc50bfd4538d4ec56e286c4a,2023-12,Leicestershire Police,Leicestershire Police,-1.128741,52.635486,On or near Yeoman Street,E01034023,Leicester 041F,Theft from the person,Investigation complete; no suspect identified,
d470c33127422be89d73b7cf75c6214b92c52dbf792d02060c862637263a3e71,2023-12,Leicestershire Police,Leicestershire Police,-1.128211,52.636857,On or near St James Street,E01034023,Leicester 041F,Theft from the person,Investigation complete; no suspect identified,
529e929b96dca2e758d0a20c16e62cd000c3c6feddc26b21a1e21635038a541f,2023-12,Leicestershire Police,Leicestershire Police,-1.130275,52.637843,On or near Shopping Area,E01034023,Leicester 041F,Theft from the person,Investigation complete; no suspect identified,
322da7630bf7be1b9cc1d2021b92622d58fcc8aea579ef0d95ae435af8281c18,2023-12,Leicestershire Police,Leicestershire Police,-1.128211,52.636857,On or near St James Street,E01034023,Leicester 041F,Theft from the person,Investigation complete; no suspect identified,
1f2b22a4aca33dcff8223f84ef0cf2f06a530e3093a6358d2e44786c001cf788,2023-12,Leicestershire Police,Leicestershire Police,-1.128030,52.638537,On or near Lee Street,E01034023,Leicester 041F,Vehicle crime,Investigation complete; no suspect identified,
1b9af93eede3393cf852dfbeb0043ebbe378a93b828593daf460cd35ce19eca9,2023-12,Leicestershire Police,Leicestershire Police,-1.130275,52.637843,On or near Shopping Area,E01034023,Leicester 041F,Violence and sexual offences,Unable to prosecute suspect,
0ba055d23bf7b762a5f8081d241b0f9fe4c5a292d4bedee1374ac599cef3e43b,2023-12,Leicestershire Police,Leicestershire Police,-1.130275,52.637843,On or near Shopping Area,E01034023,Leicester 041F,Violence and sexual offences,Investigation complete; no suspect identified,
e164d3dafdf3e75e980431beb169d5c82d95947a80371e00664e60aa63eae262,2023-12,Leicestershire Police,Leicestershire Police,-1.129626,52.635555,On or near Yeoman Lane,E01034023,Leicester 041F,Violence and sexual offences,Offender given a caution,
798651aa46c21430a9af6361b43337191a2de36a80fd776a6b14efdf97b22a89,2023-12,Leicestershire Police,Leicestershire Police,-1.127782,52.637627,On or near Eldon Street,E01034023,Leicester 041F,Violence and sexual offences,Investigation complete; no suspect identified,
307ba4dd7c034035bdca130a9206922f07164ebe67ed74c2cbd342aa3638415b,2023-12,Leicestershire Police,Leicestershire Police,-1.130275,52.637843,On or near Shopping Area,E01034023,Leicester 041F,Violence and sexual offences,Local resolution,
c8270ca76eb20adf0ea2feccc9cddc7c86b9b1d154bb5779359092d2fb15ae92,2023-12,Leicestershire Police,Leicestershire Police,-1.128211,52.636857,On or near St James Street,E01034023,Leicester 041F,Violence and sexual offences,Investigation complete; no suspect identified,
95ae8ca5d702ad7dfb62b7eb25ce7b4d5d5c8c8cc556f0e61abf8d3bd1aee824,2023-12,Leicestershire Police,Leicestershire Police,-1.130275,52.637843,On or near Shopping Area,E01034023,Leicester 041F,Violence and sexual offences,Investigation complete; no suspect identified,
12d46929b3a91ba7157f242ca354c6f47ec4ad24a98352af1b2f53c2bf87c0ba,2023-12,Leicestershire Police,Leicestershire Police,-1.130275,52.637843,On or near Shopping Area,E01034023,Leicester 041F,Violence and sexual offences,Investigation complete; no suspect identified,
52d213206a5d17b78d4f1a087b3d9add1365498030f43b015583535f973afbed,2023-12,Leicestershire Police,Leicestershire Police,-1.130275,52.637843,On or near Shopping Area,E01034023,Leicester 041F,Violence and sexual offences,Unable to prosecute suspect,
85e0b46c001b13f59019de1df2a9b14295d87546a42ef77ec1c27e54021cf1e2,2023-12,Leicestershire Police,Leicestershire Police,-1.130275,52.637843,On or near Shopping Area,E01034023,Leicester 041F,Violence and sexual offences,Investigation complete; no suspect identified,
d4dfdfefa1797f50d8d7db7031bb3a3c0672ffe20da3c8decf37d16270e0221b,2023-12,Leicestershire Police,Leicestershire Police,-1.129626,52.635555,On or near Yeoman Lane,E01034023,Leicester 041F,Violence and sexual offences,Court result unavailable,
42fc6ec54e3e962ab47dd671e270b5969c3e9744268b2b05fb1653943f231847,2023-12,Leicestershire Police,Leicestershire Police,-1.128211,52.636857,On or near St James Street,E01034023,Leicester 041F,Violence and sexual offences,Court result unavailable,
225b144714a86bd44c95d3d5b7a586225f5a2ed6bda4167b2923aeb4960861b8,2023-12,Leicestershire Police,Leicestershire Police,-1.128211,52.636857,On or near St James Street,E01034023,Leicester 041F,Violence and sexual offences,Unable to prosecute suspect,
7b15f802ce86f73e39ccba4727a7c8f143ecc3ebbaefcb6814b4f03fe631ebc9,2023-12,Leicestershire Police,Leicestershire Police,-1.128741,52.635486,On or near Yeoman Street,E01034023,Leicester 041F,Violence and sexual offences,Investigation complete; no suspect identified,
6f1b0a6ffac25e0d5d2451f30ed9cb06ebe44d2f5fe2c838369a55d350f3b2ad,2023-12,Leicestershire Police,Leicestershire Police,-1.128211,52.636857,On or near St James Street,E01034023,Leicester 041F,Violence and sexual offences,Offender given a caution,
c7087fa3d346498215be00da7a6932adc7310524adba0ba5eb0d7e3d83031dd3,2023-12,Leicestershire Police,Leicestershire Police,-1.129626,52.635555,On or near Yeoman Lane,E01034023,Leicester 041F,Violence and sexual offences,Court result unavailable,
d846036dd380b4e35fc01a4a6a3d15771cc1d9a1e43f7590379089cd2631e88e,2023-12,Leicestershire Police,Leicestershire Police,-1.130275,52.637843,On or near Shopping Area,E01034023,Leicester 041F,Violence and sexual offences,Investigation complete; no suspect identified,
0ec7094595a82ba369260ffb3a19a7f1936d1af01f1bea2096b63417b3df6bdf,2023-12,Leicestershire Police,Leicestershire Police,-1.129626,52.635555,On or near Yeoman Lane,E01034023,Leicester 041F,Violence and sexual offences,Unable to prosecute suspect,
3cb63115f6d6250462c044497a1512173be5770860ae2d15c6d63ff89e2376ef,2023-12,Leicestershire Police,Leicestershire Police,-1.129878,52.637031,On or near Clarence Street,E01034023,Leicester 041F,Violence and sexual offences,Investigation complete; no suspect identified,
5e4ee23bf9374da155b0043b0444f924a571b9b165c260cd6fb0b8d8f844f9ce,2023-12,Leicestershire Police,Leicestershire Police,-1.128211,52.636857,On or near St James Street,E01034023,Leicester 041F,Violence and sexual offences,Investigation complete; no suspect identified,
c14cd76944a834e8083ffd328d4c13dfb58dc835cb3dd73721c41f91e765826f,2023-12,Leicestershire Police,Leicestershire Police,-1.129626,52.635555,On or near Yeoman Lane,E01034023,Leicester 041F,Violence and sexual offences,Court result unavailable,
17c35d605dda57348fca565d0ef1b2cfaa6be85278f6cab2b997299679718d0a,2023-12,Leicestershire Police,Leicestershire Police,-1.130275,52.637843,On or near Shopping Area,E01034023,Leicester 041F,Violence and sexual offences,Local resolution,
7f1a18c6764766cc87d78f78392b7119c057fde2feec4fcb4c05ec1a22fd2579,2023-12,Leicestershire Police,Leicestershire Police,-1.129034,52.637115,On or near Supermarket,E01034023,Leicester 041F,Violence and sexual offences,Unable to prosecute suspect,
6f9892f95ceaba7d9280374c638bffa7b7108b1d0f6086da87c704e718ba0889,2023-12,Leicestershire Police,Leicestershire Police,-1.063118,52.657595,On or near Gamekeepers Court,E01032865,Leicester 042A,Burglary,Investigation complete; no suspect identified,
865c3f839898ef7b872f675d3d9426c15b9f2fdfe697392326ad5dbae83fbe7a,2023-12,Leicestershire Police,Leicestershire Police,-1.064193,52.654322,On or near Trefoil Close,E01032865,Leicester 042A,Burglary,Awaiting court outcome,
0c87c042e011460bfaebbdf4b7a27cb9acbaf8ee844da1c262ada6c48a94c2d7,2023-12,Leicestershire Police,Leicestershire Police,-1.063414,52.654810,On or near Foxglove Road,E01032865,Leicester 042A,Violence and sexual offences,Unable to prosecute suspect,
af8cea9e41b6819c6028a6f5f47a3f658d512d8c21f6c5246816b326aab0f8ac,2023-12,Leicestershire Police,Leicestershire Police,-1.063118,52.657595,On or near Gamekeepers Court,E01032865,Leicester 042A,Criminal damage and arson,Investigation complete; no suspect identified,
fc9479d7d6cfdb45b7f7d33604b50ce68ca8049874808f9cc5c66d5aefa49cd8,2023-12,Leicestershire Police,Leicestershire Police,-1.064173,52.655266,On or near Ashtree Road,E01032865,Leicester 042A,Other theft,Investigation complete; no suspect identified,
df38656d41185ca30d99890d31e875e42f50d7e490977a89d644202ce7c0a0d5,2023-12,Leicestershire Police,Leicestershire Police,-1.065618,52.658208,On or near Barleyman Close,E01032865,Leicester 042A,Vehicle crime,Investigation complete; no suspect identified,
bb6bfd45b267d90727daa3c577a3e1cf64bd7fba5c3d8c802c6e1ecdd9c57220,2023-12,Leicestershire Police,Leicestershire Police,-1.064193,52.654322,On or near Trefoil Close,E01032865,Leicester 042A,Violence and sexual offences,Further action is not in the public interest,
ddddf0a13e8c8a575fb6e28f8f059fae319052659cd3fba0b7801eeca3217147,2023-12,Leicestershire Police,Leicestershire Police,-1.062713,52.660648,On or near Shipton Road,E01032862,Leicester 042B,Violence and sexual offences,Unable to prosecute suspect,
2bfc6dae8cece11ca49f62c7f7fc35e19ea71a98d780a4a9c90f6ebbc19b7a60,2023-12,Leicestershire Police,Leicestershire Police,-1.065122,52.659310,On or near Saddler Road,E01032862,Leicester 042B,Violence and sexual offences,Offender given a caution,
508ab8c237b926a9d3c6ef5490b16a14ee4a102c025d59fca2c90e71941f26b2,2023-12,Leicestershire Police,Leicestershire Police,-1.062713,52.660648,On or near Shipton Road,E01032862,Leicester 042B,Violence and sexual offences,Unable to prosecute suspect,
087464baf7a06163d1b131c0aeb4789f0c8b55ebecf0be68700c653e736c1164,2023-12,Leicestershire Police,Leicestershire Police,-1.062286,52.661912,On or near Padside Close,E01032862,Leicester 042B,Burglary,Investigation complete; no suspect identified,
cc08c28992cecdfa16802b5da8751272dffabec8c98781f8409312ec436d6570,2023-12,Leicestershire Police,Leicestershire Police,-1.059739,52.657991,On or near The Maltings,E01032862,Leicester 042B,Other theft,Investigation complete; no suspect identified,
55e061512580a9320ceaf717a19ae418481ddff2ef5944500ccb74dee06776de,2023-12,Leicestershire Police,Leicestershire Police,-1.059262,52.660936,On or near Kepwick Road,E01032862,Leicester 042B,Other theft,Investigation complete; no suspect identified,
519f3388c6e7566c294de6d4e08b6819d97588111f447910fb20d69b97059a90,2023-12,Leicestershire Police,Leicestershire Police,-1.059262,52.660936,On or near Kepwick Road,E01032862,Leicester 042B,Vehicle crime,Investigation complete; no suspect identified,
1a51c940485e598910f4204b52d38fc17fb9c6c3aa6805ea941da05e77009ef8,2023-12,Leicestershire Police,Leicestershire Police,-1.058861,52.661706,On or near Timble Road,E01032862,Leicester 042B,Violence and sexual offences,Investigation complete; no suspect identified,
818e89985b7130de88c8840cc300a106856d55a8cdc878d810d156780b2c08e8,2023-12,Leicestershire Police,Leicestershire Police,-1.065122,52.659310,On or near Saddler Road,E01032862,Leicester 042B,Violence and sexual offences,Unable to prosecute suspect,
fd923ff0cb5944ebbaaa5ce8bbe168c51cc25d1ae11edd24d84ab9858060ef59,2023-12,Leicestershire Police,Leicestershire Police,-1.059585,52.660318,On or near Sockburn Close,E01032862,Leicester 042B,Violence and sexual offences,Unable to prosecute suspect,
865a1d4685c6e3f89573d61a2b61e4f9e7b0ec748f4586c22d49cf3a7155e42b,2023-12,Leicestershire Police,Leicestershire Police,-1.057796,52.661715,On or near Tollerton Close,E01032862,Leicester 042B,Violence and sexual offences,Further action is not in the public interest,
b3e231ff44b539fa463d79c99fd8ebe5a1206967224dc2f14f3db0d0dd862bac,2023-12,Leicestershire Police,Leicestershire Police,-1.068376,52.657825,On or near Trillium Close,E01032863,Leicester 042C,Burglary,Investigation complete; no suspect identified,
f30838aec2701ff869cbdea2d5bea104d14e24a269b13ac2d01a381e6c4f884c,2023-12,Leicestershire Police,Leicestershire Police,-1.068376,52.657825,On or near Trillium Close,E01032863,Leicester 042C,Burglary,Investigation complete; no suspect identified,
be341fbee2f6c30671e40187bcb840cb04d13561a45c753139a6e1dc7c14844a,2023-12,Leicestershire Police,Leicestershire Police,-1.071019,52.658700,On or near Speedwell Drive,E01032863,Leicester 042C,Burglary,Awaiting court outcome,
770c8f1bc9bd1a94dd04ce52882edd1cf66ebf63eb4937f8bbf6b24d643624ae,2023-12,Leicestershire Police,Leicestershire Police,-1.071019,52.658700,On or near Speedwell Drive,E01032863,Leicester 042C,Burglary,Awaiting court outcome,
f1c70e9ce6835a03ab2a75c91276a419bcc423be36fa26f0c90914a412233f82,2023-12,Leicestershire Police,Leicestershire Police,-1.067463,52.659050,On or near Lakeview Chase,E01032863,Leicester 042C,Violence and sexual offences,Further action is not in the public interest,
2de9445e9cca6c71d8101460885cdf0f2d25659b0b408c3c0ea47c89b4ae3f86,2023-12,Leicestershire Police,Leicestershire Police,-1.069811,52.657791,On or near Mallow Close,E01032863,Leicester 042C,Criminal damage and arson,Investigation complete; no suspect identified,
e160878ac6240172a863777048704e517f2bd4cd20a79e341124d19d33342013,2023-12,Leicestershire Police,Leicestershire Police,-1.073353,52.658089,On or near Larkspur Close,E01032863,Leicester 042C,Drugs,Local resolution,
1c12717ff996b0639abbafc03a14ce41bff55db001a4bc11a8ef9956bf58a2f6,2023-12,Leicestershire Police,Leicestershire Police,-1.066660,52.663430,On or near Husthwaite Lane,E01032863,Leicester 042C,Other theft,Unable to prosecute suspect,
e3fd6eed99e8a3dce83c08663926c2448dbe4601b2755d81b2140fa0ab3df559,2023-12,Leicestershire Police,Leicestershire Police,-1.064453,52.662253,On or near Welbury Road,E01032863,Leicester 042C,Other theft,Unable to prosecute suspect,
bd2380cb7be76c5cb306b43fba996a053f4b40b68c3c8b0d158a6fbc9a2030b7,2023-12,Leicestershire Police,Leicestershire Police,-1.068343,52.657312,On or near Cloverdale Road,E01032863,Leicester 042C,Other theft,Unable to prosecute suspect,
80fc7596d4978499f76452a9fb33925a319f13d960b75e0a233babcdd29c9d88,2023-12,Leicestershire Police,Leicestershire Police,-1.069152,52.663063,On or near Ampleforth Lane,E01032863,Leicester 042C,Vehicle crime,Investigation complete; no suspect identified,
7cf56c4cc15fe82e2db05d7dab2c9cabf672dadfeebd076974795fde4c5717e5,2023-12,Leicestershire Police,Leicestershire Police,-1.069152,52.663063,On or near Ampleforth Lane,E01032863,Leicester 042C,Vehicle crime,Investigation complete; no suspect identified,
9188ffd7b1ecdbaafff77b8b3def265a8fd3932c15a18c96af03c85a973ef8af,2023-12,Leicestershire Police,Leicestershire Police,-1.069458,52.662589,On or near Howe Lane,E01032863,Leicester 042C,Violence and sexual offences,Investigation complete; no suspect identified,
039d0cf4f603909a17d3ca00865c732b1c8c89cffade586b70febd882f870ee8,2023-12,Leicestershire Police,Leicestershire Police,-1.069811,52.657791,On or near Mallow Close,E01032863,Leicester 042C,Violence and sexual offences,Investigation complete; no suspect identified,
7b9400d0627f246d049829464e5b1a54526fe1a8ae4c88dd73a205dba9f21f1d,2023-12,Leicestershire Police,Leicestershire Police,-1.069811,52.657791,On or near Mallow Close,E01032863,Leicester 042C,Violence and sexual offences,Action to be taken by another organisation,
a8f542b142c5302aae8e2e7ddf074e9482b34a980c8286d3ca2891a48fc45df0,2023-12,Leicestershire Police,Leicestershire Police,-1.067935,52.663279,On or near Stillington Crescent,E01032863,Leicester 042C,Violence and sexual offences,Unable to prosecute suspect,
298b06063b4cdf92a4d49688ce794cc2fa197b9b3819fbbda9463f08d0b570ea,2023-12,Leicestershire Police,Leicestershire Police,-1.069458,52.662589,On or near Howe Lane,E01032863,Leicester 042C,Violence and sexual offences,Unable to prosecute suspect,
062952d2e1ff7db07f5db3c9b7a8620e55527b79fa33892ccac88f935b859341,2023-12,Leicestershire Police,Leicestershire Police,-1.067693,52.660750,On or near Foxton Road,E01032863,Leicester 042C,Violence and sexual offences,Status update unavailable,
5727d983251ad1e4372eb180067115d2a19eb36164a35b5e46f1912490cd1e2b,2023-12,Leicestershire Police,Leicestershire Police,-1.066910,52.660744,On or near Sharow Road,E01032863,Leicester 042C,Violence and sexual offences,Unable to prosecute suspect,
4ebe1d245ca120781a28de0acb25e28305bb01fc812263ee5d58ef25bde06b3a,2023-12,Leicestershire Police,Leicestershire Police,-1.075067,52.653940,On or near Dilks Road,E01034024,Leicester 043A,Violence and sexual offences,Unable to prosecute suspect,
3879f23bd82268c25c0aecd75d6da0981762def7a0b85ad13a1df7a6f72f9673,2023-12,Leicestershire Police,Leicestershire Police,-1.071055,52.647211,On or near Hotoft Road,E01034024,Leicester 043A,Violence and sexual offences,Court result unavailable,
d731e2ff8a406d2dd5bab4c7c18f01d43dfe86a564f783815dad97a28fe99e7c,2023-12,Leicestershire Police,Leicestershire Police,-1.081145,52.648872,On or near Humberhts Drive,E01034024,Leicester 043A,Violence and sexual offences,Offender given a caution,
1dfc1e387fe3e63e112fac5470cde4751f927237108c4ae848d64c124014fd1c,2023-12,Leicestershire Police,Leicestershire Police,-1.072087,52.648774,On or near Keyham Close,E01034024,Leicester 043A,Other crime,Court result unavailable,
88815a2ed1e38a97ae704f646816905cf5c165853c2c41eeb33a0a4eae109d27,2023-12,Leicestershire Police,Leicestershire Police,-1.090415,52.650229,On or near Grosvenor Gate,E01034024,Leicester 043A,Other crime,Court result unavailable,
1454e16eec1d8785626820843f47e00e820a544b14440afe0ab1f22c5838b92a,2023-12,Leicestershire Police,Leicestershire Police,-1.074520,52.656057,On or near Cawston Close,E01034024,Leicester 043A,Burglary,Investigation complete; no suspect identified,
5298a4794fe4265f8c5f87988fc4db19f2d23d75d1146ab05dc668b7f245db1d,2023-12,Leicestershire Police,Leicestershire Police,-1.073539,52.656265,On or near Bintree Close,E01034024,Leicester 043A,Burglary,Unable to prosecute suspect,
8c20d323a1ad8943d6266d6c0d3f91f618a8411c877aea4bce0b267177ae2b1c,2023-12,Leicestershire Police,Leicestershire Police,-1.090039,52.649084,On or near Littlebury Place,E01034024,Leicester 043A,Criminal damage and arson,Unable to prosecute suspect,
e9abf69f56a2791ff4f097b7d5f559fac34b13f430cb191ddada6b39181229c4,2023-12,Leicestershire Police,Leicestershire Police,-1.072087,52.648774,On or near Keyham Close,E01034024,Leicester 043A,Criminal damage and arson,Unable to prosecute suspect,
20390faaf0b36e54321a1aab06f9b851dda162ff6945e67d01e483cadad815f0,2023-12,Leicestershire Police,Leicestershire Police,-1.090039,52.649084,On or near Littlebury Place,E01034024,Leicester 043A,Criminal damage and arson,Unable to prosecute suspect,
db75fdf0656ac36c8328f7d04bac91924b1d77879755488ab43885abd8932805,2023-12,Leicestershire Police,Leicestershire Police,-1.072087,52.648774,On or near Keyham Close,E01034024,Leicester 043A,Criminal damage and arson,Formal action is not in the public interest,
f624b0eb9d362afed4952ef9f8558f1242bb958fd0f450bf9fc9e0d1c8cc1342,2023-12,Leicestershire Police,Leicestershire Police,-1.072087,52.648774,On or near Keyham Close,E01034024,Leicester 043A,Criminal damage and arson,Court result unavailable,
d14877c98d356d306ad8edb08c27ace4d601a1d379442c28071dc66d9a08f017,2023-12,Leicestershire Police,Leicestershire Police,-1.072087,52.648774,On or near Keyham Close,E01034024,Leicester 043A,Criminal damage and arson,Local resolution,
e6eed17cb19004b9b978e3ad286d66784193ca43db03c549cfdf3b8c3a28124c,2023-12,Leicestershire Police,Leicestershire Police,-1.072087,52.648774,On or near Keyham Close,E01034024,Leicester 043A,Drugs,Status update unavailable,
3d39099a4e48ba69598e74edd4c1d14cb163cfb7eb22af418acd59dd448e4201,2023-12,Leicestershire Police,Leicestershire Police,-1.072087,52.648774,On or near Keyham Close,E01034024,Leicester 043A,Drugs,Further investigation is not in the public interest,
af0a501079d428b0a644db66e3f48413c23eb9b53607663d715c8c7c2f19c349,2023-12,Leicestershire Police,Leicestershire Police,-1.072087,52.648774,On or near Keyham Close,E01034024,Leicester 043A,Drugs,Local resolution,
ce315799b19b3826489dcf8a6bdce67df5722d982c72becdb828a682accad6e5,2023-12,Leicestershire Police,Leicestershire Police,-1.072087,52.648774,On or near Keyham Close,E01034024,Leicester 043A,Drugs,Local resolution,
6288dbe564924ad3f1b93e4428935f338954b745f3fc124eb35b730e75e9f1e7,2023-12,Leicestershire Police,Leicestershire Police,-1.090419,52.648602,On or near Wickford Close,E01034024,Leicester 043A,Other theft,Investigation complete; no suspect identified,
6b5202760010baaadb490e103bafc54622b30c9913accbbf8648a7632d7d95ab,2023-12,Leicestershire Police,Leicestershire Police,-1.072087,52.648774,On or near Keyham Close,E01034024,Leicester 043A,Possession of weapons,Court result unavailable,
4f663ff8555b6e2793e622c78024c96519cc254e32294297a59670cc83381362,2023-12,Leicestershire Police,Leicestershire Police,-1.090419,52.648602,On or near Wickford Close,E01034024,Leicester 043A,Public order,Unable to prosecute suspect,
7f2c5af7754e9e58636aea60158f550e7a195fa6cc3fd1a31d6f1ddb1313a158,2023-12,Leicestershire Police,Leicestershire Police,-1.090415,52.650229,On or near Grosvenor Gate,E01034024,Leicester 043A,Public order,Unable to prosecute suspect,
de8413b8483953a0d5784f5425b9800f122c59fdfdbf8ca1c0decffb4e46db70,2023-12,Leicestershire Police,Leicestershire Police,-1.072087,52.648774,On or near Keyham Close,E01034024,Leicester 043A,Vehicle crime,Investigation complete; no suspect identified,
ad55c96e1f4adc707f303f2acc88ba425293550e8a4dc04db5165000a8de00c7,2023-12,Leicestershire Police,Leicestershire Police,-1.091484,52.650678,On or near Benjamin Court,E01034024,Leicester 043A,Violence and sexual offences,Investigation complete; no suspect identified,
a0599dbcf91f1a9346bae13dffcaf808b16f181f1fe044d9bafc7763daf83d03,2023-12,Leicestershire Police,Leicestershire Police,-1.090419,52.648602,On or near Wickford Close,E01034024,Leicester 043A,Violence and sexual offences,Further investigation is not in the public interest,
b34c638595dd257dd9e1f10d428164d5eb12e1b412ee7e41aa6ab84d145b7d76,2023-12,Leicestershire Police,Leicestershire Police,-1.073539,52.656265,On or near Bintree Close,E01034024,Leicester 043A,Violence and sexual offences,Unable to prosecute suspect,
0b7a2066bc11c6ec747d9c35f4bc6009758754189ba69654ec74a2c5cd0943d1,2023-12,Leicestershire Police,Leicestershire Police,-1.091469,52.652059,On or near Sports/Recreation Area,E01034024,Leicester 043A,Violence and sexual offences,Unable to prosecute suspect,
e49d5bc5a563a7734ba3f6b81bea3f09e1ad6c817f4979f7361af4343f3c9d9b,2023-12,Leicestershire Police,Leicestershire Police,-1.075067,52.653940,On or near Dilks Road,E01034024,Leicester 043A,Violence and sexual offences,Unable to prosecute suspect,
f4371a14c6cc0ef0ad6aed90f0e9d74d6c23f2eca42f60f3dc835664ee2363ea,2023-12,Leicestershire Police,Leicestershire Police,-1.072087,52.648774,On or near Keyham Close,E01034024,Leicester 043A,Violence and sexual offences,Court result unavailable,
b0c9c494c898f1e0c5a0a698e942305c23e06a712247f0e56fa8dc233c9d40e8,2023-12,Leicestershire Police,Leicestershire Police,-1.075067,52.653940,On or near Dilks Road,E01034024,Leicester 043A,Violence and sexual offences,Unable to prosecute suspect,
a6e349e834448031fca9b9aa9f9f3870e5ab44786fe74d01c30e462218fc50c3,2023-12,Leicestershire Police,Leicestershire Police,-1.090419,52.648602,On or near Wickford Close,E01034024,Leicester 043A,Violence and sexual offences,Investigation complete; no suspect identified,
8e34482d1ea453a57293b236e153adba32f7f4de1957709441869089dd8ae345,2023-12,Leicestershire Police,Leicestershire Police,-1.090415,52.650229,On or near Grosvenor Gate,E01034024,Leicester 043A,Violence and sexual offences,Unable to prosecute suspect,
01ff539ab88fc09a52aba47af3f05a4f859acda0484c404330115e3846adec21,2023-12,Leicestershire Police,Leicestershire Police,-1.090419,52.648602,On or near Wickford Close,E01034024,Leicester 043A,Violence and sexual offences,Investigation complete; no suspect identified,
1c559a5990b30d2e14180a420af0704b51c25975a1b7713165b407cc5001fec8,2023-12,Leicestershire Police,Leicestershire Police,-1.087161,52.649593,On or near Gainsford Road,E01034024,Leicester 043A,Violence and sexual offences,Unable to prosecute suspect,
c37a2c917dce0f227d7e7cc941e6eff92cf2ac501da64ede5520b82d4b811c57,2023-12,Leicestershire Police,Leicestershire Police,-1.090415,52.650229,On or near Grosvenor Gate,E01034024,Leicester 043A,Violence and sexual offences,Unable to prosecute suspect,
b2dcd396fab2873a3fba45c3bff1d7f3b1ed6d237b784e46954e112ee8d8f932,2023-12,Leicestershire Police,Leicestershire Police,-1.081145,52.648872,On or near Humberhts Drive,E01034024,Leicester 043A,Violence and sexual offences,Unable to prosecute suspect,
0a6493fceadd6d4e285cd8032632c14e4e6e0b65e0bfe97382af0d59b548ce89,2023-12,Leicestershire Police,Leicestershire Police,-1.075067,52.653940,On or near Dilks Road,E01034024,Leicester 043A,Violence and sexual offences,Investigation complete; no suspect identified,
9984e072429629b429444ac513657a774c26dbede330d624f7b2ced41ec1aaf6,2023-12,Leicestershire Police,Leicestershire Police,-1.087192,52.645961,On or near Danbury Place,E01034025,Leicester 043B,Burglary,Court result unavailable,
4bdef4bce999d458b0c5b88534439ab8e258dbcd238a4f3c61c78cfdc4d38cae,2023-12,Leicestershire Police,Leicestershire Police,-1.075818,52.647059,On or near Main Street,E01034025,Leicester 043B,Criminal damage and arson,Investigation complete; no suspect identified,
fc48c7a155c8e8f3a06fb681e7c776a95f57e7575f159c840522b46173554094,2023-12,Leicestershire Police,Leicestershire Police,-1.075818,52.647059,On or near Main Street,E01034025,Leicester 043B,Criminal damage and arson,Investigation complete; no suspect identified,
75b0380be909812a816b635137b5e4bf57eab8cc8df2945323d2cbf697a159f6,2023-12,Leicestershire Police,Leicestershire Police,-1.075818,52.647059,On or near Main Street,E01034025,Leicester 043B,Criminal damage and arson,Investigation complete; no suspect identified,
f5cb430e64a023048bba552469b94401927cf507cf5e0c3ca72adc8bcd120cdc,2023-12,Leicestershire Police,Leicestershire Police,-1.089807,52.646763,On or near Shalford Road,E01034025,Leicester 043B,Other theft,Action to be taken by another organisation,
50b2d58e2428b30fb4346830764e3dc7bef049f78d4d47dd6687e4a9dacb22c9,2023-12,Leicestershire Police,Leicestershire Police,-1.089807,52.646763,On or near Shalford Road,E01034025,Leicester 043B,Other theft,Investigation complete; no suspect identified,
4271b5105cc62f9e29c9f5e82d043ac48d0be1962368f8d4acff6e0f9b948811,2023-12,Leicestershire Police,Leicestershire Police,-1.083780,52.644460,On or near West Drive,E01013699,Leicester 043C,Violence and sexual offences,Unable to prosecute suspect,
,2023-12,Leicestershire Police,Leicestershire Police,-1.080977,52.644223,On or near Pine Tree Avenue,E01013699,Leicester 043C,Anti-social behaviour,,
34c85817b2a8d5b059ceed99014cafeb654a2ab2d3bcbb792a6980dfe05c13d8,2023-12,Leicestershire Police,Leicestershire Police,-1.076180,52.643889,On or near Vicarage Gardens,E01013699,Leicester 043C,Other theft,Unable to prosecute suspect,
4dfdc28d21c7b9394c2e4c0fb2c896c2bc7d0fa2093977b5cce91f936bad2d2e,2023-12,Leicestershire Police,Leicestershire Police,-1.074517,52.649198,On or near Lower Keyham Lane,E01013699,Leicester 043C,Public order,Further action is not in the public interest,
ecd9753b8435c9c68119c369b4b725b53ece98a441a54d434b86365bee147a1e,2023-12,Leicestershire Police,Leicestershire Police,-1.076368,52.648295,On or near Hanover Close,E01013699,Leicester 043C,Vehicle crime,Investigation complete; no suspect identified,
e457fbef458b2aa22d1d8d62f8711023de62d1cdaf815eb2984859653d10b1a2,2023-12,Leicestershire Police,Leicestershire Police,-1.076180,52.643889,On or near Vicarage Gardens,E01013699,Leicester 043C,Vehicle crime,Investigation complete; no suspect identified,
1f123fd47211c2b800381e6097fb6f363bb4d6d85b208cad074b80405e8dc9e4,2023-12,Leicestershire Police,Leicestershire Police,-1.072905,52.646425,On or near Abbot'S Road North,E01013699,Leicester 043C,Violence and sexual offences,Unable to prosecute suspect,
b8091978e51e0fd0a39b2bbf474d3eea02e721dbe8a6b3202e05267a3aee43f3,2023-12,Leicestershire Police,Leicestershire Police,-1.086604,52.643718,On or near Turner Road,E01013699,Leicester 043C,Violence and sexual offences,Unable to prosecute suspect,
12124a7781931474b5a1cf48e0e5b8006d3fbac2bd7962ff76577cae01926941,2023-12,Leicestershire Police,Leicestershire Police,-1.080445,52.643517,On or near Monterey Court,E01013699,Leicester 043C,Violence and sexual offences,Unable to prosecute suspect,
da850354afccda8459d4a54a6b4456c5afed76e96c1c6fd0f3eeaf9135b7c091,2023-12,Leicestershire Police,Leicestershire Police,-1.070187,52.652616,On or near Supermarket,E01013696,Leicester 043D,Shoplifting,Offender given a caution,
,2023-12,Leicestershire Police,Leicestershire Police,-1.068362,52.647361,On or near Moat Court,E01013696,Leicester 043D,Anti-social behaviour,,
,2023-12,Leicestershire Police,Leicestershire Police,-1.070187,52.652616,On or near Supermarket,E01013696,Leicester 043D,Anti-social behaviour,,
,2023-12,Leicestershire Police,Leicestershire Police,-1.067937,52.654837,On or near Guestwick Green,E01013696,Leicester 043D,Anti-social behaviour,,
,2023-12,Leicestershire Police,Leicestershire Police,-1.070187,52.652616,On or near Supermarket,E01013696,Leicester 043D,Anti-social behaviour,,
,2023-12,Leicestershire Police,Leicestershire Police,-1.070187,52.652616,On or near Supermarket,E01013696,Leicester 043D,Anti-social behaviour,,
,2023-12,Leicestershire Police,Leicestershire Police,-1.068362,52.647361,On or near Moat Court,E01013696,Leicester 043D,Anti-social behaviour,,
,2023-12,Leicestershire Police,Leicestershire Police,-1.068362,52.647361,On or near Moat Court,E01013696,Leicester 043D,Anti-social behaviour,,
ba5f973312bb601938572e94c6c064fd6075ea9934a374dd003b07dac83a05a1,2023-12,Leicestershire Police,Leicestershire Police,-1.070239,52.648760,On or near Humber Close,E01013696,Leicester 043D,Bicycle theft,Investigation complete; no suspect identified,
5fd35f5a4e5e395b670ad686b5d68858b9847e80170a988bda159ec9fa82781e,2023-12,Leicestershire Police,Leicestershire Police,-1.066483,52.648847,On or near Lilac Avenue,E01013696,Leicester 043D,Burglary,Investigation complete; no suspect identified,
03d049feb780529207dda88d258107d3611860fdb820b7d3243b0aa1fde02076,2023-12,Leicestershire Police,Leicestershire Police,-1.068362,52.647361,On or near Moat Court,E01013696,Leicester 043D,Burglary,Investigation complete; no suspect identified,
bbc645f9aa0a2efa8845cd52730534619a88eab6b3036e09d2ddae66c099f6c7,2023-12,Leicestershire Police,Leicestershire Police,-1.070877,52.647974,On or near Steins Lane,E01013696,Leicester 043D,Criminal damage and arson,Local resolution,
1c198af70c86204f2cfa3f0ccd242ffbba6641822a26da41b9b2ff2578d46f66,2023-12,Leicestershire Police,Leicestershire Police,-1.066483,52.648847,On or near Lilac Avenue,E01013696,Leicester 043D,Criminal damage and arson,Investigation complete; no suspect identified,
88d67d02ede46115354238bf699a17eec157dc46bfb924c573e64e22a46e86fa,2023-12,Leicestershire Police,Leicestershire Police,-1.070187,52.652616,On or near Supermarket,E01013696,Leicester 043D,Criminal damage and arson,Investigation complete; no suspect identified,
d81daeffb5ac02701bb1056ca336a814d7e1bafa2c55ee7802d99581d0047e46,2023-12,Leicestershire Police,Leicestershire Police,-1.070239,52.648760,On or near Humber Close,E01013696,Leicester 043D,Criminal damage and arson,Investigation complete; no suspect identified,
aee4835dd798e23dda97995c40b6dd148793b0f319e04602de2a2af62ae560f9,2023-12,Leicestershire Police,Leicestershire Police,-1.070187,52.652616,On or near Supermarket,E01013696,Leicester 043D,Criminal damage and arson,Investigation complete; no suspect identified,
51f017960994efabd25207566729a6d1c59f8f93e9bca5e9d740f301c739688e,2023-12,Leicestershire Police,Leicestershire Police,-1.068362,52.647361,On or near Moat Court,E01013696,Leicester 043D,Criminal damage and arson,Investigation complete; no suspect identified,
bfc7b3b8de95391c4bcca31820783f997483fc6607059368d27f501ba72ff295,2023-12,Leicestershire Police,Leicestershire Police,-1.070187,52.652616,On or near Supermarket,E01013696,Leicester 043D,Drugs,Unable to prosecute suspect,
85faf8739f779af696187285bcf4eeba998a0a73e27d66632a43766d7cb1ede9,2023-12,Leicestershire Police,Leicestershire Police,-1.064963,52.652863,On or near Burnet Close,E01013696,Leicester 043D,Other theft,Investigation complete; no suspect identified,
12aa7a3199b933787858989fc79d2a80fd86c0cd6c7e2d7a2df5c23c661428f7,2023-12,Leicestershire Police,Leicestershire Police,-1.070187,52.652616,On or near Supermarket,E01013696,Leicester 043D,Shoplifting,Investigation complete; no suspect identified,
648dbe3bf74422b285f91617be7557eb7e7a11127dc28ea6d12c3cee62715643,2023-12,Leicestershire Police,Leicestershire Police,-1.070187,52.652616,On or near Supermarket,E01013696,Leicester 043D,Shoplifting,Court result unavailable,
2bf7f99cb236c257c1542fdaadf2e120863f977690418611eccde50471ca290d,2023-12,Leicestershire Police,Leicestershire Police,-1.070187,52.652616,On or near Supermarket,E01013696,Leicester 043D,Shoplifting,Unable to prosecute suspect,
4ea639c0842681ac32a03ffcc42b6df3a7c5799491d8f99530147c6bfcd1320b,2023-12,Leicestershire Police,Leicestershire Police,-1.070187,52.652616,On or near Supermarket,E01013696,Leicester 043D,Shoplifting,Investigation complete; no suspect identified,
ad220e67e9f1ad2fa8ea87e602d51cfb541884373dcfd3ff6a84c50651f71c43,2023-12,Leicestershire Police,Leicestershire Police,-1.070187,52.652616,On or near Supermarket,E01013696,Leicester 043D,Shoplifting,Investigation complete; no suspect identified,
0440fe969f2b71c34c4cbecd775e286b3570e137cd3c49b52d7431460bc49e9f,2023-12,Leicestershire Police,Leicestershire Police,-1.070187,52.652616,On or near Supermarket,E01013696,Leicester 043D,Shoplifting,Investigation complete; no suspect identified,
101ff2fc7b022b300888f4a8a91c4de2ddde549a6ade99a444ecdf121ace8a0c,2023-12,Leicestershire Police,Leicestershire Police,-1.070187,52.652616,On or near Supermarket,E01013696,Leicester 043D,Shoplifting,Investigation complete; no suspect identified,
9c91a07803a5dc9e48a6549ac216d15a6eb60183ff26da6ede752e3870506670,2023-12,Leicestershire Police,Leicestershire Police,-1.070187,52.652616,On or near Supermarket,E01013696,Leicester 043D,Theft from the person,Investigation complete; no suspect identified,
2c6cc05b34b622eed6bb3f765f69ee1e87001f5228b26bc05eb5f55f7166456e,2023-12,Leicestershire Police,Leicestershire Police,-1.076117,52.657400,On or near Jasmine Close,E01013696,Leicester 043D,Vehicle crime,Investigation complete; no suspect identified,
1b8237444c6b017439b0ef50e054c21f89023e83ce579df492f62243072fa8c0,2023-12,Leicestershire Police,Leicestershire Police,-1.069341,52.654857,On or near Kestrel Lane,E01013696,Leicester 043D,Vehicle crime,Investigation complete; no suspect identified,
dd474a0a43f3032ec02d650274ecf8b1892e61315837f39233c0167b376ac1e4,2023-12,Leicestershire Police,Leicestershire Police,-1.068362,52.647361,On or near Moat Court,E01013696,Leicester 043D,Violence and sexual offences,Investigation complete; no suspect identified,
b7a682ab25642908c9c627ec9329b6991eac939738e5e1d807f80b41eb28c77e,2023-12,Leicestershire Police,Leicestershire Police,-1.070607,52.654399,On or near Mundesley Road,E01013696,Leicester 043D,Violence and sexual offences,Unable to prosecute suspect,
467e8fd7bac955c2e90a20e9951f1cb2402393bf3adc26154d4e36c7b59acd8b,2023-12,Leicestershire Police,Leicestershire Police,-1.070187,52.652616,On or near Supermarket,E01013696,Leicester 043D,Violence and sexual offences,Investigation complete; no suspect identified,
4f791bcf0143fd4fed84b290d0d616016ee5e8cf45e285e386f2fcea0b649525,2023-12,Leicestershire Police,Leicestershire Police,-1.070877,52.647974,On or near Steins Lane,E01013696,Leicester 043D,Violence and sexual offences,Unable to prosecute suspect,
39a9a76b2150f150c1468ea7f15ded69f4494a8cba7b733b4441a430805abfac,2023-12,Leicestershire Police,Leicestershire Police,-1.066483,52.648847,On or near Lilac Avenue,E01013696,Leicester 043D,Violence and sexual offences,Formal action is not in the public interest,
0e487dcb29d0a680d6690d02a8e8bf5f44970342a132a6e9fa5416fd098955e4,2023-12,Leicestershire Police,Leicestershire Police,-1.070877,52.647974,On or near Steins Lane,E01013696,Leicester 043D,Violence and sexual offences,Local resolution,
dde66970329d53f3fe7c9e4a3e7cd169a99c1cf6516f4063c4f3867b3b3774ba,2023-12,Leicestershire Police,Leicestershire Police,-1.070187,52.652616,On or near Supermarket,E01013696,Leicester 043D,Violence and sexual offences,Investigation complete; no suspect identified,
e8b4b16c04340bf92ae678c38805da2bb33d685d453fb19d239ad21db2467e55,2023-12,Leicestershire Police,Leicestershire Police,-1.067937,52.654837,On or near Guestwick Green,E01013696,Leicester 043D,Violence and sexual offences,Investigation complete; no suspect identified,
9f4cfc3e8528af85a2cc48f9d4bacd2ad651153f8bd0ddc177b7e3361d7c02b8,2023-12,Leicestershire Police,Leicestershire Police,-1.072913,52.655838,On or near Overstrand Road,E01013696,Leicester 043D,Other crime,Investigation complete; no suspect identified,
34dd50babfb4d91ec023a426772072e846c1050f4be830296dab312e148bb524,2023-12,Leicestershire Police,Leicestershire Police,-1.070607,52.654399,On or near Mundesley Road,E01013696,Leicester 043D,Other crime,Unable to prosecute suspect,
1950e772de84b00370d3aa12fb82f6fa70739a14b691dac4104661f20337a07f,2023-12,Leicestershire Police,Leicestershire Police,-0.785359,52.940498,On or near Castle Close,E01025885,Melton 001A,Violence and sexual offences,Unable to prosecute suspect,
b4da9bd0d840107a13ab6c05f782b26b421adda69b3829fae5edb588b22b0508,2023-12,Leicestershire Police,Leicestershire Police,-0.806244,52.936448,On or near Vine Close,E01025885,Melton 001A,Violence and sexual offences,Unable to prosecute suspect,
a02334bf6b92794ffe6057ce1996daef8acbd7e7d5a7ebf1a357d572d7cf49ed,2023-12,Leicestershire Police,Leicestershire Police,-0.798449,52.945521,On or near Beacon View,E01025885,Melton 001A,Burglary,Investigation complete; no suspect identified,
ea8943bff290aebb464ca1355e679dca43700de3912eceef10502459239676ca,2023-12,Leicestershire Police,Leicestershire Police,-0.785359,52.940498,On or near Castle Close,E01025885,Melton 001A,Violence and sexual offences,Action to be taken by another organisation,
01d51cf23474ba6d91d6d978badd064d5665d0fce8a6c89214651d7da7b29078,2023-12,Leicestershire Police,Leicestershire Police,-0.769092,52.933768,On or near Main Street,E01025885,Melton 001A,Violence and sexual offences,Further action is not in the public interest,
de9ad7a4f5dff08d3691241ccf4310752fe4f4139215e638c1079bf7fc9e6f0b,2023-12,Leicestershire Police,Leicestershire Police,-0.791975,52.942858,On or near Fleming Avenue,E01025885,Melton 001A,Other crime,Investigation complete; no suspect identified,
d0ae8f1ab717fd039684aba128c84bacba1c77cc18f3298bac5eb9312e1026ef,2023-12,Leicestershire Police,Leicestershire Police,-0.803300,52.942855,On or near Chapel Street,E01025886,Melton 001B,Burglary,Unable to prosecute suspect,
549689927a55a0cf34b8dda332c33d45731a7bb100a7555440bb8e25159b3acf,2023-12,Leicestershire Police,Leicestershire Police,-0.811398,52.943854,On or near Cox Drive,E01025886,Melton 001B,Burglary,Investigation complete; no suspect identified,
a39722631e26ea2bba6b110b4e581786cbebcfb44ab53482c316b708b0c18450,2023-12,Leicestershire Police,Leicestershire Police,-0.798984,52.942326,On or near Wyggeston Road,E01025886,Melton 001B,Burglary,Investigation complete; no suspect identified,
7588a3877e2b2733d61ca3f69004dfafc2e2251cd89b46748e63658dd7a2772a,2023-12,Leicestershire Police,Leicestershire Police,-0.813437,52.943299,On or near Longhedge Lane,E01025886,Melton 001B,Criminal damage and arson,Unable to prosecute suspect,
d2f96e817777904703d598874b690cde9105521fb2f7faddf10ceebb7645c5d3,2023-12,Leicestershire Police,Leicestershire Police,-0.804302,52.939431,On or near North Crescent,E01025886,Melton 001B,Violence and sexual offences,Unable to prosecute suspect,
,2023-12,Leicestershire Police,Leicestershire Police,-0.786704,52.894412,On or near Parking Area,E01025887,Melton 001C,Anti-social behaviour,,
c74dd696f71a83a648f5869133aeee4b5bf9e35554a08912d07bf91000325848,2023-12,Leicestershire Police,Leicestershire Police,-0.774755,52.871221,On or near The Old Hill,E01025887,Melton 001C,Burglary,Unable to prosecute suspect,
e7483937a7072d58794e7dcc9fc1571524bcf34b36c77862e41e6f20633b7b77,2023-12,Leicestershire Police,Leicestershire Police,-0.760878,52.853007,On or near Main Street,E01025887,Melton 001C,Other theft,Investigation complete; no suspect identified,
c74495280f7787bdc0dbd70025fdf4698961f5a4ed50de48ac8150952e58b798,2023-12,Leicestershire Police,Leicestershire Police,-0.886094,52.872974,On or near Pinfold Lane,E01025890,Melton 001D,Violence and sexual offences,Unable to prosecute suspect,
de45d48ef48fe22f4e669b01412cadfc80308219df8c2879e091029704234829,2023-12,Leicestershire Police,Leicestershire Police,-0.906028,52.858380,On or near Chapel Lane,E01025890,Melton 001D,Burglary,Investigation complete; no suspect identified,
d17d965a2dca2e0b04322b8d0e0ff0144f7ee4aceaa14306f3a4abc58a3e7929,2023-12,Leicestershire Police,Leicestershire Police,-0.906158,52.856781,On or near Dairy Lane,E01025890,Melton 001D,Public order,Unable to prosecute suspect,
0b7236fbfb3b35a88dd0f9b315e54047e5c3d14f5a7889c5f56851e348ee67f7,2023-12,Leicestershire Police,Leicestershire Police,-0.934639,52.833909,On or near Melton Road,E01025890,Melton 001D,Violence and sexual offences,Investigation complete; no suspect identified,
c4b12048366ceb5fb8e41cdc9a85126d1e300a92a239e087737519caa0c21ebc,2023-12,Leicestershire Police,Leicestershire Police,-0.895978,52.875143,On or near Langar Lane,E01025890,Melton 001D,Violence and sexual offences,Unable to prosecute suspect,
df3e8b21c466fcdabe98ec3df41e9b27aab66699f6b4591ced379783cf754a4c,2023-12,Leicestershire Police,Leicestershire Police,-0.894808,52.873819,On or near Parking Area,E01025891,Melton 001E,Other theft,Investigation complete; no suspect identified,
8592de6005b31e58030f3fbac7cb9d8f7cc263e3585b82a03848c266c35c8b1a,2023-12,Leicestershire Police,Leicestershire Police,-0.907785,52.857020,On or near Middle Street,E01025891,Melton 001E,Violence and sexual offences,Investigation complete; no suspect identified,
38dcd73f72913cb081a5b1b37e5e070f6ee5eb4b159bcfb71835d26c0d023089,2023-12,Leicestershire Police,Leicestershire Police,-0.855065,52.872652,On or near Petrol Station,E01025892,Melton 001F,Violence and sexual offences,Unable to prosecute suspect,
c15896404e6137400bdde7cb29326c3da368b4d8e8a19450bdf582175e70084a,2023-12,Leicestershire Police,Leicestershire Police,-0.839916,52.905282,On or near Rutland Square,E01025892,Melton 001F,Violence and sexual offences,Unable to prosecute suspect,
,2023-12,Leicestershire Police,Leicestershire Police,-0.814695,52.911406,On or near Baker'S Lane,E01025892,Melton 001F,Anti-social behaviour,,
,2023-12,Leicestershire Police,Leicestershire Police,-0.816060,52.910989,On or near Main Street,E01025892,Melton 001F,Anti-social behaviour,,
,2023-12,Leicestershire Police,Leicestershire Police,-0.816060,52.910989,On or near Main Street,E01025892,Melton 001F,Anti-social behaviour,,
,2023-12,Leicestershire Police,Leicestershire Police,-0.816060,52.910989,On or near Main Street,E01025892,Melton 001F,Anti-social behaviour,,
e73817b140a9c64292da78dce9cd5faabdb86796545935882cf9403f1da50e94,2023-12,Leicestershire Police,Leicestershire Police,-0.861733,52.894894,On or near Harby Lane,E01025892,Melton 001F,Burglary,Investigation complete; no suspect identified,
dbe654af4312a584c3a2b60c0a7b5ddcf30a1afd072527c508bbdd000700cb71,2023-12,Leicestershire Police,Leicestershire Police,-0.813811,52.911101,On or near Post Office Lane,E01025892,Melton 001F,Criminal damage and arson,Local resolution,
a655eaecda0613fe54e631e8ebcf428e8b0744a3493a2a16c8ce63cb0a71366a,2023-12,Leicestershire Police,Leicestershire Police,-0.816060,52.910989,On or near Main Street,E01025892,Melton 001F,Criminal damage and arson,Formal action is not in the public interest,
6c42c8c0726bc3bc5766b96258d4a0a428ede3e9a12de09a37120559ce85afe3,2023-12,Leicestershire Police,Leicestershire Police,-0.860403,52.897973,On or near Post Office Lane,E01025892,Melton 001F,Criminal damage and arson,Unable to prosecute suspect,
a55eba958f478921b4afebed1c47bf409fd5788250481a472bb92c3c0163ab47,2023-12,Leicestershire Police,Leicestershire Police,-0.814098,52.912021,On or near Drift Hill,E01025892,Melton 001F,Criminal damage and arson,Investigation complete; no suspect identified,
084d63adfeb58095884a940dea12cf0a548c5840e596b1b842b8e6473e0a0e03,2023-12,Leicestershire Police,Leicestershire Police,-0.816060,52.910989,On or near Main Street,E01025892,Melton 001F,Criminal damage and arson,Investigation complete; no suspect identified,
27ad5a859ef739cf2044c22af5e9cf0b7e5fd311df930b582c7fb2d9c9301f38,2023-12,Leicestershire Police,Leicestershire Police,-0.814695,52.911406,On or near Baker'S Lane,E01025892,Melton 001F,Criminal damage and arson,Unable to prosecute suspect,
da06ecfb03b81cacd457439530eb1a91b5f62c41772406f3378d1e44f3d72e40,2023-12,Leicestershire Police,Leicestershire Police,-0.813811,52.911101,On or near Post Office Lane,E01025892,Melton 001F,Criminal damage and arson,Local resolution,
705e38d10c30d76d91925e5c41d038a957ff3e16a31b8692b6f79c26d7975f7e,2023-12,Leicestershire Police,Leicestershire Police,-0.814098,52.912021,On or near Drift Hill,E01025892,Melton 001F,Criminal damage and arson,Investigation complete; no suspect identified,
24e1a1683ac104e6a8da129642c87d6ee5989aaba6219f0015d95cb774bc8ad0,2023-12,Leicestershire Police,Leicestershire Police,-0.814695,52.911406,On or near Baker'S Lane,E01025892,Melton 001F,Public order,Investigation complete; no suspect identified,
5a4e84d5924a07b7bdf216d8c631f74151e83f8fe714f7c863ea3f1ba6630d34,2023-12,Leicestershire Police,Leicestershire Police,-0.814695,52.911406,On or near Baker'S Lane,E01025892,Melton 001F,Violence and sexual offences,Formal action is not in the public interest,
b23afa84307e15eb44ef1fd68550fcf13f2cdfa200b8ab090404c0b1809edcd1,2023-12,Leicestershire Police,Leicestershire Police,-0.816060,52.910989,On or near Main Street,E01025892,Melton 001F,Violence and sexual offences,Formal action is not in the public interest,
4963e320b68bb74a5cbcd48ced8d92d3eac03e3e36380d266f0e662e6b5132ff,2023-12,Leicestershire Police,Leicestershire Police,-0.814695,52.911406,On or near Baker'S Lane,E01025892,Melton 001F,Violence and sexual offences,Unable to prosecute suspect,
d2a3742e12db5385717311ef9a12e5f78c5602050e6bcc86fc0fa9b9d4d2c8b4,2023-12,Leicestershire Police,Leicestershire Police,-0.852959,52.872487,On or near Birds Lane,E01025892,Melton 001F,Violence and sexual offences,Unable to prosecute suspect,
dcf187a6087dd5d7db8ff43d8d42bd0313b94978260e527cc5d08fec4d41557f,2023-12,Leicestershire Police,Leicestershire Police,-0.814695,52.911406,On or near Baker'S Lane,E01025892,Melton 001F,Violence and sexual offences,Formal action is not in the public interest,
450a2dbc5d53820f31e2b836112470d847487208d31dffe9ecd723b08cb02d4d,2023-12,Leicestershire Police,Leicestershire Police,-0.841668,52.904274,On or near The Old Lane,E01025892,Melton 001F,Violence and sexual offences,Unable to prosecute suspect,
9b347f5cfcbec8f539e9947ea4ae9fed7cfc1f601eb14597b11f50f35b93c7bc,2023-12,Leicestershire Police,Leicestershire Police,-0.860403,52.897973,On or near Post Office Lane,E01025892,Melton 001F,Violence and sexual offences,Unable to prosecute suspect,
fd91140178d1e547fa885b34e3394bbc93aab7c47775a28c182b5979ac3881cd,2023-12,Leicestershire Police,Leicestershire Police,-0.812015,52.912054,On or near Easthorpe Lane,E01025892,Melton 001F,Other crime,Further action is not in the public interest,
8e8f05d61edbe1a30c443ed7f020bc62a1ecdc4206d67bf0c47870f96d722bba,2023-12,Leicestershire Police,Leicestershire Police,-0.855065,52.872652,On or near Petrol Station,E01025892,Melton 001F,Other crime,Unable to prosecute suspect,
a4cd073ac2c151b915641a8b39f6644444756363bfd970109166325de3b75cd6,2023-12,Leicestershire Police,Leicestershire Police,-0.887152,52.767092,On or near Soho Street,E01025901,Melton 002A,Violence and sexual offences,Court result unavailable,
3edda75056554cb6d320d5eb4cf2f3bd3b7cc61ed3f86e0a7ee161d7183f5515,2023-12,Leicestershire Police,Leicestershire Police,-0.887152,52.767092,On or near Soho Street,E01025901,Melton 002A,Violence and sexual offences,Court result unavailable,
,2023-12,Leicestershire Police,Leicestershire Police,-0.886796,52.770594,On or near Northfield Close,E01025901,Melton 002A,Anti-social behaviour,,
5595f9b402d353d79a303889642a727a6e603e3e0e08a20155d88c725f4e79c2,2023-12,Leicestershire Police,Leicestershire Police,-0.887279,52.767920,On or near Supermarket,E01025901,Melton 002A,Burglary,Formal action is not in the public interest,
beeed7d0555696ed41208560c5dd7de25de1b19cc739656547f3f7e6764d6f22,2023-12,Leicestershire Police,Leicestershire Police,-0.885248,52.775488,On or near Yew Tree Crescent,E01025901,Melton 002A,Criminal damage and arson,Investigation complete; no suspect identified,
9378a3ca187dfff29d431797e6a252be93a0d05eb6f2323374a23c791bac7d0a,2023-12,Leicestershire Police,Leicestershire Police,-0.885863,52.769399,On or near Elgin Drive,E01025901,Melton 002A,Criminal damage and arson,Formal action is not in the public interest,
bd83e6d8d614e4801d337048ad7d8b6b3a7a72acbd9069a32dcb39cf51ab275a,2023-12,Leicestershire Police,Leicestershire Police,-0.885248,52.775488,On or near Yew Tree Crescent,E01025901,Melton 002A,Criminal damage and arson,Offender given a caution,
451d12b508a4357bf4c1ace3af51a7e28ad76daa4a9073de59cbfcaace1cb9c4,2023-12,Leicestershire Police,Leicestershire Police,-0.885361,52.781513,On or near Brockington Road,E01025901,Melton 002A,Criminal damage and arson,Unable to prosecute suspect,
abc348a8ae341b6d522db4d27f9780e910c6de9d41f3c4cb143d0a18c026950d,2023-12,Leicestershire Police,Leicestershire Police,-0.887152,52.767092,On or near Soho Street,E01025901,Melton 002A,Possession of weapons,Status update unavailable,
489d1d339f9b21640f785ea847dd5193ff161e0c8cd8af08046403e6146d57bc,2023-12,Leicestershire Police,Leicestershire Police,-0.887279,52.767920,On or near Supermarket,E01025901,Melton 002A,Public order,Unable to prosecute suspect,
a65313c8cfabb01ef058429b151d7a0e6adab4817e3f17938ca1ac7b9c16365a,2023-12,Leicestershire Police,Leicestershire Police,-0.887279,52.767920,On or near Supermarket,E01025901,Melton 002A,Shoplifting,Unable to prosecute suspect,
02218dac7d5e9bce96ac48ba0ca79979c123080051fcfe180e4bfab9fae18ef0,2023-12,Leicestershire Police,Leicestershire Police,-0.887279,52.767920,On or near Supermarket,E01025901,Melton 002A,Shoplifting,Court result unavailable,
424e1230bad11028bf11c265b2abad1c8b581c81a5b41c4e5fa68da060be6a00,2023-12,Leicestershire Police,Leicestershire Police,-0.887279,52.767920,On or near Supermarket,E01025901,Melton 002A,Shoplifting,Investigation complete; no suspect identified,
2257d5b6730baa6df78cde02287a9a9fcedcb94c390f3ed4063183b6b6a29eb7,2023-12,Leicestershire Police,Leicestershire Police,-0.887152,52.767092,On or near Soho Street,E01025901,Melton 002A,Shoplifting,Investigation complete; no suspect identified,
16e7b38f389e1e89a3d0bf374b6c5ff3c89f659a6b5bddf401bbb3d1539cfe27,2023-12,Leicestershire Police,Leicestershire Police,-0.887279,52.767920,On or near Supermarket,E01025901,Melton 002A,Shoplifting,Unable to prosecute suspect,
755ba9088e3fccc9192c566bb09bbfcda39328a1ac6d09b13e79d9790061f417,2023-12,Leicestershire Police,Leicestershire Police,-0.887279,52.767920,On or near Supermarket,E01025901,Melton 002A,Shoplifting,Court result unavailable,
99a9dc257d5fc1f46bac2a49ce55b844f48c96a7247b33a21e553c53a68d9706,2023-12,Leicestershire Police,Leicestershire Police,-0.885248,52.775488,On or near Yew Tree Crescent,E01025901,Melton 002A,Violence and sexual offences,Investigation complete; no suspect identified,
f966010f4cfb9daa3e1b3605d0fe17a626240b44a5dee60b1281ad65e06caa68,2023-12,Leicestershire Police,Leicestershire Police,-0.887152,52.767092,On or near Soho Street,E01025901,Melton 002A,Violence and sexual offences,Unable to prosecute suspect,
dfdfc49216f9dbaacea777cf5d6c78a27e25339fa65a20f3af93f915789e30b9,2023-12,Leicestershire Police,Leicestershire Police,-0.887152,52.767092,On or near Soho Street,E01025901,Melton 002A,Violence and sexual offences,Investigation complete; no suspect identified,
660edaefde37c2cda5073c3dec19695644dc85ab2c1d7a0f9d0c5677401fe3df,2023-12,Leicestershire Police,Leicestershire Police,-0.885117,52.782355,On or near Culture Close,E01025901,Melton 002A,Violence and sexual offences,Unable to prosecute suspect,
b9c7be9764ea5b5a226b4b0126fe189a0539fc282987232daafbbadd77f57d10,2023-12,Leicestershire Police,Leicestershire Police,-0.885117,52.782355,On or near Culture Close,E01025901,Melton 002A,Violence and sexual offences,Investigation complete; no suspect identified,
5c2795a4821c48f6713816167c9ba12aa2a9574581aac064d802e122e38c4269,2023-12,Leicestershire Police,Leicestershire Police,-0.885248,52.775488,On or near Yew Tree Crescent,E01025901,Melton 002A,Violence and sexual offences,Offender given a caution,
48e5ab38b0c64ccb9ad1631b5949d85f92e53d51f29de0f5249b82a48ea3af30,2023-12,Leicestershire Police,Leicestershire Police,-0.870607,52.774118,On or near Beechwood Avenue,E01025902,Melton 002B,Burglary,Investigation complete; no suspect identified,
8b7c1e4dd19a9c6ac4762b98f7a54700b8adb60e6c72daf8e611bc92d781e7ff,2023-12,Leicestershire Police,Leicestershire Police,-0.865638,52.777676,On or near Heron Crescent,E01025902,Melton 002B,Criminal damage and arson,Investigation complete; no suspect identified,
493c2693c659f3c326774d89a44272dabc8cd278a7af236d9ad74f96fd539edd,2023-12,Leicestershire Police,Leicestershire Police,-0.868002,52.774570,On or near Spinney Close,E01025902,Melton 002B,Violence and sexual offences,Investigation complete; no suspect identified,
9fd27f549c104e8c9d251a495352fe02f76fe4b73a606c7687801edafa0e81ac,2023-12,Leicestershire Police,Leicestershire Police,-0.881100,52.766127,On or near Beckmill Lane,E01025903,Melton 002C,Public order,Investigation complete; no suspect identified,
bbfdf6415dfbf5e16d72f59e51d4ee115cf7a6f9579d684652f519de88976929,2023-12,Leicestershire Police,Leicestershire Police,-0.881100,52.766127,On or near Beckmill Lane,E01025903,Melton 002C,Violence and sexual offences,Unable to prosecute suspect,
ec3b8567380930bc9b7931a584ddaa8b0a2271c39fe47ca1ba465d3684b3d87d,2023-12,Leicestershire Police,Leicestershire Police,-0.875400,52.768752,On or near Salisbury Avenue,E01025903,Melton 002C,Violence and sexual offences,Investigation complete; no suspect identified,
f392106a0bad03efb69367778ce2163617a1bd897b73191f6d6ecee3ee8c37e3,2023-12,Leicestershire Police,Leicestershire Police,-0.875982,52.768056,On or near Bayswater Road,E01025903,Melton 002C,Violence and sexual offences,Unable to prosecute suspect,
04d2e3273395a94d3efe851b9fbccab0c846624131c18b1c0e1c15e217d20263,2023-12,Leicestershire Police,Leicestershire Police,-0.881100,52.766127,On or near Beckmill Lane,E01025903,Melton 002C,Violence and sexual offences,Court result unavailable,
13432625bb8f8e68b6573f7511bbd3f56ef3f1f9ad064a9d59abf6a14cc58837,2023-12,Leicestershire Police,Leicestershire Police,-0.881100,52.766127,On or near Beckmill Lane,E01025903,Melton 002C,Violence and sexual offences,Investigation complete; no suspect identified,
3e2694006ae42515df6cc4c9ea7060f5745c7104abf6d0e670fb0f468cacbe62,2023-12,Leicestershire Police,Leicestershire Police,-0.881121,52.767044,On or near Stanley Street,E01025903,Melton 002C,Violence and sexual offences,Unable to prosecute suspect,
477c278d513780be50da725ad35075091544ceb183e8a7c92e72d94adb1ea3a5,2023-12,Leicestershire Police,Leicestershire Police,-0.881100,52.766127,On or near Beckmill Lane,E01025903,Melton 002C,Violence and sexual offences,Unable to prosecute suspect,
053971fbfba4dfc3baa8640f6e9573feba22004e2a016e710f26a5a0e5445504,2023-12,Leicestershire Police,Leicestershire Police,-0.881121,52.767044,On or near Stanley Street,E01025903,Melton 002C,Violence and sexual offences,Unable to prosecute suspect,
eee3cde8d7c7ccd566a28fdb0b06fb961eaa723d9aa3ba3a1a68df3e2fa1ef5b,2023-12,Leicestershire Police,Leicestershire Police,-0.881121,52.767044,On or near Stanley Street,E01025903,Melton 002C,Violence and sexual offences,Unable to prosecute suspect,
afa7b66c612a731e25ab8240d02941dd75b209107f2f4999258ce93d791c8360,2023-12,Leicestershire Police,Leicestershire Police,-0.881100,52.766127,On or near Beckmill Lane,E01025903,Melton 002C,Violence and sexual offences,Local resolution,
a084202054bf44cf73965c4f64e5ace46163350d40f41ccc459288060c3f6d28,2023-12,Leicestershire Police,Leicestershire Police,-0.875982,52.768056,On or near Bayswater Road,E01025903,Melton 002C,Violence and sexual offences,Unable to prosecute suspect,
5e64e58a4be6ce7eb41becb0fbaf31ea6769cc06d22babf545b51b701dd43c01,2023-12,Leicestershire Police,Leicestershire Police,-0.896743,52.776423,On or near Gladstone Avenue,E01025904,Melton 002D,Theft from the person,Court result unavailable,
78196f5f2bc1e87406b52f95a54ef90a47256daa30920f5c1098c780cf192f5d,2023-12,Leicestershire Police,Leicestershire Police,-0.899831,52.778591,On or near Lynton Road,E01025904,Melton 002D,Violence and sexual offences,Local resolution,
ec98087c54d83c58e535d72b09805110a14366e87c3faef3f2d2898233a541f3,2023-12,Leicestershire Police,Leicestershire Police,-0.900265,52.776069,On or near Abingdon Road,E01025904,Melton 002D,Violence and sexual offences,Formal action is not in the public interest,
52dd66b109efa4ed93d2a5f5fbd4be7440f53d21f4b8412e819d02fb27d80039,2023-12,Leicestershire Police,Leicestershire Police,-0.897444,52.774488,On or near Highfield Avenue,E01025904,Melton 002D,Violence and sexual offences,Unable to prosecute suspect,
,2023-12,Leicestershire Police,Leicestershire Police,-0.885201,52.778500,On or near Framland Drive,E01025906,Melton 002E,Anti-social behaviour,,
f7c344905fa7620cbdba4e046b75ffe9b4cf8e44841c079967fa78397154ac67,2023-12,Leicestershire Police,Leicestershire Police,-0.884232,52.779273,On or near Clark Drive,E01025906,Melton 002E,Public order,Local resolution,
814092e0297398046cffe11aafe84b70eda50606c55286628eb8fc827335d188,2023-12,Leicestershire Police,Leicestershire Police,-0.950047,52.764339,On or near Main Street,E01025883,Melton 003A,Criminal damage and arson,Unable to prosecute suspect,
63848c49768ab5ba592ce46902d6db1d0b2dbcdd20e48e691b4e00e8d094c0e0,2023-12,Leicestershire Police,Leicestershire Police,-0.951692,52.764335,On or near Supermarket,E01025883,Melton 003A,Public order,Status update unavailable,
b641e31ede347b6e04696f90f2d7c34aa871d0fc46c4243c0ca9702040b1a5cc,2023-12,Leicestershire Police,Leicestershire Police,-0.952346,52.763613,On or near Church Lane,E01025883,Melton 003A,Violence and sexual offences,Unable to prosecute suspect,
8597209f5adf070103fc1541069929d042da82130ab9420c6a16abd4847d5883,2023-12,Leicestershire Police,Leicestershire Police,-0.949214,52.764448,On or near New Street,E01025883,Melton 003A,Violence and sexual offences,Unable to prosecute suspect,
db0d9d006a4890d47076469189101d1ede006a0572fb722951eac20dffbfc627,2023-12,Leicestershire Police,Leicestershire Police,-0.950724,52.766358,On or near Prince Charles Street,E01025884,Melton 003B,Criminal damage and arson,Unable to prosecute suspect,
9bb87c72e492fa19de8c6f1c319ce41cac3dc93ef9101584d7778e6c2c5c8c98,2023-12,Leicestershire Police,Leicestershire Police,-0.929219,52.764521,On or near Glebe Road,E01025884,Melton 003B,Other theft,Investigation complete; no suspect identified,
eb9a710752d90b433a3b7fac95fc1cd16d408a7ff0ce55afa4c5722ff3f20285,2023-12,Leicestershire Police,Leicestershire Police,-0.927471,52.765719,On or near Melton Road,E01025884,Melton 003B,Public order,Investigation complete; no suspect identified,
b57f65ee7b57c8d5c10c9984807a11dd5958f156d7a3ecd4cad5210cd0fd2be6,2023-12,Leicestershire Police,Leicestershire Police,-0.951657,52.765153,On or near Bradgate Lane,E01025884,Melton 003B,Public order,Investigation complete; no suspect identified,
1f0c82c36302eb4eec71637f740fdac2a464adde0d7b3df2841ac77236bb71c4,2023-12,Leicestershire Police,Leicestershire Police,-0.948018,52.764878,On or near Ridings Close,E01025884,Melton 003B,Public order,Unable to prosecute suspect,
71ddaf9d9ccc71c89fcd75ecf7a45556ad773dad0abdc3d11d3e4866bc161ae0,2023-12,Leicestershire Police,Leicestershire Police,-0.953023,52.766289,On or near Regency Road,E01025884,Melton 003B,Violence and sexual offences,Unable to prosecute suspect,
f17153d2fa0bea5196dcdea87cf18ec4ac6c3700d24e71a68efb1ea5924db12a,2023-12,Leicestershire Police,Leicestershire Police,-0.956291,52.765373,On or near Woodhouse Road,E01025884,Melton 003B,Violence and sexual offences,Formal action is not in the public interest,
78eaaafc3acda2bc51aca2c1a50f91620c9bb437f2b1f5fe656ce3351973bcf4,2023-12,Leicestershire Police,Leicestershire Police,-0.927471,52.765719,On or near Melton Road,E01025884,Melton 003B,Violence and sexual offences,Court result unavailable,
cc988cd4c55ba3eb23f1631520eaca517171e4e62d66a464113ec6412c472f4d,2023-12,Leicestershire Police,Leicestershire Police,-0.941220,52.751234,On or near Main Road,E01025888,Melton 003C,Burglary,Investigation complete; no suspect identified,
2bb5950dcb09aa0c6b2a9279faa525560a45caff1d71ee7eb01a2da3c253e35b,2023-12,Leicestershire Police,Leicestershire Police,-0.939364,52.750165,On or near Leicester Road,E01025888,Melton 003C,Theft from the person,Investigation complete; no suspect identified,
bc0379aa206c8843cb650668e49538f2c5db8fde400652b12ec39c1c3758cca8,2023-12,Leicestershire Police,Leicestershire Police,-1.007597,52.738134,On or near Further/Higher Educational Building,E01025888,Melton 003C,Violence and sexual offences,Investigation complete; no suspect identified,
329a88e09bd3a5940afb6310848f5900bf371c2b1d1822dec76a49bea964830b,2023-12,Leicestershire Police,Leicestershire Police,-0.904811,52.809949,On or near Stone Penn Lane,E01025909,Melton 003D,Violence and sexual offences,Unable to prosecute suspect,
,2023-12,Leicestershire Police,Leicestershire Police,-0.971852,52.826425,On or near Hecadeck Lane,E01025909,Melton 003D,Anti-social behaviour,,
555b44a3c92d2ebc04587253d6512100955c4b925c1dd20798f9a66c88164304,2023-12,Leicestershire Police,Leicestershire Police,-0.890452,52.755049,On or near Severn Hill,E01025896,Melton 004A,Burglary,Investigation complete; no suspect identified,
238588db33614d70ebeecbfceb2d31294b9124d9f162da5f01c8603dc791ce5c,2023-12,Leicestershire Police,Leicestershire Police,-0.900704,52.758075,On or near Leicester Road,E01025896,Melton 004A,Criminal damage and arson,Investigation complete; no suspect identified,
8d74f2771246137931d3ab9c17c497c22fe5de0ad8c7125fc3e367337cceee46,2023-12,Leicestershire Police,Leicestershire Police,-0.906686,52.756485,On or near Badger Avenue,E01025896,Melton 004A,Other theft,Investigation complete; no suspect identified,
53a6b5041ab6f8f78888f38dba9a7071cc65be9ebd0c124f66ff13f539a38b26,2023-12,Leicestershire Police,Leicestershire Police,-0.912867,52.747453,On or near Eye Kettleby Drive,E01025896,Melton 004A,Vehicle crime,Investigation complete; no suspect identified,
1ce858d4f10d439e4cdf2f03eeff3de1e3705716b83f9b9d61c8b66b90bc2d22,2023-12,Leicestershire Police,Leicestershire Police,-0.899427,52.755807,On or near Gilpin Close,E01025896,Melton 004A,Violence and sexual offences,Investigation complete; no suspect identified,
cb72153368eb078e1845c47269b12e88a1f2cf8e8e65541e23f99bee0d2d0c89,2023-12,Leicestershire Police,Leicestershire Police,-0.912867,52.747453,On or near Eye Kettleby Drive,E01025896,Melton 004A,Violence and sexual offences,Investigation complete; no suspect identified,
35f242bd7aead066918dabd8d96bae971e1f0f6be0ad648729a4677f2daf382e,2023-12,Leicestershire Police,Leicestershire Police,-0.906686,52.756485,On or near Badger Avenue,E01025896,Melton 004A,Violence and sexual offences,Status update unavailable,
69a7e6a069b8deb641852876e33b693930c478e8a8c52251df3e405b63ce8a11,2023-12,Leicestershire Police,Leicestershire Police,-0.893123,52.754921,On or near Ewden Rise,E01025896,Melton 004A,Violence and sexual offences,Unable to prosecute suspect,
2909bb9d844523c6b7d0d5a6472b136eade8951162288ca5c5355c6c044fafd4,2023-12,Leicestershire Police,Leicestershire Police,-0.900704,52.758075,On or near Leicester Road,E01025896,Melton 004A,Other crime,Further action is not in the public interest,
6f5507ac59dedfb94c25c408278d0f1bac89e288837b65daf29a245e77986c59,2023-12,Leicestershire Police,Leicestershire Police,-0.894974,52.761551,On or near Supermarket,E01025897,Melton 004B,Violence and sexual offences,Court result unavailable,
f91ea3980f92fea34c34dfd855eaf665786dd70a9a484074d199f01d76138a0b,2023-12,Leicestershire Police,Leicestershire Police,-0.895199,52.758959,On or near Nene Close,E01025897,Melton 004B,Other theft,Investigation complete; no suspect identified,
37b463765ebadd791faf302062e65039f6c83eeb50f9a4864f3297379088aba3,2023-12,Leicestershire Police,Leicestershire Police,-0.905340,52.756392,On or near Shrew Close,E01025897,Melton 004B,Public order,Unable to prosecute suspect,
baf607253f7c9ea67ec5ae2736d18974a072fba3b03da9b5e8e9ece975a83444,2023-12,Leicestershire Police,Leicestershire Police,-0.894974,52.761551,On or near Supermarket,E01025897,Melton 004B,Public order,Unable to prosecute suspect,
c1450a5f4d426610651c083f25a92c5d1c76fe047ebd08a9a01181f956103d8f,2023-12,Leicestershire Police,Leicestershire Police,-0.905340,52.756392,On or near Shrew Close,E01025897,Melton 004B,Violence and sexual offences,Unable to prosecute suspect,
0989f3a435deef96fe62fe9645b4810338a760f32bb52ef2f12c136dc39e85bb,2023-12,Leicestershire Police,Leicestershire Police,-0.905340,52.756392,On or near Shrew Close,E01025897,Melton 004B,Violence and sexual offences,Unable to prosecute suspect,
9d11069e3f0b29581fea7ed30c6df8e6464d2b76f0db9850b41031f201ad594c,2023-12,Leicestershire Police,Leicestershire Police,-0.899935,52.767993,On or near Brightside Avenue,E01025898,Melton 004C,Criminal damage and arson,Investigation complete; no suspect identified,
e5e3ef86d9b08c6ab4fd439b9633b3111cdc55b0f986c31920a2fb28afe477e2,2023-12,Leicestershire Police,Leicestershire Police,-0.899811,52.765870,On or near Holland Road,E01025898,Melton 004C,Violence and sexual offences,Unable to prosecute suspect,
469e2a400269ad2fceed6494208848bc22f3d6d9b50c28553d69b819dc1b59ae,2023-12,Leicestershire Police,Leicestershire Police,-0.923487,52.765602,On or near Asfordby Road,E01025898,Melton 004C,Violence and sexual offences,Unable to prosecute suspect,
5b39e5f39cb088c21549644de15ae921a8cd484743995811027cd4dd50ae7a4a,2023-12,Leicestershire Police,Leicestershire Police,-0.899811,52.765870,On or near Holland Road,E01025898,Melton 004C,Violence and sexual offences,Unable to prosecute suspect,
aec4433a049d6e5c12946829c357bccba24d7cf3e0b52d680b1c4b847ea5e94f,2023-12,Leicestershire Police,Leicestershire Police,-0.899418,52.766739,On or near A6006,E01025898,Melton 004C,Violence and sexual offences,Investigation complete; no suspect identified,
db4568b8c7e132fcf39da6c7db4295a10642728d725b51fa48b958ea1819818b,2023-12,Leicestershire Police,Leicestershire Police,-0.900162,52.770171,On or near Rockingham Drive,E01025898,Melton 004C,Violence and sexual offences,Unable to prosecute suspect,
ca8f94e89d14581dc6dc947fccc83ac101297b15f0e5e3399fae232906fd2dda,2023-12,Leicestershire Police,Leicestershire Police,-0.899418,52.766739,On or near A6006,E01025898,Melton 004C,Violence and sexual offences,Investigation complete; no suspect identified,
da48163bb1c66d37f5fb3b61f5cc0c7674de0499bc9137337d47f823ec5a1686,2023-12,Leicestershire Police,Leicestershire Police,-0.899935,52.767993,On or near Brightside Avenue,E01025898,Melton 004C,Violence and sexual offences,Unable to prosecute suspect,
7c3826f6bd45cf5a3a11782f3276406c136595199f2120b67be3c62279f5cda5,2023-12,Leicestershire Police,Leicestershire Police,-0.892828,52.767702,On or near Cottesmore Avenue,E01025899,Melton 004D,Drugs,Court result unavailable,
32c4dcbee44929ef8fcf6d0e665275618e5b862b943acb1e06febab542bc5bb2,2023-12,Leicestershire Police,Leicestershire Police,-0.888128,52.765496,On or near Shopping Area,E01025899,Melton 004D,Public order,Formal action is not in the public interest,
7c8124576ac802ad2579a646784545be8a293d6158c87055100a1ed04f363d13,2023-12,Leicestershire Police,Leicestershire Police,-0.889972,52.771604,On or near Rossiter Close,E01025899,Melton 004D,Violence and sexual offences,Awaiting court outcome,
d7f116668fb1e975620bfd754b767b1b8df55713207268f03476eead81a2c05d,2023-12,Leicestershire Police,Leicestershire Police,-0.889723,52.766846,On or near A606,E01025899,Melton 004D,Violence and sexual offences,Local resolution,
,2023-12,Leicestershire Police,Leicestershire Police,-0.892828,52.767702,On or near Cottesmore Avenue,E01025899,Melton 004D,Anti-social behaviour,,
,2023-12,Leicestershire Police,Leicestershire Police,-0.892828,52.767702,On or near Cottesmore Avenue,E01025899,Melton 004D,Anti-social behaviour,,
d8bf45f7fb77b316dfd1c626ac175571a88370aee5a7519854b208019704580c,2023-12,Leicestershire Police,Leicestershire Police,-0.889723,52.766846,On or near A606,E01025899,Melton 004D,Criminal damage and arson,Investigation complete; no suspect identified,
e37b3fc0c6b79133ee88397e389a2f4092ed59f67a7f831c96056017de20985d,2023-12,Leicestershire Police,Leicestershire Police,-0.890419,52.772112,On or near The Crescent,E01025899,Melton 004D,Criminal damage and arson,Investigation complete; no suspect identified,
42cf9cf26d1123812090671e0d0cf8cd9dc5c901fd5c99d7a26e01c32af8bf4c,2023-12,Leicestershire Police,Leicestershire Police,-0.888591,52.765307,On or near Wilton Terrace,E01025899,Melton 004D,Criminal damage and arson,Unable to prosecute suspect,
8a0d6409d7b229fd2628530b7c61d53dcc529b10ab87eb9728df6bd7e51d4ef9,2023-12,Leicestershire Police,Leicestershire Police,-0.888128,52.765496,On or near Shopping Area,E01025899,Melton 004D,Criminal damage and arson,Investigation complete; no suspect identified,
027e356bef3c805136e108b03e0e94e402153e9ea23d03f4f390c32cace07de4,2023-12,Leicestershire Police,Leicestershire Police,-0.888933,52.768288,On or near Shopping Area,E01025899,Melton 004D,Criminal damage and arson,Investigation complete; no suspect identified,
49865f48464af1a979b93745a1e9c726adc31764a40508164fae730c3cf2695b,2023-12,Leicestershire Police,Leicestershire Police,-0.889723,52.766846,On or near A606,E01025899,Melton 004D,Drugs,Status update unavailable,
eeb21c4d2f3d096b4b065bbbdad6fd5c202dacf0a979c3d9944b5983908e18a8,2023-12,Leicestershire Police,Leicestershire Police,-0.888591,52.765307,On or near Wilton Terrace,E01025899,Melton 004D,Other theft,Investigation complete; no suspect identified,
d1b8aa4ead8317a44374fefe1121375d6946db75d532ed1d52d864c13cd64c80,2023-12,Leicestershire Police,Leicestershire Police,-0.892828,52.767702,On or near Cottesmore Avenue,E01025899,Melton 004D,Possession of weapons,Court result unavailable,
87afca2e9b2dabcc3d2893ecde0b75311582b129926bf2ff124597c6aa701859,2023-12,Leicestershire Police,Leicestershire Police,-0.889723,52.766846,On or near A606,E01025899,Melton 004D,Possession of weapons,Status update unavailable,
771ab2172f1438892169d97a34e9623e1564dcd9a77475f8dbcbe63c6a26943e,2023-12,Leicestershire Police,Leicestershire Police,-0.888591,52.765307,On or near Wilton Terrace,E01025899,Melton 004D,Public order,Unable to prosecute suspect,
e905d859e0fb7e8941847ce88833b94e7bec511136620adb72b8083e815fab1f,2023-12,Leicestershire Police,Leicestershire Police,-0.892828,52.767702,On or near Cottesmore Avenue,E01025899,Melton 004D,Public order,Investigation complete; no suspect identified,
5ef8e32e80c6b8966378ebd9cc0aee15cb718c594a0c6ffe0cec6e9d1bd99ddd,2023-12,Leicestershire Police,Leicestershire Police,-0.892828,52.767702,On or near Cottesmore Avenue,E01025899,Melton 004D,Public order,Investigation complete; no suspect identified,
f0adfa7858708301adb9b434321edb50e23cb4cb5715af39b57dc473f9282604,2023-12,Leicestershire Police,Leicestershire Police,-0.889723,52.766846,On or near A606,E01025899,Melton 004D,Public order,Unable to prosecute suspect,
508bda0d28a1a2b45bd1e40034ddab20134436ac922b1df894953d9d2f23300f,2023-12,Leicestershire Police,Leicestershire Police,-0.888128,52.765496,On or near Shopping Area,E01025899,Melton 004D,Violence and sexual offences,Investigation complete; no suspect identified,
c9501f23cb4ddd6b19087328dbc5b7d5b58b2f7c1b3946f9bd686b818f447654,2023-12,Leicestershire Police,Leicestershire Police,-0.888591,52.765307,On or near Wilton Terrace,E01025899,Melton 004D,Violence and sexual offences,Unable to prosecute suspect,
14075f53f90d2ea3c070711ba49df74009aab617273272da1552bd26e0c06d7f,2023-12,Leicestershire Police,Leicestershire Police,-0.889723,52.766846,On or near A606,E01025899,Melton 004D,Violence and sexual offences,Unable to prosecute suspect,
149242630e2d3195cc2d6b35b19687f2c4ff2bb9678c067dcfbb617d5cea7c6e,2023-12,Leicestershire Police,Leicestershire Police,-0.892325,52.772948,On or near Sycamore Close,E01025899,Melton 004D,Violence and sexual offences,Local resolution,
e540b10ee38845de54b9ca800c5a291c748df1c56509e780f00c81eafe4fc7bd,2023-12,Leicestershire Police,Leicestershire Police,-0.891713,52.766399,On or near Theatre/Concert Hall,E01025899,Melton 004D,Violence and sexual offences,Investigation complete; no suspect identified,
98ad7db4ca731b2df54a24ea555a54b03d5f6d30ec169e3890a7958eb1cfde16,2023-12,Leicestershire Police,Leicestershire Police,-0.892828,52.767702,On or near Cottesmore Avenue,E01025899,Melton 004D,Violence and sexual offences,Unable to prosecute suspect,
8efe290bec3803a2288f2d6b284636be8f72439131908e7f97c126386596b3ea,2023-12,Leicestershire Police,Leicestershire Police,-0.889723,52.766846,On or near A606,E01025899,Melton 004D,Other crime,Unable to prosecute suspect,
a8b67482c472ed7e78d75d68324c43f4221b21c3e3d7450684b2fc9f8e8558a8,2023-12,Leicestershire Police,Leicestershire Police,-0.895983,52.769538,On or near Petersfield Road,E01025900,Melton 004E,Public order,Unable to prosecute suspect,
,2023-12,Leicestershire Police,Leicestershire Police,-0.894662,52.769625,On or near Stirling Road,E01025900,Melton 004E,Anti-social behaviour,,
f3b2031978659e27750ff308599f8b163ee8fc85a9b48bd4836571f80c45ac93,2023-12,Leicestershire Police,Leicestershire Police,-0.901379,52.773068,On or near Wellington Way,E01025900,Melton 004E,Other theft,Investigation complete; no suspect identified,
e732686be67aa6c09e3e5647aced412a3430ff92838e5e7701159a97098acc59,2023-12,Leicestershire Police,Leicestershire Police,-0.896533,52.771234,On or near Greaves Avenue,E01025900,Melton 004E,Violence and sexual offences,Unable to prosecute suspect,
4834c03b1f04f512f91d12159fb0a5e70ecb71b1e52bbce24aaa5de4e7e16924,2023-12,Leicestershire Police,Leicestershire Police,-0.899535,52.772107,On or near Sysonby Street,E01025900,Melton 004E,Violence and sexual offences,Unable to prosecute suspect,
58ba1736d1810b88bbc7e9baa0364d458232e225586892ef8f810de72db379c7,2023-12,Leicestershire Police,Leicestershire Police,-0.897039,52.771769,On or near Jarvis Drive,E01025900,Melton 004E,Violence and sexual offences,Unable to prosecute suspect,
b7f69e8b29bdbce3ddd50b19d3b99e9b0c7d669e5e1a15493d60424574d5b665,2023-12,Leicestershire Police,Leicestershire Police,-0.896533,52.771234,On or near Greaves Avenue,E01025900,Melton 004E,Violence and sexual offences,Unable to prosecute suspect,
9859b44cde20e481ef88a9a93c0408156477a4091bf4fb12d7ca0b7713907b46,2023-12,Leicestershire Police,Leicestershire Police,-0.894662,52.769625,On or near Stirling Road,E01025900,Melton 004E,Violence and sexual offences,Investigation complete; no suspect identified,
99fb2dd5ea9f2db556973140b8b0056e6e4480e3ec48a8ed673c2313a23657b3,2023-12,Leicestershire Police,Leicestershire Police,-0.893203,52.775113,On or near Shepherds Croft,E01025905,Melton 004F,Drugs,Court result unavailable,
492541deefd76477249db317c238a2a52cda8dc7fab8c0e2f0ec09e508c33220,2023-12,Leicestershire Police,Leicestershire Police,-0.890792,52.774911,On or near Dieppe Way,E01025905,Melton 004F,Burglary,Unable to prosecute suspect,
0496b64b2c182f04961a3d3942174131d969041d423a16b68e6372ca0d792b27,2023-12,Leicestershire Police,Leicestershire Police,-0.891377,52.775833,On or near Bramley Close,E01025905,Melton 004F,Burglary,Unable to prosecute suspect,
c07947a06fad7fe55931c04d0cb445a0a3f2dfbc2fce6551e5e1c2236fa6b9ec,2023-12,Leicestershire Police,Leicestershire Police,-0.895235,52.773919,On or near Mayfield Street,E01025905,Melton 004F,Criminal damage and arson,Investigation complete; no suspect identified,
18307757405746ebcde515a0a93e94f16db050fbfcd4cd672805ea584516dad3,2023-12,Leicestershire Police,Leicestershire Police,-0.893203,52.775113,On or near Shepherds Croft,E01025905,Melton 004F,Criminal damage and arson,Unable to prosecute suspect,
f304d7e75060d11523560a431f7d45f28711ff76e4b01e1bd0ba0dde82d25fb5,2023-12,Leicestershire Police,Leicestershire Police,-0.890792,52.774911,On or near Dieppe Way,E01025905,Melton 004F,Criminal damage and arson,Unable to prosecute suspect,
d5a19c065f273fc08d35bf3aaa0cd8810be339ee3459059606181d32d5dfc2e5,2023-12,Leicestershire Police,Leicestershire Police,-0.891582,52.776510,On or near Byron Way,E01025905,Melton 004F,Criminal damage and arson,Investigation complete; no suspect identified,
3e0395394e57b55ceb1b86d941551ce4511ff1c9096472fcdfb83e14f2c9c8c2,2023-12,Leicestershire Police,Leicestershire Police,-0.893621,52.773247,On or near Petrol Station,E01025905,Melton 004F,Other theft,Investigation complete; no suspect identified,
1162283e56ff06e6f879b48a843b188984d17b1b80b9d8f2e732912eda1cbff0,2023-12,Leicestershire Police,Leicestershire Police,-0.891800,52.775496,On or near Russet Way,E01025905,Melton 004F,Other theft,Investigation complete; no suspect identified,
9a098c12e478010165bd43b6801e7341ab02352642a443f28027e3d160282e09,2023-12,Leicestershire Police,Leicestershire Police,-0.893621,52.773247,On or near Petrol Station,E01025905,Melton 004F,Shoplifting,Investigation complete; no suspect identified,
e764e17ffe1c7d7600ba1715befa22ef88db0a4c84b351863132e459c1abfd5d,2023-12,Leicestershire Police,Leicestershire Police,-0.893621,52.773247,On or near Petrol Station,E01025905,Melton 004F,Shoplifting,Investigation complete; no suspect identified,
34fa567cbdab4889b2e1a04af34f0c0637e2322de5575d7e221236d5314d6034,2023-12,Leicestershire Police,Leicestershire Police,-0.893621,52.773247,On or near Petrol Station,E01025905,Melton 004F,Shoplifting,Court result unavailable,
22a4697629322941a25cc12d02934952542b620c6a1fc6755f8c9549f3e71b0f,2023-12,Leicestershire Police,Leicestershire Police,-0.893621,52.773247,On or near Petrol Station,E01025905,Melton 004F,Shoplifting,Court result unavailable,
50533d3636d12146763dc07d927caf94522b5dc3635086ad988f0c77af90c31f,2023-12,Leicestershire Police,Leicestershire Police,-0.895106,52.773144,On or near Springfield Street,E01025905,Melton 004F,Violence and sexual offences,Unable to prosecute suspect,
1f1cab468f891e78e4701320a873361ab710e407227afe68abfbfe2671ba49b6,2023-12,Leicestershire Police,Leicestershire Police,-0.887476,52.773585,On or near De Montfort,E01025905,Melton 004F,Violence and sexual offences,Unable to prosecute suspect,
5f10d2b2716279c50ebc7b200fed30bec2af6138d48a5d4b1a4ad7feb9734a16,2023-12,Leicestershire Police,Leicestershire Police,-0.890792,52.774911,On or near Dieppe Way,E01025905,Melton 004F,Violence and sexual offences,Court result unavailable,
5d70d1e84794d43fa44d3a20f170870c1e4963506efb30c07d0c001e79790fce,2023-12,Leicestershire Police,Leicestershire Police,-0.891377,52.775833,On or near Bramley Close,E01025905,Melton 004F,Violence and sexual offences,Status update unavailable,
4a9309b01bc82bfac689f40c55c58e5a0da9ac9d6cda491bd089b1977162620f,2023-12,Leicestershire Police,Leicestershire Police,-0.869455,52.760227,On or near Lowesby Close,E01025893,Melton 005A,Public order,Unable to prosecute suspect,
,2023-12,Leicestershire Police,Leicestershire Police,-0.875231,52.759787,On or near Baldock'S Lane,E01025893,Melton 005A,Anti-social behaviour,,
0465eb7aa0986f8cc74104d61d8102f1ff8802c2b2132da34740f9b54b506ac2,2023-12,Leicestershire Police,Leicestershire Police,-0.871209,52.764037,On or near B676,E01025893,Melton 005A,Burglary,Investigation complete; no suspect identified,
67d79428baf0fec13a0c4513dd9d2d379dd83bfb1416b7210029a25e1b7a7b66,2023-12,Leicestershire Police,Leicestershire Police,-0.875231,52.759787,On or near Baldock'S Lane,E01025893,Melton 005A,Public order,Investigation complete; no suspect identified,
93e0eedcfffd9e73ed98d6b330130ce221552806013b29ab55d35b491b4cd778,2023-12,Leicestershire Police,Leicestershire Police,-0.875231,52.759787,On or near Baldock'S Lane,E01025893,Melton 005A,Violence and sexual offences,Investigation complete; no suspect identified,
eef1c3a744b2d52dfb639d8f7e852b2e9783f938f7c58749befb7c48f240d6b9,2023-12,Leicestershire Police,Leicestershire Police,-0.876379,52.757218,On or near Meadow Way,E01025893,Melton 005A,Violence and sexual offences,Unable to prosecute suspect,
97b77b817af4458a56d26abe5b2ecdd9909792c6c98eff9a47e403525012a726,2023-12,Leicestershire Police,Leicestershire Police,-0.875231,52.759787,On or near Baldock'S Lane,E01025893,Melton 005A,Violence and sexual offences,Investigation complete; no suspect identified,
1143ebb884dbc59d22fbaa9563e12df36ffe652dbd65b6b6b0740212935b76f9,2023-12,Leicestershire Police,Leicestershire Police,-0.874199,52.757863,On or near Wyfordby Close,E01025893,Melton 005A,Violence and sexual offences,Action to be taken by another organisation,
0d9e12a29d48f04251630651f857d93fba759bcf6fa2122ca72122dbaecef0bd,2023-12,Leicestershire Police,Leicestershire Police,-0.874199,52.757863,On or near Wyfordby Close,E01025893,Melton 005A,Violence and sexual offences,Unable to prosecute suspect,
28a82bf8b2b126e2ca1f4df244889dd89782ae6100bea6ceb5c53a8c820db7c9,2023-12,Leicestershire Police,Leicestershire Police,-0.881539,52.765187,On or near Rutland Street,E01025894,Melton 005B,Criminal damage and arson,Further action is not in the public interest,
18cae51fc30e3608472fe2c064de8e8464986d4e8c9d98f60ea398b3edc5254e,2023-12,Leicestershire Police,Leicestershire Police,-0.884794,52.765406,On or near King Street,E01025894,Melton 005B,Drugs,Formal action is not in the public interest,
856a994964fb4617fbe659ff926cee3f80465f1cb9696efb9a34f7c0858948bd,2023-12,Leicestershire Police,Leicestershire Police,-0.884942,52.764859,On or near Windsor Street,E01025894,Melton 005B,Public order,Local resolution,
dbfbd767dbc61b60f737de3a644c71e83e2505ec569c2514fdf9f4081d8b8574,2023-12,Leicestershire Police,Leicestershire Police,-0.883160,52.766155,On or near Bentley Street,E01025894,Melton 005B,Violence and sexual offences,Investigation complete; no suspect identified,
de82389ecc07a4b0d32d42043af999bbacf7607a45eaf2cf04b2579d2af6b742,2023-12,Leicestershire Police,Leicestershire Police,-0.885750,52.765703,On or near Nightclub,E01025894,Melton 005B,Violence and sexual offences,Unable to prosecute suspect,
7d24c52d3c02e1ef3e5186a3c46dbc360a0ae40d6db8adc1161751b826dfeeed,2023-12,Leicestershire Police,Leicestershire Police,-0.884942,52.764859,On or near Windsor Street,E01025894,Melton 005B,Violence and sexual offences,Unable to prosecute suspect,
e89658dd22570c43da9adae88109d7053e24e122d37fb62a3013d70d6f93d2bb,2023-12,Leicestershire Police,Leicestershire Police,-0.885750,52.765703,On or near Nightclub,E01025894,Melton 005B,Violence and sexual offences,Court result unavailable,
f23433b3f56e9a8d851430598831b9f135a37e7f46a5432e39c191db765e9a16,2023-12,Leicestershire Police,Leicestershire Police,-0.882940,52.763159,On or near Mill Street,E01025894,Melton 005B,Violence and sexual offences,Unable to prosecute suspect,
66831006db939827d44b3f5ab0cc5d2142b0c7656d7d0effdba7409e7d99abd0,2023-12,Leicestershire Police,Leicestershire Police,-0.885750,52.765703,On or near Nightclub,E01025894,Melton 005B,Violence and sexual offences,Court result unavailable,
e8287da612eec9e5751429b96900ea23543ea7e01d54de05a09088afff8434ca,2023-12,Leicestershire Police,Leicestershire Police,-0.885750,52.765703,On or near Nightclub,E01025894,Melton 005B,Violence and sexual offences,Unable to prosecute suspect,
147184e0cc30607b667da3347dd285d9665a6f8f6b9dc557262193e4dccd14e9,2023-12,Leicestershire Police,Leicestershire Police,-0.880672,52.764334,On or near Rosebery Avenue,E01025894,Melton 005B,Violence and sexual offences,Local resolution,
,2023-12,Leicestershire Police,Leicestershire Police,-0.881539,52.765187,On or near Rutland Street,E01025894,Melton 005B,Anti-social behaviour,,
,2023-12,Leicestershire Police,Leicestershire Police,-0.880672,52.764334,On or near Rosebery Avenue,E01025894,Melton 005B,Anti-social behaviour,,
,2023-12,Leicestershire Police,Leicestershire Police,-0.880672,52.764334,On or near Rosebery Avenue,E01025894,Melton 005B,Anti-social behaviour,,
,2023-12,Leicestershire Police,Leicestershire Police,-0.880672,52.764334,On or near Rosebery Avenue,E01025894,Melton 005B,Anti-social behaviour,,
,2023-12,Leicestershire Police,Leicestershire Police,-0.874792,52.754416,On or near Sports/Recreation Area,E01025894,Melton 005B,Anti-social behaviour,,
,2023-12,Leicestershire Police,Leicestershire Police,-0.882471,52.766400,On or near Greenslade,E01025894,Melton 005B,Anti-social behaviour,,
,2023-12,Leicestershire Police,Leicestershire Police,-0.880218,52.765255,On or near St Johns Court,E01025894,Melton 005B,Anti-social behaviour,,
,2023-12,Leicestershire Police,Leicestershire Police,-0.878866,52.753861,On or near Burton Road,E01025894,Melton 005B,Anti-social behaviour,,
fe2cff42d194892d30c2fa796ad5065024c4cca3d72f0e77f91814bf21e115a7,2023-12,Leicestershire Police,Leicestershire Police,-0.878866,52.753861,On or near Burton Road,E01025894,Melton 005B,Burglary,Investigation complete; no suspect identified,
f16332ba6002baad7988185bf8a67d78c65de0a5f6c3c7e53524acca78ccd817,2023-12,Leicestershire Police,Leicestershire Police,-0.880672,52.764334,On or near Rosebery Avenue,E01025894,Melton 005B,Criminal damage and arson,Investigation complete; no suspect identified,
420aa6bfea32917160b548cec667f57a0b45ec106dec5917f1df9546c6482e4c,2023-12,Leicestershire Police,Leicestershire Police,-0.882471,52.766400,On or near Greenslade,E01025894,Melton 005B,Criminal damage and arson,Investigation complete; no suspect identified,
328c3859f4c214b7d3a523a14afd6766ac9f407c1fd70fd06facca88b7d72c04,2023-12,Leicestershire Police,Leicestershire Police,-0.878866,52.753861,On or near Burton Road,E01025894,Melton 005B,Criminal damage and arson,Court result unavailable,
c91cf69d9ac67a269f373fd081e486461baeb368ce7cf74cfc221345bf1ce8ae,2023-12,Leicestershire Police,Leicestershire Police,-0.880530,52.757725,On or near Woodland Avenue,E01025894,Melton 005B,Criminal damage and arson,Investigation complete; no suspect identified,
11eff953e57095f18532cdc3de960a7e9564c787c67914bb0c826ade92c7848f,2023-12,Leicestershire Police,Leicestershire Police,-0.881539,52.765187,On or near Rutland Street,E01025894,Melton 005B,Criminal damage and arson,Investigation complete; no suspect identified,
30b738d030a55111d8fbbe9281f45b34987ce2ace4f82c26d9bba0b65cbc8db6,2023-12,Leicestershire Police,Leicestershire Police,-0.884794,52.765406,On or near King Street,E01025894,Melton 005B,Criminal damage and arson,Unable to prosecute suspect,
8d6e6cf42dc509aeaee9808553959361867948ff59848bcc9d1c568a56e302d2,2023-12,Leicestershire Police,Leicestershire Police,-0.881539,52.765187,On or near Rutland Street,E01025894,Melton 005B,Criminal damage and arson,Unable to prosecute suspect,
b097d9c72001ebfda3debd832e6227bea8026ebe047e468ef49bb93c6c6850c1,2023-12,Leicestershire Police,Leicestershire Police,-0.883160,52.766155,On or near Bentley Street,E01025894,Melton 005B,Criminal damage and arson,Unable to prosecute suspect,
09775f574fe1532d78653938ecf5a6c3cb417ec79f38fd9420f5720c1c2b1eb2,2023-12,Leicestershire Police,Leicestershire Police,-0.881539,52.765187,On or near Rutland Street,E01025894,Melton 005B,Criminal damage and arson,Unable to prosecute suspect,
33c8e89c10b81d3ab6fe27b0ce9058a330daa33972fd4451c7d48c81dc05ce43,2023-12,Leicestershire Police,Leicestershire Police,-0.878866,52.753861,On or near Burton Road,E01025894,Melton 005B,Criminal damage and arson,Court result unavailable,
0946e01ce0a8591a97aeb14b09dc4b1a3db2997677dfa66e466795d216b3bf64,2023-12,Leicestershire Police,Leicestershire Police,-0.881539,52.765187,On or near Rutland Street,E01025894,Melton 005B,Drugs,Court result unavailable,
941e821a37773a82ba6d54405b97d55755de368d3dc3b7ac962e243a52dc44f7,2023-12,Leicestershire Police,Leicestershire Police,-0.884942,52.764859,On or near Windsor Street,E01025894,Melton 005B,Other theft,Investigation complete; no suspect identified,
85f4881cc909cf967722e9b1c674f88fa76adaad6337a76c96255d9ca5444815,2023-12,Leicestershire Police,Leicestershire Police,-0.881539,52.765187,On or near Rutland Street,E01025894,Melton 005B,Other theft,Unable to prosecute suspect,
cc85ec0041fb9038310c2d053015c83981484d64847eb65eb4c00b7840939610,2023-12,Leicestershire Police,Leicestershire Police,-0.883160,52.766155,On or near Bentley Street,E01025894,Melton 005B,Possession of weapons,Unable to prosecute suspect,
16a1d5eaeef82678e74f679b4e697e50aa466cac86de97978bb92f921a40c65d,2023-12,Leicestershire Police,Leicestershire Police,-0.883160,52.766155,On or near Bentley Street,E01025894,Melton 005B,Possession of weapons,Court result unavailable,
f1c848a5e3997f1edaa7bafc32519c985cf2a051bb410221759ba0ac8b76c800,2023-12,Leicestershire Police,Leicestershire Police,-0.881539,52.765187,On or near Rutland Street,E01025894,Melton 005B,Public order,Local resolution,
d602311103a4f2c814f93f83d3da4c2b672fdc703798034edd6c749f77e3732a,2023-12,Leicestershire Police,Leicestershire Police,-0.883677,52.765630,On or near New Street,E01025894,Melton 005B,Public order,Investigation complete; no suspect identified,
d8c6ae9159030a22022b0969525320649607e1363093d48aaf4dce25b5ab74fb,2023-12,Leicestershire Police,Leicestershire Police,-0.883677,52.765630,On or near New Street,E01025894,Melton 005B,Public order,Investigation complete; no suspect identified,
5bb6f52c48fd99acf5274e42650c78cbe6671389850b5f3f86fa574840a6bb45,2023-12,Leicestershire Police,Leicestershire Police,-0.880672,52.764334,On or near Rosebery Avenue,E01025894,Melton 005B,Public order,Investigation complete; no suspect identified,
add29d00b36fa9d81168497d9ce458a947573fe7ff43c45cd951a037cb047ccc,2023-12,Leicestershire Police,Leicestershire Police,-0.885750,52.765703,On or near Nightclub,E01025894,Melton 005B,Robbery,Investigation complete; no suspect identified,
7c4b9527e3c267ba0a1af50cbcf4723e20f6bda8f34d1d9cc49596625e5e7c32,2023-12,Leicestershire Police,Leicestershire Police,-0.881539,52.765187,On or near Rutland Street,E01025894,Melton 005B,Shoplifting,Court result unavailable,
bea0d792536361ddd2770ab13e8a84b64635843c6d7b9ec417266dcf08dcea13,2023-12,Leicestershire Police,Leicestershire Police,-0.881539,52.765187,On or near Rutland Street,E01025894,Melton 005B,Shoplifting,Investigation complete; no suspect identified,
779ff8f4406d0113842f578c64ce5ca44f7dc8fb8b3788a7d6fa00c05e054859,2023-12,Leicestershire Police,Leicestershire Police,-0.881539,52.765187,On or near Rutland Street,E01025894,Melton 005B,Theft from the person,Unable to prosecute suspect,
df9f568a8110c3f0773577d7c3d6bfb7259a28609dd5221a8068027e1e391673,2023-12,Leicestershire Police,Leicestershire Police,-0.882471,52.766400,On or near Greenslade,E01025894,Melton 005B,Theft from the person,Unable to prosecute suspect,
85dafd114a66ef65d4aba1a108a9afacbba9052241173595f9b89275d88c073d,2023-12,Leicestershire Police,Leicestershire Police,-0.879005,52.765199,On or near A606,E01025894,Melton 005B,Vehicle crime,Status update unavailable,
32fa3ed195d60a8f5bee755c0f5315a255dedaf83b200feb747a71471bb7579a,2023-12,Leicestershire Police,Leicestershire Police,-0.879005,52.765199,On or near A606,E01025894,Melton 005B,Vehicle crime,Unable to prosecute suspect,
2737862dd0f3c4d13d45d7cfab4f21080f926321a77c179ace15fa07b39a9076,2023-12,Leicestershire Police,Leicestershire Police,-0.881215,52.763386,On or near Regent Place,E01025894,Melton 005B,Vehicle crime,Investigation complete; no suspect identified,
2ea544d101e48a093469e0c21ee4b48d1b603eb2df5a67a65e9406521aad9478,2023-12,Leicestershire Police,Leicestershire Police,-0.883160,52.766155,On or near Bentley Street,E01025894,Melton 005B,Violence and sexual offences,Unable to prosecute suspect,
bd2abf6c31254e8844dc28b2bf3b5c542702b13ae6025be6f2d5313b07adec38,2023-12,Leicestershire Police,Leicestershire Police,-0.883160,52.766155,On or near Bentley Street,E01025894,Melton 005B,Violence and sexual offences,Unable to prosecute suspect,
086b3fce192483d84b0083fa56abaaba14c979aa3720bf3aa7a530f41cd6f461,2023-12,Leicestershire Police,Leicestershire Police,-0.881539,52.765187,On or near Rutland Street,E01025894,Melton 005B,Violence and sexual offences,Unable to prosecute suspect,
6eb585f59b3b5f6af2d74d9719b996520bbc6c6d42aa5ded9417d748b04029b8,2023-12,Leicestershire Police,Leicestershire Police,-0.879738,52.763192,On or near Regent Street,E01025894,Melton 005B,Violence and sexual offences,Investigation complete; no suspect identified,
8abe1e6f0be4dee146a5e08bd47c0bc3cd0851a8697bab99f3449caaaa4d6c70,2023-12,Leicestershire Police,Leicestershire Police,-0.880672,52.764334,On or near Rosebery Avenue,E01025894,Melton 005B,Violence and sexual offences,Investigation complete; no suspect identified,
ac01a8ccacfbc2490928fff58d0d53bb4278428e7275a84d80ad75c045c9c096,2023-12,Leicestershire Police,Leicestershire Police,-0.882471,52.766400,On or near Greenslade,E01025894,Melton 005B,Violence and sexual offences,Status update unavailable,
0e47a8183f15ca941bd0f44b5dfd4183261a396d4046186ec769992f3b8d00d4,2023-12,Leicestershire Police,Leicestershire Police,-0.882532,52.764028,On or near Oak Road,E01025894,Melton 005B,Violence and sexual offences,Investigation complete; no suspect identified,
61a7e345651d6395a2548cb05c27f063f022427af20ef571ce12e86805109b88,2023-12,Leicestershire Police,Leicestershire Police,-0.882532,52.764028,On or near Oak Road,E01025894,Melton 005B,Violence and sexual offences,Investigation complete; no suspect identified,
aee70b2078fa5b7ec31989cec48202da1b20d81e38f11d5951b144ada6a98ac9,2023-12,Leicestershire Police,Leicestershire Police,-0.883956,52.764562,On or near Sherrard Street,E01025894,Melton 005B,Violence and sexual offences,Unable to prosecute suspect,
3378034b86078af37e1c2475ade694c35870c81f4e6729948189d88da6152c97,2023-12,Leicestershire Police,Leicestershire Police,-0.883160,52.766155,On or near Bentley Street,E01025894,Melton 005B,Violence and sexual offences,Court result unavailable,
77d2e7450ed0582ff716dc244101a37b1633d71918af210872764b84b3e5b141,2023-12,Leicestershire Police,Leicestershire Police,-0.885750,52.765703,On or near Nightclub,E01025894,Melton 005B,Violence and sexual offences,Investigation complete; no suspect identified,
b1dd4990d051a0ce45304f5c2aed218c981fb2c1bbe18fa43230429383c655ab,2023-12,Leicestershire Police,Leicestershire Police,-0.882471,52.766400,On or near Greenslade,E01025894,Melton 005B,Other crime,Unable to prosecute suspect,
bdb06de202e3c9793eefc9a8f67b3618d451abe87fc038e14c9f9cb9b174b189,2023-12,Leicestershire Police,Leicestershire Police,-0.896253,52.751237,On or near Celandine Drive,E01025895,Melton 005C,Bicycle theft,Investigation complete; no suspect identified,
d5f3af58c2232a102c9a9aceed035528cdca46c46768811063bd1b3091617c4b,2023-12,Leicestershire Police,Leicestershire Police,-0.892245,52.749807,On or near Kirby Lane,E01025895,Melton 005C,Burglary,Unable to prosecute suspect,
51f9119ef38a8c8b95771a8ce191bf9b12c976ec4ad68092d9c8c13ee56dcea9,2023-12,Leicestershire Police,Leicestershire Police,-0.892245,52.749807,On or near Kirby Lane,E01025895,Melton 005C,Drugs,Investigation complete; no suspect identified,
b9d6b4735da0e4418b5592490070914655c682e327b7d28da99959013808e377,2023-12,Leicestershire Police,Leicestershire Police,-0.891738,52.751690,On or near Swallowdale Road,E01025895,Melton 005C,Violence and sexual offences,Unable to prosecute suspect,
3a59b682655edf28a3b1627a307aad8f486cd94c7ee5e986ace201792cf65592,2023-12,Leicestershire Police,Leicestershire Police,-0.894228,52.752819,On or near Robin Crescent,E01025895,Melton 005C,Other crime,Unable to prosecute suspect,
fe61e2ddfb92d1768dcc561be342cddf192eba3394153ca95ebd8b992535180f,2023-12,Leicestershire Police,Leicestershire Police,-0.890764,52.750952,On or near Swift Close,E01025895,Melton 005C,Other crime,Unable to prosecute suspect,
,2023-12,Leicestershire Police,Leicestershire Police,-0.887274,52.753023,On or near Barker Crescent,E01025907,Melton 005D,Anti-social behaviour,,
,2023-12,Leicestershire Police,Leicestershire Police,-0.881805,52.738606,On or near Sandy Lane,E01025907,Melton 005D,Anti-social behaviour,,
92b92b6c6813e83ab7c786649cd69eab4f26973febd48677aff83899b037dc93,2023-12,Leicestershire Police,Leicestershire Police,-0.881805,52.738606,On or near Sandy Lane,E01025907,Melton 005D,Drugs,Local resolution,
4cb3937ef0c763978ffd711951533954d332fff58971810043078824d945cf24,2023-12,Leicestershire Police,Leicestershire Police,-0.885701,52.754267,On or near Gartree Court,E01025907,Melton 005D,Public order,Unable to prosecute suspect,
724b320aaf833b2e0ede248cdb775dd04d2cb2f2a298dc5fc304f2a78f253642,2023-12,Leicestershire Police,Leicestershire Police,-0.885701,52.754267,On or near Gartree Court,E01025907,Melton 005D,Violence and sexual offences,Investigation complete; no suspect identified,
a424967525ab3251dc1529e7856633888336c7f06046d76b7d19c99dc4080f33,2023-12,Leicestershire Police,Leicestershire Police,-0.885701,52.754267,On or near Gartree Court,E01025907,Melton 005D,Violence and sexual offences,Unable to prosecute suspect,
017679e59def22c9cf2771fb429182643af4d62c4afe2e09ea5bdcc5c5ba302a,2023-12,Leicestershire Police,Leicestershire Police,-0.887753,52.749899,On or near Cornwall Place,E01025907,Melton 005D,Violence and sexual offences,Unable to prosecute suspect,
11302ecbd7d8ce533e633c1968a7e6f3cfa20d74391b1f90cc46711a8011c3e5,2023-12,Leicestershire Police,Leicestershire Police,-0.881805,52.738606,On or near Sandy Lane,E01025907,Melton 005D,Violence and sexual offences,Unable to prosecute suspect,
6c7065537028e295218a7cc0578e99479836e0b61298217c27003539d4e69805,2023-12,Leicestershire Police,Leicestershire Police,-0.885971,52.750071,On or near Tudor Hill,E01025907,Melton 005D,Other crime,Formal action is not in the public interest,
b24a5122d455544fefbecf114d2de156daa23c94d79f4806c319220215ba6dcb,2023-12,Leicestershire Police,Leicestershire Police,-0.881837,52.755867,On or near Cromwell Road,E01025908,Melton 005E,Violence and sexual offences,Unable to prosecute suspect,
,2023-12,Leicestershire Police,Leicestershire Police,-0.886954,52.763808,On or near Park Lane,E01025908,Melton 005E,Anti-social behaviour,,
,2023-12,Leicestershire Police,Leicestershire Police,-0.881837,52.755867,On or near Cromwell Road,E01025908,Melton 005E,Anti-social behaviour,,
,2023-12,Leicestershire Police,Leicestershire Police,-0.886768,52.764130,On or near Church Street,E01025908,Melton 005E,Anti-social behaviour,,
b747cd6d67facf3daae97e91f1806a6fc5934c17f1f93c30fe885df7bf81367f,2023-12,Leicestershire Police,Leicestershire Police,-0.885554,52.761206,On or near Parking Area,E01025908,Melton 005E,Criminal damage and arson,Unable to prosecute suspect,
f7e4460ded2933b76f30ec1c98df8ab007888ddfb0780dd96ca4f5893717a16c,2023-12,Leicestershire Police,Leicestershire Police,-0.885554,52.761206,On or near Parking Area,E01025908,Melton 005E,Criminal damage and arson,Investigation complete; no suspect identified,
542e4b2e1ca1f3687ddbbe5d866647d75b2fce5d253305f1056a2520d1d2a6d4,2023-12,Leicestershire Police,Leicestershire Police,-0.886768,52.764130,On or near Church Street,E01025908,Melton 005E,Criminal damage and arson,Court result unavailable,
c44a1d7e94f41ccaa0d7f85f2804d55a292c4554aede1842fecf04c8d80bd41d,2023-12,Leicestershire Police,Leicestershire Police,-0.888245,52.764926,On or near High Street,E01025908,Melton 005E,Other theft,Investigation complete; no suspect identified,
f1dbfd983bf88384f2474cdb959704078298f723f67eceed819fda1ad41a2575,2023-12,Leicestershire Police,Leicestershire Police,-0.886256,52.764476,On or near Market Place,E01025908,Melton 005E,Shoplifting,Investigation complete; no suspect identified,
cdfb46570511f93487a000105fa1ebf382b2eae6f0e1e1c583fd2237c2052562,2023-12,Leicestershire Police,Leicestershire Police,-0.886768,52.764130,On or near Church Street,E01025908,Melton 005E,Violence and sexual offences,Court result unavailable,
29155a0d5f6801c7d64c1bde0e8059cb74b555414460036ec8d603892ed543ea,2023-12,Leicestershire Police,Leicestershire Police,-0.876624,52.752312,On or near Burton Road,E01025908,Melton 005E,Violence and sexual offences,Investigation complete; no suspect identified,
6e51dd31bfb15833561a2dbac84e45d3484f1a241b9346680547304b7792b305,2023-12,Leicestershire Police,Leicestershire Police,-0.886954,52.763808,On or near Park Lane,E01025908,Melton 005E,Violence and sexual offences,Unable to prosecute suspect,
4b9d2af424151f571f43d530aef9fb9b3392bb5309bfc7e6a02fcf3b5d2ff3f9,2023-12,Leicestershire Police,Leicestershire Police,-0.888245,52.764926,On or near High Street,E01025908,Melton 005E,Violence and sexual offences,Formal action is not in the public interest,
2847bb7e99103b3cb07a93e432a8a93c99c5e62fde95d8ecf8efc01f1ea40e4d,2023-12,Leicestershire Police,Leicestershire Police,-0.886256,52.764476,On or near Market Place,E01025908,Melton 005E,Violence and sexual offences,Investigation complete; no suspect identified,
d1220a4deb51f611a9b3af4c8118812d638a594cfe0e0bd04a2e7674600729c6,2023-12,Leicestershire Police,Leicestershire Police,-0.856654,52.747662,On or near Hollow Lane,E01025889,Melton 006A,Criminal damage and arson,Local resolution,
8c98cf62d004e6cbe23c326d0d2c7fac46efcb4fc69f9a48847b5a4e7c16708d,2023-12,Leicestershire Police,Leicestershire Police,-0.966679,52.695253,On or near Church Lane,E01025889,Melton 006A,Criminal damage and arson,Investigation complete; no suspect identified,
,2023-12,Leicestershire Police,Leicestershire Police,-0.843593,52.685324,On or near East Acre,E01025910,Melton 006B,Anti-social behaviour,,
904dc6981aa59cce3984396273f75e8869109d26990650162bbdfc6f9ef56227,2023-12,Leicestershire Police,Leicestershire Police,-0.843593,52.685324,On or near East Acre,E01025910,Melton 006B,Criminal damage and arson,Unable to prosecute suspect,
c580cfaf98dad5993bc33308415ae47333f88f4d4d4e3d70a614c8eb16ff3a04,2023-12,Leicestershire Police,Leicestershire Police,-0.917029,52.695493,On or near The Paddocks,E01025910,Melton 006B,Other theft,Investigation complete; no suspect identified,
0a15a214a17cfcbe533423fec2d727dbe482c0a27694a445ff606d8d80da48e9,2023-12,Leicestershire Police,Leicestershire Police,-0.923408,52.682794,On or near King Street,E01025910,Melton 006B,Vehicle crime,Investigation complete; no suspect identified,
1cedda26bf954eb25d27bcd7d9cc66af5d11bb3fd3fa99d266f5ec28a33fbf1f,2023-12,Leicestershire Police,Leicestershire Police,-0.816834,52.670415,On or near Somerby Road,E01025910,Melton 006B,Violence and sexual offences,Unable to prosecute suspect,
7b2779cc912fa668f21fb0bc35a1c45046e3f1e50335fe1a68a8636f3a1d548c,2023-12,Leicestershire Police,Leicestershire Police,-0.850850,52.687273,On or near Mill Lane,E01025910,Melton 006B,Violence and sexual offences,Investigation complete; no suspect identified,
ed7f7700c9941286f3890f6abb2a0fffac4d33b29bbffa60f462ec803763154e,2023-12,Leicestershire Police,Leicestershire Police,-0.811824,52.811932,On or near Elwell Grove,E01025911,Melton 006C,Violence and sexual offences,Investigation complete; no suspect identified,
2b1a409710d51628fc6f1cfeb8c3e1687730156d9468ae2e0e84850a10d023bc,2023-12,Leicestershire Police,Leicestershire Police,-0.812213,52.817797,On or near Goadby Road,E01025911,Melton 006C,Violence and sexual offences,Unable to prosecute suspect,
763e39c1230647c08b8bc149057321ae80729ed8baee772e4dee30a5058d825a,2023-12,Leicestershire Police,Leicestershire Police,-0.813190,52.812952,On or near Gillet Drive,E01025911,Melton 006C,Violence and sexual offences,Investigation complete; no suspect identified,
b89f26798cce131516ce3f81ca43214de164c2f44d20715066c5a7b8ec2901a0,2023-12,Leicestershire Police,Leicestershire Police,-0.886282,52.802351,On or near Melton Road,E01025911,Melton 006C,Violence and sexual offences,Unable to prosecute suspect,
bf7cd1ea28a2ce1699e56ddd70c162c5b49cba2732f2d5f64d3d597dcde5d1d8,2023-12,Leicestershire Police,Leicestershire Police,-0.813190,52.812952,On or near Gillet Drive,E01025911,Melton 006C,Violence and sexual offences,Status update unavailable,
18fd3487d7e0d5bd88da0d5587f1346a7bca54909cf4f92ff1984fcdda788147,2023-12,Leicestershire Police,Leicestershire Police,-0.739909,52.763686,On or near Butt Lane,E01025912,Melton 006D,Criminal damage and arson,Investigation complete; no suspect identified,
6a012844aacbe6e9788247c9d56576d8425bc487088d703cd191d53bfc091247,2023-12,Leicestershire Police,Leicestershire Police,-0.767328,52.780426,On or near Coston Road,E01025912,Melton 006D,Other theft,Investigation complete; no suspect identified,
05fd0a155af41aaf535ed5701651557a2393dc81a052c25551f530926d6e4c64,2023-12,Leicestershire Police,Leicestershire Police,-0.737271,52.758031,On or near Edmondthorpe Road,E01025912,Melton 006D,Vehicle crime,Investigation complete; no suspect identified,
3ad1c0c414815f4b05b1bbcb218ee26fbaf4adb4aead8afcb1dac8ee95eeaccf,2023-12,Leicestershire Police,Leicestershire Police,-0.832677,52.773410,On or near Woodfold Lane,E01025912,Melton 006D,Violence and sexual offences,Unable to prosecute suspect,
de72108f8c3fd7679f17b3d0b6d8c94657f993b315ef2a008344a49fc578f797,2023-12,Leicestershire Police,Leicestershire Police,-0.741545,52.789173,On or near Grange Lane,E01025912,Melton 006D,Violence and sexual offences,Local resolution,
593b0e9324157d5d66d5b0479d7a39fb08a138fa878353a12557252f9eaab115,2023-12,Leicestershire Police,Leicestershire Police,-0.791481,52.754693,On or near Park/Open Space,E01025912,Melton 006D,Violence and sexual offences,Investigation complete; no suspect identified,
fd30457eaabe258cab4f84639fa1ba99ba377953f55d9e3652b5cb3d2823b0ed,2023-12,Leicestershire Police,Leicestershire Police,-0.745516,52.760419,On or near Meadows Rise,E01025912,Melton 006D,Violence and sexual offences,Investigation complete; no suspect identified,
e45afba381150965db760b82a4d31e64aee47d71ce3911c3e5d1e1b921b2e7b0,2023-12,Leicestershire Police,Leicestershire Police,-0.693409,52.796636,On or near Stainby Road,E01025912,Melton 006D,Violence and sexual offences,Formal action is not in the public interest,
022f858a7ab4dee62a1467465de71da4ca2c41746884bedd81c9f23f74cc45a3,2023-12,Leicestershire Police,Leicestershire Police,-0.791481,52.754693,On or near Park/Open Space,E01025912,Melton 006D,Violence and sexual offences,Investigation complete; no suspect identified,
0aa934256e4e2ec2d66243c8d40e0290aeea19666c6e1a094734d12576f5fa60,2023-12,Leicestershire Police,Leicestershire Police,-0.741545,52.789173,On or near Grange Lane,E01025912,Melton 006D,Violence and sexual offences,Action to be taken by another organisation,
1cefc6cf32718b6e9c9a6d694ec3d83bc1ed19971ed6fe751edd41661cfa4b41,2023-12,Leicestershire Police,Leicestershire Police,-2.215372,53.020479,On or near Parkside Grove,E01029578,Newcastle-under-Lyme 011B,Violence and sexual offences,Unable to prosecute suspect,
bd5dc3302e2905b72c4c9099602b1621a5ad7f1004dca5c96ffc92b961a9f545,2023-12,Leicestershire Police,Leicestershire Police,0.030840,51.528950,On or near Davis Street,E01034202,Newham 022F,Public order,Status update unavailable,
aa2e36989b6664142d99a738467bf0607d89d87d93316d0228bb7d220e39a599,2023-12,Leicestershire Police,Leicestershire Police,0.030840,51.528950,On or near Davis Street,E01034202,Newham 022F,Violence and sexual offences,Status update unavailable,
8d88afd2d320caea9fb62f74ce9cf37500dec5f942421e8c06c3b5bb722c3bec,2023-12,Leicestershire Police,Leicestershire Police,-0.218258,51.970733,On or near Bowershott,E01023647,North Hertfordshire 008D,Violence and sexual offences,Status update unavailable,
83b6898096f8350b8bb10a09421dcecd15acc99ab2da7a14a4a26b3c65d3d5b1,2023-12,Leicestershire Police,Leicestershire Police,-0.278547,51.948233,On or near High Street,E01023616,North Hertfordshire 012F,Violence and sexual offences,Status update unavailable,
4c0435b469283775fd6f4af493a67ef6f899a9582e007a8a6c3906602ed9d960,2023-12,Leicestershire Police,Leicestershire Police,-0.556090,53.176048,On or near The Sydings,E01026238,North Kesteven 004F,Violence and sexual offences,Status update unavailable,
53aded3ba1cad4800e5d97a29fdcf808e73327b72472edb133e6cad2c293c40e,2023-12,Leicestershire Police,Leicestershire Police,-0.721855,52.490412,On or near Caythorpe Square,E01026962,North Northamptonshire 004A,Violence and sexual offences,Offender given a caution,
53263963f39504bb6ae76b727894abed8674c137ed1ced62e54d0f1dd7b415e6,2023-12,Leicestershire Police,Leicestershire Police,-0.791705,52.423484,On or near Norton Street,E01027126,North Northamptonshire 014C,Violence and sexual offences,Investigation complete; no suspect identified,
e3f4f7a73523541bcc753ff972da280d49bc3eed4f0bf87fdda38c9c0994a814,2023-12,Leicestershire Police,Leicestershire Police,-0.807038,52.418227,On or near Meadow Road,E01035412,North Northamptonshire 014E,Other theft,Status update unavailable,
6a503229e7fdf18397cc58dc0790735c62082335fc6dba4557881901c6654525,2023-12,Leicestershire Police,Leicestershire Police,-0.694893,52.284923,On or near Millers Park,E01027320,North Northamptonshire 036D,Other crime,Court result unavailable,
eb67b8b088ac881cb845a4e4362abea2f8e8e0d8bc9fe11a5767af644fbd76f8,2023-12,Leicestershire Police,Leicestershire Police,-1.481224,52.555169,On or near Weddington Lane,E01031030,North Warwickshire 005F,Other crime,Investigation complete; no suspect identified,
a143459143f352eba761c1b0cbab43faa49ff0afc66d0b962d9411b92942f91a,2023-12,Leicestershire Police,Leicestershire Police,-1.361716,52.797328,On or near Gelscoe Lane,E01025924,North West Leicestershire 001A,Other theft,Investigation complete; no suspect identified,
02dc847cfa978dda7c99922da22c174348485907916d13246c73e3974c2e92da,2023-12,Leicestershire Police,Leicestershire Police,-1.380651,52.804944,On or near Peters Close,E01025924,North West Leicestershire 001A,Violence and sexual offences,Action to be taken by another organisation,
39820c26805e4e1247c23ad6f175e53eed7d8c22ae9db88a715b3302fe991721,2023-12,Leicestershire Police,Leicestershire Police,-1.357589,52.838874,On or near Handley Place,E01025926,North West Leicestershire 001C,Criminal damage and arson,Unable to prosecute suspect,
95355866f01f90d6d7c8443c9078fc49675fd29449d81ea929d7e649cfb471d0,2023-12,Leicestershire Police,Leicestershire Police,-1.354755,52.844765,On or near Vulcan Way,E01025926,North West Leicestershire 001C,Burglary,Investigation complete; no suspect identified,
55dbd838a3c6842a957082a8c513a9ea114f4aeb6fea35bd2bde870117e6c1c6,2023-12,Leicestershire Police,Leicestershire Police,-1.354755,52.844765,On or near Vulcan Way,E01025926,North West Leicestershire 001C,Burglary,Investigation complete; no suspect identified,
df60ae23166fcf5d10eccb6a30be11e282d2663ae3696d943c89a7ec6fa95b66,2023-12,Leicestershire Police,Leicestershire Police,-1.355247,52.842646,On or near Cessna Court,E01025926,North West Leicestershire 001C,Burglary,Investigation complete; no suspect identified,
0b9379933e75b80da9cb51f2a654626a81f37c5c4cba73f163fb2a03d30387a3,2023-12,Leicestershire Police,Leicestershire Police,-1.354755,52.844765,On or near Vulcan Way,E01025926,North West Leicestershire 001C,Burglary,Investigation complete; no suspect identified,
a920aabafd7f9b3570d90e4e3eefd07f561a342a9554689b1e536913dc72aa8f,2023-12,Leicestershire Police,Leicestershire Police,-1.355042,52.843445,On or near Piper Avenue,E01025926,North West Leicestershire 001C,Burglary,Investigation complete; no suspect identified,
2c6ec8ffe9560e8ec0c092e3f50973fc39f3868d61bc656a597ac6c1daacdf61,2023-12,Leicestershire Police,Leicestershire Police,-1.344772,52.840206,On or near De Lacy Court,E01025926,North West Leicestershire 001C,Burglary,Investigation complete; no suspect identified,
abed474066273d50de2607a78dbee0c343a664dc8f23d237361d86fa6d265a81,2023-12,Leicestershire Police,Leicestershire Police,-1.355042,52.843445,On or near Piper Avenue,E01025926,North West Leicestershire 001C,Vehicle crime,Investigation complete; no suspect identified,
dd5f5ab61823b72aa553c568430e61e7c7a0da7ff9c05f03625ba1f7c4c15778,2023-12,Leicestershire Police,Leicestershire Police,-1.355247,52.842646,On or near Cessna Court,E01025926,North West Leicestershire 001C,Vehicle crime,Investigation complete; no suspect identified,
27c2d44933feb797f698d536d804fcea8e8d408422aa58250c3ffbfdad7dc598,2023-12,Leicestershire Police,Leicestershire Police,-1.357914,52.839954,On or near Shuttleworth Close,E01025926,North West Leicestershire 001C,Violence and sexual offences,Unable to prosecute suspect,
a8b946e7ed5bd9a97a9ab714cb5fcf4c87cc067e6d745be0058c7b952ba33779,2023-12,Leicestershire Police,Leicestershire Police,-1.350881,52.844654,On or near Fosbrook Drive,E01025926,North West Leicestershire 001C,Violence and sexual offences,Unable to prosecute suspect,
5876ceedb275c9f973e09313083e0684ddc2646a9599936c05c61b33cf600233,2023-12,Leicestershire Police,Leicestershire Police,-1.357914,52.839954,On or near Shuttleworth Close,E01025926,North West Leicestershire 001C,Violence and sexual offences,Unable to prosecute suspect,
5084d260698563dead8e1d2e7ea45b37d180899afe6def025c00c5010bca1a70,2023-12,Leicestershire Police,Leicestershire Police,-1.357914,52.839954,On or near Shuttleworth Close,E01025926,North West Leicestershire 001C,Violence and sexual offences,Formal action is not in the public interest,
c8d961f6202aeb1598032ddddf5f8c37d8f6a9305dccd8e61b504ff08f3c42bf,2023-12,Leicestershire Police,Leicestershire Police,-1.353644,52.843581,On or near Spitfire Road,E01025926,North West Leicestershire 001C,Violence and sexual offences,Unable to prosecute suspect,
5eceee7280872edb667e81f4b23419e5071bdb45d86f6570b491ddc2ea27678e,2023-12,Leicestershire Police,Leicestershire Police,-1.353644,52.843581,On or near Spitfire Road,E01025926,North West Leicestershire 001C,Violence and sexual offences,Unable to prosecute suspect,
d346315eea6f49f6b1bafb366b00f2e41a3127de94def627f53f6aa17c8a18af,2023-12,Leicestershire Police,Leicestershire Police,-1.358133,52.841196,On or near Wheatcroft Lane,E01025926,North West Leicestershire 001C,Other crime,Unable to prosecute suspect,
5b00cb6e43af70767bc8f04b6d6c944b2c7cbb632b16c62df721b822853b00e5,2023-12,Leicestershire Police,Leicestershire Police,-1.351541,52.839550,On or near Sports/Recreation Area,E01025927,North West Leicestershire 001D,Burglary,Further investigation is not in the public interest,
2dad51beda118d5133f0eda90caf3ae19fa0e99177e2d57ad7963972c4f943b1,2023-12,Leicestershire Police,Leicestershire Police,-1.351541,52.839550,On or near Sports/Recreation Area,E01025927,North West Leicestershire 001D,Burglary,Awaiting court outcome,
,2023-12,Leicestershire Police,Leicestershire Police,-1.347973,52.833643,On or near Hill Top,E01025927,North West Leicestershire 001D,Anti-social behaviour,,
f71f097d18eb3885e17eb4e6809623a7a99d826d5a3dd2fad5ec34c8b48ae284,2023-12,Leicestershire Police,Leicestershire Police,-1.339462,52.826144,On or near Dakota Road,E01025927,North West Leicestershire 001D,Other theft,Investigation complete; no suspect identified,
333dfaaf344f16dc3b7fb9ff0b498e54fa615d92eb8bff918d7e9e308e68a93e,2023-12,Leicestershire Police,Leicestershire Police,-1.339462,52.826144,On or near Dakota Road,E01025927,North West Leicestershire 001D,Other theft,Investigation complete; no suspect identified,
5ae5841aa2504dd65180596a0f66d5cc8d8bea553419e7a9b8320dc34665c6e3,2023-12,Leicestershire Police,Leicestershire Police,-1.339207,52.837110,On or near Windmill Close,E01025927,North West Leicestershire 001D,Violence and sexual offences,Unable to prosecute suspect,
6e625f22308466d856c24e99823dd629df07639f72b6a10bb39d02c2c26cff85,2023-12,Leicestershire Police,Leicestershire Police,-1.356403,52.837762,On or near Welsted Road,E01025927,North West Leicestershire 001D,Violence and sexual offences,Further action is not in the public interest,
34545c656860a48f688c6516a01e80e5b7e926e043c1b58d25eaf2bb1a15413f,2023-12,Leicestershire Police,Leicestershire Police,-1.351541,52.839550,On or near Sports/Recreation Area,E01025927,North West Leicestershire 001D,Violence and sexual offences,Unable to prosecute suspect,
,2023-12,Leicestershire Police,Leicestershire Police,-1.340569,52.843239,On or near Monteith Place,E01025928,North West Leicestershire 001E,Anti-social behaviour,,
310501c9c246244a1c5f4171d04d35e13ecebbf7307cc16ae078c6ca9f7bf599,2023-12,Leicestershire Police,Leicestershire Police,-1.345138,52.844514,On or near Loudoun Place,E01025928,North West Leicestershire 001E,Violence and sexual offences,Investigation complete; no suspect identified,
a7be619a92c462d0d1ad3ffe694b8c204c096f477776e436cec517b9e14bbc28,2023-12,Leicestershire Police,Leicestershire Police,-1.348967,52.844571,On or near Salter Close,E01025928,North West Leicestershire 001E,Violence and sexual offences,Status update unavailable,
,2023-12,Leicestershire Police,Leicestershire Police,-1.322513,52.854851,On or near Rycroft Road,E01035098,North West Leicestershire 001F,Anti-social behaviour,,
e125aac5d3d4be1c829ff115295beb3138beba2f0bfcd5e311e9b1e707e4f89d,2023-12,Leicestershire Police,Leicestershire Police,-1.338160,52.845455,On or near Tanyard Close,E01035098,North West Leicestershire 001F,Drugs,Local resolution,
d0e29a285eacb982b8459a556289ba81048ecab8c68a7518aee1be35b0573825,2023-12,Leicestershire Police,Leicestershire Police,-1.330036,52.826574,On or near Parking Area,E01035098,North West Leicestershire 001F,Other theft,Local resolution,
ddec191c4951ec312c21f269917996a0db277076d03b9606a3e56b1d6d1d771e,2023-12,Leicestershire Police,Leicestershire Police,-1.330036,52.826574,On or near Parking Area,E01035098,North West Leicestershire 001F,Shoplifting,Unable to prosecute suspect,
317e8e8ce86f448a4fd8883b46c838c9abbc10a6db83ff4acadb313dcddf16df,2023-12,Leicestershire Police,Leicestershire Police,-1.304153,52.846762,On or near Church Street,E01035098,North West Leicestershire 001F,Vehicle crime,Investigation complete; no suspect identified,
13961b5847610501f2e6c69a32f0b63b0176f69a4b28c7ae9dfed36ffbaa3f34,2023-12,Leicestershire Police,Leicestershire Police,-1.308139,52.871972,On or near Parking Area,E01035098,North West Leicestershire 001F,Violence and sexual offences,Investigation complete; no suspect identified,
eebbd34c1b5997ca2a9d61820493aad7051cf911c57a716fc17d91888d954fae,2023-12,Leicestershire Police,Leicestershire Police,-1.304153,52.846762,On or near Church Street,E01035098,North West Leicestershire 001F,Violence and sexual offences,Investigation complete; no suspect identified,
82b5188203d8e89f453645510e7c00936c6968ee597e30095946cafedacbbf44,2023-12,Leicestershire Police,Leicestershire Police,-1.330036,52.826574,On or near Parking Area,E01035098,North West Leicestershire 001F,Other crime,Investigation complete; no suspect identified,
d1ec4443162c97802fdea877372c5c40fd6193925167a05db3df59f59512d4fb,2023-12,Leicestershire Police,Leicestershire Police,-1.337189,52.843859,On or near Hillside,E01035099,North West Leicestershire 001G,Public order,Unable to prosecute suspect,
f45c9131dd97c070960329c3180b2342df10c423a4576252738ae5c34e00ac60,2023-12,Leicestershire Police,Leicestershire Police,-1.338400,52.841366,On or near St Anne'S Lane,E01035099,North West Leicestershire 001G,Public order,Unable to prosecute suspect,
248394dc02a7ca390b8babb8dd41043939396469e91faa938398517b784e0c6d,2023-12,Leicestershire Police,Leicestershire Police,-1.336006,52.847430,On or near Carnival Way,E01035099,North West Leicestershire 001G,Shoplifting,Investigation complete; no suspect identified,
823a0f7ac1784fafd417037d0f828fc59d8db8b708126615ccd283327175e6b5,2023-12,Leicestershire Police,Leicestershire Police,-1.335755,52.840543,On or near Eastway,E01035099,North West Leicestershire 001G,Violence and sexual offences,Action to be taken by another organisation,
23f5bce7f94afc92481326209216359d871ae064532affc0ab12af97d4553bbd,2023-12,Leicestershire Police,Leicestershire Police,-1.334102,52.843797,On or near Montford Mews,E01035099,North West Leicestershire 001G,Violence and sexual offences,Court result unavailable,
048794b5629907dbb000d5a755872d854c6d8ec431df2e24a460d5ba9f929595,2023-12,Leicestershire Police,Leicestershire Police,-1.340736,52.840085,On or near Barn Close,E01035099,North West Leicestershire 001G,Violence and sexual offences,Unable to prosecute suspect,
ac560bbf9113dfb1b1c61b91cc66479c32a3a10bbb561ef0f55572f3f1d50136,2023-12,Leicestershire Police,Leicestershire Police,-1.334102,52.843797,On or near Montford Mews,E01035099,North West Leicestershire 001G,Violence and sexual offences,Unable to prosecute suspect,
,2023-12,Leicestershire Police,Leicestershire Police,-1.347432,52.753794,On or near Warren Lane,E01025923,North West Leicestershire 002A,Anti-social behaviour,,
,2023-12,Leicestershire Police,Leicestershire Police,-1.308098,52.821776,On or near Motorway Service Area,E01025923,North West Leicestershire 002A,Anti-social behaviour,,
,2023-12,Leicestershire Police,Leicestershire Police,-1.335436,52.782612,On or near Presents Lane,E01025923,North West Leicestershire 002A,Anti-social behaviour,,
6d1d56524787fe781ab21727ba102dd15539970c5af2e2585e945137132d21a1,2023-12,Leicestershire Police,Leicestershire Police,-1.338539,52.784310,On or near The Toft,E01025923,North West Leicestershire 002A,Other theft,Investigation complete; no suspect identified,
cf27f45ce57d6092668ec3a4dd3f98b1d28193b7a7cbd7ee7512d2072822cee4,2023-12,Leicestershire Police,Leicestershire Police,-1.341018,52.769410,On or near Low Woods Lane,E01025923,North West Leicestershire 002A,Other theft,Investigation complete; no suspect identified,
2908298bd71010c4de00b9b7ce4caa82e585abfce5f028d911dbb6b5aee2917c,2023-12,Leicestershire Police,Leicestershire Police,-1.318436,52.825944,On or near Argosy Road,E01025923,North West Leicestershire 002A,Other theft,Investigation complete; no suspect identified,
53c98c09110ff1e2522f2371b207727225f4ef482ba31b61327ea46ef6865f53,2023-12,Leicestershire Police,Leicestershire Police,-1.320354,52.826674,On or near Beverley Road,E01025923,North West Leicestershire 002A,Other theft,Investigation complete; no suspect identified,
4457e8708e2a18ea6d05f85169227779056709ccf1c6832a7f755506bff07d16,2023-12,Leicestershire Police,Leicestershire Police,-1.308098,52.821776,On or near Motorway Service Area,E01025923,North West Leicestershire 002A,Other theft,Investigation complete; no suspect identified,
5caee768eb383095b70811fb16febe55c0c1aed8ef96c0acf2ba635c306288fe,2023-12,Leicestershire Police,Leicestershire Police,-1.308583,52.823038,On or near Petrol Station,E01025923,North West Leicestershire 002A,Public order,Investigation complete; no suspect identified,
6d5753a8e111a7bd3149b4af25ee5f900ecfd6098c21e542897f122c7427dea6,2023-12,Leicestershire Police,Leicestershire Police,-1.307660,52.822286,On or near Parking Area,E01025923,North West Leicestershire 002A,Public order,Investigation complete; no suspect identified,
a0f528393f63f7ae64d9fee2f85263237981d0c8cc311b519bdb758ab879d717,2023-12,Leicestershire Police,Leicestershire Police,-1.308098,52.821776,On or near Motorway Service Area,E01025923,North West Leicestershire 002A,Public order,Investigation complete; no suspect identified,
3cecf81ec03ad54bd548d752ae8662ead87491f78a5dc35efdd4b9608aa9af66,2023-12,Leicestershire Police,Leicestershire Police,-1.308583,52.823038,On or near Petrol Station,E01025923,North West Leicestershire 002A,Vehicle crime,Investigation complete; no suspect identified,
4ac92c71a5d913b4736c5d9698571feb5595271312ee6421559818189cd8bb65,2023-12,Leicestershire Police,Leicestershire Police,-1.308098,52.821776,On or near Motorway Service Area,E01025923,North West Leicestershire 002A,Vehicle crime,Investigation complete; no suspect identified,
5d390badc2e01e73bc8141e149c4d0c0c0c2a220772edac1529ade1a2947bf67,2023-12,Leicestershire Police,Leicestershire Police,-1.308583,52.823038,On or near Petrol Station,E01025923,North West Leicestershire 002A,Vehicle crime,Investigation complete; no suspect identified,
624ea65b381195ad7ad2c6d6848de4ef631f456d6c84103d8a9c086e454efd65,2023-12,Leicestershire Police,Leicestershire Police,-1.308098,52.821776,On or near Motorway Service Area,E01025923,North West Leicestershire 002A,Vehicle crime,Investigation complete; no suspect identified,
f9a5a0018005b1dea6cf081630f5af3e22ad89179fe30c9c1b4354b2f1f55f44,2023-12,Leicestershire Police,Leicestershire Police,-1.336566,52.781467,On or near Sadlers Wells,E01025923,North West Leicestershire 002A,Violence and sexual offences,Unable to prosecute suspect,
49e19c1144b120f5d7dcd111c6ab26032e98de11a8e628e79b34f38883339404,2023-12,Leicestershire Police,Leicestershire Police,-1.286665,52.805738,On or near Crawshaw Close,E01025944,North West Leicestershire 002B,Burglary,Investigation complete; no suspect identified,
d68f0fd21e6e44ae4dad316a12f7af95851e72639ae5dd71ee52b62e6845ed6f,2023-12,Leicestershire Police,Leicestershire Police,-1.290288,52.807342,On or near Manor Close,E01025944,North West Leicestershire 002B,Violence and sexual offences,Offender given a caution,
aa41a46f76ada5309e11e77a8f13c7f5c847bd829a89370e5cc9621ff4e996ee,2023-12,Leicestershire Police,Leicestershire Police,-1.272083,52.826191,On or near Parking Area,E01025944,North West Leicestershire 002B,Other theft,Investigation complete; no suspect identified,
01e27cda4954b47a3505f7aab8e4b433ca8d4cc94f72ff777b20f0e1b811cf9c,2023-12,Leicestershire Police,Leicestershire Police,-1.281437,52.801625,On or near Spring Lane,E01025944,North West Leicestershire 002B,Vehicle crime,Investigation complete; no suspect identified,
29d197be870ce1f67a0aeabf604f68eed89e7cf40db8be5e47755f36873d22ea,2023-12,Leicestershire Police,Leicestershire Police,-1.283990,52.804265,On or near The Green,E01025944,North West Leicestershire 002B,Violence and sexual offences,Action to be taken by another organisation,
6c7d1b45833c5a8a4a43e14800734c3b28535296b5ebf5222fdcb9b87e828ba3,2023-12,Leicestershire Police,Leicestershire Police,-1.278082,52.800004,On or near Ashby Road,E01025944,North West Leicestershire 002B,Violence and sexual offences,Investigation complete; no suspect identified,
3e37e48c446956d0cd516a2519c3710fcc414f2444b366e55db5d76bcdc5a538,2023-12,Leicestershire Police,Leicestershire Police,-1.279552,52.833140,On or near Bedford Close,E01025945,North West Leicestershire 002C,Other theft,Investigation complete; no suspect identified,
a8ce08868c7285d834c751832fa374723ca0d795f39a2b1436ba6e22684103af,2023-12,Leicestershire Police,Leicestershire Police,-1.284830,52.838943,On or near Wyvelle Crescent,E01025945,North West Leicestershire 002C,Vehicle crime,Investigation complete; no suspect identified,
6a4e97c9fec2c5acee9a40f6de3cf72ce70cd49321b01870f7ac9dde7e4e17b0,2023-12,Leicestershire Police,Leicestershire Police,-1.285718,52.836414,On or near Parking Area,E01025945,North West Leicestershire 002C,Violence and sexual offences,Unable to prosecute suspect,
cfda5b89d6dfa93cc48eda5deb240f7bb05cff2faacd4c80fc67999d81209b05,2023-12,Leicestershire Police,Leicestershire Police,-1.285718,52.836414,On or near Parking Area,E01025945,North West Leicestershire 002C,Violence and sexual offences,Unable to prosecute suspect,
f59e882e993987adaa7d409674fc6e85f0f0d08ffccbe42b6e9d90ff2a69084d,2023-12,Leicestershire Police,Leicestershire Police,-1.274571,52.838081,On or near Mill Lane,E01025946,North West Leicestershire 002D,Violence and sexual offences,Investigation complete; no suspect identified,
,2023-12,Leicestershire Police,Leicestershire Police,-1.278152,52.835208,On or near Parking Area,E01025946,North West Leicestershire 002D,Anti-social behaviour,,
ae1c658553b146fc62a5e8d59a48eed3be309c04e0feb89c60df96ddcac52ef7,2023-12,Leicestershire Police,Leicestershire Police,-1.278992,52.838288,On or near Queens Road,E01025946,North West Leicestershire 002D,Criminal damage and arson,Investigation complete; no suspect identified,
feb77f85e68ab567bb67a9e5d2e0dca4c3690aaa4c3246db318911683f301ce3,2023-12,Leicestershire Police,Leicestershire Police,-1.278996,52.837101,On or near Borough Street,E01025946,North West Leicestershire 002D,Criminal damage and arson,Unable to prosecute suspect,
e46978709096ca738d23e9ae4b06b59bbb04953347d8f513dc7f4e63a0c9aa40,2023-12,Leicestershire Police,Leicestershire Police,-1.275788,52.838133,On or near Kirk Avenue,E01025946,North West Leicestershire 002D,Drugs,Status update unavailable,
b80fe2c1734f8bb790a3cddc79fad81527276a09601d106cc08af9d21b2e3097,2023-12,Leicestershire Police,Leicestershire Police,-1.275788,52.838133,On or near Kirk Avenue,E01025946,North West Leicestershire 002D,Other theft,Investigation complete; no suspect identified,
95e471b723879ad2e390d5ed10f1ee6c1c63d3900d8f636c0b1aa3f40a75d339,2023-12,Leicestershire Police,Leicestershire Police,-1.278358,52.842455,On or near Long Lane,E01025946,North West Leicestershire 002D,Other theft,Investigation complete; no suspect identified,
8afe4c7279b42f30d3b8d57dd129ceda9133d15a1120adf5b74ec896fcdf0959,2023-12,Leicestershire Police,Leicestershire Police,-1.278057,52.836466,On or near Dragwell,E01025946,North West Leicestershire 002D,Public order,Investigation complete; no suspect identified,
99fb602c84df44a0df2ea71e88e951544de31299a098e4634e77596be84e6313,2023-12,Leicestershire Police,Leicestershire Police,-1.277561,52.835061,On or near Supermarket,E01025946,North West Leicestershire 002D,Shoplifting,Investigation complete; no suspect identified,
d1a7c61d8bc58dd40bdd1619ae40565ca0d60372f108f5f9a90dd2d575bceb69,2023-12,Leicestershire Police,Leicestershire Police,-1.277561,52.835061,On or near Supermarket,E01025946,North West Leicestershire 002D,Shoplifting,Investigation complete; no suspect identified,
e79030cd7cf9c0bfe808b814c86371345a670f8e7e3d9d2ec80390466cab7cfc,2023-12,Leicestershire Police,Leicestershire Police,-1.277561,52.835061,On or near Supermarket,E01025946,North West Leicestershire 002D,Shoplifting,Court result unavailable,
9f0e77627f1f9722d807cc4fb0bb18c9857ee286f81e2824cbe705e17a41f7e2,2023-12,Leicestershire Police,Leicestershire Police,-1.277561,52.835061,On or near Supermarket,E01025946,North West Leicestershire 002D,Shoplifting,Investigation complete; no suspect identified,
bd6ce7f17f86e441dbe0411f125b9d5feb76142791fcd0ef3e95ec63336d0aa1,2023-12,Leicestershire Police,Leicestershire Police,-1.277561,52.835061,On or near Supermarket,E01025946,North West Leicestershire 002D,Shoplifting,Investigation complete; no suspect identified,
ae4b581cb4a57a3594439a66bcdd76befc18a9fdf1f54c524f6da7c94ea407d1,2023-12,Leicestershire Police,Leicestershire Police,-1.277561,52.835061,On or near Supermarket,E01025946,North West Leicestershire 002D,Shoplifting,Investigation complete; no suspect identified,
162fe316b65101192b25feb48b9bfc78c272765a7668b3627da1277c32fbc731,2023-12,Leicestershire Police,Leicestershire Police,-1.277561,52.835061,On or near Supermarket,E01025946,North West Leicestershire 002D,Shoplifting,Investigation complete; no suspect identified,
240856fc5710750f3aa6a6d3e7e9b152b8a4a95f21224dc7314424f426976bdd,2023-12,Leicestershire Police,Leicestershire Police,-1.277561,52.835061,On or near Supermarket,E01025946,North West Leicestershire 002D,Shoplifting,Investigation complete; no suspect identified,
e7129a99105e08147c8fefcc133482ca6a9e7c6880508ac670092adcf2c2824b,2023-12,Leicestershire Police,Leicestershire Police,-1.277561,52.835061,On or near Supermarket,E01025946,North West Leicestershire 002D,Shoplifting,Investigation complete; no suspect identified,
8d69e7ce8a8bdac5060747c6d50ee03f8214a221941ea6b3e87a8475d876ae12,2023-12,Leicestershire Police,Leicestershire Police,-1.277561,52.835061,On or near Supermarket,E01025946,North West Leicestershire 002D,Shoplifting,Investigation complete; no suspect identified,
d8124c63fe882b68352f49712c8c68eafc8178d4c272ec5620829f03ed031911,2023-12,Leicestershire Police,Leicestershire Police,-1.277561,52.835061,On or near Supermarket,E01025946,North West Leicestershire 002D,Shoplifting,Investigation complete; no suspect identified,
0dd70a8f9c036dc84b9c1185e357e90e62756770d4d1abbbb2e876eecbae8d7f,2023-12,Leicestershire Police,Leicestershire Police,-1.277561,52.835061,On or near Supermarket,E01025946,North West Leicestershire 002D,Violence and sexual offences,Unable to prosecute suspect,
0f4877f7019b4bc4d502a07d862e09f02aaae59b533a909aa5a00bd0bf416d4e,2023-12,Leicestershire Police,Leicestershire Police,-1.278358,52.842455,On or near Long Lane,E01025946,North West Leicestershire 002D,Violence and sexual offences,Unable to prosecute suspect,
e15372521ef0f39f3e1586bf67afb19d7b9abb0ccc5c3a28a882b7a495812b85,2023-12,Leicestershire Police,Leicestershire Police,-1.275788,52.838133,On or near Kirk Avenue,E01025946,North West Leicestershire 002D,Violence and sexual offences,Unable to prosecute suspect,
171faf66fa6081b2e9575e8a40f44a8012c50e15ec37f8d642ccbc2e45c6d99c,2023-12,Leicestershire Police,Leicestershire Police,-1.470679,52.747333,On or near Market Street,E01025915,North West Leicestershire 003A,Violence and sexual offences,Unable to prosecute suspect,
51d712262c81a5c3d138c248fcc22630d759455afcd741d7fa9260b174de2427,2023-12,Leicestershire Police,Leicestershire Police,-1.465773,52.747581,On or near Parking Area,E01025915,North West Leicestershire 003A,Criminal damage and arson,Investigation complete; no suspect identified,
2f338582902acf3ed618b53b44ce4865d1dddde8a33c6b5b92aebeb3e07dd98f,2023-12,Leicestershire Police,Leicestershire Police,-1.470679,52.747333,On or near Market Street,E01025915,North West Leicestershire 003A,Criminal damage and arson,Investigation complete; no suspect identified,
f25cebecef1c209bd1ac43a5f0e87820c9ab7c7bd76288c7d409827bb5acba48,2023-12,Leicestershire Police,Leicestershire Police,-1.472710,52.746030,On or near Parking Area,E01025915,North West Leicestershire 003A,Drugs,Local resolution,
ab5155497a0f4b3967b953a0dc2b620cc6bc079133439459faf39ac65f5048f5,2023-12,Leicestershire Police,Leicestershire Police,-1.472710,52.746030,On or near Parking Area,E01025915,North West Leicestershire 003A,Possession of weapons,Court result unavailable,
ca2edb612fc1d5b1cbafb1fb040f29f3489f851ca036914bd16d03ffeb67b0ab,2023-12,Leicestershire Police,Leicestershire Police,-1.472710,52.746030,On or near Parking Area,E01025915,North West Leicestershire 003A,Public order,Court result unavailable,
34f1530ef39d6691c2a664b5db51b0dbdd724d9c10ee94d6d74ddf70a9182c07,2023-12,Leicestershire Police,Leicestershire Police,-1.472710,52.746030,On or near Parking Area,E01025915,North West Leicestershire 003A,Public order,Unable to prosecute suspect,
a5785db47c41898b668bd82f5dd27f0eab04262807ea871e69f0bd8b08ccf79b,2023-12,Leicestershire Police,Leicestershire Police,-1.472710,52.746030,On or near Parking Area,E01025915,North West Leicestershire 003A,Robbery,Unable to prosecute suspect,
0dd12dfb46f3fa623164ef5000c88d167b4e2da9254c894d9e7fb862a3b135c3,2023-12,Leicestershire Police,Leicestershire Police,-1.472710,52.746030,On or near Parking Area,E01025915,North West Leicestershire 003A,Shoplifting,Formal action is not in the public interest,
c309ad0facec70927fb2137bb18edac549860bceb7f2804418033dd341f123ab,2023-12,Leicestershire Police,Leicestershire Police,-1.472710,52.746030,On or near Parking Area,E01025915,North West Leicestershire 003A,Shoplifting,Court result unavailable,
0a924e9bac8cfc0b312313d9b796b2ddc94373338e5407d87d8b00ab135bad97,2023-12,Leicestershire Police,Leicestershire Police,-1.472710,52.746030,On or near Parking Area,E01025915,North West Leicestershire 003A,Shoplifting,Unable to prosecute suspect,
1094d76bb5bd4b4c99bdd693b116df7fd3dea392625c75923b4f17cd372d53e9,2023-12,Leicestershire Police,Leicestershire Police,-1.472710,52.746030,On or near Parking Area,E01025915,North West Leicestershire 003A,Shoplifting,Investigation complete; no suspect identified,
1af86c7339808ed4c75a010aca34fa8725f643846427c7bd14f9918cd232198d,2023-12,Leicestershire Police,Leicestershire Police,-1.470075,52.747061,On or near Shopping Area,E01025915,North West Leicestershire 003A,Theft from the person,Investigation complete; no suspect identified,
9af28d3e6210465f1e1974a2d981091c850887c075712d4603a7ed071c95794f,2023-12,Leicestershire Police,Leicestershire Police,-1.470075,52.747061,On or near Shopping Area,E01025915,North West Leicestershire 003A,Violence and sexual offences,Unable to prosecute suspect,
1dbc99af093547cf6a9b62d409e9a5987fca1a6a3fe423f2cb0e95508d15f0fa,2023-12,Leicestershire Police,Leicestershire Police,-1.472710,52.746030,On or near Parking Area,E01025915,North West Leicestershire 003A,Violence and sexual offences,Unable to prosecute suspect,
7d731963557eac6b3bbc637b0894e0ea47eca65f59f2b329deaf4323998ffa6e,2023-12,Leicestershire Police,Leicestershire Police,-1.470075,52.747061,On or near Shopping Area,E01025915,North West Leicestershire 003A,Violence and sexual offences,Unable to prosecute suspect,
7a71d7e9e8e4953a0f6749e742aadb8039a009a03cd55204a14c97a5175bb1c3,2023-12,Leicestershire Police,Leicestershire Police,-1.472710,52.746030,On or near Parking Area,E01025915,North West Leicestershire 003A,Violence and sexual offences,Local resolution,
6fac56cbfe6faf7115b663a2c2b6714fa404910614d10eaa445d495e471940d9,2023-12,Leicestershire Police,Leicestershire Police,-1.470075,52.747061,On or near Shopping Area,E01025915,North West Leicestershire 003A,Violence and sexual offences,Unable to prosecute suspect,
aebaf2c5c0e97289a35619bbe8e6b249ee3a3687c76ec9b0cca690f8eb9524ac,2023-12,Leicestershire Police,Leicestershire Police,-1.470075,52.747061,On or near Shopping Area,E01025915,North West Leicestershire 003A,Violence and sexual offences,Unable to prosecute suspect,
ced4b3263d75e0a50132631c8acb5be0bf486648829be3a190aa94e03e9cd6ff,2023-12,Leicestershire Police,Leicestershire Police,-1.466216,52.743996,On or near Prior Park Lane,E01025915,North West Leicestershire 003A,Violence and sexual offences,Unable to prosecute suspect,
15f82c99282f2c73d0b1a434bdc460c9afacbe58d1952019308068c8bf9b2abe,2023-12,Leicestershire Police,Leicestershire Police,-1.470679,52.747333,On or near Market Street,E01025915,North West Leicestershire 003A,Violence and sexual offences,Investigation complete; no suspect identified,
71df20749745913dc2dd89098a873b0f95e83fa460e7b0de6d87104d88eb63c1,2023-12,Leicestershire Police,Leicestershire Police,-1.470679,52.747333,On or near Market Street,E01025915,North West Leicestershire 003A,Violence and sexual offences,Investigation complete; no suspect identified,
2d5e5c80b25ba80a58e6e446262f37ec605af8c6a05d83307d1e0e6ad3e05c54,2023-12,Leicestershire Police,Leicestershire Police,-1.470679,52.747333,On or near Market Street,E01025915,North West Leicestershire 003A,Violence and sexual offences,Unable to prosecute suspect,
dd9df4085baaae57d8632e3035c3529a24ee6d005dfb42e5447d0c6736a1aa9c,2023-12,Leicestershire Police,Leicestershire Police,-1.472710,52.746030,On or near Parking Area,E01025915,North West Leicestershire 003A,Violence and sexual offences,Investigation complete; no suspect identified,
7e561566650265a432da3938543b7f47c6e4c39e503b8222abe525cf5eda5077,2023-12,Leicestershire Police,Leicestershire Police,-1.473471,52.747966,On or near Elford Street,E01025916,North West Leicestershire 003B,Burglary,Investigation complete; no suspect identified,
973298e743a84ab512db8cbf2b357bcfe80cdc94ca5f6846892d309b0421a2f3,2023-12,Leicestershire Police,Leicestershire Police,-1.472325,52.747251,On or near Parking Area,E01025916,North West Leicestershire 003B,Shoplifting,Unable to prosecute suspect,
78195ec3f810ea3acbd1eedae2d1f512aaf578d802b6f3f0da7c22de0fff5aa4,2023-12,Leicestershire Police,Leicestershire Police,-1.469889,52.747725,On or near Supermarket,E01025916,North West Leicestershire 003B,Violence and sexual offences,Court result unavailable,
,2023-12,Leicestershire Police,Leicestershire Police,-1.472281,52.748428,On or near Parking Area,E01025916,North West Leicestershire 003B,Anti-social behaviour,,
44f7259485b78d6e86c4da7a8fa4fe5576f1cd160b10b8b740babda143201e8d,2023-12,Leicestershire Police,Leicestershire Police,-1.481946,52.750368,On or near Saxon Way,E01025916,North West Leicestershire 003B,Burglary,Investigation complete; no suspect identified,
de42a176a5b036f5d47ba722025f478093a5983ba8789816776b9a85e10d1a77,2023-12,Leicestershire Police,Leicestershire Police,-1.472281,52.748428,On or near Parking Area,E01025916,North West Leicestershire 003B,Criminal damage and arson,Investigation complete; no suspect identified,
82fb455c48b51b4496ae56fc8ed13dd00571844dfcac05cecbd86f3201cb92d6,2023-12,Leicestershire Police,Leicestershire Police,-1.472325,52.747251,On or near Parking Area,E01025916,North West Leicestershire 003B,Shoplifting,Investigation complete; no suspect identified,
cc6c2737a6b1c957cb4865b6ad8ea7ae6f63fafd6e2ab104af12a9fe8bd72370,2023-12,Leicestershire Police,Leicestershire Police,-1.469889,52.747725,On or near Supermarket,E01025916,North West Leicestershire 003B,Theft from the person,Investigation complete; no suspect identified,
332d7789c4ea88f53379382027378a4c42d54c2f46bae6e1488d7880e12f9897,2023-12,Leicestershire Police,Leicestershire Police,-1.472281,52.748428,On or near Parking Area,E01025916,North West Leicestershire 003B,Violence and sexual offences,Local resolution,
fb1e5ebde43b5c60176d094680ae5fb6e6709bb8c779aa35025a2945d5a3ffc5,2023-12,Leicestershire Police,Leicestershire Police,-1.469889,52.747725,On or near Supermarket,E01025916,North West Leicestershire 003B,Violence and sexual offences,Investigation complete; no suspect identified,
8887a24ae8b26b55950bb98f4da22a65e1ce1cbccff1f4e6eb4b0bef82f2f949,2023-12,Leicestershire Police,Leicestershire Police,-1.476902,52.750975,On or near Rossal Drive,E01025916,North West Leicestershire 003B,Violence and sexual offences,Unable to prosecute suspect,
b14886efa0cf757a7446f039e20642e76409bdf8149675fcf88c78c681d900d7,2023-12,Leicestershire Police,Leicestershire Police,-1.469889,52.747725,On or near Supermarket,E01025916,North West Leicestershire 003B,Violence and sexual offences,Investigation complete; no suspect identified,
7c36065def1b8218df587deb6b06af4416b255d762086f663af46bb898295fbe,2023-12,Leicestershire Police,Leicestershire Police,-1.476348,52.753921,On or near Stowe Close,E01025918,North West Leicestershire 003D,Vehicle crime,Investigation complete; no suspect identified,
3e13e68dac9a64688d74ad42f9055796d3c6bed0a88ffb2aee267283cdcfff78,2023-12,Leicestershire Police,Leicestershire Police,-1.473195,52.752451,On or near Park Road,E01025918,North West Leicestershire 003D,Drugs,Unable to prosecute suspect,
a33c9365b64dffba0931e1a4ae45569c15e78f4bc268e8e8b2fefb087481ee6e,2023-12,Leicestershire Police,Leicestershire Police,-1.476234,52.749857,On or near Roedean Close,E01025918,North West Leicestershire 003D,Other theft,Investigation complete; no suspect identified,
45a36bd3e4324ad5ca18be46df9c13550e07db80c1391c531059863eb6881fb8,2023-12,Leicestershire Police,Leicestershire Police,-1.475287,52.753449,On or near King George Avenue,E01025918,North West Leicestershire 003D,Public order,Court result unavailable,
5394b4c6b0ad2e955cb35c02baff9bac5f06c8c10c9bfb430d0f32e22bdad262,2023-12,Leicestershire Police,Leicestershire Police,-1.476348,52.753921,On or near Stowe Close,E01025918,North West Leicestershire 003D,Public order,Unable to prosecute suspect,
c50b56d1ed92e75ffa34cbd8aeb70260f9f0818ab3a642f2d8b0501a5943cf5e,2023-12,Leicestershire Police,Leicestershire Police,-1.474445,52.750739,On or near The Callis,E01025918,North West Leicestershire 003D,Public order,Investigation complete; no suspect identified,
be8bc997975e2a0f4a562be122716cc767b94c3b424dccef16becdef9121c95b,2023-12,Leicestershire Police,Leicestershire Police,-1.474445,52.750739,On or near The Callis,E01025918,North West Leicestershire 003D,Violence and sexual offences,Unable to prosecute suspect,
54c1743e50ac87332effb6d8bf799b83491fcacf55d4a6b0b11d10126ee4be43,2023-12,Leicestershire Police,Leicestershire Police,-1.476348,52.753921,On or near Stowe Close,E01025918,North West Leicestershire 003D,Violence and sexual offences,Unable to prosecute suspect,
,2023-12,Leicestershire Police,Leicestershire Police,-1.483178,52.756495,On or near Thompson Grove,E01035100,North West Leicestershire 003E,Anti-social behaviour,,
97636b8195668096716f0bfff671949fcf528930f2b2f4fcd0adc13c76783043,2023-12,Leicestershire Police,Leicestershire Police,-1.471501,52.754088,On or near Woodcote,E01035100,North West Leicestershire 003E,Possession of weapons,Further action is not in the public interest,
197a30764e4723e0d7aee540169ceb95c0b01cf9140eae00f26ec239fd4ebaf9,2023-12,Leicestershire Police,Leicestershire Police,-1.472007,52.755106,On or near Moneyhill,E01035100,North West Leicestershire 003E,Vehicle crime,Investigation complete; no suspect identified,
55f9c617c356fff7d852bd048c1363c35d5b751a7f87a6d76c11024979677788,2023-12,Leicestershire Police,Leicestershire Police,-1.472007,52.755106,On or near Moneyhill,E01035100,North West Leicestershire 003E,Vehicle crime,Investigation complete; no suspect identified,
3c0b218ffef617152c399b054828e24e0de136e7c2ac65ca5d0a19f67419c26b,2023-12,Leicestershire Police,Leicestershire Police,-1.479119,52.755147,On or near Malvern Crescent,E01035100,North West Leicestershire 003E,Vehicle crime,Investigation complete; no suspect identified,
c6dc49de6c7eab5a4591a429798bd660e895ccbee47df4ee334be88cca651bc9,2023-12,Leicestershire Police,Leicestershire Police,-1.452946,52.752080,On or near Petrol Station,E01035101,North West Leicestershire 003F,Other theft,Court result unavailable,
97efccc5f6262c5200f66de1633fff10cc55fa559162e56d55d82f328fa519e5,2023-12,Leicestershire Police,Leicestershire Police,-1.451443,52.751471,On or near Shopping Area,E01035101,North West Leicestershire 003F,Public order,Action to be taken by another organisation,
09cc1b6a0f7189a0d171cd30d76876f1f9c23ca1444f03176785831c605eb117,2023-12,Leicestershire Police,Leicestershire Police,-1.456826,52.752251,On or near Edgehill Way,E01035101,North West Leicestershire 003F,Violence and sexual offences,Action to be taken by another organisation,
,2023-12,Leicestershire Police,Leicestershire Police,-1.452946,52.752080,On or near Petrol Station,E01035101,North West Leicestershire 003F,Anti-social behaviour,,
7f5af4609e6e36cf60689562151352d6c3cb859b28825797cb2a27961ce1ab25,2023-12,Leicestershire Police,Leicestershire Police,-1.461815,52.751366,On or near Gilby Close,E01035101,North West Leicestershire 003F,Burglary,Investigation complete; no suspect identified,
3964199de8f0b7a93664b6278d420fda17a8e2cbb49b290b5537ae58fa83cf99,2023-12,Leicestershire Police,Leicestershire Police,-1.453989,52.750440,On or near Supermarket,E01035101,North West Leicestershire 003F,Burglary,Investigation complete; no suspect identified,
93a1a1978ebe66dd66c66933f75a22bf19812626dae15097f47c631367ae5a03,2023-12,Leicestershire Police,Leicestershire Police,-1.459668,52.752435,On or near Plantagenet Way,E01035101,North West Leicestershire 003F,Burglary,Investigation complete; no suspect identified,
564f7c7fd3b24efe021b0bf4aa33081c6e2771f0c264d35d18503df2bfb53e87,2023-12,Leicestershire Police,Leicestershire Police,-1.455796,52.750475,On or near Oak Crescent,E01035101,North West Leicestershire 003F,Criminal damage and arson,Local resolution,
d196ebbbb94704fbb3d97c5e4ceb4a2ac15dd13ac9ad4c579f403889ae986abb,2023-12,Leicestershire Police,Leicestershire Police,-1.451484,52.748208,On or near Charterpoint Way,E01035101,North West Leicestershire 003F,Other theft,Further action is not in the public interest,
520d8fbb3ba0c05123928f031d28c62b5827891dc458d4e0c1de2bb52ddd9e89,2023-12,Leicestershire Police,Leicestershire Police,-1.452946,52.752080,On or near Petrol Station,E01035101,North West Leicestershire 003F,Other theft,Investigation complete; no suspect identified,
6f4d7017d746c6b7dede8c8079986395070b3b505465ab7a1079def933470a03,2023-12,Leicestershire Police,Leicestershire Police,-1.451443,52.751471,On or near Shopping Area,E01035101,North West Leicestershire 003F,Other theft,Court result unavailable,
1ed1edc35b8bb52ada5d327bd2b2764d59efc300b7f86b422deb982602949109,2023-12,Leicestershire Police,Leicestershire Police,-1.452946,52.752080,On or near Petrol Station,E01035101,North West Leicestershire 003F,Shoplifting,Unable to prosecute suspect,
95e9efa1e1dc016e7d9eddbf5e0a4624b53e50b5a4c8c4ee80295937c2a8f797,2023-12,Leicestershire Police,Leicestershire Police,-1.452946,52.752080,On or near Petrol Station,E01035101,North West Leicestershire 003F,Shoplifting,Court result unavailable,
123b93fed3209c6f8e54c54acb86704e9ffb11f617a70f927deff2d644076965,2023-12,Leicestershire Police,Leicestershire Police,-1.459386,52.751328,On or near Fairfax Close,E01035101,North West Leicestershire 003F,Vehicle crime,Investigation complete; no suspect identified,
be7ee845f39d57128f521c0605b1c635b5f0449015e31e01e0e7d0e9ea22d1d1,2023-12,Leicestershire Police,Leicestershire Police,-1.459386,52.751328,On or near Fairfax Close,E01035101,North West Leicestershire 003F,Vehicle crime,Investigation complete; no suspect identified,
b4ee5e5ccfec5e8b8608ffa27192f18c17d267ac11aa1059ec84400f4691c0de,2023-12,Leicestershire Police,Leicestershire Police,-1.451375,52.750940,On or near Smithy Road,E01035101,North West Leicestershire 003F,Vehicle crime,Investigation complete; no suspect identified,
416cd29509d0f6fa052145c1041b5ffd8559e543878b4bd9576c419ce3643d00,2023-12,Leicestershire Police,Leicestershire Police,-1.459386,52.751328,On or near Fairfax Close,E01035101,North West Leicestershire 003F,Vehicle crime,Investigation complete; no suspect identified,
31fa757e060909b52bff4e3de0f71ad9f962212e593b3c1fbae23679ba5d8088,2023-12,Leicestershire Police,Leicestershire Police,-1.456689,52.746578,On or near Holland Crescent,E01035101,North West Leicestershire 003F,Vehicle crime,Investigation complete; no suspect identified,
2c8b8dbe94150841ce550e1099af71cd0da94ff0a4b1ec5072dbc5531f931cec,2023-12,Leicestershire Police,Leicestershire Police,-1.456826,52.752251,On or near Edgehill Way,E01035101,North West Leicestershire 003F,Violence and sexual offences,Action to be taken by another organisation,
3c681e88d8a524f8ac3ed6a6936b83632c0aee9b7a37f546bfc859caf57209f9,2023-12,Leicestershire Police,Leicestershire Police,-1.462372,52.748258,On or near Range Road,E01035101,North West Leicestershire 003F,Violence and sexual offences,Local resolution,
9efe35f5fb93eed3706269e0c5acb7466a5aa5707e2bbb8dc3f59994291fea27,2023-12,Leicestershire Police,Leicestershire Police,-1.456826,52.752251,On or near Edgehill Way,E01035101,North West Leicestershire 003F,Violence and sexual offences,Unable to prosecute suspect,
8d9193967f10e32f111e862e02112e0f0003a1f0e834c6809782c0d8ad1a6d31,2023-12,Leicestershire Police,Leicestershire Police,-1.462372,52.748258,On or near Range Road,E01035101,North West Leicestershire 003F,Violence and sexual offences,Unable to prosecute suspect,
6b8b10acad42af7440fd840758854adc4d887a90241e105670c7cdd4178af47f,2023-12,Leicestershire Police,Leicestershire Police,-1.456826,52.752251,On or near Edgehill Way,E01035101,North West Leicestershire 003F,Violence and sexual offences,Action to be taken by another organisation,
841a97e824316cf111eabc8ec7c14ae879215fd0e3c9e45a8a697ec48f9272a8,2023-12,Leicestershire Police,Leicestershire Police,-1.454499,52.751126,On or near Petrol Station,E01035101,North West Leicestershire 003F,Violence and sexual offences,Investigation complete; no suspect identified,
ce081601cb310911a238df119e723748a53a50de3be80e9d01516c1ecb7a73b9,2023-12,Leicestershire Police,Leicestershire Police,-1.462372,52.748258,On or near Range Road,E01035101,North West Leicestershire 003F,Violence and sexual offences,Status update unavailable,
69207cc795079218a1d2f55d360ae1c9fb260c293f0d84cff69c3e8e2a08b91d,2023-12,Leicestershire Police,Leicestershire Police,-1.456826,52.752251,On or near Edgehill Way,E01035101,North West Leicestershire 003F,Violence and sexual offences,Action to be taken by another organisation,
6a213ae07dc4d3c1482ea293e9040b19f169ea3b8b56908f3f8912b93f67c2e6,2023-12,Leicestershire Police,Leicestershire Police,-1.454499,52.751126,On or near Petrol Station,E01035101,North West Leicestershire 003F,Violence and sexual offences,Investigation complete; no suspect identified,
,2023-12,Leicestershire Police,Leicestershire Police,-1.369945,52.749215,On or near Whitwick Moor,E01025960,North West Leicestershire 004A,Anti-social behaviour,,
,2023-12,Leicestershire Police,Leicestershire Police,-1.366766,52.755940,On or near Johnson Close,E01025960,North West Leicestershire 004A,Anti-social behaviour,,
7eeca6743f982b7254901da526a74a592e9d454e217ee49e010be93a71f58bbf,2023-12,Leicestershire Police,Leicestershire Police,-1.368432,52.752389,On or near John Street,E01025960,North West Leicestershire 004A,Violence and sexual offences,Unable to prosecute suspect,
a73a9d561db4c79ed7bfa00df291cc662b99803ad9eec55f4abb92dfb3e4c054,2023-12,Leicestershire Police,Leicestershire Police,-1.368633,52.750808,On or near Supermarket,E01025960,North West Leicestershire 004A,Violence and sexual offences,Court result unavailable,
c591bd0e51d72f817c2c16fbb15b1acc2c06ea63c6f3cf14082530df2ad0ddb0,2023-12,Leicestershire Police,Leicestershire Police,-1.368633,52.750808,On or near Supermarket,E01025960,North West Leicestershire 004A,Violence and sexual offences,Investigation complete; no suspect identified,
79145b801d02cc6bd14d200e051d876260ee2d384cb2e14d5e6fccd8038e88ca,2023-12,Leicestershire Police,Leicestershire Police,-1.368432,52.752389,On or near John Street,E01025960,North West Leicestershire 004A,Violence and sexual offences,Unable to prosecute suspect,
3c3fab07865d8c9cb147413179f241c0fda330ee189111615e54224d7d5af42c,2023-12,Leicestershire Police,Leicestershire Police,-1.368633,52.750808,On or near Supermarket,E01025960,North West Leicestershire 004A,Violence and sexual offences,Investigation complete; no suspect identified,
277779abfd196c6a90407f3c3efde618ef731fcfbe32da1a829a61a2287ae7cd,2023-12,Leicestershire Police,Leicestershire Police,-1.373285,52.734300,On or near Bridle Road,E01025961,North West Leicestershire 004B,Violence and sexual offences,Investigation complete; no suspect identified,
0770bb1efb502a92e3f3cbaefbba6e89d2fb6e945bc4a45de8095d52a30f7e06,2023-12,Leicestershire Police,Leicestershire Police,-1.362493,52.747197,On or near Holcombe Close,E01025961,North West Leicestershire 004B,Burglary,Investigation complete; no suspect identified,
787cd61074398f3470d7f51ac3cf6c3c51a874f59159bc4244e471b958c4a61c,2023-12,Leicestershire Police,Leicestershire Police,-1.366184,52.744942,On or near Martin Close,E01025961,North West Leicestershire 004B,Criminal damage and arson,Investigation complete; no suspect identified,
5c5fe46c40d07769117e26cd9face206c40b59d32d0b0f12cc565983a333d38e,2023-12,Leicestershire Police,Leicestershire Police,-1.368379,52.741745,On or near Robinson Road,E01025961,North West Leicestershire 004B,Other theft,Investigation complete; no suspect identified,
13226b3a0b5472a51b3de05ac47f23ca1af41145fb4128787727f9cd38fd70d9,2023-12,Leicestershire Police,Leicestershire Police,-1.373285,52.734300,On or near Bridle Road,E01025961,North West Leicestershire 004B,Public order,Investigation complete; no suspect identified,
482416c1c0a1651bdfb438443beee6e9789125b1a4360d6a6a556ca0563e5172,2023-12,Leicestershire Police,Leicestershire Police,-1.361960,52.748183,On or near Rock View,E01025961,North West Leicestershire 004B,Violence and sexual offences,Unable to prosecute suspect,
47cb8b2eb5bae07d194fb43e0ffa310eb6721f350238218406c8ac2863464111,2023-12,Leicestershire Police,Leicestershire Police,-1.376451,52.733445,On or near Further/Higher Educational Building,E01025961,North West Leicestershire 004B,Violence and sexual offences,Investigation complete; no suspect identified,
7759996fef386b7957082c1e0175e4e0f29f5d288530e2ba21a87ae3038da3da,2023-12,Leicestershire Police,Leicestershire Police,-1.376451,52.733445,On or near Further/Higher Educational Building,E01025961,North West Leicestershire 004B,Violence and sexual offences,Action to be taken by another organisation,
c773ea0063b8b96dae777746ec69946da33394650475d621e328f6cf982ff5a0,2023-12,Leicestershire Police,Leicestershire Police,-1.361960,52.748183,On or near Rock View,E01025961,North West Leicestershire 004B,Violence and sexual offences,Formal action is not in the public interest,
9f9ae38964f45eef6d859b6a7fc4a29f40f6229b2405aa057b68781430608cab,2023-12,Leicestershire Police,Leicestershire Police,-1.373285,52.734300,On or near Bridle Road,E01025961,North West Leicestershire 004B,Violence and sexual offences,Unable to prosecute suspect,
09e28fdd19bd99dccade699262fad17b3fa5ac64878bcfa1e131b553d105cb55,2023-12,Leicestershire Police,Leicestershire Police,-1.368308,52.758906,On or near Ashby Road,E01025962,North West Leicestershire 004C,Criminal damage and arson,Unable to prosecute suspect,
e34c9d730cb5af572ba7851e42f0722adb7461441ee879c82bc7e8b58d10e448,2023-12,Leicestershire Police,Leicestershire Police,-1.371453,52.755569,On or near Fortnam Close,E01025962,North West Leicestershire 004C,Violence and sexual offences,Unable to prosecute suspect,
,2023-12,Leicestershire Police,Leicestershire Police,-1.363080,52.755570,On or near Sports/Recreation Area,E01025962,North West Leicestershire 004C,Anti-social behaviour,,
,2023-12,Leicestershire Police,Leicestershire Police,-1.363080,52.755570,On or near Sports/Recreation Area,E01025962,North West Leicestershire 004C,Anti-social behaviour,,
,2023-12,Leicestershire Police,Leicestershire Police,-1.363080,52.755570,On or near Sports/Recreation Area,E01025962,North West Leicestershire 004C,Anti-social behaviour,,
4650c45999a3fb20840a6fe13e7ae761cea621d4899b77d38c407ecb621e7d23,2023-12,Leicestershire Police,Leicestershire Police,-1.363678,52.754332,On or near Kelso Court,E01025962,North West Leicestershire 004C,Burglary,Investigation complete; no suspect identified,
993219f621a7aa25def3c2ce7ee04d650059f40cbd6b749b21745101dc89f7b1,2023-12,Leicestershire Police,Leicestershire Police,-1.363678,52.754332,On or near Kelso Court,E01025962,North West Leicestershire 004C,Criminal damage and arson,Investigation complete; no suspect identified,
d84687072e5c2c1cbf9054f060b607a7efbe46d81d2db4e672d0468378044658,2023-12,Leicestershire Police,Leicestershire Police,-1.363678,52.754332,On or near Kelso Court,E01025962,North West Leicestershire 004C,Criminal damage and arson,Unable to prosecute suspect,
9d657c1258aae41e7ef28a5c1feb5b3e3009218e304e30eec62c5a4ec680d375,2023-12,Leicestershire Police,Leicestershire Police,-1.363678,52.754332,On or near Kelso Court,E01025962,North West Leicestershire 004C,Public order,Unable to prosecute suspect,
5ad74c3b21dc89ca819490168130ad783df06290f65c22383a35d33f3df9b25d,2023-12,Leicestershire Police,Leicestershire Police,-1.365810,52.758524,On or near Gee Lane,E01025962,North West Leicestershire 004C,Vehicle crime,Investigation complete; no suspect identified,
4f55dbd51ee27c3da865b027f3b82864df0491feb0ee6a66e600c33babd0b07c,2023-12,Leicestershire Police,Leicestershire Police,-1.365810,52.758524,On or near Gee Lane,E01025962,North West Leicestershire 004C,Vehicle crime,Investigation complete; no suspect identified,
e15787e494e0b8e6e5711a39458e42a5ad8e53e4c2cda5ba49586abe0cf77dbe,2023-12,Leicestershire Police,Leicestershire Police,-1.367203,52.758459,On or near Jones Close,E01025962,North West Leicestershire 004C,Vehicle crime,Investigation complete; no suspect identified,
3333c61590531dce4a4e26e9ef4b7ba072b4591a42605cb27c0ef0331f56f71c,2023-12,Leicestershire Police,Leicestershire Police,-1.365810,52.758524,On or near Gee Lane,E01025962,North West Leicestershire 004C,Vehicle crime,Investigation complete; no suspect identified,
3af0d51ff8f326b5eef5584ba971d212625be62ef7b5e1d0cbe363ea3dc73690,2023-12,Leicestershire Police,Leicestershire Police,-1.367203,52.758459,On or near Jones Close,E01025962,North West Leicestershire 004C,Vehicle crime,Investigation complete; no suspect identified,
4f4380328952842e408d0612cf42d4fe7d6d714edb79b4476b2a87d0400b8159,2023-12,Leicestershire Police,Leicestershire Police,-1.373246,52.757619,On or near Millhouse Estate,E01025962,North West Leicestershire 004C,Violence and sexual offences,Formal action is not in the public interest,
6378a0ca1fd1060dba94474140a5c57d27d285640c025692bd5468cf29b39bee,2023-12,Leicestershire Police,Leicestershire Police,-1.366150,52.756476,On or near The Orchards,E01025962,North West Leicestershire 004C,Violence and sexual offences,Unable to prosecute suspect,
9f7b09c9c2b2ecc439533df3cf2360e28d11be14f7e9998d833ae7812dda043b,2023-12,Leicestershire Police,Leicestershire Police,-1.373246,52.757619,On or near Millhouse Estate,E01025962,North West Leicestershire 004C,Violence and sexual offences,Unable to prosecute suspect,
1d9ce6361d008b8423a078f036df637ea031167134bdd97277e160760de14014,2023-12,Leicestershire Police,Leicestershire Police,-1.369109,52.756833,On or near Henson'S Lane,E01025962,North West Leicestershire 004C,Violence and sexual offences,Unable to prosecute suspect,
88666e019254dbea5e0b776f7f6a600f7b40f79053d44fdb0d70724ff4cbd99e,2023-12,Leicestershire Police,Leicestershire Police,-1.363678,52.754332,On or near Kelso Court,E01025962,North West Leicestershire 004C,Violence and sexual offences,Unable to prosecute suspect,
07dbedc416ee0571315d2243d32c2b57e6e82a2f1e68d9bcd6c170699e787ffa,2023-12,Leicestershire Police,Leicestershire Police,-1.363678,52.754332,On or near Kelso Court,E01025962,North West Leicestershire 004C,Violence and sexual offences,Unable to prosecute suspect,
d4611237adbcd9c548c525e08fe334b368de25d524406c170b0802fd47798609,2023-12,Leicestershire Police,Leicestershire Police,-1.364810,52.753898,On or near Melrose Road,E01025962,North West Leicestershire 004C,Violence and sexual offences,Further action is not in the public interest,
e323f00f9b9f8a89eca7aad07124c93a0121b7ad6b0a62ad9ba2150143c84ccb,2023-12,Leicestershire Police,Leicestershire Police,-1.373246,52.757619,On or near Millhouse Estate,E01025962,North West Leicestershire 004C,Violence and sexual offences,Formal action is not in the public interest,
bc2c37c8e756f782ab1a0e5c87974dd1c644173af1ccc390bbb2e6b8f3ab78cc,2023-12,Leicestershire Police,Leicestershire Police,-1.363678,52.754332,On or near Kelso Court,E01025962,North West Leicestershire 004C,Other crime,Court result unavailable,
,2023-12,Leicestershire Police,Leicestershire Police,-1.387377,52.738968,On or near Clink Lane,E01025965,North West Leicestershire 004D,Anti-social behaviour,,
1082918ef270e746112ee4ffd135191bf9ef8e3f2cf903e697579619d8bf99fe,2023-12,Leicestershire Police,Leicestershire Police,-1.387436,52.749585,On or near St George'S Hill,E01025965,North West Leicestershire 004D,Vehicle crime,Investigation complete; no suspect identified,
09b8a9a61613f654187c8ba0b74f86424278c301a891bad5564e566615fb2991,2023-12,Leicestershire Police,Leicestershire Police,-1.463649,52.726311,On or near Century Drive,E01025955,North West Leicestershire 005A,Burglary,Investigation complete; no suspect identified,
21b6c68c463759a5e5f3b97e51ae3a1a4f9387c15f5dbb555b868d2546a22404,2023-12,Leicestershire Police,Leicestershire Police,-1.401079,52.718343,On or near Jenny'S Lane,E01025955,North West Leicestershire 005A,Criminal damage and arson,Formal action is not in the public interest,
9d8b04851176a4024843b2ab79846ed6f5ebbe984412fb2966daeac1736b9881,2023-12,Leicestershire Police,Leicestershire Police,-1.406993,52.715667,On or near Beesley Lane,E01025955,North West Leicestershire 005A,Criminal damage and arson,Court result unavailable,
9ee5e5b54b06b47ba5676cd86123e0c831700f42aa28efb95ac5ad8b7a8957b4,2023-12,Leicestershire Police,Leicestershire Police,-1.406993,52.715667,On or near Beesley Lane,E01025955,North West Leicestershire 005A,Criminal damage and arson,Court result unavailable,
4cc46e704b44263f8d01961c7c2f0dacd05cdadc5480755e4482af2e08131d33,2023-12,Leicestershire Police,Leicestershire Police,-1.406993,52.715667,On or near Beesley Lane,E01025955,North West Leicestershire 005A,Criminal damage and arson,Court result unavailable,
57cc35ad3905594a1084424147e72b453f32a4307b95becd78fa52b3fb78f74d,2023-12,Leicestershire Police,Leicestershire Police,-1.406993,52.715667,On or near Beesley Lane,E01025955,North West Leicestershire 005A,Criminal damage and arson,Court result unavailable,
71a9a3238c5f9937d750f35890086966837e265e8fc455ee27901074dc9c9202,2023-12,Leicestershire Police,Leicestershire Police,-1.403724,52.717619,On or near Kelham Grove,E01025955,North West Leicestershire 005A,Public order,Unable to prosecute suspect,
904b6ae1ba542003684b57f55827c6e3ec28b2aabdb12a88f699a9797ed7cc23,2023-12,Leicestershire Police,Leicestershire Police,-1.401079,52.718343,On or near Jenny'S Lane,E01025955,North West Leicestershire 005A,Violence and sexual offences,Unable to prosecute suspect,
54940341f5635ffefd889e0c6ed44d4f8ba7cd409f33b02276df7563ea7aa22d,2023-12,Leicestershire Police,Leicestershire Police,-1.406529,52.719333,On or near Beech Avenue,E01025956,North West Leicestershire 005B,Burglary,Investigation complete; no suspect identified,
1be7577a947feb4bd9a3d86b68d46a414b0aae0c441f0584bbab757762daf843,2023-12,Leicestershire Police,Leicestershire Police,-1.407358,52.733522,On or near Ashby Road,E01025956,North West Leicestershire 005B,Criminal damage and arson,Investigation complete; no suspect identified,
14eb39dee562c1180d8d009bcf38005d4943189dcf0c9357f8afd2fa7d1621ac,2023-12,Leicestershire Police,Leicestershire Police,-1.402333,52.719725,On or near Ravenslea,E01025956,North West Leicestershire 005B,Violence and sexual offences,Local resolution,
3d4c1dfb5a034c87e01276e19da8aa73b67df75d9a31b1a888b783300494d576,2023-12,Leicestershire Police,Leicestershire Police,-1.394077,52.718326,On or near Leicester Road,E01025956,North West Leicestershire 005B,Violence and sexual offences,Local resolution,
59123e7ecaebe4a7ace2184b0438ea580bafa50a1c6c129907ecaee6e99ef4db,2023-12,Leicestershire Police,Leicestershire Police,-1.399560,52.781560,On or near Newbold Lane,E01025963,North West Leicestershire 005C,Other theft,Investigation complete; no suspect identified,
13cbe11bbeb4d139fce04d72509e8dc77f53505a3dc96f1b9eac73e45d42af53,2023-12,Leicestershire Police,Leicestershire Police,-1.405783,52.768736,On or near Valley View,E01025963,North West Leicestershire 005C,Violence and sexual offences,Unable to prosecute suspect,
5f1fdb8bc7f2f401e0571f11a0f705dc9f48fa5cca9a400cc9a8b8aeebbc5512,2023-12,Leicestershire Police,Leicestershire Police,-1.407201,52.765822,On or near School Lane,E01025963,North West Leicestershire 005C,Violence and sexual offences,Unable to prosecute suspect,
9261da955c28ed598883592c6b997761bcbdf8b2f44b6ef44763a84880bb0c98,2023-12,Leicestershire Police,Leicestershire Police,-1.421509,52.773210,On or near Park/Open Space,E01025963,North West Leicestershire 005C,Other crime,Investigation complete; no suspect identified,
c99ed111802c16d3720016df82168f3ea6ae5b113d4da5a461613ac4e3904b05,2023-12,Leicestershire Police,Leicestershire Police,-1.407132,52.757793,On or near Outwoods Lane,E01025964,North West Leicestershire 005D,Violence and sexual offences,Unable to prosecute suspect,
03780af2061e37d76390adfda4a1b3a10142e57ed422b2ffc335c59b28de4275,2023-12,Leicestershire Police,Leicestershire Police,-1.426541,52.780818,On or near Parking Area,E01025964,North West Leicestershire 005D,Criminal damage and arson,Investigation complete; no suspect identified,
1359af0bd00fb5b41c3c6bcfb05304f39d39d978a5a68cd903f1735c498a57d2,2023-12,Leicestershire Police,Leicestershire Police,-1.395401,52.754291,On or near Bakewells Lane,E01025964,North West Leicestershire 005D,Vehicle crime,Investigation complete; no suspect identified,
41829ca0afeba782cf56ac87b34d7980a1fdc8f3370aa8ca00e712f66b2428cf,2023-12,Leicestershire Police,Leicestershire Police,-1.389154,52.762323,On or near Middle Road,E01025964,North West Leicestershire 005D,Violence and sexual offences,Unable to prosecute suspect,
6a53bd7a93ddb0ec96ef9054d5249deac190ffa399370c1dcdc24f00ede6c208,2023-12,Leicestershire Police,Leicestershire Police,-1.426969,52.745701,On or near Corkscrew Lane,E01025964,North West Leicestershire 005D,Other crime,Investigation complete; no suspect identified,
feb928d8c7da0c272b721255b86d8c0ce0492678ed05ecf79bbfabb0b68aa3cc,2023-12,Leicestershire Police,Leicestershire Police,-1.385303,52.755858,On or near Anchor Lane,E01025964,North West Leicestershire 005D,Other crime,Investigation complete; no suspect identified,
,2023-12,Leicestershire Police,Leicestershire Police,-1.470218,52.740193,On or near Cambrian Way,E01025914,North West Leicestershire 006A,Anti-social behaviour,,
c4a300fe57b41b2d2f3d7d7acde8605076abf3153cd953e9edbc9df4f2bb9341,2023-12,Leicestershire Police,Leicestershire Police,-1.468790,52.734569,On or near Parking Area,E01025914,North West Leicestershire 006A,Vehicle crime,Investigation complete; no suspect identified,
820c453bab9b5bee8ea06a7cf1701cbcb0cf94b18b1ab28be0460032c2754d36,2023-12,Leicestershire Police,Leicestershire Police,-1.488006,52.741610,On or near Sports/Recreation Area,E01025919,North West Leicestershire 006B,Criminal damage and arson,Investigation complete; no suspect identified,
7b4e09cef06627fc3bb3700cae8351a853784d283f5ef169666557e64a249f6d,2023-12,Leicestershire Police,Leicestershire Police,-1.488006,52.741610,On or near Sports/Recreation Area,E01025919,North West Leicestershire 006B,Criminal damage and arson,Investigation complete; no suspect identified,
ac605a944d4f6a2189aeac2cfa3e3be99fd303407c364afbcdbad8aa64b170cd,2023-12,Leicestershire Police,Leicestershire Police,-1.473959,52.741954,On or near Spinney Close,E01025919,North West Leicestershire 006B,Other theft,Investigation complete; no suspect identified,
e12f7e696225252a4132be36b157901fb5f224be7343932ec4bb4502ef16338c,2023-12,Leicestershire Police,Leicestershire Police,-1.485173,52.739342,On or near Wells Road,E01025919,North West Leicestershire 006B,Public order,Unable to prosecute suspect,
d72a1b57cf788e25858f419ea2afec34a32c70a70af54994c58b62fecf9c1d46,2023-12,Leicestershire Police,Leicestershire Police,-1.482069,52.740012,On or near Bristol Avenue,E01025919,North West Leicestershire 006B,Vehicle crime,Investigation complete; no suspect identified,
1c58d7cf55f92146c5d51ccb130f15a8a4453888f22c6e0e28b544bb96879c3d,2023-12,Leicestershire Police,Leicestershire Police,-1.488036,52.747805,On or near Abbey Close,E01025920,North West Leicestershire 006C,Criminal damage and arson,Investigation complete; no suspect identified,
,2023-12,Leicestershire Police,Leicestershire Police,-1.473984,52.747249,On or near Supermarket,E01025920,North West Leicestershire 006C,Anti-social behaviour,,
,2023-12,Leicestershire Police,Leicestershire Police,-1.486876,52.750713,On or near Atkinson Road,E01025920,North West Leicestershire 006C,Anti-social behaviour,,
0bac18f05efc313037118acf0431c680508eb1a8c2e7de8777ba63bc6404c44c,2023-12,Leicestershire Police,Leicestershire Police,-1.486876,52.750713,On or near Atkinson Road,E01025920,North West Leicestershire 006C,Burglary,Investigation complete; no suspect identified,
1a2bf4487ee136c9a67658a24be1edb95a1e27c6a59c4e40429a00445a2a0d6d,2023-12,Leicestershire Police,Leicestershire Police,-1.483889,52.748965,On or near Westfields Avenue,E01025920,North West Leicestershire 006C,Criminal damage and arson,Investigation complete; no suspect identified,
7bc71a5f522f639f58246dbf24aa36626b3d32f1478bb32385ed45641273db6f,2023-12,Leicestershire Police,Leicestershire Police,-1.473929,52.748076,On or near Derby Road,E01025920,North West Leicestershire 006C,Public order,Unable to prosecute suspect,
c20f979894b5250218483f09bfc6d02055da160de4cc07f8bbcc468ecad39290,2023-12,Leicestershire Police,Leicestershire Police,-1.488036,52.747805,On or near Abbey Close,E01025920,North West Leicestershire 006C,Public order,Unable to prosecute suspect,
d858558c286e610d951ace7fb316253a1499c7bca8af50b40689911b59a83a9e,2023-12,Leicestershire Police,Leicestershire Police,-1.475447,52.747525,On or near Trinity Court,E01025920,North West Leicestershire 006C,Public order,Unable to prosecute suspect,
89e7743462f263a930e582becb616024f822ef95fea3ad3cba55b4fb43403efc,2023-12,Leicestershire Police,Leicestershire Police,-1.484745,52.750524,On or near Westfields Terrace,E01025920,North West Leicestershire 006C,Shoplifting,Investigation complete; no suspect identified,
924b8d80dfbb6d57b08ff1826ebf695cace1db44e18694368aefcbc3532abc76,2023-12,Leicestershire Police,Leicestershire Police,-1.484745,52.750524,On or near Westfields Terrace,E01025920,North West Leicestershire 006C,Shoplifting,Investigation complete; no suspect identified,
cff43ae01cd7abaabba1a6245168b16613ddb2328950c5770440bc189f638edc,2023-12,Leicestershire Police,Leicestershire Police,-1.485490,52.746850,On or near Sports/Recreation Area,E01025920,North West Leicestershire 006C,Vehicle crime,Investigation complete; no suspect identified,
0b8c8c40df324bea2165032693304dd3d44afc267ad117a6f90c56167a5d2dae,2023-12,Leicestershire Police,Leicestershire Police,-1.482962,52.748403,On or near Churchill Close,E01025920,North West Leicestershire 006C,Violence and sexual offences,Unable to prosecute suspect,
217acce3bd35e36900a31e26d09e60a84c24adfc6e4adb62c966348762e23a48,2023-12,Leicestershire Police,Leicestershire Police,-1.482944,52.746183,On or near Highfields Close,E01025920,North West Leicestershire 006C,Violence and sexual offences,Local resolution,
56635e73244e955805c81ba0f603fb0993663dccdb224b4a9201b9397f8eb5e7,2023-12,Leicestershire Police,Leicestershire Police,-1.491183,52.748493,On or near Goose Pen Lane,E01025921,North West Leicestershire 006D,Criminal damage and arson,Investigation complete; no suspect identified,
d28690afe7eb44a3dff067e524a4c6f90e8cb9dd4278e2de9c0181bbb6f6b68a,2023-12,Leicestershire Police,Leicestershire Police,-1.484019,52.742951,On or near Woodside,E01025921,North West Leicestershire 006D,Other theft,Unable to prosecute suspect,
449519122d7d002cc5082d943c3e30ad3396c14f62f2e89c8b15bfae0aaf61e8,2023-12,Leicestershire Police,Leicestershire Police,-1.477275,52.743362,On or near Pithiviers Close,E01025921,North West Leicestershire 006D,Other theft,Investigation complete; no suspect identified,
aca87d8d6f8f039af17e90adbd1170e977a4e9b121714e34beff4d816be4be13,2023-12,Leicestershire Police,Leicestershire Police,-1.473451,52.745961,On or near Bath Street,E01025921,North West Leicestershire 006D,Robbery,Unable to prosecute suspect,
3bd30c15098f4be84bb980f87dd5431de04419c01f7f2d32e32749da66317ffd,2023-12,Leicestershire Police,Leicestershire Police,-1.484148,52.744606,On or near Beaumont Avenue,E01025921,North West Leicestershire 006D,Vehicle crime,Investigation complete; no suspect identified,
d03a7074eb5edcfc337d2f49ee9e8cb1517a57de807d62922ab554291549a640,2023-12,Leicestershire Police,Leicestershire Police,-1.488516,52.748544,On or near Brick Kiln Lane,E01025921,North West Leicestershire 006D,Violence and sexual offences,Investigation complete; no suspect identified,
f63fd695565f85d73bb282d94844b55bbf47216fb93857dfb9b3f4dbd78bdd7d,2023-12,Leicestershire Police,Leicestershire Police,-1.355538,52.737621,On or near Barr Crescent,E01025966,North West Leicestershire 007A,Violence and sexual offences,Unable to prosecute suspect,
74fd5453a96681119c07e405f70cdb4317c2f0a7e8ca336309223441f5d2eeeb,2023-12,Leicestershire Police,Leicestershire Police,-1.355054,52.737268,On or near Ferrers Road,E01025966,North West Leicestershire 007A,Burglary,Investigation complete; no suspect identified,
a934188bfd58909870b38172a5731da0fe6b3a84577960853e950badb1ab3984,2023-12,Leicestershire Police,Leicestershire Police,-1.354704,52.737949,On or near Clarke Close,E01025966,North West Leicestershire 007A,Burglary,Investigation complete; no suspect identified,
d33a173716c22edd9d3dfecbe9b05f0e89793544e1f6407f70e53957d84ff16d,2023-12,Leicestershire Police,Leicestershire Police,-1.355538,52.737621,On or near Barr Crescent,E01025966,North West Leicestershire 007A,Burglary,Investigation complete; no suspect identified,
68ce7b5c401b08f8bc6bbc4d41362f67267ffe6af6d274a226613fff60073500,2023-12,Leicestershire Police,Leicestershire Police,-1.357726,52.734891,On or near Green Lane,E01025966,North West Leicestershire 007A,Criminal damage and arson,Unable to prosecute suspect,
6f494f8a056f27724c090a8b1b8f7cea6613112b633a72e74bca23548ffbe6ef,2023-12,Leicestershire Police,Leicestershire Police,-1.352858,52.739584,On or near Old City Of Dan,E01025966,North West Leicestershire 007A,Criminal damage and arson,Offender given a caution,
438d182f9e677bf7e1c1e2bfc83fdc11f52cfc3256617ce591cc88250c70a932,2023-12,Leicestershire Police,Leicestershire Police,-1.354367,52.739656,On or near City Of Dan,E01025966,North West Leicestershire 007A,Violence and sexual offences,Investigation complete; no suspect identified,
7ac1fb57acee472e5b2431eab671fa5f482b1e01c926c9294f06443a1a291dfb,2023-12,Leicestershire Police,Leicestershire Police,-1.355916,52.736059,On or near George Street,E01025966,North West Leicestershire 007A,Violence and sexual offences,Further action is not in the public interest,
,2023-12,Leicestershire Police,Leicestershire Police,-1.349472,52.733165,On or near Hall Lane,E01025967,North West Leicestershire 007B,Anti-social behaviour,,
225613146a020db7aee835887c32fb4279b2ab36b03785a6dce028e93d6d933d,2023-12,Leicestershire Police,Leicestershire Police,-1.349939,52.733653,On or near Hall Lane,E01025967,North West Leicestershire 007B,Criminal damage and arson,Investigation complete; no suspect identified,
cae8cc83adf41c8cb700ca9ec1a3528d66c2bb34a6a379f499575d26bf8066de,2023-12,Leicestershire Police,Leicestershire Police,-1.351919,52.735939,On or near Rosslyn Road,E01025967,North West Leicestershire 007B,Violence and sexual offences,Unable to prosecute suspect,
9e1ead4300b41f4b9155f1bfc445a15cd9e43c66afb1b011bbb1d63900cdd43b,2023-12,Leicestershire Police,Leicestershire Police,-1.343756,52.731165,On or near Tressall Road,E01025967,North West Leicestershire 007B,Violence and sexual offences,Unable to prosecute suspect,
c0b10a931968cb4e3b7df467f88532f200ebcde4c2624b9f3509c52942a19ca2,2023-12,Leicestershire Police,Leicestershire Police,-1.345144,52.728494,On or near Perran Avenue,E01025967,North West Leicestershire 007B,Violence and sexual offences,Investigation complete; no suspect identified,
096c24f4e2567c1c9d643f59232daec9cae20bd60a2d4e58797813c5846e1b49,2023-12,Leicestershire Police,Leicestershire Police,-1.349939,52.733653,On or near Hall Lane,E01025967,North West Leicestershire 007B,Violence and sexual offences,Unable to prosecute suspect,
6ceffb4136eccc453526f0df695a0893a456185a122538f6269d7ac692edd32a,2023-12,Leicestershire Police,Leicestershire Police,-1.350196,52.740307,On or near Hogarth Road,E01025968,North West Leicestershire 007C,Burglary,Investigation complete; no suspect identified,
5286ed4ce36d1d903f55475ad4263a4588d4093437a4bfab6e62a2b310c49c1a,2023-12,Leicestershire Police,Leicestershire Police,-1.362249,52.744625,On or near Dumps Road,E01025968,North West Leicestershire 007C,Vehicle crime,Investigation complete; no suspect identified,
a8dcf6146188727c7a66ab6ba813cb39428b4f568e046c9f24d1d8aed7cf2415,2023-12,Leicestershire Police,Leicestershire Police,-1.361646,52.744325,On or near Eveden Close,E01025968,North West Leicestershire 007C,Criminal damage and arson,Investigation complete; no suspect identified,
55be3cebfb9dc5d1086d3bc9853ec6bdb829ad3cc8f3f40bfad3590a9379bfbe,2023-12,Leicestershire Police,Leicestershire Police,-1.362786,52.743333,On or near Jarvis Way,E01025968,North West Leicestershire 007C,Other crime,Investigation complete; no suspect identified,
32f52647d3646cea9ccf5708661cc76e366778c42dd90666208dfbe9782cf96a,2023-12,Leicestershire Police,Leicestershire Police,-1.356874,52.738420,On or near Silver Street,E01025969,North West Leicestershire 007D,Other theft,Formal action is not in the public interest,
,2023-12,Leicestershire Police,Leicestershire Police,-1.356278,52.740691,On or near Market Place,E01025969,North West Leicestershire 007D,Anti-social behaviour,,
,2023-12,Leicestershire Police,Leicestershire Police,-1.358638,52.735283,On or near Weaver Close,E01025969,North West Leicestershire 007D,Anti-social behaviour,,
b13b0ebb6752d8797eb88e542dcae137f4277af7f999ab16ef64c0ddcc167975,2023-12,Leicestershire Police,Leicestershire Police,-1.355536,52.740777,On or near Supermarket,E01025969,North West Leicestershire 007D,Public order,Investigation complete; no suspect identified,
94147a57520efbb055b2e95af1811d5973fe7690c9a839a5aa5ee9ef251a352b,2023-12,Leicestershire Police,Leicestershire Police,-1.356278,52.740691,On or near Market Place,E01025969,North West Leicestershire 007D,Vehicle crime,Investigation complete; no suspect identified,
030ef75572c39a95473e4f2d43a479ef06b3a1a03568debb753fccefce3fb57c,2023-12,Leicestershire Police,Leicestershire Police,-1.356278,52.740691,On or near Market Place,E01025969,North West Leicestershire 007D,Violence and sexual offences,Unable to prosecute suspect,
0647ebc391eb2fc7839dac432333d89acb771a89ecf6b3dbb07fe0fb32dda581,2023-12,Leicestershire Police,Leicestershire Police,-1.357886,52.738048,On or near Parking Area,E01025969,North West Leicestershire 007D,Violence and sexual offences,Unable to prosecute suspect,
40bea294b55344b47531909f8b6c7c5ecdcad02b5cf5c4a4623b3e72185e0657,2023-12,Leicestershire Police,Leicestershire Police,-1.364723,52.732358,On or near Bridge Mews,E01025969,North West Leicestershire 007D,Violence and sexual offences,Unable to prosecute suspect,
d3f45144cf6551d3ca121ad477259860648853a6256d846b1a987c298787eefd,2023-12,Leicestershire Police,Leicestershire Police,-1.555441,52.755124,On or near Covert Place,E01025950,North West Leicestershire 008A,Violence and sexual offences,Unable to prosecute suspect,
,2023-12,Leicestershire Police,Leicestershire Police,-1.516343,52.746710,On or near Parking Area,E01025950,North West Leicestershire 008A,Anti-social behaviour,,
737e30f853bb28d713c2b347931c7de0e7d3b60e3c99f39264815991bf4f8454,2023-12,Leicestershire Police,Leicestershire Police,-1.550157,52.760274,On or near Occupation Lane,E01025950,North West Leicestershire 008A,Criminal damage and arson,Investigation complete; no suspect identified,
fb99539128330bbd15f9c5126f93be2fc90c110237bdf175f1382267a591cba1,2023-12,Leicestershire Police,Leicestershire Police,-1.555441,52.755124,On or near Covert Place,E01025950,North West Leicestershire 008A,Public order,Unable to prosecute suspect,
778705411231387be8c8f44eab8f200d939e559e47a003898647859c3a7df298,2023-12,Leicestershire Police,Leicestershire Police,-1.551842,52.760738,On or near Edward Street,E01025950,North West Leicestershire 008A,Public order,Unable to prosecute suspect,
ebb49fb697b0b23c3f62b6b6b62e5a8c7528c3764a5ee54493fee0864445d534,2023-12,Leicestershire Police,Leicestershire Police,-1.514903,52.748376,On or near Cherry Tree Court,E01025950,North West Leicestershire 008A,Violence and sexual offences,Unable to prosecute suspect,
45c87d964e7ddfa67f43e1b3125d6499eac77e63a634ef5c6ea7ec8c513b4545,2023-12,Leicestershire Police,Leicestershire Police,-1.518574,52.747277,On or near Coronation Avenue,E01025950,North West Leicestershire 008A,Violence and sexual offences,Unable to prosecute suspect,
d82ed6c06bea6b112555573bb69ead6aa3960cd0ac580ad84e38d01de87ec7ea,2023-12,Leicestershire Police,Leicestershire Police,-1.518574,52.747277,On or near Coronation Avenue,E01025950,North West Leicestershire 008A,Violence and sexual offences,Unable to prosecute suspect,
07cb1c2cefca45003af61515745a718cab9199fc86075e6bf3a30b310cfe6755,2023-12,Leicestershire Police,Leicestershire Police,-1.518574,52.747277,On or near Coronation Avenue,E01025950,North West Leicestershire 008A,Violence and sexual offences,Further investigation is not in the public interest,
299a4419730e2cef649c3aa9e93d054ec3bbaceae1dc2aad1501474c1b178289,2023-12,Leicestershire Police,Leicestershire Police,-1.556163,52.755514,On or near Occupation Road,E01025950,North West Leicestershire 008A,Violence and sexual offences,Unable to prosecute suspect,
65deb5bc571b07d1011115e6ce304d40c394ff505bf52cf650aaf1d9bb7d6bd7,2023-12,Leicestershire Police,Leicestershire Police,-1.524012,52.741725,On or near Sweethill,E01025950,North West Leicestershire 008A,Violence and sexual offences,Unable to prosecute suspect,
,2023-12,Leicestershire Police,Leicestershire Police,-1.533587,52.734248,On or near Swing Bridge Wharf,E01025951,North West Leicestershire 008B,Anti-social behaviour,,
b94a2b800ccbac83e5cf82e559a10e38b17207e108ba623ce62ad09b29c51b1a,2023-12,Leicestershire Police,Leicestershire Police,-1.535373,52.736160,On or near Laud Close,E01025951,North West Leicestershire 008B,Public order,Further action is not in the public interest,
7312e4a80586328367293ce3b6fd33fb93bd087a937807fcb387adbf772d8f5f,2023-12,Leicestershire Police,Leicestershire Police,-1.536995,52.735457,On or near Supermarket,E01025951,North West Leicestershire 008B,Shoplifting,Investigation complete; no suspect identified,
a41e36582798d931324b9e86990f4e4a58c6f680aecf97f0de537bb36284d1e7,2023-12,Leicestershire Police,Leicestershire Police,-1.536995,52.735457,On or near Supermarket,E01025951,North West Leicestershire 008B,Shoplifting,Investigation complete; no suspect identified,
6ee6a9a2eb4cf0fcb788c2f6e5857f80f48d0cb8774a4d108512d123e15a5e60,2023-12,Leicestershire Police,Leicestershire Police,-1.536995,52.735457,On or near Supermarket,E01025951,North West Leicestershire 008B,Shoplifting,Investigation complete; no suspect identified,
6cbe1d8ac63c1dd516345ba1f18a7933ff49b42422e13ce8e3ecc60e3efafafa,2023-12,Leicestershire Police,Leicestershire Police,-1.532326,52.738522,On or near Station Drive,E01025951,North West Leicestershire 008B,Violence and sexual offences,Unable to prosecute suspect,
7c9690ff2893a5e6da0da1fb0a99a781285753e80cc66077cedb4f7088311767,2023-12,Leicestershire Police,Leicestershire Police,-1.514817,52.758813,On or near Elstead Lane,E01025952,North West Leicestershire 008C,Violence and sexual offences,Unable to prosecute suspect,
7ddb4f567513db4814ad75908ad45d4bb8fbe659491f5d2348b1d4911969b5d9,2023-12,Leicestershire Police,Leicestershire Police,-1.514185,52.755655,On or near Briar Close,E01025952,North West Leicestershire 008C,Violence and sexual offences,Unable to prosecute suspect,
0b05c31346e6e5ff795e7f2f07d8d482920166d4271d1e9f4f895ff2d6bf37e5,2023-12,Leicestershire Police,Leicestershire Police,-1.521359,52.714862,On or near New Street,E01025953,North West Leicestershire 008D,Burglary,Investigation complete; no suspect identified,
61d6484efd0dfbd962fa7315c2cd7fe481f6934dc8cb555eacab2d76da448ea8,2023-12,Leicestershire Police,Leicestershire Police,-1.539204,52.719742,On or near Talbot Place,E01025953,North West Leicestershire 008D,Criminal damage and arson,Local resolution,
721aaf0ad585495d6b923b5d2e65e6fe4d0a8b6f5049db48f8809b07bad67e16,2023-12,Leicestershire Police,Leicestershire Police,-1.526341,52.723683,On or near Measham Road,E01025953,North West Leicestershire 008D,Criminal damage and arson,Investigation complete; no suspect identified,
cd80d9db3bbb858bf26794934a3588c9b9d81b683e417053746a7f50c1e01dc9,2023-12,Leicestershire Police,Leicestershire Police,-1.518982,52.715599,On or near Measham Road,E01025953,North West Leicestershire 008D,Violence and sexual offences,Unable to prosecute suspect,
e56bc27b672ada9d9deab99db0f7d8b43f49fd82221791a21c4baeb1dd9d8d0c,2023-12,Leicestershire Police,Leicestershire Police,-1.518957,52.715212,On or near The Old Stables,E01025953,North West Leicestershire 008D,Violence and sexual offences,Unable to prosecute suspect,
,2023-12,Leicestershire Police,Leicestershire Police,-1.538486,52.721816,On or near Stanleigh Gardens,E01025954,North West Leicestershire 008E,Anti-social behaviour,,
5e75a600a5f97c3ee380d4229ee63e50c6f6506db56ad72ec7ac62656c50705f,2023-12,Leicestershire Police,Leicestershire Police,-1.537828,52.722434,On or near Narrow Lane,E01025954,North West Leicestershire 008E,Public order,Investigation complete; no suspect identified,
19f909dfebb7bb3d4c69dedc63ac59e60ae3795fe958b3d025bf7db111386813,2023-12,Leicestershire Police,Leicestershire Police,-1.527551,52.713017,On or near Stretton View,E01025954,North West Leicestershire 008E,Violence and sexual offences,Unable to prosecute suspect,
,2023-12,Leicestershire Police,Leicestershire Police,-1.336872,52.721292,On or near Charnborough Road,E01025932,North West Leicestershire 009A,Anti-social behaviour,,
f15b3759267e46d46988937367cca505e862bc8e2ba343f6321aeeb262b8fdb3,2023-12,Leicestershire Police,Leicestershire Police,-1.337004,52.718461,On or near Longcliff Road,E01025932,North West Leicestershire 009A,Criminal damage and arson,Investigation complete; no suspect identified,
089a9c8a5ed9eb5c704225bc46a53bb535fe9f50a6b462187a44162c780b78c9,2023-12,Leicestershire Police,Leicestershire Police,-1.337004,52.718461,On or near Longcliff Road,E01025932,North West Leicestershire 009A,Criminal damage and arson,Investigation complete; no suspect identified,
0472178f70f975de9ab2cfa08a54b686a3104a6258c0080c06545be7a8827b20,2023-12,Leicestershire Police,Leicestershire Police,-1.340445,52.719945,On or near Woodhouse Road,E01025932,North West Leicestershire 009A,Criminal damage and arson,Investigation complete; no suspect identified,
1cc203e7589430631e327e9499779fb0d3ea2368397b5882cfa3e459d330023e,2023-12,Leicestershire Police,Leicestershire Police,-1.338118,52.718180,On or near Blackbrook Drive,E01025932,North West Leicestershire 009A,Criminal damage and arson,Action to be taken by another organisation,
cff4c1bb4a0c2eab7f2c4643ffbad1f25144f21c808070245a5df9762e1a9c5d,2023-12,Leicestershire Police,Leicestershire Police,-1.335204,52.720932,On or near Peldar Place,E01025932,North West Leicestershire 009A,Other theft,Unable to prosecute suspect,
e3f3655aaa08902ed7d9bed390353f1732a1ed82c1b4275a70e6b6f868d04cba,2023-12,Leicestershire Police,Leicestershire Police,-1.335242,52.718424,On or near Garendon Road,E01025932,North West Leicestershire 009A,Public order,Unable to prosecute suspect,
7c6d70bbe8ca4a4adf11908e53fc6e661d95cc7b2902483dfb558a8155a55fe5,2023-12,Leicestershire Police,Leicestershire Police,-1.339626,52.719285,On or near Supermarket,E01025932,North West Leicestershire 009A,Public order,Unable to prosecute suspect,
94f257414d48ea46271750831470f0f4cbb4d475bd7d42f38fc0cb4db5220edd,2023-12,Leicestershire Police,Leicestershire Police,-1.338118,52.718180,On or near Blackbrook Drive,E01025932,North West Leicestershire 009A,Public order,Unable to prosecute suspect,
a47cd28cadc375cecf65beac6781cd57d7206bc2865ce69b7e62e78247ec7ec8,2023-12,Leicestershire Police,Leicestershire Police,-1.338118,52.718180,On or near Blackbrook Drive,E01025932,North West Leicestershire 009A,Public order,Unable to prosecute suspect,
f062d192198646af8e81412920303aa268b88bcc297685ea0b0e55bf8f9feef6,2023-12,Leicestershire Police,Leicestershire Police,-1.338885,52.720323,On or near Haslyn Walk,E01025932,North West Leicestershire 009A,Vehicle crime,Investigation complete; no suspect identified,
364a976cc752eedb3a473ef555f627d76d0ff666c2ad2b638160651e2d5a6d4c,2023-12,Leicestershire Police,Leicestershire Police,-1.338252,52.721048,On or near Quorn Crescent,E01025932,North West Leicestershire 009A,Violence and sexual offences,Unable to prosecute suspect,
9f18a3d7f5abbd6b2f2c60edc5980c7d6afa1834c4010f32a71c8f949b501390,2023-12,Leicestershire Police,Leicestershire Police,-1.338020,52.719806,On or near Willowbrook Court,E01025932,North West Leicestershire 009A,Violence and sexual offences,Unable to prosecute suspect,
878b9eb640c3f0b239d9b3c7de5f5e6d1357806d2d27ca1b92add034b55fc340,2023-12,Leicestershire Police,Leicestershire Police,-1.339626,52.719285,On or near Supermarket,E01025932,North West Leicestershire 009A,Violence and sexual offences,Unable to prosecute suspect,
09d87f908cccaffe17fda385833d4bf83e70b4b9a6e0df4120222a9b524c21e1,2023-12,Leicestershire Police,Leicestershire Police,-1.337004,52.718461,On or near Longcliff Road,E01025932,North West Leicestershire 009A,Violence and sexual offences,Unable to prosecute suspect,
81e193e4e6b29a266ad9e1caecd6675107c71ddf4157363e8512c70f47839df3,2023-12,Leicestershire Police,Leicestershire Police,-1.342126,52.720395,On or near Rowan Avenue,E01025932,North West Leicestershire 009A,Violence and sexual offences,Unable to prosecute suspect,
9f7bd863f6045bcd138333d533256be9f56afb77c08fb0029a365125e2a882e6,2023-12,Leicestershire Police,Leicestershire Police,-1.333884,52.719127,On or near Swithland Road,E01025933,North West Leicestershire 009B,Violence and sexual offences,Offender given a caution,
9b445fa412f77c550db920b1f93f943c7c0ab673c1f0116fd9d8cb7fd5b81af5,2023-12,Leicestershire Police,Leicestershire Police,-1.331579,52.721766,On or near Hamilton Road,E01025933,North West Leicestershire 009B,Violence and sexual offences,Unable to prosecute suspect,
583b968ce655ffa0f025eee1377618bec2fbc7391247d9358f298b591008b6af,2023-12,Leicestershire Police,Leicestershire Police,-1.330972,52.721762,On or near Smith Crescent,E01025933,North West Leicestershire 009B,Burglary,Investigation complete; no suspect identified,
9c2cb8566eb0da227c726e791ffa3140a7b89b1252fd45573daccf7f8c6f94bb,2023-12,Leicestershire Police,Leicestershire Police,-1.331579,52.721766,On or near Hamilton Road,E01025933,North West Leicestershire 009B,Criminal damage and arson,Investigation complete; no suspect identified,
e7808d2e4af497bcd9bcc4a47c40e481a24ca1f1dcd4ac9b9ce63408c2ebc17c,2023-12,Leicestershire Police,Leicestershire Police,-1.318786,52.722799,On or near Brunswick Avenue,E01025933,North West Leicestershire 009B,Vehicle crime,Investigation complete; no suspect identified,
8892c984870f83356b6cd465d303ab6e1de12aee90b0de70392ebbf0c6a7dcef,2023-12,Leicestershire Police,Leicestershire Police,-1.332497,52.719847,On or near Clarke Road,E01025933,North West Leicestershire 009B,Vehicle crime,Investigation complete; no suspect identified,
45d0b334aa1de09ff2f74f6369e9eacb8c271c0366c473736787fdb314798717,2023-12,Leicestershire Police,Leicestershire Police,-1.318786,52.722799,On or near Brunswick Avenue,E01025933,North West Leicestershire 009B,Violence and sexual offences,Action to be taken by another organisation,
a8040f99aeb22dd5419b1a50fcf36d76c1e0e61f9a448a60c984f93f19e9d8e2,2023-12,Leicestershire Police,Leicestershire Police,-1.332497,52.719847,On or near Clarke Road,E01025933,North West Leicestershire 009B,Violence and sexual offences,Unable to prosecute suspect,
cc309421a372cec41cbdf93554ec63a566c9f8f5b102e8741c7743545a34078a,2023-12,Leicestershire Police,Leicestershire Police,-1.333884,52.719127,On or near Swithland Road,E01025933,North West Leicestershire 009B,Violence and sexual offences,Unable to prosecute suspect,
303c9e24b63f266d5e36eae78bfb5b5e315a66143062ade2cc9a8bf4563f31e4,2023-12,Leicestershire Police,Leicestershire Police,-1.327935,52.724784,On or near Seagrave Close,E01025934,North West Leicestershire 009C,Violence and sexual offences,Unable to prosecute suspect,
,2023-12,Leicestershire Police,Leicestershire Police,-1.320152,52.723499,On or near Myrtle Lane,E01025934,North West Leicestershire 009C,Anti-social behaviour,,
ad79995adfc41e3bc9fc9f11b632f9924374849123820731a08a49acd28888f8,2023-12,Leicestershire Police,Leicestershire Police,-1.329042,52.724988,On or near Twyford Close,E01025934,North West Leicestershire 009C,Drugs,Further investigation is not in the public interest,
92f02a42cacd0f0edd8c91049e022f3b0876ca4c4f4d6dd3d3276f02388ac4b2,2023-12,Leicestershire Police,Leicestershire Police,-1.324512,52.724980,On or near York Place,E01025934,North West Leicestershire 009C,Vehicle crime,Investigation complete; no suspect identified,
ba86512d9c7f4efa2459753da412f4cc7d5b135c28d03ef33a4af522b2edc7ff,2023-12,Leicestershire Police,Leicestershire Police,-1.326721,52.725748,On or near Stamford Drive,E01025934,North West Leicestershire 009C,Violence and sexual offences,Further action is not in the public interest,
179f756f1317ae29dfbabbbed85653c281f046f6a9c83f18b614bb7eb507b0ed,2023-12,Leicestershire Police,Leicestershire Police,-1.326721,52.725748,On or near Stamford Drive,E01025934,North West Leicestershire 009C,Violence and sexual offences,Local resolution,
52d5fe5797ba2cfda4e82ae1f2e18647966a870e4d29ce24234ac3a78bb7effa,2023-12,Leicestershire Police,Leicestershire Police,-1.324512,52.724980,On or near York Place,E01025934,North West Leicestershire 009C,Violence and sexual offences,Unable to prosecute suspect,
0b51bcbe149a00c92ba8022e8ada44e8025883903a1b03a62f1567cab845e526,2023-12,Leicestershire Police,Leicestershire Police,-1.325524,52.725561,On or near Lancaster Close,E01025934,North West Leicestershire 009C,Violence and sexual offences,Unable to prosecute suspect,
10f8ca5c3569477fb30a9c9c6b5bb55a5be937d9d01c25869e0b4ce6cae4f80c,2023-12,Leicestershire Police,Leicestershire Police,-1.337987,52.727798,On or near Meadow Lane,E01025935,North West Leicestershire 009D,Burglary,Investigation complete; no suspect identified,
e7510acb0ff4b847a5cb819969e710417134352fb1dbbfda14f1dc0e281675a5,2023-12,Leicestershire Police,Leicestershire Police,-1.329318,52.730176,On or near Further/Higher Educational Building,E01025935,North West Leicestershire 009D,Criminal damage and arson,Further action is not in the public interest,
ff0fb8da08a015673d555b4b2867d22907c22aae0895a0c55f247fcbf42b1064,2023-12,Leicestershire Police,Leicestershire Police,-1.329777,52.726313,On or near Oakham Drive,E01025935,North West Leicestershire 009D,Other theft,Investigation complete; no suspect identified,
995528fb4e0fcd1c434ea4ccd6c46e5377a02af8b47913f24b7c9ef0a9006136,2023-12,Leicestershire Police,Leicestershire Police,-1.329318,52.730176,On or near Further/Higher Educational Building,E01025935,North West Leicestershire 009D,Violence and sexual offences,Further action is not in the public interest,
f41c2c939793b734bec134b3b3534c73f8d61efb91d5c0932522278a6381b20f,2023-12,Leicestershire Police,Leicestershire Police,-1.339825,52.726702,On or near Supermarket,E01025935,North West Leicestershire 009D,Violence and sexual offences,Unable to prosecute suspect,
fc29cc3ae0e3cc61c8d30372c3162a5e2f3201e48ebde0fd11eeae8f15b83242,2023-12,Leicestershire Police,Leicestershire Police,-1.339825,52.726702,On or near Supermarket,E01025935,North West Leicestershire 009D,Violence and sexual offences,Action to be taken by another organisation,
ce96796636393e9ca35aa696150abfcd95f034557e2d2ba72a0f2586cb768228,2023-12,Leicestershire Police,Leicestershire Police,-1.339808,52.723951,On or near Verdon Crescent,E01025936,North West Leicestershire 009E,Criminal damage and arson,Investigation complete; no suspect identified,
7b6906e1ffadea1b3e71e394f7ec7565cb6da4c3174a59ea2226dd8b0f73f4e4,2023-12,Leicestershire Police,Leicestershire Police,-1.339808,52.723951,On or near Verdon Crescent,E01025936,North West Leicestershire 009E,Criminal damage and arson,Investigation complete; no suspect identified,
ee4eeb303e19bac63f8fe84f972a5000b192de9c6b20dfe04893cae46597b40d,2023-12,Leicestershire Police,Leicestershire Police,-1.340772,52.723795,On or near Linford Crescent,E01025936,North West Leicestershire 009E,Criminal damage and arson,Court result unavailable,
e01e649fc229cf303649db0a5b99c926486ffb3dbe6218484ee75f36cb458f7d,2023-12,Leicestershire Police,Leicestershire Police,-1.340772,52.723795,On or near Linford Crescent,E01025936,North West Leicestershire 009E,Criminal damage and arson,Court result unavailable,
03556f3cbd7c9549b89354f3553b157a0989af35494bdf64b27f03ccf134d1fd,2023-12,Leicestershire Police,Leicestershire Police,-1.340772,52.723795,On or near Linford Crescent,E01025936,North West Leicestershire 009E,Other theft,Investigation complete; no suspect identified,
b889850dc6821513020f48e15aa8daa23b76e223c2033ddbdfc3d67b8dfaad83,2023-12,Leicestershire Police,Leicestershire Police,-1.344351,52.727051,On or near Sharpley Avenue,E01025936,North West Leicestershire 009E,Other theft,Investigation complete; no suspect identified,
a2978f78adf9260d297e5f2eaca8f6d00fda367e47ab621163fe42dd97aba51d,2023-12,Leicestershire Police,Leicestershire Police,-1.343996,52.726024,On or near Neville Drive,E01025936,North West Leicestershire 009E,Violence and sexual offences,Unable to prosecute suspect,
80bd57df7669f9654d66c67b59b8eab25e9d0448e4bff3e5f4f7be7fd2c2c785,2023-12,Leicestershire Police,Leicestershire Police,-1.340772,52.723795,On or near Linford Crescent,E01025936,North West Leicestershire 009E,Violence and sexual offences,Court result unavailable,
f2e8dfe8a1e2e8493abe99ee2e5976b935d8c8e0325496e4900b8a4451595fb5,2023-12,Leicestershire Police,Leicestershire Police,-1.340772,52.723795,On or near Linford Crescent,E01025936,North West Leicestershire 009E,Violence and sexual offences,Unable to prosecute suspect,
f59f5e8ea5e0b54185ec5065c19942e404d84cc4f3225fee16e6bbd53523de87,2023-12,Leicestershire Police,Leicestershire Police,-1.343996,52.726024,On or near Neville Drive,E01025936,North West Leicestershire 009E,Violence and sexual offences,Investigation complete; no suspect identified,
597ac5dbe3ff85f89499ab98eb89e051f88dc15d0a914deda6975ba2e205f775,2023-12,Leicestershire Police,Leicestershire Police,-1.340772,52.723795,On or near Linford Crescent,E01025936,North West Leicestershire 009E,Violence and sexual offences,Court result unavailable,
778ef3e396fc30c3bd72a9c78ad9b7020900f4c4f9d95112f35051726bb33a58,2023-12,Leicestershire Police,Leicestershire Police,-1.340772,52.723795,On or near Linford Crescent,E01025936,North West Leicestershire 009E,Other crime,Unable to prosecute suspect,
da99d3820f23272f77d46e09767e8314271b2c52a38aa8b63c4a154d202a2b41,2023-12,Leicestershire Police,Leicestershire Police,-1.363097,52.725059,On or near Hawthorn Close,E01025929,North West Leicestershire 010A,Violence and sexual offences,Local resolution,
,2023-12,Leicestershire Police,Leicestershire Police,-1.363097,52.725059,On or near Hawthorn Close,E01025929,North West Leicestershire 010A,Anti-social behaviour,,
3d83092e7ebb6652f750a970dbebfd020416dfa12ef0ea321e3787f0e621fd28,2023-12,Leicestershire Police,Leicestershire Police,-1.362151,52.724955,On or near Speedwell Close,E01025929,North West Leicestershire 010A,Drugs,Local resolution,
88a44cb2ce223dd3e32fa8b24f9ca5396017841a095e6679b52e33d5fa8cc299,2023-12,Leicestershire Police,Leicestershire Police,-1.364745,52.725733,On or near Albert Road,E01025929,North West Leicestershire 010A,Drugs,Unable to prosecute suspect,
ec33e3fcc5cbb9156e67e1dc6c43aadf0f597a299f010450b381a57b95495346,2023-12,Leicestershire Police,Leicestershire Police,-1.363104,52.724582,On or near Whetstone Drive,E01025929,North West Leicestershire 010A,Drugs,Status update unavailable,
49a38c40cff246ad3f3f61daf7fd5c33529ecf7c2f703982593d55cf2a2e48a0,2023-12,Leicestershire Police,Leicestershire Police,-1.363753,52.728820,On or near Shopping Area,E01025929,North West Leicestershire 010A,Other theft,Investigation complete; no suspect identified,
fbc7e35289f02949d9406dc3e76068a284c3ec6eafb220e0a5f94881a311307b,2023-12,Leicestershire Police,Leicestershire Police,-1.366459,52.729059,On or near Petrol Station,E01025929,North West Leicestershire 010A,Other theft,Investigation complete; no suspect identified,
f1fa849c6c79e67785dbfeace31c8af53dc03561578ef3a1e864996199ba6b0b,2023-12,Leicestershire Police,Leicestershire Police,-1.363753,52.728820,On or near Shopping Area,E01025929,North West Leicestershire 010A,Other theft,Court result unavailable,
848e1c82508b827a0eff38321770cb1aba381c3cb2d3a40f5d18d0eab8ec728d,2023-12,Leicestershire Police,Leicestershire Police,-1.366459,52.729059,On or near Petrol Station,E01025929,North West Leicestershire 010A,Other theft,Investigation complete; no suspect identified,
8475c6a069b31682d5655d5f3f60b46876a3624e786a4f4e04682649324b1333,2023-12,Leicestershire Police,Leicestershire Police,-1.363753,52.728820,On or near Shopping Area,E01025929,North West Leicestershire 010A,Other theft,Court result unavailable,
242a920f34dc6aebc948ad03e9293151b7fe2b8205cb71ff2a26d164997ec76d,2023-12,Leicestershire Police,Leicestershire Police,-1.366459,52.729059,On or near Petrol Station,E01025929,North West Leicestershire 010A,Other theft,Investigation complete; no suspect identified,
af568b415778410739a7c822278590c137db494a2c7fc8c1332e9d816863b107,2023-12,Leicestershire Police,Leicestershire Police,-1.363097,52.725059,On or near Hawthorn Close,E01025929,North West Leicestershire 010A,Other theft,Unable to prosecute suspect,
bfb960a201c0bd611e4b82539e29d3d7b82a01b938cecd6bb49718a990a2886c,2023-12,Leicestershire Police,Leicestershire Police,-1.366459,52.729059,On or near Petrol Station,E01025929,North West Leicestershire 010A,Other theft,Local resolution,
667d64510cdb9e2e35e584ed1b26d7b565773df643433ca9bc28fc7f12144a4f,2023-12,Leicestershire Police,Leicestershire Police,-1.366459,52.729059,On or near Petrol Station,E01025929,North West Leicestershire 010A,Other theft,Investigation complete; no suspect identified,
4328dd0b6955beda80e9faf56610b61e5ef23cda457d4a6e7e86138b45660e30,2023-12,Leicestershire Police,Leicestershire Police,-1.364745,52.725733,On or near Albert Road,E01025929,North West Leicestershire 010A,Other theft,Investigation complete; no suspect identified,
33592b4c428cf61595b7794c037f80b54ff1558b566e17f500b2b0fe7b6b4355,2023-12,Leicestershire Police,Leicestershire Police,-1.366459,52.729059,On or near Petrol Station,E01025929,North West Leicestershire 010A,Other theft,Investigation complete; no suspect identified,
8c35c1add5aadb723ede8f5ae9eddb5e64e4e1a375bcdd3b43ccd5b0fe65e344,2023-12,Leicestershire Police,Leicestershire Police,-1.359585,52.721219,On or near Fox Leys Drive,E01025929,North West Leicestershire 010A,Public order,Investigation complete; no suspect identified,
938fda220300ace244ea97f4bb46e90c06076dd28de342c6679e716948c7d634,2023-12,Leicestershire Police,Leicestershire Police,-1.365539,52.729821,On or near Supermarket,E01025929,North West Leicestershire 010A,Public order,Unable to prosecute suspect,
a05f9436c2b97bff7af3bb270cb08a3c5603dc3cae8d181165c8666862464cd1,2023-12,Leicestershire Police,Leicestershire Police,-1.364759,52.724789,On or near Victoria Road,E01025929,North West Leicestershire 010A,Public order,Unable to prosecute suspect,
203c1d205b36568a7f69796e19c077f79df10cc55e568e18e012ed49db3bea87,2023-12,Leicestershire Police,Leicestershire Police,-1.357444,52.720785,On or near Devana Avenue,E01025929,North West Leicestershire 010A,Robbery,Investigation complete; no suspect identified,
f7528fb2e716f4169eace67a82151f9d8be6ed1cc55f5a1a7f8adff5d8e43286,2023-12,Leicestershire Police,Leicestershire Police,-1.363753,52.728820,On or near Shopping Area,E01025929,North West Leicestershire 010A,Shoplifting,Unable to prosecute suspect,
7592f59290b48ae983b199288d2009fa9c6db4a459e48884d1e0d562c3a5b0f9,2023-12,Leicestershire Police,Leicestershire Police,-1.364745,52.725733,On or near Albert Road,E01025929,North West Leicestershire 010A,Vehicle crime,Investigation complete; no suspect identified,
11fcc3828f4aab7cab11da0cb5711b31197e000f5eaff99327075ace24fc70bf,2023-12,Leicestershire Police,Leicestershire Police,-1.360581,52.722968,On or near Oxford Street,E01025929,North West Leicestershire 010A,Violence and sexual offences,Investigation complete; no suspect identified,
61c526d36e4aa408bf0684a894f949a62a42ec9e30360acd0869baf0e63563d9,2023-12,Leicestershire Police,Leicestershire Police,-1.364759,52.724789,On or near Victoria Road,E01025929,North West Leicestershire 010A,Violence and sexual offences,Unable to prosecute suspect,
59e2e5eddc29b90790fef51b7e7524647f177fef1a99c626d0d27101cce03a04,2023-12,Leicestershire Police,Leicestershire Police,-1.365539,52.729821,On or near Supermarket,E01025929,North West Leicestershire 010A,Other crime,Investigation complete; no suspect identified,
87ed0faf86869b49feed2ea591e6d40b7d91d5b7832d1e919081dded8cfd8f4a,2023-12,Leicestershire Police,Leicestershire Police,-1.357259,52.723319,On or near Chilcott Close,E01025929,North West Leicestershire 010A,Other crime,Status update unavailable,
da5e5f8f978ccd3f504b0f6c1c0a166ab3d768d66554e20310a86b7b3e74a32e,2023-12,Leicestershire Police,Leicestershire Police,-1.374033,52.723418,On or near Nightclub,E01025930,North West Leicestershire 010B,Robbery,Investigation complete; no suspect identified,
03dba27ed02f214e53a4218c208b339e7e5427c5ff3c7b93302c2c96f1cdc2e9,2023-12,Leicestershire Police,Leicestershire Police,-1.376919,52.725554,On or near Supermarket,E01025930,North West Leicestershire 010B,Shoplifting,Court result unavailable,
cbfedbd5dc23186a82be8545bf78752ed7a546fa26c6f787ee5bb8d7cf481a1c,2023-12,Leicestershire Police,Leicestershire Police,-1.367145,52.722626,On or near Petrol Station,E01025930,North West Leicestershire 010B,Violence and sexual offences,Unable to prosecute suspect,
c3e9a1baafce7d198bd0f54eb3da2737566d03b1a9ba29d7785441a40d0e593c,2023-12,Leicestershire Police,Leicestershire Police,-1.366591,52.724016,On or near Park Road,E01025930,North West Leicestershire 010B,Violence and sexual offences,Court result unavailable,
,2023-12,Leicestershire Police,Leicestershire Police,-1.373937,52.724945,On or near Parking Area,E01025930,North West Leicestershire 010B,Anti-social behaviour,,
,2023-12,Leicestershire Police,Leicestershire Police,-1.373937,52.724945,On or near Parking Area,E01025930,North West Leicestershire 010B,Anti-social behaviour,,
,2023-12,Leicestershire Police,Leicestershire Police,-1.366591,52.724016,On or near Park Road,E01025930,North West Leicestershire 010B,Anti-social behaviour,,
,2023-12,Leicestershire Police,Leicestershire Police,-1.373937,52.724945,On or near Parking Area,E01025930,North West Leicestershire 010B,Anti-social behaviour,,
3fce0bd44880473c5a800e77635d30dfc39c0b014f55933c62848cfd29bf426f,2023-12,Leicestershire Police,Leicestershire Police,-1.364834,52.719611,On or near St Clares Court,E01025930,North West Leicestershire 010B,Public order,Investigation complete; no suspect identified,
0a63b9f2d380404ad72bbccacb8c85ebb08c55661d471485557c59730cdcfd8c,2023-12,Leicestershire Police,Leicestershire Police,-1.365059,52.719450,On or near Convent Drive,E01025930,North West Leicestershire 010B,Public order,Investigation complete; no suspect identified,
7e40fb72d5a6172a4cab0186ef2da633b289a879d5feab9b7ef3ad375c5bf584,2023-12,Leicestershire Police,Leicestershire Police,-1.375870,52.725420,On or near Police Station,E01025930,North West Leicestershire 010B,Public order,Unable to prosecute suspect,
e23f425d8bbb0b643f9a4307e055062d5fc02c9bcb14841c2f6709a9c316b86f,2023-12,Leicestershire Police,Leicestershire Police,-1.376919,52.725554,On or near Supermarket,E01025930,North West Leicestershire 010B,Shoplifting,Local resolution,
a512a30153ecef597ece70878c4c137b7a9eb5e3b8b31d43993dc33902581016,2023-12,Leicestershire Police,Leicestershire Police,-1.374922,52.724375,On or near Parking Area,E01025930,North West Leicestershire 010B,Shoplifting,Court result unavailable,
e89f37efa4f73067147904984db52f63a0706141912ef5d8b02d260bfe7ed0ff,2023-12,Leicestershire Police,Leicestershire Police,-1.376919,52.725554,On or near Supermarket,E01025930,North West Leicestershire 010B,Shoplifting,Court result unavailable,
55b4bc25c6b27fc47a067c45bcc321236a42dabc68f2d3605c9c64e039ce44a2,2023-12,Leicestershire Police,Leicestershire Police,-1.376919,52.725554,On or near Supermarket,E01025930,North West Leicestershire 010B,Shoplifting,Court result unavailable,
847e99ece5658000abf31d00cdcb3ec5ed9cc7de4b5398ea3fddd6aac84499ba,2023-12,Leicestershire Police,Leicestershire Police,-1.359762,52.720213,On or near Tayleur Close,E01025930,North West Leicestershire 010B,Vehicle crime,Investigation complete; no suspect identified,
6dc45e84f51440a70658e05c5695a1c2823cb01eb1263b2c8635d7c7ac1ffad5,2023-12,Leicestershire Police,Leicestershire Police,-1.367829,52.723412,On or near Christ Church Mews,E01025930,North West Leicestershire 010B,Vehicle crime,Investigation complete; no suspect identified,
5842c74e164af87d72124e5bf6db5fe2f5791c88af9953d839c17db29a6ba5a6,2023-12,Leicestershire Police,Leicestershire Police,-1.365059,52.719450,On or near Convent Drive,E01025930,North West Leicestershire 010B,Vehicle crime,Investigation complete; no suspect identified,
15349d4b7a9b89c243c12b51c5047f6cbc49471e540b77bd20ac70aff2455a83,2023-12,Leicestershire Police,Leicestershire Police,-1.373937,52.724945,On or near Parking Area,E01025930,North West Leicestershire 010B,Violence and sexual offences,Unable to prosecute suspect,
c4ab6f1b21923e3dd43d9b8df822e8fbe0a87efc16e74415db9fbb43a14905a8,2023-12,Leicestershire Police,Leicestershire Police,-1.374033,52.723418,On or near Nightclub,E01025930,North West Leicestershire 010B,Violence and sexual offences,Court result unavailable,
0f01403eeb917e53075a0fb860dfbb2b9c64304f907fbb40da3f9b32acf70245,2023-12,Leicestershire Police,Leicestershire Police,-1.373937,52.724945,On or near Parking Area,E01025930,North West Leicestershire 010B,Violence and sexual offences,Unable to prosecute suspect,
90746bfd8b50b347318572e8567d5cbd591bbb70b08918f80d947e4b3bdaf375,2023-12,Leicestershire Police,Leicestershire Police,-1.376919,52.725554,On or near Supermarket,E01025930,North West Leicestershire 010B,Violence and sexual offences,Unable to prosecute suspect,
294c588bcfd15d5df6f55b0b3ea85f6ebdd7b0554694bac6290bfa176a5a3f51,2023-12,Leicestershire Police,Leicestershire Police,-1.374033,52.723418,On or near Nightclub,E01025930,North West Leicestershire 010B,Violence and sexual offences,Investigation complete; no suspect identified,
287464e182396d05e5b582c8ef736b108ae55be849c6d0a850183ffa906308a1,2023-12,Leicestershire Police,Leicestershire Police,-1.376919,52.725554,On or near Supermarket,E01025930,North West Leicestershire 010B,Violence and sexual offences,Unable to prosecute suspect,
7d9a0150fa63037b5ca81ef9e5a4d2f844db304d3f64f2e737f7c611436e6f9a,2023-12,Leicestershire Police,Leicestershire Police,-1.373937,52.724945,On or near Parking Area,E01025930,North West Leicestershire 010B,Violence and sexual offences,Unable to prosecute suspect,
5157dd17d7028985009aa41d71496cd59843f39936c5c5903b1612428fcfc9f7,2023-12,Leicestershire Police,Leicestershire Police,-1.372662,52.721927,On or near Berrisford Street,E01025930,North West Leicestershire 010B,Violence and sexual offences,Further action is not in the public interest,
1f7ec9b773609eafde1ecf4836f3ac576de19e86d296206f96a9a321b5c26d8f,2023-12,Leicestershire Police,Leicestershire Police,-1.362137,52.721835,On or near Wortley Close,E01025930,North West Leicestershire 010B,Violence and sexual offences,Unable to prosecute suspect,
3ea080aeedef2d074ac3995b2b274e332a1a97ae3e619fbe0b9deb049ea8eeca,2023-12,Leicestershire Police,Leicestershire Police,-1.374963,52.723611,On or near Marlborough Square,E01025930,North West Leicestershire 010B,Violence and sexual offences,Investigation complete; no suspect identified,
,2023-12,Leicestershire Police,Leicestershire Police,-1.370509,52.720352,On or near William Bees Road,E01025931,North West Leicestershire 010C,Anti-social behaviour,,
,2023-12,Leicestershire Police,Leicestershire Police,-1.371172,52.720526,On or near Bridge Road,E01025931,North West Leicestershire 010C,Anti-social behaviour,,
c52f4052b0607f40a87fe9bb2bd78d7bee94b934f0d434184a795263ce8731c9,2023-12,Leicestershire Police,Leicestershire Police,-1.370832,52.716371,On or near Breach Road,E01025931,North West Leicestershire 010C,Burglary,Court result unavailable,
bfb5b5b64c48f8ba2bace43fdd160c8c45d0ee63c515d3a7a12c7055a7f783ea,2023-12,Leicestershire Police,Leicestershire Police,-1.369800,52.721265,On or near Scotlands Road,E01025931,North West Leicestershire 010C,Burglary,Investigation complete; no suspect identified,
4ca2f985798e95eda0b9a4336c44efc96ea4ff8c53660f74b1942fc62189eb2c,2023-12,Leicestershire Police,Leicestershire Police,-1.371172,52.720526,On or near Bridge Road,E01025931,North West Leicestershire 010C,Burglary,Investigation complete; no suspect identified,
399ace0ff2bb0473b4011d1dcd8419521442ad791daaa79d516536fc7e6c4f24,2023-12,Leicestershire Police,Leicestershire Police,-1.370832,52.716371,On or near Breach Road,E01025931,North West Leicestershire 010C,Criminal damage and arson,Investigation complete; no suspect identified,
105fa660c25a009e5c2da65bd0816bbdc9c60db9f535477057d1c0502cd5e17c,2023-12,Leicestershire Police,Leicestershire Police,-1.369767,52.721489,On or near Foundry Place,E01025931,North West Leicestershire 010C,Criminal damage and arson,Investigation complete; no suspect identified,
bab3e95f0d215ce41d1e8618eebe0f53b829ba34b279e9ce9293cffeeb8f7a2d,2023-12,Leicestershire Police,Leicestershire Police,-1.370777,52.717117,On or near North Avenue,E01025931,North West Leicestershire 010C,Criminal damage and arson,Investigation complete; no suspect identified,
dcbe9e20a5a61ab7592dc0a47f21fdd38a18ed0bfe2f293386bd61a519cd30c9,2023-12,Leicestershire Police,Leicestershire Police,-1.369767,52.721489,On or near Foundry Place,E01025931,North West Leicestershire 010C,Drugs,Local resolution,
638555ac6536843a07cf8c26307663fc46bf00cc9fe5ae64285a4ef017856492,2023-12,Leicestershire Police,Leicestershire Police,-1.371172,52.720526,On or near Bridge Road,E01025931,North West Leicestershire 010C,Public order,Unable to prosecute suspect,
9ec726792b83d2ddf310fb579f5436d9eb99282aed68a0e1d9c32691cde3f103,2023-12,Leicestershire Police,Leicestershire Police,-1.369800,52.721265,On or near Scotlands Road,E01025931,North West Leicestershire 010C,Violence and sexual offences,Unable to prosecute suspect,
2fc8030df785721818a6934d49c2749ae9eb5d1620dcd835a67b999e9c46944a,2023-12,Leicestershire Police,Leicestershire Police,-1.369800,52.721265,On or near Scotlands Road,E01025931,North West Leicestershire 010C,Violence and sexual offences,Court result unavailable,
ee44daa79d801c7ef6924385ea4dca00ca92ce3bd7d79c3c1b4c6782a3d5c597,2023-12,Leicestershire Police,Leicestershire Police,-1.370777,52.717117,On or near North Avenue,E01025931,North West Leicestershire 010C,Violence and sexual offences,Unable to prosecute suspect,
a9b05137427ecd3fc559b40fe697e332bf3b3d5db5ffc01ce5d8fe698315c7cc,2023-12,Leicestershire Police,Leicestershire Police,-1.371172,52.720526,On or near Bridge Road,E01025931,North West Leicestershire 010C,Other crime,Unable to prosecute suspect,
61d1b708cbab4abc3d1b87231590de1f21c8bee5d4ce45cbed732c12c8309690,2023-12,Leicestershire Police,Leicestershire Police,-1.379941,52.727584,On or near Parking Area,E01025957,North West Leicestershire 010D,Burglary,Unable to prosecute suspect,
3638a1a45bbc6d123d4703e201c47d86e0c7566682d4ee448c9ada5ea0d436e7,2023-12,Leicestershire Police,Leicestershire Police,-1.379941,52.727584,On or near Parking Area,E01025957,North West Leicestershire 010D,Burglary,Unable to prosecute suspect,
7b23d3e8a1c860dd0c2747f6f282dbdcb82cf8c272c9cfe909ef8b1ebca96304,2023-12,Leicestershire Police,Leicestershire Police,-1.380907,52.725225,On or near Des Starbuck Drive,E01025957,North West Leicestershire 010D,Criminal damage and arson,Unable to prosecute suspect,
4ea5fbd219232475636afe60ed1abd93eb699be4d661b89b3102c31f9685a8d2,2023-12,Leicestershire Police,Leicestershire Police,-1.374620,52.725866,On or near Memorial Square,E01025957,North West Leicestershire 010D,Other theft,Unable to prosecute suspect,
90f50e3ce7bdd2d7172094d4ee0e611b64a4f4c43fd06d498720f8a87e7bf58a,2023-12,Leicestershire Police,Leicestershire Police,-1.374067,52.732381,On or near Stephenson Way,E01025957,North West Leicestershire 010D,Public order,Action to be taken by another organisation,
7311dcfb863958120cbbcea70a36933463d39d63f242e34a52fb29bd4689a1bc,2023-12,Leicestershire Police,Leicestershire Police,-1.374067,52.732381,On or near Stephenson Way,E01025957,North West Leicestershire 010D,Violence and sexual offences,Unable to prosecute suspect,
b582b182b4ae039edefdb09e3d4d3c80d8b5ceb73c3ee1df31d50241e2c54d30,2023-12,Leicestershire Police,Leicestershire Police,-1.374067,52.732381,On or near Stephenson Way,E01025957,North West Leicestershire 010D,Violence and sexual offences,Formal action is not in the public interest,
6fc3fe9131cd4ef9c668281c7d6e9f3497ac5fac01f1f07013d6aec9648fb04e,2023-12,Leicestershire Police,Leicestershire Police,-1.371959,52.717312,On or near Belvoir Road,E01025957,North West Leicestershire 010D,Violence and sexual offences,Court result unavailable,
ddb5b6f1be1c74d470ad25b64920f3c3a767658867e6aacff2491fc0d59af39b,2023-12,Leicestershire Police,Leicestershire Police,-1.373456,52.721275,On or near Belvoir Road,E01025957,North West Leicestershire 010D,Burglary,Investigation complete; no suspect identified,
5423e8a8adc142f05a93732d08d82944ca82d69bb56ac609c4033f1bb40eb7f7,2023-12,Leicestershire Police,Leicestershire Police,-1.374318,52.727303,On or near Wolsey Road,E01025957,North West Leicestershire 010D,Burglary,Investigation complete; no suspect identified,
c7ba38e85d7066b9d41565750f212b4c824dc01edb47673d25c6092ade99e9de,2023-12,Leicestershire Police,Leicestershire Police,-1.378816,52.727542,On or near Linden Way,E01025957,North West Leicestershire 010D,Burglary,Investigation complete; no suspect identified,
6da3e409429a63d72cd2c1934ff00bdcda96fdef96746b080908949796817be7,2023-12,Leicestershire Police,Leicestershire Police,-1.374199,52.722142,On or near Parking Area,E01025957,North West Leicestershire 010D,Burglary,Investigation complete; no suspect identified,
8b71a0ee49f7ea15ab2d6a2db28520d6b5ffc14200a04ff561cc2baafcb552ea,2023-12,Leicestershire Police,Leicestershire Police,-1.374318,52.727303,On or near Wolsey Road,E01025957,North West Leicestershire 010D,Criminal damage and arson,Investigation complete; no suspect identified,
b4b4f8bbd31526e71508f6be42a5ac3f50ada36e3661d17fa03632dc5c778ee3,2023-12,Leicestershire Police,Leicestershire Police,-1.374620,52.725866,On or near Memorial Square,E01025957,North West Leicestershire 010D,Criminal damage and arson,Investigation complete; no suspect identified,
c02643fcca1433fd3d9dd0ce4f35e6fb86aa2db7b5751651dd0c5e5a8b9be0aa,2023-12,Leicestershire Police,Leicestershire Police,-1.374672,52.721138,On or near Vaughan Street,E01025957,North West Leicestershire 010D,Criminal damage and arson,Unable to prosecute suspect,
1e713b612af15d3949d63e2ddacca54b4db58c3dea986e1f49289354d723da33,2023-12,Leicestershire Police,Leicestershire Police,-1.378816,52.727542,On or near Linden Way,E01025957,North West Leicestershire 010D,Criminal damage and arson,Investigation complete; no suspect identified,
460cc2073867b11de18a908f0a1f336858555bb932852507e8b36b6dd31a2758,2023-12,Leicestershire Police,Leicestershire Police,-1.376024,52.722916,On or near Jackson Street,E01025957,North West Leicestershire 010D,Criminal damage and arson,Unable to prosecute suspect,
d8d4d5b5e9e0dd93a5c1c065c9c61a476ed576f291ad222e2c00f25b8260da58,2023-12,Leicestershire Police,Leicestershire Police,-1.374620,52.725866,On or near Memorial Square,E01025957,North West Leicestershire 010D,Other theft,Investigation complete; no suspect identified,
89a448d10797677065f5a931001383871c5e39de6867ffa489da0637499e1a31,2023-12,Leicestershire Police,Leicestershire Police,-1.374620,52.725866,On or near Memorial Square,E01025957,North West Leicestershire 010D,Other theft,Unable to prosecute suspect,
e36995ab2bdeb7c9b4b0ccf8550d52ff0d987295af92f0274eb38dd307097adc,2023-12,Leicestershire Police,Leicestershire Police,-1.374199,52.722142,On or near Parking Area,E01025957,North West Leicestershire 010D,Other theft,Investigation complete; no suspect identified,
54612480b00afe3f63fa82a2aa35d81b1e4ef3c90ae709430c640c0213b982a2,2023-12,Leicestershire Police,Leicestershire Police,-1.374620,52.725866,On or near Memorial Square,E01025957,North West Leicestershire 010D,Public order,Unable to prosecute suspect,
479d4f01dc45d75d1eca170623168a525b6ec19412c6e1627465ecb0b75863a9,2023-12,Leicestershire Police,Leicestershire Police,-1.375273,52.730949,On or near Supermarket,E01025957,North West Leicestershire 010D,Public order,Investigation complete; no suspect identified,
183b89bcc199502343fc2158bceefb892168c9e673d296769a1d8c4c49224107,2023-12,Leicestershire Police,Leicestershire Police,-1.374620,52.725866,On or near Memorial Square,E01025957,North West Leicestershire 010D,Public order,Investigation complete; no suspect identified,
ecab459af737cbe9442c91fe4a9e8b36101dcf525f8c4979f8b4be478842c26a,2023-12,Leicestershire Police,Leicestershire Police,-1.375433,52.719739,On or near Walter Handford Close,E01025957,North West Leicestershire 010D,Public order,Investigation complete; no suspect identified,
00081dfdc04536cc6772236c823e857a4326dc67465d9a0622f3c4799d1f51c5,2023-12,Leicestershire Police,Leicestershire Police,-1.375273,52.730949,On or near Supermarket,E01025957,North West Leicestershire 010D,Shoplifting,Investigation complete; no suspect identified,
28a18c635e23e4917d6faef8e18d0fada51afb85d01b49e5b77ea11ece75dcb5,2023-12,Leicestershire Police,Leicestershire Police,-1.374620,52.725866,On or near Memorial Square,E01025957,North West Leicestershire 010D,Vehicle crime,Investigation complete; no suspect identified,
9e5476a492efbd29c5b3be346c19d68c54ec431f584ca0e1a679aa58b7b5c01e,2023-12,Leicestershire Police,Leicestershire Police,-1.374199,52.722142,On or near Parking Area,E01025957,North West Leicestershire 010D,Violence and sexual offences,Unable to prosecute suspect,
1f22da5a48e827744a2cd7e92b9648b2893d5be1079d1dc160631160329cfb85,2023-12,Leicestershire Police,Leicestershire Police,-1.374067,52.732381,On or near Stephenson Way,E01025957,North West Leicestershire 010D,Violence and sexual offences,Local resolution,
ac666bd12a78333b3845f65b4163b010c9b4bc4caf9cbfc495aad69b61ab17c4,2023-12,Leicestershire Police,Leicestershire Police,-1.375433,52.719739,On or near Walter Handford Close,E01025957,North West Leicestershire 010D,Violence and sexual offences,Unable to prosecute suspect,
dcc7caa2cad7c03936ff7101bb9b2caac2c76dc0460071c35097337c4d82f39c,2023-12,Leicestershire Police,Leicestershire Police,-1.376024,52.722916,On or near Jackson Street,E01025957,North West Leicestershire 010D,Violence and sexual offences,Court result unavailable,
35b1f86175498ca6d4d4825305c3fb7299a8e73c4ca41329695f4cb5ea7f45d4,2023-12,Leicestershire Police,Leicestershire Police,-1.375433,52.719739,On or near Walter Handford Close,E01025957,North West Leicestershire 010D,Violence and sexual offences,Unable to prosecute suspect,
cd2699d5e2df965ec83ddc15066844d150a96278ec2a32a22d0501b03707a809,2023-12,Leicestershire Police,Leicestershire Police,-1.375433,52.719739,On or near Walter Handford Close,E01025957,North West Leicestershire 010D,Violence and sexual offences,Investigation complete; no suspect identified,
9412594d99efd4e168dd0b037a748a6a05dcaf8f5e5e30f160dba0da39e76768,2023-12,Leicestershire Police,Leicestershire Police,-1.381382,52.728293,On or near Discovery Close,E01025957,North West Leicestershire 010D,Violence and sexual offences,Action to be taken by another organisation,
3c84cff53f7bad5cc3993ac09927e9aa698291255dca07c594438bc3a27b7bc6,2023-12,Leicestershire Police,Leicestershire Police,-1.374672,52.721138,On or near Vaughan Street,E01025957,North West Leicestershire 010D,Violence and sexual offences,Unable to prosecute suspect,
1692069488671f1913c3161eb56c1065f206898800571e6dbdc1de4b39d54d36,2023-12,Leicestershire Police,Leicestershire Police,-1.376024,52.722916,On or near Jackson Street,E01025957,North West Leicestershire 010D,Violence and sexual offences,Formal action is not in the public interest,
fa686768b04e70485978c0080a27eb4383ce412a1ddcf7bf72f0b605ebd4ed09,2023-12,Leicestershire Police,Leicestershire Police,-1.375433,52.719739,On or near Walter Handford Close,E01025957,North West Leicestershire 010D,Violence and sexual offences,Unable to prosecute suspect,
41cebf25ef40e94ceb25616779e5ee6baf4ea5694f8f1c220f97c860a0e242e9,2023-12,Leicestershire Police,Leicestershire Police,-1.375433,52.719739,On or near Walter Handford Close,E01025957,North West Leicestershire 010D,Violence and sexual offences,Unable to prosecute suspect,
5a1e159df98912227a1ea935aa42c46d88814c4f0787d4066cfc3da1618583b8,2023-12,Leicestershire Police,Leicestershire Police,-1.373456,52.721275,On or near Belvoir Road,E01025957,North West Leicestershire 010D,Violence and sexual offences,Unable to prosecute suspect,
ad19063aa64e744d0e869483c472c7071765fd0d2847724501e52218656ae6a1,2023-12,Leicestershire Police,Leicestershire Police,-1.375433,52.719739,On or near Walter Handford Close,E01025957,North West Leicestershire 010D,Violence and sexual offences,Unable to prosecute suspect,
5c912b3dd7172f089149ad286ca407363c14c16400509b473c86e7c1e848b24e,2023-12,Leicestershire Police,Leicestershire Police,-1.373456,52.721275,On or near Belvoir Road,E01025957,North West Leicestershire 010D,Violence and sexual offences,Investigation complete; no suspect identified,
bcd022178143b6e5903ac78bc6539534930f8bd36f818b5ff761a05139a9a1fa,2023-12,Leicestershire Police,Leicestershire Police,-1.375433,52.719739,On or near Walter Handford Close,E01025957,North West Leicestershire 010D,Violence and sexual offences,Unable to prosecute suspect,
128855b79538dee3f04dabed17ec22d5a6fd38abe51636f58a6978bdd3af1b5f,2023-12,Leicestershire Police,Leicestershire Police,-1.374620,52.725866,On or near Memorial Square,E01025957,North West Leicestershire 010D,Other crime,Unable to prosecute suspect,
feeee2a45b5c491ab8fd5e713665504077ab21ad70e101abc07c3f300de090b3,2023-12,Leicestershire Police,Leicestershire Police,-1.373778,52.707073,On or near The Green,E01025937,North West Leicestershire 011B,Public order,Formal action is not in the public interest,
282a32658edd0792c76143d8a9404ab08b849ced5d2d24a2dec4c2ebd867291f,2023-12,Leicestershire Police,Leicestershire Police,-1.369975,52.712204,On or near Holly Bank,E01025937,North West Leicestershire 011B,Violence and sexual offences,Unable to prosecute suspect,
cda83d314250c1543cbc244fd3380e209d9adc8efeb2663874d9af3ff897ba14,2023-12,Leicestershire Police,Leicestershire Police,-1.355179,52.708717,On or near Hart Lane,E01025937,North West Leicestershire 011B,Violence and sexual offences,Unable to prosecute suspect,
6dc7153de9f3798958c654b2cb69acfa13e8e162306e74742813915d8d90db11,2023-12,Leicestershire Police,Leicestershire Police,-1.369831,52.709803,On or near Dennis Street,E01025937,North West Leicestershire 011B,Violence and sexual offences,Unable to prosecute suspect,
bfc0a95fb53dd9583edde86f2970a91f3b705f450a5a38bebab40b32499240fa,2023-12,Leicestershire Police,Leicestershire Police,-1.362748,52.711383,On or near Percival Way,E01025937,North West Leicestershire 011B,Burglary,Investigation complete; no suspect identified,
66cfc6afd4df30bf26124898e61e657684159759d40c7827aaa4fce35d52a306,2023-12,Leicestershire Police,Leicestershire Police,-1.356765,52.709553,On or near Catlow Street,E01025937,North West Leicestershire 011B,Burglary,Investigation complete; no suspect identified,
4085d01e4c81695086fca71978b723fe48781e1fad74563e84b54de8219fb2f6,2023-12,Leicestershire Police,Leicestershire Police,-1.364240,52.708515,On or near Blackham Road,E01025937,North West Leicestershire 011B,Criminal damage and arson,Investigation complete; no suspect identified,
4c02ee34b7eb737fa33bb82ea3bb2b7cae9c8b0bd1278933bb2ad3e171285a9c,2023-12,Leicestershire Police,Leicestershire Police,-1.372197,52.708953,On or near Station Road,E01025937,North West Leicestershire 011B,Criminal damage and arson,Action to be taken by another organisation,
ba7dfaa01a85bf44249e18bebb8cb98946a97a4930bb4b778d940b38ad27f8ac,2023-12,Leicestershire Police,Leicestershire Police,-1.362201,52.711317,On or near Gee Avenue,E01025937,North West Leicestershire 011B,Criminal damage and arson,Unable to prosecute suspect,
28eb8d849b5835d7906264da4b4971f35343ccd77dd4416453ba2df04954732d,2023-12,Leicestershire Police,Leicestershire Police,-1.369975,52.712204,On or near Holly Bank,E01025937,North West Leicestershire 011B,Criminal damage and arson,Investigation complete; no suspect identified,
347e1225f635d8f4f009db8c0cdb64ea31a1a0d7bdf3713522a515877b127422,2023-12,Leicestershire Police,Leicestershire Police,-1.373778,52.707073,On or near The Green,E01025937,North West Leicestershire 011B,Other theft,Investigation complete; no suspect identified,
cd7b94e6e86f78a525ac1550439262361a4beaca7637fb63371c87f53b05c8d7,2023-12,Leicestershire Police,Leicestershire Police,-1.366714,52.717563,On or near Forest Road,E01025937,North West Leicestershire 011B,Public order,Unable to prosecute suspect,
7cfd5f5951a7491131936780a809734414c2f052ac983a76c8b90e9c5bbb7cc2,2023-12,Leicestershire Police,Leicestershire Police,-1.371201,52.713397,On or near Forest Road,E01025937,North West Leicestershire 011B,Shoplifting,Investigation complete; no suspect identified,
5c516f9c74f685219a749422e65fce571d6215ed324e849115396736572798ef,2023-12,Leicestershire Police,Leicestershire Police,-1.366714,52.717563,On or near Forest Road,E01025937,North West Leicestershire 011B,Vehicle crime,Unable to prosecute suspect,
1c31a79fde333c5f2dbfc44a2fee30743a11ba1a378bf3894226fa4077b775e5,2023-12,Leicestershire Police,Leicestershire Police,-1.355179,52.708717,On or near Hart Lane,E01025937,North West Leicestershire 011B,Vehicle crime,Investigation complete; no suspect identified,
b548f8fec8e7419ddc407c15599bc935ea6c47ca011d07bca96eb9b1964fee9c,2023-12,Leicestershire Police,Leicestershire Police,-1.366714,52.717563,On or near Forest Road,E01025937,North West Leicestershire 011B,Violence and sexual offences,Further action is not in the public interest,
41131cb329a7591aa96e274cb97eb99d203991dcb76f59f4ff078cb237162ff6,2023-12,Leicestershire Police,Leicestershire Police,-1.369975,52.712204,On or near Holly Bank,E01025937,North West Leicestershire 011B,Violence and sexual offences,Unable to prosecute suspect,
a87d9ab9e58624f0e56e2de63da4d5963b206388f97e53e4131240999fce381e,2023-12,Leicestershire Police,Leicestershire Police,-1.364299,52.711580,On or near Hawley Close,E01025937,North West Leicestershire 011B,Violence and sexual offences,Unable to prosecute suspect,
7338dd5aba8e78fcb011faceeab1e37e7bf97dea4693f8a51d917d8a141aa084,2023-12,Leicestershire Police,Leicestershire Police,-1.360172,52.709410,On or near Massey Close,E01025937,North West Leicestershire 011B,Violence and sexual offences,Unable to prosecute suspect,
5f1f9e09bd854566980a6a102eca58c17a8c5bee4136acd331bd5f5fcbcb7036,2023-12,Leicestershire Police,Leicestershire Police,-1.360172,52.709410,On or near Massey Close,E01025937,North West Leicestershire 011B,Other crime,Unable to prosecute suspect,
e10d1c2fb8fe50d4fdcd9c8872dc2a143c2f27a331c0ba3f511c605d838f39c9,2023-12,Leicestershire Police,Leicestershire Police,-1.385721,52.727210,On or near Kendrick Close,E01025958,North West Leicestershire 011C,Violence and sexual offences,Unable to prosecute suspect,
bf30b25522aa8c6caa4548bcb4e5497b06a70c8e8fa7df44583c42afb427d014,2023-12,Leicestershire Police,Leicestershire Police,-1.388731,52.724771,On or near Alderwood Close,E01025958,North West Leicestershire 011C,Violence and sexual offences,Unable to prosecute suspect,
,2023-12,Leicestershire Police,Leicestershire Police,-1.385487,52.728008,On or near Ashby Road,E01025958,North West Leicestershire 011C,Anti-social behaviour,,
,2023-12,Leicestershire Police,Leicestershire Police,-1.389556,52.729351,On or near Ash Grove,E01025958,North West Leicestershire 011C,Anti-social behaviour,,
e58a20088dc6fc726a59a8d6a8de920fdaa893a5fb976a060e3f168ee369451e,2023-12,Leicestershire Police,Leicestershire Police,-1.389614,52.728344,On or near Charles Street,E01025958,North West Leicestershire 011C,Burglary,Unable to prosecute suspect,
3b04a43c8245232d1d6d6015ef20cc930f1ae92620e54b62f3d5251a18d7031c,2023-12,Leicestershire Police,Leicestershire Police,-1.395289,52.726998,On or near Marsden Close,E01025958,North West Leicestershire 011C,Criminal damage and arson,Unable to prosecute suspect,
14471dcd4c24d18c28702ce3d1a38ed51576317ef0b9b1d5399771e332d50dbd,2023-12,Leicestershire Police,Leicestershire Police,-1.385487,52.728008,On or near Ashby Road,E01025958,North West Leicestershire 011C,Criminal damage and arson,Unable to prosecute suspect,
10a1e4eb008b520ed54c23ae7976cc93f404853ebb14a8effc5bfae80e865577,2023-12,Leicestershire Police,Leicestershire Police,-1.389614,52.728344,On or near Charles Street,E01025958,North West Leicestershire 011C,Public order,Investigation complete; no suspect identified,
ce381f8f2e243570fffec287400e075c53ce8af00cca4eb536d3f85198c1a091,2023-12,Leicestershire Police,Leicestershire Police,-1.389614,52.728344,On or near Charles Street,E01025958,North West Leicestershire 011C,Violence and sexual offences,Unable to prosecute suspect,
991d580851dfb172f65baee0e392043e3d3d9d94856193e4c24348a4c6e59c93,2023-12,Leicestershire Police,Leicestershire Police,-1.385487,52.728008,On or near Ashby Road,E01025958,North West Leicestershire 011C,Violence and sexual offences,Action to be taken by another organisation,
4d4be13f11db2993f60657f32ed24e93d74013477a56795d3be56408b1e87bc8,2023-12,Leicestershire Police,Leicestershire Police,-1.389556,52.729351,On or near Ash Grove,E01025958,North West Leicestershire 011C,Violence and sexual offences,Status update unavailable,
4a24eb35d0109d4f78218ee84f6f703a29556e8864c549ed0f0a9dec79c91050,2023-12,Leicestershire Police,Leicestershire Police,-1.389614,52.728344,On or near Charles Street,E01025958,North West Leicestershire 011C,Violence and sexual offences,Unable to prosecute suspect,
0cdccbd9d69778e9c48e76ae69f147250e4165170600536400b41cfdb709832b,2023-12,Leicestershire Police,Leicestershire Police,-1.385487,52.728008,On or near Ashby Road,E01025958,North West Leicestershire 011C,Violence and sexual offences,Further action is not in the public interest,
7459aa2c924bd9d007be076ebdd1b73c4585e111ffe9106271bf7b65746bbdbb,2023-12,Leicestershire Police,Leicestershire Police,-1.389556,52.729351,On or near Ash Grove,E01025958,North West Leicestershire 011C,Violence and sexual offences,Unable to prosecute suspect,
658d8f97edeaf8b61eb83d76abd6adba97d7aeb1a9fc89a191b2a5d8abfbe748,2023-12,Leicestershire Police,Leicestershire Police,-1.390931,52.727335,On or near Western Avenue,E01025958,North West Leicestershire 011C,Violence and sexual offences,Unable to prosecute suspect,
1145cd06a4041e09758ab06c5c57ef4d6fb24d5f89d0b3dff7762366ff4f7a8b,2023-12,Leicestershire Police,Leicestershire Police,-1.374919,52.714271,On or near Crescent Road,E01025959,North West Leicestershire 011D,Violence and sexual offences,Unable to prosecute suspect,
,2023-12,Leicestershire Police,Leicestershire Police,-1.381865,52.714011,On or near Jacks Walk,E01025959,North West Leicestershire 011D,Anti-social behaviour,,
d04d9bf80566d33107208db23b641ab5ee64898fe9288f12da8503ad024dd89a,2023-12,Leicestershire Police,Leicestershire Police,-1.377675,52.720299,On or near Wentworth Road,E01025959,North West Leicestershire 011D,Burglary,Investigation complete; no suspect identified,
b4d67dc376564066db1cb9e706f31d0285ee6c7140a664fd114b35742a692210,2023-12,Leicestershire Police,Leicestershire Police,-1.377675,52.720299,On or near Wentworth Road,E01025959,North West Leicestershire 011D,Drugs,Local resolution,
6008576aaf43f4429f24106a336c8bdabda6eccf230ab14e0d9cc075ab1699e1,2023-12,Leicestershire Police,Leicestershire Police,-1.381268,52.714349,On or near Standard Hill,E01025959,North West Leicestershire 011D,Other theft,Investigation complete; no suspect identified,
e26b359369afb0e6ed3ea331ce2784ac7e17ab1be175226106c7ebac642dba5b,2023-12,Leicestershire Police,Leicestershire Police,-1.381268,52.714349,On or near Standard Hill,E01025959,North West Leicestershire 011D,Public order,Unable to prosecute suspect,
289b3360d29dd0bd4716987307f71502c13f7d8264c8e6d73631697fd7330322,2023-12,Leicestershire Police,Leicestershire Police,-1.372801,52.713262,On or near Fairfield Road,E01025959,North West Leicestershire 011D,Vehicle crime,Investigation complete; no suspect identified,
65a5bded630ad1896610211968fd5ea5fade8fc84ad472de37957cdbaa33fb74,2023-12,Leicestershire Police,Leicestershire Police,-1.376493,52.720158,On or near Zetland Close,E01025959,North West Leicestershire 011D,Violence and sexual offences,Court result unavailable,
bb2a41b7c7d70dbafcc15d5ffc784b8ac8136af8280040ba76dedebc0c2f297d,2023-12,Leicestershire Police,Leicestershire Police,-1.377675,52.720299,On or near Wentworth Road,E01025959,North West Leicestershire 011D,Violence and sexual offences,Court result unavailable,
7dee8c42e6fa1780e9cdedcd7ff4fd2205ab15bc91e7c4e589403609e99806e6,2023-12,Leicestershire Police,Leicestershire Police,-1.376493,52.720158,On or near Zetland Close,E01025959,North West Leicestershire 011D,Violence and sexual offences,Court result unavailable,
87b0aa972a9be2370dbdba9a7bef8d465dfabe2d6830126420e524faeb422143,2023-12,Leicestershire Police,Leicestershire Police,-1.377675,52.720299,On or near Wentworth Road,E01025959,North West Leicestershire 011D,Violence and sexual offences,Further action is not in the public interest,
1f087a291ab7436e8bae68b625c5de520f9de40a09b86dc6d09fe2f2e99ac178,2023-12,Leicestershire Police,Leicestershire Police,-1.377675,52.720299,On or near Wentworth Road,E01025959,North West Leicestershire 011D,Violence and sexual offences,Further action is not in the public interest,
3abcc5e9083692d7d1ef669db0c51b1fe9042bc544adb788fd0d0da3a36950ad,2023-12,Leicestershire Police,Leicestershire Police,-1.376792,52.716834,On or near Highfield Street,E01025959,North West Leicestershire 011D,Violence and sexual offences,Unable to prosecute suspect,
b29762e9ed3f7c55666dd6bf41de2988b91c04dffa6a87eb19671c6d30d18074,2023-12,Leicestershire Police,Leicestershire Police,-1.377675,52.720299,On or near Wentworth Road,E01025959,North West Leicestershire 011D,Violence and sexual offences,Formal action is not in the public interest,
,2023-12,Leicestershire Police,Leicestershire Police,-1.341618,52.717794,On or near Kay Close,E01033102,North West Leicestershire 011E,Anti-social behaviour,,
e84fb5c2ce8fc62c19a68c5227e171406fd9bc0ed3c9895d9096048991332d44,2023-12,Leicestershire Police,Leicestershire Police,-1.344216,52.716290,On or near Page Close,E01033102,North West Leicestershire 011E,Criminal damage and arson,Investigation complete; no suspect identified,
a72496123da96e6d25175cc4228d8b4b364042b21809fa050b01f57a8c7a2dcb,2023-12,Leicestershire Police,Leicestershire Police,-1.341618,52.717794,On or near Kay Close,E01033102,North West Leicestershire 011E,Public order,Investigation complete; no suspect identified,
fe2e1c722f3382885647e13369660b2f25196c50dc4fba7a10a5f9db4deec4b6,2023-12,Leicestershire Police,Leicestershire Police,-1.341618,52.717794,On or near Kay Close,E01033102,North West Leicestershire 011E,Public order,Unable to prosecute suspect,
a77438a7972f298bfb49de0f6d030732bdc3043a641256bd9e5e0a6f31113d4c,2023-12,Leicestershire Police,Leicestershire Police,-1.344794,52.714270,On or near Bardon Close,E01033102,North West Leicestershire 011E,Vehicle crime,Investigation complete; no suspect identified,
3b05284825cea36b342f2a1af3938d916090bcbaf33cb94e28662afdd341f22f,2023-12,Leicestershire Police,Leicestershire Police,-1.341618,52.717794,On or near Kay Close,E01033102,North West Leicestershire 011E,Violence and sexual offences,Court result unavailable,
5be9a44d4ef830954477172424b6252f3266ec90dea52052ac51973531efdb0f,2023-12,Leicestershire Police,Leicestershire Police,-1.341618,52.717794,On or near Kay Close,E01033102,North West Leicestershire 011E,Violence and sexual offences,Investigation complete; no suspect identified,
4da2911ce788f836af75af8bb7790a4413777d2a7a19b38e8c5e04652657a339,2023-12,Leicestershire Police,Leicestershire Police,-1.341618,52.717794,On or near Kay Close,E01033102,North West Leicestershire 011E,Violence and sexual offences,Unable to prosecute suspect,
bea7d96d30d87889b8dc67e0dc867adf5418126549b44c51ff3a16a91c16d661,2023-12,Leicestershire Police,Leicestershire Police,-1.341618,52.717794,On or near Kay Close,E01033102,North West Leicestershire 011E,Violence and sexual offences,Investigation complete; no suspect identified,
36b3ce19d0c6742c8f5aee0f8422900972a40ce16e24d87005ad9cbf225ee336,2023-12,Leicestershire Police,Leicestershire Police,-1.341618,52.717794,On or near Kay Close,E01033102,North West Leicestershire 011E,Violence and sexual offences,Investigation complete; no suspect identified,
f505bc527b6abc46f16f0291d5bcdaf1e597c3a39420c41d599c0478021f3825,2023-12,Leicestershire Police,Leicestershire Police,-1.341618,52.717794,On or near Kay Close,E01033102,North West Leicestershire 011E,Violence and sexual offences,Court result unavailable,
2cd2a127818f3b743b787e86a1344dfae9c982039019138b29223bffa552f753,2023-12,Leicestershire Police,Leicestershire Police,-1.341618,52.717794,On or near Kay Close,E01033102,North West Leicestershire 011E,Violence and sexual offences,Unable to prosecute suspect,
f9eb367517ac919907e296955b9c8aa838c2b07cebfc40390f216c3670ff256c,2023-12,Leicestershire Police,Leicestershire Police,-1.346115,52.714089,On or near Lords Close,E01033103,North West Leicestershire 011F,Criminal damage and arson,Unable to prosecute suspect,
7a903bb94e91dd32b29934bce31a7405a3f8e993c2a26c928be5eb4ba9fc8094,2023-12,Leicestershire Police,Leicestershire Police,-1.349105,52.714042,On or near John Cooper Way,E01033103,North West Leicestershire 011F,Possession of weapons,Formal action is not in the public interest,
5d21db21c1ef6ee9d63ad3c6c24afc088818d2c235505a8449dd1d90ad2602c5,2023-12,Leicestershire Police,Leicestershire Police,-1.352839,52.720841,On or near Sandringham Road,E01033103,North West Leicestershire 011F,Other theft,Investigation complete; no suspect identified,
6410b91a16adb7b53154cde592fb4d45da9f6a432a6e1458c9e078ddfb07e80d,2023-12,Leicestershire Police,Leicestershire Police,-1.352024,52.717897,On or near Teal Close,E01033103,North West Leicestershire 011F,Vehicle crime,Investigation complete; no suspect identified,
0f4f7119aec373cc39f5b9e2b33c6aedf90a8e1cb1f8b0dc7af02f8c84fca0e2,2023-12,Leicestershire Police,Leicestershire Police,-1.346115,52.714089,On or near Lords Close,E01033103,North West Leicestershire 011F,Violence and sexual offences,Unable to prosecute suspect,
502d72cbc09b61f37e7af0f454a71b54459399726c2c1223071980b9c4963e25,2023-12,Leicestershire Police,Leicestershire Police,-1.349105,52.714042,On or near John Cooper Way,E01033103,North West Leicestershire 011F,Violence and sexual offences,Court result unavailable,
ac8fe6a44e064daa9cabb554b79d59e6c78fb5e62743d5a81c05496b6243f1ec,2023-12,Leicestershire Police,Leicestershire Police,-1.349105,52.714042,On or near John Cooper Way,E01033103,North West Leicestershire 011F,Violence and sexual offences,Unable to prosecute suspect,
2f9ab60febcfc08e986ae7ac732e9abc29bfa4fc972cd5010f7d102e17a3a73d,2023-12,Leicestershire Police,Leicestershire Police,-1.539922,52.688074,On or near Rectory Lane,E01025913,North West Leicestershire 012A,Violence and sexual offences,Formal action is not in the public interest,
cae356ccdb9685717883f8ccbd1e73afe5d253de0a01834d1b22d658b00d55e5,2023-12,Leicestershire Police,Leicestershire Police,-1.577001,52.701328,On or near Netherseal Road,E01025913,North West Leicestershire 012A,Burglary,Investigation complete; no suspect identified,
87b948a08e1261b0c3d0d8a0742fccead35ab9935192593d4d29f7c8863a33bf,2023-12,Leicestershire Police,Leicestershire Police,-1.465453,52.687690,On or near Swepstone Lane,E01025913,North West Leicestershire 012A,Burglary,Unable to prosecute suspect,
f4cb43866e529713f6bb02ddef53758e35806bde50696033d2542b218a3d7142,2023-12,Leicestershire Police,Leicestershire Police,-1.539806,52.679417,On or near New Road,E01025913,North West Leicestershire 012A,Criminal damage and arson,Investigation complete; no suspect identified,
f4900248af0952740d45eab1580fea91c89d060503f8efd6fdb794603da0f31c,2023-12,Leicestershire Police,Leicestershire Police,-1.533419,52.687474,On or near Stoney Lane,E01025913,North West Leicestershire 012A,Public order,Investigation complete; no suspect identified,
341cc4df94aeb701481f392b8711dd299435824d7a17083757d9516122a3a1f6,2023-12,Leicestershire Police,Leicestershire Police,-1.577001,52.701328,On or near Netherseal Road,E01025913,North West Leicestershire 012A,Vehicle crime,Investigation complete; no suspect identified,
eea644539d56129171aedf3a8c905c57ad55417396244bf670bac21bbe4e764c,2023-12,Leicestershire Police,Leicestershire Police,-1.453869,52.677056,On or near Dames Lane,E01025913,North West Leicestershire 012A,Violence and sexual offences,Unable to prosecute suspect,
18aa9b90e09cfbaa688467738fd53c3ec335136a4b153753e899e5c5c857a0cc,2023-12,Leicestershire Police,Leicestershire Police,-1.539922,52.688074,On or near Rectory Lane,E01025913,North West Leicestershire 012A,Violence and sexual offences,Unable to prosecute suspect,
c57b7361e40a34a7f059902f010df87a07b710a4c60448e8ee13a8f49911d711,2023-12,Leicestershire Police,Leicestershire Police,-1.541054,52.684501,On or near Bowleys Lane,E01025913,North West Leicestershire 012A,Violence and sexual offences,Investigation complete; no suspect identified,
4edfa70e7951d850c00c77cc597b75d103e0cb1068aaf303b5d88e2370c00829,2023-12,Leicestershire Police,Leicestershire Police,-1.541054,52.684501,On or near Bowleys Lane,E01025913,North West Leicestershire 012A,Violence and sexual offences,Investigation complete; no suspect identified,
b71a16b9ee53f5021de5097dfa6ede712b003e7165a20835a2a46f3edaf36e71,2023-12,Leicestershire Police,Leicestershire Police,-1.499054,52.706724,On or near Leicester Road,E01025947,North West Leicestershire 012B,Burglary,Investigation complete; no suspect identified,
3d58bb7c49abc92ed2dadf0b60ca40f165f0baa027bbbbd29c84e43b7f00d5d1,2023-12,Leicestershire Police,Leicestershire Police,-1.512046,52.701726,On or near Mease Close,E01025947,North West Leicestershire 012B,Vehicle crime,Investigation complete; no suspect identified,
1dbea423410e1b83c4c4c138bdf2f2e1aab82a30d336a835e602de9a7652a564,2023-12,Leicestershire Police,Leicestershire Police,-1.512650,52.698007,On or near Bleach Mill,E01025947,North West Leicestershire 012B,Violence and sexual offences,Unable to prosecute suspect,
4ac34b044320997903674996dc82f07b0b7a69a3e711036a3afac14ccf4bd1f8,2023-12,Leicestershire Police,Leicestershire Police,-1.512046,52.701726,On or near Mease Close,E01025947,North West Leicestershire 012B,Violence and sexual offences,Investigation complete; no suspect identified,
b92f9d85c9275e72f66885e710e618e9e0b4d05963cc06fe267a3deef79c641e,2023-12,Leicestershire Police,Leicestershire Police,-1.504329,52.708877,On or near Tellis Place,E01025948,North West Leicestershire 012C,Criminal damage and arson,Offender given a caution,
73edf384ca729e0a14d8469123b47ad6ff8364c0f78e8ba0d2344fa1d4027127,2023-12,Leicestershire Police,Leicestershire Police,-1.507946,52.709638,On or near Willow Close,E01025948,North West Leicestershire 012C,Criminal damage and arson,Unable to prosecute suspect,
5046c05f40e85b344753c1f974e5facedb67c5dbb934046ccf679b8a8908dc76,2023-12,Leicestershire Police,Leicestershire Police,-1.505943,52.708821,On or near Holly Road,E01025948,North West Leicestershire 012C,Criminal damage and arson,Unable to prosecute suspect,
0a81c369e27e9ed875f2478c9e4c5aa2b5064d490caaa5b119db678b3ecf75db,2023-12,Leicestershire Police,Leicestershire Police,-1.507946,52.709638,On or near Willow Close,E01025948,North West Leicestershire 012C,Criminal damage and arson,Unable to prosecute suspect,
03eb4406c07e624ce19ad2eee2cf5f5173d73b910d5a552fecb14c099cd6a9f9,2023-12,Leicestershire Police,Leicestershire Police,-1.507946,52.709638,On or near Willow Close,E01025948,North West Leicestershire 012C,Violence and sexual offences,Unable to prosecute suspect,
b0c17825de5afdc7c8ad83e884e1ff3a611401a2b4234d12aaa4e75d56894b38,2023-12,Leicestershire Police,Leicestershire Police,-1.506728,52.708734,On or near Hazel Close,E01025948,North West Leicestershire 012C,Violence and sexual offences,Unable to prosecute suspect,
d085ac81db5ad91bf4672050512a5ab3ecde4f6288879fb94cef32705a5b3ec7,2023-12,Leicestershire Police,Leicestershire Police,-1.510899,52.703690,On or near Supermarket,E01025949,North West Leicestershire 012D,Violence and sexual offences,Offender given a caution,
ce3d31e5775c9b5ee2c33810aa41bbd8a145292322dd83e7d902b3c970a963b8,2023-12,Leicestershire Police,Leicestershire Police,-1.507496,52.703622,On or near Wilkes Avenue,E01025949,North West Leicestershire 012D,Violence and sexual offences,Court result unavailable,
,2023-12,Leicestershire Police,Leicestershire Police,-1.513697,52.702317,On or near Raven Close,E01025949,North West Leicestershire 012D,Anti-social behaviour,,
6c0cbc131866e3a0db3a6f6758fb12402d9ac3367ef38ce0f487b62631e24601,2023-12,Leicestershire Police,Leicestershire Police,-1.516802,52.701170,On or near Mallard Close,E01025949,North West Leicestershire 012D,Criminal damage and arson,Investigation complete; no suspect identified,
4d00f33cf0c8cb2e0cec3610a1e3f33079a9e1b867b1583b981a5a12e0cd139e,2023-12,Leicestershire Police,Leicestershire Police,-1.512035,52.702661,On or near Pipit Close,E01025949,North West Leicestershire 012D,Other theft,Investigation complete; no suspect identified,
a7dd9ebea6df6f8a67df287896cfa0809f4be3b4ddd6ca48e5132afaf5d7eddf,2023-12,Leicestershire Police,Leicestershire Police,-1.514425,52.702033,On or near Buzzard Close,E01025949,North West Leicestershire 012D,Other theft,Investigation complete; no suspect identified,
78ff9d46f734ec7e2f9a2fca4b4805c0580572dc30e908d540a15022344906fd,2023-12,Leicestershire Police,Leicestershire Police,-1.516802,52.701170,On or near Mallard Close,E01025949,North West Leicestershire 012D,Other theft,Investigation complete; no suspect identified,
00215e4e6869a8b2c2f7733f778c8b4ea37ffa33cebe12dbba1e0f5c81201207,2023-12,Leicestershire Police,Leicestershire Police,-1.515070,52.701262,On or near Eagle Close,E01025949,North West Leicestershire 012D,Public order,Local resolution,
0d69c9b46e052a2a58d916ea73de5e214f602800610dbc73fceaa1a9c58443f0,2023-12,Leicestershire Police,Leicestershire Police,-1.516802,52.701170,On or near Mallard Close,E01025949,North West Leicestershire 012D,Vehicle crime,Investigation complete; no suspect identified,
a9cdd44289d7b3afd0b8026a75638362c30a3644062af1674b6afb7790e82823,2023-12,Leicestershire Police,Leicestershire Police,-1.516438,52.700665,On or near Siskin Drive,E01025949,North West Leicestershire 012D,Vehicle crime,Unable to prosecute suspect,
ee64cc762d6a4d1765a0a0d6a4f941f82cff5374b753aef360a40a85a3cd26b6,2023-12,Leicestershire Police,Leicestershire Police,-1.516758,52.705180,On or near The Croft,E01025949,North West Leicestershire 012D,Violence and sexual offences,Unable to prosecute suspect,
d511edefce12fbadb24fd8d54c4041515cddd1a3bb21d6689cfa92aa1767b0f3,2023-12,Leicestershire Police,Leicestershire Police,-1.512808,52.702422,On or near Peregrine Close,E01025949,North West Leicestershire 012D,Violence and sexual offences,Unable to prosecute suspect,
f06882b66a127fdbb70ebe3b748ee862bf829c6a995bfac24f2995c90cee4f60,2023-12,Leicestershire Police,Leicestershire Police,-1.510899,52.703690,On or near Supermarket,E01025949,North West Leicestershire 012D,Violence and sexual offences,Further action is not in the public interest,
bca8f9eb0b57fc2186b8b57e33d67688dd4770e4bf032977c9b9788d577882a8,2023-12,Leicestershire Police,Leicestershire Police,-1.516438,52.700665,On or near Siskin Drive,E01025949,North West Leicestershire 012D,Violence and sexual offences,Unable to prosecute suspect,
95412a146616de8c95a74820d28fcd73c0449e9413e34a9e899c370ec0933f27,2023-12,Leicestershire Police,Leicestershire Police,-1.505803,52.705467,On or near Parking Area,E01025949,North West Leicestershire 012D,Violence and sexual offences,Unable to prosecute suspect,
edb8ff0fdbdabc3b69c40d35be2beec39b7a4259a218b81d6a5ebea56f6d02ab,2023-12,Leicestershire Police,Leicestershire Police,-1.516438,52.700665,On or near Siskin Drive,E01025949,North West Leicestershire 012D,Violence and sexual offences,Court result unavailable,
e448441f6dd330ed93f720257cd28260c6680193059d9addaa79e8a07e143f11,2023-12,Leicestershire Police,Leicestershire Police,-1.513697,52.702317,On or near Raven Close,E01025949,North West Leicestershire 012D,Violence and sexual offences,Unable to prosecute suspect,
d45cb92d27f62d753dcb7ae30231bcdfc2e06e5e9f7bcae6b4f991c874e8acd3,2023-12,Leicestershire Police,Leicestershire Police,-1.372600,52.705601,On or near Midlands Road,E01025938,North West Leicestershire 013A,Violence and sexual offences,Unable to prosecute suspect,
8763f5c7cabe750596155abaa7f2a2bd25fff57d7cfa960cae7d5adbf380a011,2023-12,Leicestershire Police,Leicestershire Police,-1.374249,52.700010,On or near Channing Way,E01025938,North West Leicestershire 013A,Violence and sexual offences,Court result unavailable,
ead3cf335d7eb3d898e91c343795c7de04e3b4cffe13d61ba5ad6ff5ae8e4ffd,2023-12,Leicestershire Police,Leicestershire Police,-1.372600,52.705601,On or near Midlands Road,E01025938,North West Leicestershire 013A,Public order,Investigation complete; no suspect identified,
bf8f33a89f2b0fc609b49dae2221e6f4dab91c35266de343d402d555d2e6db01,2023-12,Leicestershire Police,Leicestershire Police,-1.374450,52.699417,On or near Swinfen Close,E01025938,North West Leicestershire 013A,Public order,Unable to prosecute suspect,
7d805e4a66974bd8f9aaa2ee10aae4caf5f052ab57ba63b840610ed59df0eb2c,2023-12,Leicestershire Police,Leicestershire Police,-1.372600,52.705601,On or near Midlands Road,E01025938,North West Leicestershire 013A,Violence and sexual offences,Unable to prosecute suspect,
891b0001b7d307e59033029cf9ea40642529e41c7e20463b9ab5e6ddef0f11e6,2023-12,Leicestershire Police,Leicestershire Police,-1.374605,52.699948,On or near Lawrence Close,E01025938,North West Leicestershire 013A,Violence and sexual offences,Unable to prosecute suspect,
8ab832077c083fc6d50e77e29d2ef90d0698957e45d14cfa676535b15c935d05,2023-12,Leicestershire Police,Leicestershire Police,-1.366860,52.699350,On or near Petrol Station,E01025939,North West Leicestershire 013B,Violence and sexual offences,Investigation complete; no suspect identified,
,2023-12,Leicestershire Police,Leicestershire Police,-1.359870,52.695609,On or near Battleflat Drive,E01025939,North West Leicestershire 013B,Anti-social behaviour,,
b0cce86ad3739aa9660f3759eaff9325a955dab1cefa81fdbd1e8b032ee50b2b,2023-12,Leicestershire Police,Leicestershire Police,-1.340047,52.704148,On or near Regs Way,E01025939,North West Leicestershire 013B,Criminal damage and arson,Investigation complete; no suspect identified,
112023b88daa149ff93651ffb053193f6f37d0dce4dd5aec9cb7495017078ac3,2023-12,Leicestershire Police,Leicestershire Police,-1.366860,52.699350,On or near Petrol Station,E01025939,North West Leicestershire 013B,Criminal damage and arson,Unable to prosecute suspect,
e506249fc5fca63ffd2b6a938e023f1cac32a510dd539b1ddc2a3aeb69f72a9d,2023-12,Leicestershire Police,Leicestershire Police,-1.354297,52.695273,On or near Robson Way,E01025939,North West Leicestershire 013B,Vehicle crime,Investigation complete; no suspect identified,
f72d4fe6132f16836fdaabc30b8da3fa4be36a426862c77b5970eb928d82d080,2023-12,Leicestershire Police,Leicestershire Police,-1.364706,52.700939,On or near Moore Road,E01025939,North West Leicestershire 013B,Vehicle crime,Investigation complete; no suspect identified,
7141151f2c5814732ab884bd5f382f15a73550ff0eca9ca8746deae2102527f6,2023-12,Leicestershire Police,Leicestershire Police,-1.365581,52.681364,On or near Battram Road,E01025940,North West Leicestershire 013C,Other theft,Investigation complete; no suspect identified,
d4ad381d38e30a9ef77ad075fb602bba38486bad7a8d85c153d4f3d0f1fcb79d,2023-12,Leicestershire Police,Leicestershire Police,-1.373415,52.679733,On or near Parking Area,E01025940,North West Leicestershire 013C,Public order,Investigation complete; no suspect identified,
25adb15893edfb894258c1cc0b8ab95fbce040623ef7a5716cf2a4e0c3b67d72,2023-12,Leicestershire Police,Leicestershire Police,-1.398234,52.694875,On or near Jacques Street,E01025940,North West Leicestershire 013C,Violence and sexual offences,Unable to prosecute suspect,
60cb8089cfc04da109c953b244315debdc52710afea6a7ff96ca88c188934d05,2023-12,Leicestershire Police,Leicestershire Police,-1.388002,52.691199,On or near Pretoria Road,E01025940,North West Leicestershire 013C,Violence and sexual offences,Investigation complete; no suspect identified,
903551a3cdc04351b2842fb739958d8beba8d9362298084cda9e721f379c3a7e,2023-12,Leicestershire Police,Leicestershire Police,-1.388002,52.691199,On or near Pretoria Road,E01025940,North West Leicestershire 013C,Violence and sexual offences,Unable to prosecute suspect,
bd9e24c081ae8995f59908e4dd20383f168f808ff5325acf15470ea2694e2a91,2023-12,Leicestershire Police,Leicestershire Police,-1.416933,52.690716,On or near Station Terrace,E01025941,North West Leicestershire 013D,Criminal damage and arson,Investigation complete; no suspect identified,
fba790e8958985bd966289cf35603c54404345bbb6c55dabc5aee6948e46837e,2023-12,Leicestershire Police,Leicestershire Police,-1.425512,52.692007,On or near Old Cow Sheds Drive,E01025941,North West Leicestershire 013D,Other theft,Unable to prosecute suspect,
ab6377dd7ab5d92e96b6f8aef624fb8bdab23015538fcc34918731fce9f15355,2023-12,Leicestershire Police,Leicestershire Police,-1.407761,52.688468,On or near Ashdale,E01025941,North West Leicestershire 013D,Vehicle crime,Investigation complete; no suspect identified,
,2023-12,Leicestershire Police,Leicestershire Police,-1.403958,52.695011,On or near Pike Lane,E01025942,North West Leicestershire 013E,Anti-social behaviour,,
858cdeedbb1873d7d388c0665b43606b474cb10b699b60336d78433b5fb9a56b,2023-12,Leicestershire Police,Leicestershire Police,-1.406387,52.693720,On or near Horseshoe Close,E01025942,North West Leicestershire 013E,Criminal damage and arson,Investigation complete; no suspect identified,
82e592b521ca7b00b3aa2a8375af90a819be6b1a333849041714ecb5f07bc6dd,2023-12,Leicestershire Police,Leicestershire Police,-1.402643,52.697072,On or near George Avenue,E01025942,North West Leicestershire 013E,Other theft,Investigation complete; no suspect identified,
d26c786d8f04b2427b4201ac7fa940d685add017391f053431469c55abf03673,2023-12,Leicestershire Police,Leicestershire Police,-1.400795,52.694744,On or near Winchester Court,E01025942,North West Leicestershire 013E,Violence and sexual offences,Unable to prosecute suspect,
3278dfd46190d23474b53668affc69b0283dfc1331d25fb9643cca868fab9135,2023-12,Leicestershire Police,Leicestershire Police,-1.406387,52.693720,On or near Horseshoe Close,E01025942,North West Leicestershire 013E,Violence and sexual offences,Unable to prosecute suspect,
a21fd3ac96a7987a5b65d90c0f1dcee981a81b2f82c58287724bc75af873c992,2023-12,Leicestershire Police,Leicestershire Police,-1.403958,52.695011,On or near Pike Lane,E01025942,North West Leicestershire 013E,Violence and sexual offences,Unable to prosecute suspect,
31ed8ec9e8241a8b990d7ba3e72370c43767e37433d0fe056e8a29b17fa3dc14,2023-12,Leicestershire Police,Leicestershire Police,-1.399812,52.689848,On or near Central Avenue,E01025943,North West Leicestershire 013F,Violence and sexual offences,Court result unavailable,
,2023-12,Leicestershire Police,Leicestershire Police,-1.404675,52.683634,On or near Hawthorne Drive,E01025943,North West Leicestershire 013F,Anti-social behaviour,,
8bc78cd209ad806466a86fab40d2e3ad160d17b7e651bdbb25c2c2e23dc062c0,2023-12,Leicestershire Police,Leicestershire Police,-1.399236,52.689756,On or near Parking Area,E01025943,North West Leicestershire 013F,Public order,Action to be taken by another organisation,
05e353825f453253a16d04d3abb93569911d4e14599f6601656f4a6426182b09,2023-12,Leicestershire Police,Leicestershire Police,-1.399236,52.689756,On or near Parking Area,E01025943,North West Leicestershire 013F,Public order,Unable to prosecute suspect,
3a232e9d97cf5234b52e4f703fdce66e27b5bf10fa56bbecd44822593ef33a64,2023-12,Leicestershire Police,Leicestershire Police,-1.399812,52.689848,On or near Central Avenue,E01025943,North West Leicestershire 013F,Violence and sexual offences,Unable to prosecute suspect,
d8e9cc422412c970a0f7bf19c398efd8da072cdd66a1e88849218b86e8eb7065,2023-12,Leicestershire Police,Leicestershire Police,-1.400886,52.690285,On or near West Walk,E01025943,North West Leicestershire 013F,Violence and sexual offences,Investigation complete; no suspect identified,
4b666f05af9406a2d43fc85acace9ac82bc576c77a99bca5406bb8145fa7bddf,2023-12,Leicestershire Police,Leicestershire Police,-1.195406,53.002340,On or near Montague Street,E01013885,Nottingham 002E,Violence and sexual offences,Awaiting court outcome,
a1657439da8c7e646ec05d5a42432e966711fd50230182d9a01fc2251418728b,2023-12,Leicestershire Police,Leicestershire Police,-1.239410,52.981199,On or near Hospital,E01013864,Nottingham 014A,Criminal damage and arson,Local resolution,
3b4a74f22e54101e34972eb99941fb1f3e1003e1a35569f51a6a90f8149b4f56,2023-12,Leicestershire Police,Leicestershire Police,-1.197784,52.907742,On or near Clifton Hall Drive,E01013912,Nottingham 036D,Other crime,Action to be taken by another organisation,
,2023-12,Leicestershire Police,Leicestershire Police,-1.063849,52.585968,On or near Weston Rise,E01025970,Oadby and Wigston 003A,Anti-social behaviour,,
,2023-12,Leicestershire Police,Leicestershire Police,-1.062558,52.586290,On or near Wakeling View,E01025970,Oadby and Wigston 003A,Anti-social behaviour,,
662230d8bfd838e68aa1b9c2c56d26655a21a93bfa6686d48350b52f8a8ef411,2023-12,Leicestershire Police,Leicestershire Police,-1.063835,52.586624,On or near Durrad Drive,E01025970,Oadby and Wigston 003A,Burglary,Investigation complete; no suspect identified,
bfde212dadaece5429a8640e9dc980a4209c2f296d597a4247cbc616886b315d,2023-12,Leicestershire Police,Leicestershire Police,-1.063849,52.585968,On or near Weston Rise,E01025970,Oadby and Wigston 003A,Public order,Unable to prosecute suspect,
464890c6b11eaeb9d6e53fdc09da7434bbce58af28decc86d4fdf1bbf43996b0,2023-12,Leicestershire Police,Leicestershire Police,-1.072392,52.588193,On or near Further/Higher Educational Building,E01025970,Oadby and Wigston 003A,Public order,Investigation complete; no suspect identified,
ad90286df22d38ca0eb3a328f6f4a6ceb46f4cebdeb10aec96ad4902b18e5ee5,2023-12,Leicestershire Police,Leicestershire Police,-1.063849,52.585968,On or near Weston Rise,E01025970,Oadby and Wigston 003A,Public order,Unable to prosecute suspect,
0385c8a00fe802c81b401cd36fd89bc331514a2ae01b034a44bb0968a3a67b61,2023-12,Leicestershire Police,Leicestershire Police,-1.072392,52.588193,On or near Further/Higher Educational Building,E01025970,Oadby and Wigston 003A,Violence and sexual offences,Further action is not in the public interest,
92b2ea45880cb108e16d1df30fc640667af23e032ca42cbf87024ac4c3914b86,2023-12,Leicestershire Police,Leicestershire Police,-1.077820,52.586967,On or near Sutton Close,E01025970,Oadby and Wigston 003A,Violence and sexual offences,Unable to prosecute suspect,
edbd8a00164704a3ac3cdd99e41c4a1baf9007b01e9759b871b29f0c59c56f29,2023-12,Leicestershire Police,Leicestershire Police,-1.072955,52.590211,On or near Coombe Place,E01025971,Oadby and Wigston 003B,Burglary,Investigation complete; no suspect identified,
65b5a90eb338a8894907fff8064fbce0e665c0f69cb1e5d91672a35b9b5436e3,2023-12,Leicestershire Police,Leicestershire Police,-1.072955,52.590211,On or near Coombe Place,E01025971,Oadby and Wigston 003B,Burglary,Investigation complete; no suspect identified,
55f9ede06033cdb6abd8c955c831266ec3acba33487109958c05382e31003776,2023-12,Leicestershire Police,Leicestershire Police,-1.072369,52.594162,On or near Canon Close,E01025971,Oadby and Wigston 003B,Other theft,Investigation complete; no suspect identified,
dd22d2e313ce3e55d2c90d1db408e8c46a81e28d5c221d6eb8d112e7f856b347,2023-12,Leicestershire Police,Leicestershire Police,-1.070385,52.590254,On or near Hill Way,E01025971,Oadby and Wigston 003B,Violence and sexual offences,Unable to prosecute suspect,
714b6a168c2b2a03d7ace9835691875022d961c3db1b4ec559a6eb8182fc3c9e,2023-12,Leicestershire Police,Leicestershire Police,-1.070561,52.593833,On or near Petrol Station,E01025971,Oadby and Wigston 003B,Violence and sexual offences,Further action is not in the public interest,
29e4b06195782ab77201a12b8ab7f30ae68b2324c2d3d26fc3aedcb7a9d1b08e,2023-12,Leicestershire Police,Leicestershire Police,-1.077289,52.591180,On or near Briar Walk,E01025972,Oadby and Wigston 003C,Burglary,Investigation complete; no suspect identified,
1ad0f6f152425fa2410e2c0ef61ad70fde2aebe8eb36b4f62fa1f1b8d78ec748,2023-12,Leicestershire Police,Leicestershire Police,-1.081082,52.590499,On or near Badgers Holt,E01025972,Oadby and Wigston 003C,Burglary,Investigation complete; no suspect identified,
664b8cc22dfb78d2a31cae0eddd0c5758132459cd25b38d2a4b73cad1a7a6cac,2023-12,Leicestershire Police,Leicestershire Police,-1.087645,52.593844,On or near Sports/Recreation Area,E01025972,Oadby and Wigston 003C,Public order,Unable to prosecute suspect,
783d64d23cbaa27f52d5ce032bbc904cdb1e9721e74f793678ff3a85d5864e96,2023-12,Leicestershire Police,Leicestershire Police,-1.079141,52.589441,On or near Barnet Close,E01025972,Oadby and Wigston 003C,Violence and sexual offences,Investigation complete; no suspect identified,
5d026445b176938d97d18e6147acb6065cd50b993502bbaec6e9bdcbc99e188d,2023-12,Leicestershire Police,Leicestershire Police,-1.081848,52.593436,On or near Siskin Hill,E01025976,Oadby and Wigston 003D,Burglary,Investigation complete; no suspect identified,
ddb6706d26faa75671ae4956507d1e0c43635db818f8c96154be41bf2b0f9c98,2023-12,Leicestershire Police,Leicestershire Police,-1.082410,52.597611,On or near Chapel Street,E01025976,Oadby and Wigston 003D,Drugs,Local resolution,
96e9aaa67b18e10ba92da2d265db37cc6730254691f9b8f08ce21dffe023ce39,2023-12,Leicestershire Police,Leicestershire Police,-1.083337,52.597735,On or near Churchill Close,E01025976,Oadby and Wigston 003D,Other theft,Investigation complete; no suspect identified,
0fe3ce43e79ce09d9447ae93952c2ac7fcc942e6bfcfc4a71d489bcef3528f92,2023-12,Leicestershire Police,Leicestershire Police,-1.083337,52.597735,On or near Churchill Close,E01025976,Oadby and Wigston 003D,Other theft,Investigation complete; no suspect identified,
3a57442e911fb102664fc9ba6d045c42b4f6e897cbc5e0d2969a7b3aafaf4767,2023-12,Leicestershire Police,Leicestershire Police,-1.089780,52.597497,On or near Selbury Drive,E01025976,Oadby and Wigston 003D,Other theft,Investigation complete; no suspect identified,
6faa84ad7dfa5411843a0540e2f3005a620335182cc9e71c4cfaef3914106f58,2023-12,Leicestershire Police,Leicestershire Police,-1.089780,52.597497,On or near Selbury Drive,E01025976,Oadby and Wigston 003D,Vehicle crime,Investigation complete; no suspect identified,
947a3fd51e3b845c454bdf54e952eaa1aec38173dc89f8a56518e4c1c61a832e,2023-12,Leicestershire Police,Leicestershire Police,-1.083337,52.597735,On or near Churchill Close,E01025976,Oadby and Wigston 003D,Violence and sexual offences,Unable to prosecute suspect,
397ff0c0fbbdf30a8735e5cdce78781d158c7ab41fed2bb26f14ca9887fcb6ec,2023-12,Leicestershire Police,Leicestershire Police,-1.082847,52.599997,On or near Parking Area,E01025977,Oadby and Wigston 003E,Shoplifting,Unable to prosecute suspect,
,2023-12,Leicestershire Police,Leicestershire Police,-1.089761,52.598396,On or near Pomeroy Drive,E01025977,Oadby and Wigston 003E,Anti-social behaviour,,
,2023-12,Leicestershire Police,Leicestershire Police,-1.084218,52.599414,On or near Parking Area,E01025977,Oadby and Wigston 003E,Anti-social behaviour,,
c6239e2a18864398fe8735d0a4d37e6815de37da7c16e4fc6663f2f67712f736,2023-12,Leicestershire Police,Leicestershire Police,-1.084218,52.599414,On or near Parking Area,E01025977,Oadby and Wigston 003E,Bicycle theft,Investigation complete; no suspect identified,
a2b4f41730c2549d7e2c08f7ec9fbd96d0376340df0fec944d04a3beb6cf255b,2023-12,Leicestershire Police,Leicestershire Police,-1.082680,52.598800,On or near Brooksby Drive,E01025977,Oadby and Wigston 003E,Burglary,Investigation complete; no suspect identified,
c987cae536a705544bd10db60be2c25cf3a8c20348fa04fa84128071527508e1,2023-12,Leicestershire Police,Leicestershire Police,-1.093010,52.599069,On or near Paddock Close,E01025977,Oadby and Wigston 003E,Burglary,Investigation complete; no suspect identified,
3267c41af7492fc0b6870c5f65e71a0549320a0b79bfe1c19d557280dab42743,2023-12,Leicestershire Police,Leicestershire Police,-1.091928,52.600678,On or near Valentine Drive,E01025977,Oadby and Wigston 003E,Burglary,Investigation complete; no suspect identified,
7b4a47190fdfdd9dcca1e53be94c5b1ae7468ec63a8f59c1c98300773d1fdd9b,2023-12,Leicestershire Police,Leicestershire Police,-1.083846,52.600257,On or near The Parade,E01025977,Oadby and Wigston 003E,Burglary,Investigation complete; no suspect identified,
e8f374d42a46e6e6bb025c0dc82ec62ee35d13e48ebb1c8cd2b4da2f6cd16e8b,2023-12,Leicestershire Police,Leicestershire Police,-1.082680,52.598800,On or near Brooksby Drive,E01025977,Oadby and Wigston 003E,Burglary,Investigation complete; no suspect identified,
9c4e6ca452be3dcd1dd037c7144a40941dd5cc83f3c9ddfa255e06f9ae3e3e1a,2023-12,Leicestershire Police,Leicestershire Police,-1.082680,52.598800,On or near Brooksby Drive,E01025977,Oadby and Wigston 003E,Burglary,Investigation complete; no suspect identified,
a222feb4bccb97c64a880087b9b00b090e60424fa28f26b1e7aec3d224654a83,2023-12,Leicestershire Police,Leicestershire Police,-1.082847,52.599997,On or near Parking Area,E01025977,Oadby and Wigston 003E,Criminal damage and arson,Court result unavailable,
9f02495d93bf1ea3c1c892f464e41e30f329765dff344708afb92c093beeee1f,2023-12,Leicestershire Police,Leicestershire Police,-1.091184,52.602399,On or near Granville Avenue,E01025977,Oadby and Wigston 003E,Other theft,Investigation complete; no suspect identified,
1d042baf92936ef916b8bf62a94ad5c850032388b075de75ae82a8675081535a,2023-12,Leicestershire Police,Leicestershire Police,-1.087426,52.602757,On or near Leicester Road,E01025977,Oadby and Wigston 003E,Other theft,Investigation complete; no suspect identified,
11d2524ffacdba71c28a9ff23cef5d01298e1f6ee54b3409c4e9e19d82dcf4af,2023-12,Leicestershire Police,Leicestershire Police,-1.085008,52.600445,On or near Sandhurst Street,E01025977,Oadby and Wigston 003E,Public order,Investigation complete; no suspect identified,
243b8b7afe3da9a9b9da2c482265e6ed1f8ca5d28a485986fea47f21b88bff85,2023-12,Leicestershire Police,Leicestershire Police,-1.091928,52.600678,On or near Valentine Drive,E01025977,Oadby and Wigston 003E,Public order,Local resolution,
0cacfd8f9324d6bcbba982ba993886b1c66a3000e6cb620352093eca86b8ef85,2023-12,Leicestershire Police,Leicestershire Police,-1.090729,52.603708,On or near Carfax Avenue,E01025977,Oadby and Wigston 003E,Robbery,Investigation complete; no suspect identified,
eb8d5bdaa2bfdd0d28204d4f913c05b8d927d4a9eed21f54e2b304dc7c396056,2023-12,Leicestershire Police,Leicestershire Police,-1.084218,52.599414,On or near Parking Area,E01025977,Oadby and Wigston 003E,Shoplifting,Investigation complete; no suspect identified,
f56da9832d04b6cdcd6430eb479febdbd68d9cf7fbf456af9b79d885dac096a6,2023-12,Leicestershire Police,Leicestershire Police,-1.084218,52.599414,On or near Parking Area,E01025977,Oadby and Wigston 003E,Shoplifting,Formal action is not in the public interest,
a5454f9674fc7fa86b2bedc68f0a3994aa5ea1eb7219b24d54abd283d1962c07,2023-12,Leicestershire Police,Leicestershire Police,-1.082847,52.599997,On or near Parking Area,E01025977,Oadby and Wigston 003E,Shoplifting,Investigation complete; no suspect identified,
8d40587749d85da276ea2ae3ecaf9f1d7972988bafe00af7e70eb3fbd19d9bb2,2023-12,Leicestershire Police,Leicestershire Police,-1.084218,52.599414,On or near Parking Area,E01025977,Oadby and Wigston 003E,Shoplifting,Investigation complete; no suspect identified,
44c71b154d09e7e45f3eebdab0c6b2305b239cc878c6f81a6145aaa763dadba4,2023-12,Leicestershire Police,Leicestershire Police,-1.095219,52.607221,On or near Leicester Road,E01025977,Oadby and Wigston 003E,Shoplifting,Investigation complete; no suspect identified,
00cf06d8334d2b754f99b59bf4b48acd4e7ac1601bdbf953be417f6550c36291,2023-12,Leicestershire Police,Leicestershire Police,-1.084218,52.599414,On or near Parking Area,E01025977,Oadby and Wigston 003E,Shoplifting,Unable to prosecute suspect,
3d732697bc01aa57f41313008e72c0b217acd5ef6751e2142edaf2835e365468,2023-12,Leicestershire Police,Leicestershire Police,-1.085008,52.600445,On or near Sandhurst Street,E01025977,Oadby and Wigston 003E,Shoplifting,Investigation complete; no suspect identified,
101eecf1191f1e70e7d6e867a42b8cca5643fa650e065f1b69401a4c32f0f335,2023-12,Leicestershire Police,Leicestershire Police,-1.086328,52.601606,On or near Parking Area,E01025977,Oadby and Wigston 003E,Vehicle crime,Investigation complete; no suspect identified,
762ab3d9c551530c7faad6c16e41dd144ef95b0ad8da6e2cea7010fb4da32c66,2023-12,Leicestershire Police,Leicestershire Police,-1.086328,52.601606,On or near Parking Area,E01025977,Oadby and Wigston 003E,Vehicle crime,Unable to prosecute suspect,
cfa33f54206c33c7d9a7067490932e9383228ba1a3448b0877794ba674b06935,2023-12,Leicestershire Police,Leicestershire Police,-1.095219,52.607221,On or near Leicester Road,E01025977,Oadby and Wigston 003E,Vehicle crime,Investigation complete; no suspect identified,
f281beeed01cbb8f3c0f280ff0d50fbd842dd91d95929d96b1b98fde4a6dfef7,2023-12,Leicestershire Police,Leicestershire Police,-1.086328,52.601606,On or near Parking Area,E01025977,Oadby and Wigston 003E,Violence and sexual offences,Investigation complete; no suspect identified,
09866f989d2d96950eeeb2be5671db5a20515284d0e9860f46969f8d330ec850,2023-12,Leicestershire Police,Leicestershire Police,-1.095219,52.607221,On or near Leicester Road,E01025977,Oadby and Wigston 003E,Violence and sexual offences,Unable to prosecute suspect,
0099e4e5a6bf13d5b083528767a5cbffc32b16187cca659c4329204283d6525d,2023-12,Leicestershire Police,Leicestershire Police,-1.085008,52.600445,On or near Sandhurst Street,E01025977,Oadby and Wigston 003E,Violence and sexual offences,Unable to prosecute suspect,
4ad88a59543bbd388fd92a93c8b4161ad69d37e82f99d69db73e09af55b82f7d,2023-12,Leicestershire Police,Leicestershire Police,-1.090129,52.601285,On or near Drury Lane,E01025977,Oadby and Wigston 003E,Violence and sexual offences,Investigation complete; no suspect identified,
d4182bef011297a870269cd21cad2569f6e050b65b2a60b750b959e28d5b8bcc,2023-12,Leicestershire Police,Leicestershire Police,-1.082847,52.599997,On or near Parking Area,E01025977,Oadby and Wigston 003E,Violence and sexual offences,Court result unavailable,
ebf642322d6ebede96bd5666b60debde2bc01758fb31d464bab82a30c9d901f7,2023-12,Leicestershire Police,Leicestershire Police,-1.082847,52.599997,On or near Parking Area,E01025977,Oadby and Wigston 003E,Violence and sexual offences,Formal action is not in the public interest,
d5a917e9642180ca2175ba080cd62329ec0e16c49619446fe34154ac0bf8bdc9,2023-12,Leicestershire Police,Leicestershire Police,-1.082847,52.599997,On or near Parking Area,E01025977,Oadby and Wigston 003E,Violence and sexual offences,Court result unavailable,
c6ec29d769db163cd9f31e5809c030f2878b7349f997473d4b15a441e44885ba,2023-12,Leicestershire Police,Leicestershire Police,-1.084218,52.599414,On or near Parking Area,E01025977,Oadby and Wigston 003E,Violence and sexual offences,Unable to prosecute suspect,
7a7cfafe60da47b8f4b1dea28be2aca673ce2fffc1844bd59dd91eb15e483436,2023-12,Leicestershire Police,Leicestershire Police,-1.089554,52.599824,On or near Mercia Drive,E01025977,Oadby and Wigston 003E,Other crime,Action to be taken by another organisation,
,2023-12,Leicestershire Police,Leicestershire Police,-1.080217,52.599484,On or near Supermarket,E01025978,Oadby and Wigston 003F,Anti-social behaviour,,
2c2e2e849bb67a3e2c7e7706a15bd827c39dcf04762fc2c9e0b4fb3ed477acda,2023-12,Leicestershire Police,Leicestershire Police,-1.077175,52.597319,On or near Meadow View,E01025978,Oadby and Wigston 003F,Burglary,Investigation complete; no suspect identified,
f8889a3923967901805b77be5e120506e927946da02ddaa8c68bec6f4194e735,2023-12,Leicestershire Police,Leicestershire Police,-1.080217,52.599484,On or near Supermarket,E01025978,Oadby and Wigston 003F,Drugs,Local resolution,
7288ebda074ffe66bd260dcb07186429c2f1b76cddf03139267b5e9389b3c969,2023-12,Leicestershire Police,Leicestershire Police,-1.080019,52.594042,On or near Quinton Rise,E01025978,Oadby and Wigston 003F,Other theft,Investigation complete; no suspect identified,
99c0fa01501c63f4975dc4c6fed45649c5219504c5fed244d054af6096186186,2023-12,Leicestershire Police,Leicestershire Police,-1.080217,52.599484,On or near Supermarket,E01025978,Oadby and Wigston 003F,Public order,Unable to prosecute suspect,
fabcef6aa67f13f1b1c1086ea5214f1e53a191a0f4dc904d03f392c7dfaeb5ea,2023-12,Leicestershire Police,Leicestershire Police,-1.080217,52.599484,On or near Supermarket,E01025978,Oadby and Wigston 003F,Public order,Investigation complete; no suspect identified,
65f726ab4c8d3e03f3056e8c6f74dafb2dc843b8d5315912750495351d9e4f63,2023-12,Leicestershire Police,Leicestershire Police,-1.080217,52.599484,On or near Supermarket,E01025978,Oadby and Wigston 003F,Public order,Investigation complete; no suspect identified,
b2f73fd5cb72ab7d07f737f364f78ef31ec8673ff3aa7bb5535ace94c2f752fc,2023-12,Leicestershire Police,Leicestershire Police,-1.076027,52.597148,On or near King Street,E01025978,Oadby and Wigston 003F,Shoplifting,Investigation complete; no suspect identified,
45b173e1d2fb2fc8289e716ddc3d38c1d80422f336b9b9d43bbfee4fc6d1f02d,2023-12,Leicestershire Police,Leicestershire Police,-1.076027,52.597148,On or near King Street,E01025978,Oadby and Wigston 003F,Violence and sexual offences,Action to be taken by another organisation,
20a0964c4c4024d63d7bbddcad311cd0beb62898ebf9f261aac8ff2afe7312c9,2023-12,Leicestershire Police,Leicestershire Police,-1.074841,52.596672,On or near Mount Road,E01025978,Oadby and Wigston 003F,Violence and sexual offences,Unable to prosecute suspect,
d1d4dddcad78753dd3a210af941a6d7c59f2971c06cf99578e24187bdbe7d6b6,2023-12,Leicestershire Police,Leicestershire Police,-1.077442,52.594462,On or near Brocks Hill Drive,E01025978,Oadby and Wigston 003F,Violence and sexual offences,Unable to prosecute suspect,
d02434b8b7b26b9987266e09ddf4b73593cd0d8b00b88d981292c7173d1afdc1,2023-12,Leicestershire Police,Leicestershire Police,-1.074841,52.596672,On or near Mount Road,E01025978,Oadby and Wigston 003F,Violence and sexual offences,Investigation complete; no suspect identified,
c372a7129e5bd3c3d658737e75936a22680d77888103079fda5eeb54c16f9ce5,2023-12,Leicestershire Police,Leicestershire Police,-1.080306,52.597244,On or near Parking Area,E01025978,Oadby and Wigston 003F,Violence and sexual offences,Unable to prosecute suspect,
8856afa41a79be65cc02e8e4068680241db6ffc725adecbbfdd3890ffbbd6c4c,2023-12,Leicestershire Police,Leicestershire Police,-1.080306,52.597244,On or near Parking Area,E01025978,Oadby and Wigston 003F,Violence and sexual offences,Unable to prosecute suspect,
e6001026ce940f359ef2025d5e383f05fe8f8114b5bf66229dbb6cb358ca6aec,2023-12,Leicestershire Police,Leicestershire Police,-1.077881,52.598826,On or near Harborough Road,E01025978,Oadby and Wigston 003F,Violence and sexual offences,Unable to prosecute suspect,
17d07af3e4cfd7c8e5a0d3c80505c6b2ffd17852fd26e36eed12c52c176a8857,2023-12,Leicestershire Police,Leicestershire Police,-1.074841,52.596672,On or near Mount Road,E01025978,Oadby and Wigston 003F,Violence and sexual offences,Action to be taken by another organisation,
175c7ad92cb81982f71f633019c11880522d8a545ca12e66432c16d479b5a984,2023-12,Leicestershire Police,Leicestershire Police,-1.080794,52.598651,On or near Church Street,E01025978,Oadby and Wigston 003F,Violence and sexual offences,Unable to prosecute suspect,
3ebe3bd3d58702d649ad9034dfa49903b13ae1dc0125be6cafa2f9fa32e6fc91,2023-12,Leicestershire Police,Leicestershire Police,-1.112414,52.582809,On or near Parlour Close,E01025992,Oadby and Wigston 005A,Criminal damage and arson,Offender given a caution,
968011d21f148b57836edea489a5e248133e93e358c653180d5dd776cf120fb3,2023-12,Leicestershire Police,Leicestershire Police,-1.107728,52.584625,On or near Elizabeth Court,E01025992,Oadby and Wigston 005A,Drugs,Unable to prosecute suspect,
3145f1b4eb37d53a470676f267edcf8b34f3fce2419a2bf4b37e20ff4413084d,2023-12,Leicestershire Police,Leicestershire Police,-1.106518,52.586073,On or near Shopping Area,E01025992,Oadby and Wigston 005A,Burglary,Investigation complete; no suspect identified,
51ba3a20d78e2e797c38e72b9d4d28a09acf666abf471418cf2b0b53b6b44127,2023-12,Leicestershire Police,Leicestershire Police,-1.109404,52.582031,On or near Newgate End,E01025992,Oadby and Wigston 005A,Criminal damage and arson,Investigation complete; no suspect identified,
908eb6a10b4d8fd102b82215a3c4b04d26c94c235a79264c6778a43eb292aa85,2023-12,Leicestershire Police,Leicestershire Police,-1.107728,52.584625,On or near Elizabeth Court,E01025992,Oadby and Wigston 005A,Drugs,Investigation complete; no suspect identified,
37a49a2a29b7ccf6b0ca65663b9957655ba563f35171092075f387af89572303,2023-12,Leicestershire Police,Leicestershire Police,-1.106518,52.586073,On or near Shopping Area,E01025992,Oadby and Wigston 005A,Other theft,Investigation complete; no suspect identified,
682710cc92ab2810769f81449aae65d5666d26c90b55f7d9b3ce0d78ccc2f15f,2023-12,Leicestershire Police,Leicestershire Police,-1.108317,52.583254,On or near Willow Place,E01025992,Oadby and Wigston 005A,Other theft,Investigation complete; no suspect identified,
2e1f9b3c37f68f4d0fded09ce4cd2dcf12894d74a77ea3b3a9da2c4902f58b97,2023-12,Leicestershire Police,Leicestershire Police,-1.107728,52.584625,On or near Elizabeth Court,E01025992,Oadby and Wigston 005A,Public order,Unable to prosecute suspect,
580d6212858aeb554c515b7b4c3c3591a8404116f8700e178ad6b533b64453a7,2023-12,Leicestershire Police,Leicestershire Police,-1.106518,52.586073,On or near Shopping Area,E01025992,Oadby and Wigston 005A,Public order,Investigation complete; no suspect identified,
3b7e7be018febebdbeef2988b400984dfd6b7d1e30218a7b2eb1dca2ab0bcc80,2023-12,Leicestershire Police,Leicestershire Police,-1.105054,52.584767,On or near Paddock Street,E01025992,Oadby and Wigston 005A,Shoplifting,Investigation complete; no suspect identified,
1af0634fe4d5782294d1fd4963f69f14312b56b4c5f45aa8c388edcfa1bd9c6f,2023-12,Leicestershire Police,Leicestershire Police,-1.105054,52.584767,On or near Paddock Street,E01025992,Oadby and Wigston 005A,Shoplifting,Investigation complete; no suspect identified,
5fccbe72301c3b9beac367cfdc57f545b5284591951334b227d18267d8c1852a,2023-12,Leicestershire Police,Leicestershire Police,-1.105054,52.584767,On or near Paddock Street,E01025992,Oadby and Wigston 005A,Shoplifting,Investigation complete; no suspect identified,
167f9629ef8111a3fd96435ab6900bfa5c5396b87bcf3a77df792cf39a077fe8,2023-12,Leicestershire Police,Leicestershire Police,-1.104057,52.584445,On or near Supermarket,E01025992,Oadby and Wigston 005A,Shoplifting,Investigation complete; no suspect identified,
c4480f6e820d0ed286fc4c22ad676fb52891128c10635a845ae05306681a2679,2023-12,Leicestershire Police,Leicestershire Police,-1.105054,52.584767,On or near Paddock Street,E01025992,Oadby and Wigston 005A,Shoplifting,Investigation complete; no suspect identified,
96ef34c16071398d23f2b003fa1f88bd703aa6e05c211d33738e13fd60b344e2,2023-12,Leicestershire Police,Leicestershire Police,-1.106518,52.586073,On or near Shopping Area,E01025992,Oadby and Wigston 005A,Shoplifting,Investigation complete; no suspect identified,
fc6c3887542e8a1db09ab1bd7895615e8c59c69bd1f1e617a7893403d3140fa7,2023-12,Leicestershire Police,Leicestershire Police,-1.104057,52.584445,On or near Supermarket,E01025992,Oadby and Wigston 005A,Shoplifting,Investigation complete; no suspect identified,
90b6d0dffcdd6cf0f48893e3ab63f4a3e74c901f5dd9e002e3645dc33bb90c85,2023-12,Leicestershire Police,Leicestershire Police,-1.106518,52.586073,On or near Shopping Area,E01025992,Oadby and Wigston 005A,Shoplifting,Investigation complete; no suspect identified,
c3f811cb80dfb80f60a38ca2010b25df060f90abd2e15b8d3d62f99644a1905f,2023-12,Leicestershire Police,Leicestershire Police,-1.105054,52.584767,On or near Paddock Street,E01025992,Oadby and Wigston 005A,Shoplifting,Investigation complete; no suspect identified,
aa001e7e0a735db67b64ed508dddeaeb3bb207c0bc47c113e8cc4776b7dc379a,2023-12,Leicestershire Police,Leicestershire Police,-1.112908,52.580987,On or near Collaton Road,E01025992,Oadby and Wigston 005A,Theft from the person,Unable to prosecute suspect,
091b0231a2d6b2aafbb272e2c729df29b9f42a432b99afbd39364b1af6864603,2023-12,Leicestershire Police,Leicestershire Police,-1.103360,52.581716,On or near Petrol Station,E01025992,Oadby and Wigston 005A,Violence and sexual offences,Local resolution,
1d91a55d192294e53c88396b47ef47dee5cc1f1a9491c9b1e5b6d0a4bc1ce0a9,2023-12,Leicestershire Police,Leicestershire Police,-1.105054,52.584767,On or near Paddock Street,E01025992,Oadby and Wigston 005A,Violence and sexual offences,Investigation complete; no suspect identified,
30955137011894bb5ad3b354978bedb3e8db68b769e79075bace9fed26957188,2023-12,Leicestershire Police,Leicestershire Police,-1.112908,52.580987,On or near Collaton Road,E01025992,Oadby and Wigston 005A,Violence and sexual offences,Unable to prosecute suspect,
168ea7068b6784d75e42677446c5c9436a49c857365b6929ad7353af67770819,2023-12,Leicestershire Police,Leicestershire Police,-1.109404,52.582031,On or near Newgate End,E01025992,Oadby and Wigston 005A,Violence and sexual offences,Unable to prosecute suspect,
ff613ecc98cf2c640f0c5154a1d7e6ea367c3973fa359193cf8fbf3f79a565e0,2023-12,Leicestershire Police,Leicestershire Police,-1.105054,52.584767,On or near Paddock Street,E01025992,Oadby and Wigston 005A,Violence and sexual offences,Investigation complete; no suspect identified,
afd532f0382dfae788f156b207faf334031a34922656f6b32b64d11fee8f2d93,2023-12,Leicestershire Police,Leicestershire Police,-1.111183,52.583087,On or near Bushloe End,E01025992,Oadby and Wigston 005A,Violence and sexual offences,Unable to prosecute suspect,
9074b0677630b911d57992d77264e3d7d2dcbc6b2ffbe2227eee8294205cb697,2023-12,Leicestershire Police,Leicestershire Police,-1.104057,52.584445,On or near Supermarket,E01025992,Oadby and Wigston 005A,Violence and sexual offences,Investigation complete; no suspect identified,
a32fa96fc78b45c93f79526fec35b3437f94252b07841e0d3509a701adec4f07,2023-12,Leicestershire Police,Leicestershire Police,-1.107728,52.584625,On or near Elizabeth Court,E01025992,Oadby and Wigston 005A,Violence and sexual offences,Unable to prosecute suspect,
82ae7deea77fc992519d3f4076c30c80a093696a45775c59a70b8c368f8abdfe,2023-12,Leicestershire Police,Leicestershire Police,-1.104057,52.584445,On or near Supermarket,E01025992,Oadby and Wigston 005A,Violence and sexual offences,Unable to prosecute suspect,
40fd5bced2f8ee6c0cfeecc2d3118d4b4a98de2240beee17cf3b1c246c7fd484,2023-12,Leicestershire Police,Leicestershire Police,-1.105054,52.584767,On or near Paddock Street,E01025992,Oadby and Wigston 005A,Violence and sexual offences,Unable to prosecute suspect,
4e6c2b48ce0d5a48845ef95381df355ef474260bbf3835d5bbdd940134ad3ed6,2023-12,Leicestershire Police,Leicestershire Police,-1.111183,52.583087,On or near Bushloe End,E01025992,Oadby and Wigston 005A,Violence and sexual offences,Investigation complete; no suspect identified,
2ac43e37e4abd5cbd01b7c70b1d3aa40609d2254be0249c82089a0ac675aa6e3,2023-12,Leicestershire Police,Leicestershire Police,-1.107904,52.583961,On or near Long Street,E01025992,Oadby and Wigston 005A,Other crime,Action to be taken by another organisation,
5b53672146d99f8dcc4b65866b55cebce70fe4296c0777bb8f0d5cfdd484226a,2023-12,Leicestershire Police,Leicestershire Police,-1.122104,52.583142,On or near Clarkes Road,E01025994,Oadby and Wigston 005B,Criminal damage and arson,Investigation complete; no suspect identified,
77cb65b298f373a0aca627550826bc1debfae4209291a231cea525ffe88f4526,2023-12,Leicestershire Police,Leicestershire Police,-1.119519,52.584714,On or near Queens Drive,E01025994,Oadby and Wigston 005B,Vehicle crime,Investigation complete; no suspect identified,
e236c69dd1cb695afe031918cd62128ff3ab1c6784c0705bc3f2927f60f2bb64,2023-12,Leicestershire Police,Leicestershire Police,-1.119668,52.583195,On or near Cherry Street,E01025994,Oadby and Wigston 005B,Violence and sexual offences,Unable to prosecute suspect,
2c156162ba9a87a36fe0f3f5845ff6c083f7aefad1ca199f478f19a58c303e8a,2023-12,Leicestershire Police,Leicestershire Police,-1.116724,52.585754,On or near Holmden Avenue,E01025994,Oadby and Wigston 005B,Violence and sexual offences,Status update unavailable,
f4f94b734ab9310b24c60d4f037856bfe3230f2ef5b8eb8bf72455f8bec40130,2023-12,Leicestershire Police,Leicestershire Police,-1.119686,52.585254,On or near Regent Close,E01025994,Oadby and Wigston 005B,Violence and sexual offences,Unable to prosecute suspect,
14d30a35aff1e8aea505cfa2f493cf2d7298b542e8284c569f98d6b1d16b01de,2023-12,Leicestershire Police,Leicestershire Police,-1.122173,52.588572,On or near West Avenue,E01025994,Oadby and Wigston 005B,Violence and sexual offences,Investigation complete; no suspect identified,
f9197107bb73b1abf2d2d9247b0b6900542c038537a5727a8540b523919835db,2023-12,Leicestershire Police,Leicestershire Police,-1.116724,52.585754,On or near Holmden Avenue,E01025994,Oadby and Wigston 005B,Violence and sexual offences,Unable to prosecute suspect,
ba422c21d605dd831bc4c40609974969cc2c3f9e52363b67c034cb356683c4bf,2023-12,Leicestershire Police,Leicestershire Police,-1.116724,52.585754,On or near Holmden Avenue,E01025994,Oadby and Wigston 005B,Violence and sexual offences,Unable to prosecute suspect,
edbc4beda3295bbbd353360e38b07de18916911062bb7a92082c97148e13a9e4,2023-12,Leicestershire Police,Leicestershire Police,-1.116724,52.585754,On or near Holmden Avenue,E01025994,Oadby and Wigston 005B,Violence and sexual offences,Unable to prosecute suspect,
d4c0ad9d5c7c987d57787800cfcce906c78b05547a6a3e730dbf1abf44bc2666,2023-12,Leicestershire Police,Leicestershire Police,-1.116724,52.585754,On or near Holmden Avenue,E01025994,Oadby and Wigston 005B,Violence and sexual offences,Unable to prosecute suspect,
ae03db107db6386d0bf723dbdbf1d699dcf47a5bcb343520e576adb913803651,2023-12,Leicestershire Police,Leicestershire Police,-1.118290,52.583455,On or near Manor Street,E01025994,Oadby and Wigston 005B,Violence and sexual offences,Unable to prosecute suspect,
c0db34cbfc1e3fe1c690cb61706e12d7dee18c15ec06f74cefdbe56f577b4a57,2023-12,Leicestershire Police,Leicestershire Police,-1.116724,52.585754,On or near Holmden Avenue,E01025994,Oadby and Wigston 005B,Violence and sexual offences,Unable to prosecute suspect,
3360e4f0e0d5d30eb701df7b36d4ab11e412c0efe09a6d2631438b0a546a0e58,2023-12,Leicestershire Police,Leicestershire Police,-1.121905,52.591654,On or near B5418,E01025997,Oadby and Wigston 005C,Other theft,Investigation complete; no suspect identified,
8b3eb6f28a797fba562ebc2727ab4c1ba5d2d699694108aa2fa20808e69a8dc6,2023-12,Leicestershire Police,Leicestershire Police,-1.118560,52.587655,On or near Owston Drive,E01025997,Oadby and Wigston 005C,Robbery,Investigation complete; no suspect identified,
66b8a614b1b5136a8cd4fbf5e2d724655c0879efbce00c7a19cb256e2415937c,2023-12,Leicestershire Police,Leicestershire Police,-1.116501,52.590202,On or near Northfield Avenue,E01025997,Oadby and Wigston 005C,Violence and sexual offences,Investigation complete; no suspect identified,
382ff8db9c91f3a0d38a95d9a580cfc5241e46d9adbafdc87c11eb8488ff19bb,2023-12,Leicestershire Police,Leicestershire Police,-1.117106,52.589478,On or near Aylestone Lane,E01025997,Oadby and Wigston 005C,Violence and sexual offences,Unable to prosecute suspect,
1b49fc07e8abc56efbaacd6f77652cbc1fc197dd3048571d64666bdc4d97a4c4,2023-12,Leicestershire Police,Leicestershire Police,-1.101381,52.583930,On or near Shearsby Close,E01025999,Oadby and Wigston 005D,Burglary,Investigation complete; no suspect identified,
581dd3730fe9cbd9379177a77b12b47aab10649d533a1db97c2ee6c5575f699b,2023-12,Leicestershire Police,Leicestershire Police,-1.101102,52.586769,On or near St Wolstan'S Close,E01025999,Oadby and Wigston 005D,Criminal damage and arson,Investigation complete; no suspect identified,
95a2d80c8c203932c6b8f73cc83979d58fa042f0b56ca01b0da380309d64eac1,2023-12,Leicestershire Police,Leicestershire Police,-1.101098,52.585519,On or near Boulter Crescent,E01025999,Oadby and Wigston 005D,Criminal damage and arson,Unable to prosecute suspect,
8cb3d12b76142309e5034af2911b9d4915dae756f1ab88d82fc3f59b56734bb7,2023-12,Leicestershire Police,Leicestershire Police,-1.101098,52.585519,On or near Boulter Crescent,E01025999,Oadby and Wigston 005D,Other theft,Further action is not in the public interest,
df9287ab95c1833c61bfd330d46d002a158bbd4f6c6f1ebe6b428651e477ff41,2023-12,Leicestershire Police,Leicestershire Police,-1.101098,52.585519,On or near Boulter Crescent,E01025999,Oadby and Wigston 005D,Other theft,Unable to prosecute suspect,
38534c0ef5628bd0b6d281f3f39e18ed0843ca29d074b5013e32954c8a800c5c,2023-12,Leicestershire Police,Leicestershire Police,-1.101951,52.586362,On or near Church Nook,E01025999,Oadby and Wigston 005D,Vehicle crime,Unable to prosecute suspect,
03e8ebd945ffdd9e9b87f83c197cc879ab87c659607b66a64cf8c379b1183d28,2023-12,Leicestershire Police,Leicestershire Police,-1.095223,52.586248,On or near Grendon Close,E01025999,Oadby and Wigston 005D,Vehicle crime,Investigation complete; no suspect identified,
abb38661bbb3751f0c07fb52303cb846abfeeaa732941aa96478e4fa3af3518c,2023-12,Leicestershire Police,Leicestershire Police,-1.101102,52.586769,On or near St Wolstan'S Close,E01025999,Oadby and Wigston 005D,Violence and sexual offences,Unable to prosecute suspect,
d2a93a7a518ba7d8c7817a04cee7422ebacbba00846aa607f2605bf7c3465d16,2023-12,Leicestershire Police,Leicestershire Police,-1.101098,52.585519,On or near Boulter Crescent,E01025999,Oadby and Wigston 005D,Violence and sexual offences,Unable to prosecute suspect,
cacbd900549004ca14875a92eec3f97682ab19b6bc527c2cc9d3609915c0d8e3,2023-12,Leicestershire Police,Leicestershire Police,-1.101098,52.585519,On or near Boulter Crescent,E01025999,Oadby and Wigston 005D,Violence and sexual offences,Unable to prosecute suspect,
43d99219deea9d42bf941767bc84ef85027021b78a331595ca737d5dbf3f9218,2023-12,Leicestershire Police,Leicestershire Police,-1.101098,52.585519,On or near Boulter Crescent,E01025999,Oadby and Wigston 005D,Violence and sexual offences,Unable to prosecute suspect,
cba35ffeedccaf6375abf6dc2fbeb948f519b1157781bf317afc711adfbf1499,2023-12,Leicestershire Police,Leicestershire Police,-1.101098,52.585519,On or near Boulter Crescent,E01025999,Oadby and Wigston 005D,Violence and sexual offences,Unable to prosecute suspect,
0639cc2ab3b41a85a2999f9d762670461db4b8f31b955261130984ee71a09dab,2023-12,Leicestershire Police,Leicestershire Police,-1.102210,52.587443,On or near Glebe Close,E01025999,Oadby and Wigston 005D,Violence and sexual offences,Unable to prosecute suspect,
48967e6241352319b3fb74fb2082d2c96357b800d82c4d38a9e2726eacf9c9ac,2023-12,Leicestershire Police,Leicestershire Police,-1.101098,52.585519,On or near Boulter Crescent,E01025999,Oadby and Wigston 005D,Violence and sexual offences,Unable to prosecute suspect,
a5a864d5270a6c4e0ce399c10f412da37e0bef220c493ed00f78a8e286092d1a,2023-12,Leicestershire Police,Leicestershire Police,-1.110512,52.588557,On or near Mapleton Road,E01026005,Oadby and Wigston 005E,Drugs,Unable to prosecute suspect,
f7676912181a7ef53e72ffdb82eabba54a7870c6885750617198724db829cf2d,2023-12,Leicestershire Police,Leicestershire Police,-1.107265,52.587094,On or near Gibson Close,E01026005,Oadby and Wigston 005E,Burglary,Investigation complete; no suspect identified,
7722de265ca3cf8f5bbb4487ea7a36336d61bac510540e4c8a2e6646ee6c02e3,2023-12,Leicestershire Police,Leicestershire Police,-1.107265,52.587094,On or near Gibson Close,E01026005,Oadby and Wigston 005E,Burglary,Investigation complete; no suspect identified,
2c4f03c313e22153662717524cee715079a99036db51c0810ea029cdc2fe44f1,2023-12,Leicestershire Police,Leicestershire Police,-1.107265,52.587094,On or near Gibson Close,E01026005,Oadby and Wigston 005E,Burglary,Investigation complete; no suspect identified,
0090a0d0012dae8526a3519d549934fcad792ecb9044344f2651073cb41e57ab,2023-12,Leicestershire Police,Leicestershire Police,-1.110512,52.588557,On or near Mapleton Road,E01026005,Oadby and Wigston 005E,Drugs,Investigation complete; no suspect identified,
f5519e55a4f196d9570090bf31b225b2d4c00185473bfb95fe9495292ca54c79,2023-12,Leicestershire Police,Leicestershire Police,-1.106478,52.588050,On or near Finson Close,E01026005,Oadby and Wigston 005E,Other theft,Investigation complete; no suspect identified,
edcc720182ac179f50f16a31d5da1bc821e00f833b4e8531314839b80a5980ad,2023-12,Leicestershire Police,Leicestershire Police,-1.106478,52.588050,On or near Finson Close,E01026005,Oadby and Wigston 005E,Violence and sexual offences,Investigation complete; no suspect identified,
191068ce49031debe4711a8d12f6183bb91beb4cef7b55bd92b89485df82162c,2023-12,Leicestershire Police,Leicestershire Police,-1.106206,52.589055,On or near Two Steeples Square,E01026005,Oadby and Wigston 005E,Violence and sexual offences,Unable to prosecute suspect,
2a096f250070f21c01ceeb080b68bce27d15eddf242f4d4171f6d6b6ff1955f4,2023-12,Leicestershire Police,Leicestershire Police,-1.107324,52.591464,On or near Leicester Road,E01026005,Oadby and Wigston 005E,Violence and sexual offences,Unable to prosecute suspect,
cfcf8539758febd608cde357999fc5ce85392978bc9c99e45b291175587aaadd,2023-12,Leicestershire Police,Leicestershire Police,-1.107716,52.586657,On or near Parking Area,E01026005,Oadby and Wigston 005E,Violence and sexual offences,Unable to prosecute suspect,
93eda4bb1cf96ae90d1c8443215a4884849658510009aca8b6b1423ae27887f7,2023-12,Leicestershire Police,Leicestershire Police,-1.106206,52.589055,On or near Two Steeples Square,E01026005,Oadby and Wigston 005E,Violence and sexual offences,Unable to prosecute suspect,
87b58008d56cdccedbb5c14416cea98035ed40717696b02ef93d7ff43b58b805,2023-12,Leicestershire Police,Leicestershire Police,-1.108867,52.588149,On or near Ramsdean Avenue,E01026005,Oadby and Wigston 005E,Violence and sexual offences,Local resolution,
b33a627ce4dd9d8a31cfa23beadeb0caeac352c605f8f2ade8c204ea989d7000,2023-12,Leicestershire Police,Leicestershire Police,-1.129440,52.589084,On or near Suffolk Close,E01025985,Oadby and Wigston 006A,Burglary,Investigation complete; no suspect identified,
ad23c6cca40092cf39e4d8be7501b8422f47a7f614d1c4a6ceb2061542e55e2c,2023-12,Leicestershire Police,Leicestershire Police,-1.137076,52.588088,On or near Northumberland Road,E01025986,Oadby and Wigston 006B,Burglary,Investigation complete; no suspect identified,
f9fae8160af8c48b3411a31d9630e3d2694d7b7270878644a3067a709194b5e9,2023-12,Leicestershire Police,Leicestershire Police,-1.141146,52.589781,On or near Saffron Lane,E01025986,Oadby and Wigston 006B,Public order,Investigation complete; no suspect identified,
74b2abf49ea59e3052e4763435c950fff2c34f1c31029aba650c1ec6622b0706,2023-12,Leicestershire Police,Leicestershire Police,-1.140687,52.589130,On or near Petrol Station,E01025986,Oadby and Wigston 006B,Violence and sexual offences,Investigation complete; no suspect identified,
32a20398f36722ab0ff440a74d89b9499abc3da27c38749de5bc829c63f7c494,2023-12,Leicestershire Police,Leicestershire Police,-1.133063,52.585766,On or near Anglesey Road,E01025986,Oadby and Wigston 006B,Violence and sexual offences,Unable to prosecute suspect,
05ab86ce7fcceb1228969b0325bf6edf5fc575c4c4def662bc6c75503741e38a,2023-12,Leicestershire Police,Leicestershire Police,-1.132863,52.583931,On or near Worcester Drive,E01025986,Oadby and Wigston 006B,Violence and sexual offences,Action to be taken by another organisation,
22d3bb9be14e7ca9426d451e416c2f69f953ee27f8612e86e7ddcb24c3b321a0,2023-12,Leicestershire Police,Leicestershire Police,-1.141146,52.589781,On or near Saffron Lane,E01025986,Oadby and Wigston 006B,Violence and sexual offences,Action to be taken by another organisation,
39f889fdaf159cb59fde162d4ad20e2e7677e3753e1d09c946296cdb86d548d8,2023-12,Leicestershire Police,Leicestershire Police,-1.132746,52.584595,On or near Lincoln Drive,E01025986,Oadby and Wigston 006B,Other crime,Unable to prosecute suspect,
,2023-12,Leicestershire Police,Leicestershire Police,-1.125218,52.581672,On or near Parking Area,E01025987,Oadby and Wigston 006C,Anti-social behaviour,,
,2023-12,Leicestershire Police,Leicestershire Police,-1.125218,52.581672,On or near Parking Area,E01025987,Oadby and Wigston 006C,Anti-social behaviour,,
f7b4df8d6617994fa2ee6f1f26ed48f84c1787e1f4edc68b97039a34082db2c0,2023-12,Leicestershire Police,Leicestershire Police,-1.129954,52.580979,On or near Parking Area,E01025987,Oadby and Wigston 006C,Bicycle theft,Investigation complete; no suspect identified,
054873e9929a763b77de6622b0a8d544990b907026ba2c7dc6721670e6179355,2023-12,Leicestershire Police,Leicestershire Police,-1.134293,52.580247,On or near Leopold Street,E01025987,Oadby and Wigston 006C,Burglary,Investigation complete; no suspect identified,
2d8a30689002a49bab74bf6d6d0f4bd6bfc2d66f12b038718ebae1fe178a9d0f,2023-12,Leicestershire Police,Leicestershire Police,-1.134293,52.580247,On or near Leopold Street,E01025987,Oadby and Wigston 006C,Criminal damage and arson,Investigation complete; no suspect identified,
6a05ebb3af4e03ec63be6115b898a1bf7d96d35a6f26d63f188ddeabb83fc398,2023-12,Leicestershire Police,Leicestershire Police,-1.125218,52.581672,On or near Parking Area,E01025987,Oadby and Wigston 006C,Criminal damage and arson,Unable to prosecute suspect,
4ba085b844e9f0505250ab30155cb6afa47b0348faa5222e85c685d4df9aceb7,2023-12,Leicestershire Police,Leicestershire Police,-1.134293,52.580247,On or near Leopold Street,E01025987,Oadby and Wigston 006C,Criminal damage and arson,Investigation complete; no suspect identified,
c169b5eed077567f2393ad449cbdd4f01bc56919be603e4c0aff57a8533698b2,2023-12,Leicestershire Police,Leicestershire Police,-1.125218,52.581672,On or near Parking Area,E01025987,Oadby and Wigston 006C,Criminal damage and arson,Investigation complete; no suspect identified,
93fdb57bdc6fed4820e58a65809969a162573b319b80b92ee4e6a8646dc8befd,2023-12,Leicestershire Police,Leicestershire Police,-1.134293,52.580247,On or near Leopold Street,E01025987,Oadby and Wigston 006C,Drugs,Further investigation is not in the public interest,
1d3420893b8d98683888f73144b7f84742006b8bfaf73de5b4bee9ba4c08da78,2023-12,Leicestershire Police,Leicestershire Police,-1.125218,52.581672,On or near Parking Area,E01025987,Oadby and Wigston 006C,Other theft,Investigation complete; no suspect identified,
b5b6203d416fd546d8f240d550d7477735cb5f55594f387709febbe373bf71dc,2023-12,Leicestershire Police,Leicestershire Police,-1.125218,52.581672,On or near Parking Area,E01025987,Oadby and Wigston 006C,Other theft,Investigation complete; no suspect identified,
a16bb003bfebfb1cfab76920ec8d64f7f4a10d31de75c4e51e06de1f705cc05e,2023-12,Leicestershire Police,Leicestershire Police,-1.139107,52.584633,On or near Saffron Road,E01025987,Oadby and Wigston 006C,Possession of weapons,Investigation complete; no suspect identified,
582bc67e89799a60429f6a8957f7fb992717245db8e7d819a0a572a1c2b6c89e,2023-12,Leicestershire Police,Leicestershire Police,-1.130151,52.581502,On or near Bus/Coach Station,E01025987,Oadby and Wigston 006C,Public order,Formal action is not in the public interest,
a8ded5b9a02b89c58b953d5b0ea63ad2dc0ccf8bb286854d507ec0db2e88dfd7,2023-12,Leicestershire Police,Leicestershire Police,-1.125218,52.581672,On or near Parking Area,E01025987,Oadby and Wigston 006C,Robbery,Investigation complete; no suspect identified,
b75c09687e3cdf422f0ad78cf8b164c90906aaa4d910965b38fac77577a74d9e,2023-12,Leicestershire Police,Leicestershire Police,-1.125218,52.581672,On or near Parking Area,E01025987,Oadby and Wigston 006C,Shoplifting,Court result unavailable,
cf8974dbc454a12a19b8484d5116c81abfde39df73c85fe62f6a4ae806ed5fff,2023-12,Leicestershire Police,Leicestershire Police,-1.125218,52.581672,On or near Parking Area,E01025987,Oadby and Wigston 006C,Shoplifting,Investigation complete; no suspect identified,
c6007115d25e5a3a1704c535b9e795774b75aa20d8606900abd35f032284645e,2023-12,Leicestershire Police,Leicestershire Police,-1.125218,52.581672,On or near Parking Area,E01025987,Oadby and Wigston 006C,Shoplifting,Investigation complete; no suspect identified,
c2468c97a218326c595ffd1ce71b6a15173e6fa2387e39ebdb948f296987966d,2023-12,Leicestershire Police,Leicestershire Police,-1.125218,52.581672,On or near Parking Area,E01025987,Oadby and Wigston 006C,Shoplifting,Investigation complete; no suspect identified,
f9c647c79525d14e38fb7de1811b557152095ff90a18f7372e092f4d4bce4a89,2023-12,Leicestershire Police,Leicestershire Police,-1.134293,52.580247,On or near Leopold Street,E01025987,Oadby and Wigston 006C,Vehicle crime,Investigation complete; no suspect identified,
2c8f7db12a5f40cdade4539713507fc7b642ffbc94f8ad66821cd71860cc07ce,2023-12,Leicestershire Police,Leicestershire Police,-1.139107,52.584633,On or near Saffron Road,E01025987,Oadby and Wigston 006C,Violence and sexual offences,Unable to prosecute suspect,
487319baa038928a7a3fcc729a4fe4f0b29f3d57be70f42fde2f5cce3104467c,2023-12,Leicestershire Police,Leicestershire Police,-1.125218,52.581672,On or near Parking Area,E01025987,Oadby and Wigston 006C,Violence and sexual offences,Court result unavailable,
500d2ddca583e6cfbc4ce7c402dc42aec718bdcb8ca41b4a44d3f82cf63dc61b,2023-12,Leicestershire Police,Leicestershire Police,-1.125218,52.581672,On or near Parking Area,E01025987,Oadby and Wigston 006C,Violence and sexual offences,Court result unavailable,
be26d76364ba99281809fd6d966fdced83236ad7930075a1b5874c91c90f3a73,2023-12,Leicestershire Police,Leicestershire Police,-1.131531,52.581098,On or near Glen Gate,E01025987,Oadby and Wigston 006C,Violence and sexual offences,Unable to prosecute suspect,
f5fcc0222b056cf0e66bf4745a48fd2d04b71a1a9409b268131a476953755b3e,2023-12,Leicestershire Police,Leicestershire Police,-1.139107,52.584633,On or near Saffron Road,E01025987,Oadby and Wigston 006C,Violence and sexual offences,Status update unavailable,
39db2e54d2024b01cb40137662c72ba65320d5b0e54ce8c29748dbba6cde872c,2023-12,Leicestershire Police,Leicestershire Police,-1.125218,52.581672,On or near Parking Area,E01025987,Oadby and Wigston 006C,Violence and sexual offences,Unable to prosecute suspect,
84f7331987575389b4565793922ea5181e3dc5600356cfbff4695804463c5d61,2023-12,Leicestershire Police,Leicestershire Police,-1.125218,52.581672,On or near Parking Area,E01025987,Oadby and Wigston 006C,Violence and sexual offences,Investigation complete; no suspect identified,
aa826a797919fe0ca47f32b90a1e9a1979f68954a3060b27899e60e8d81830c2,2023-12,Leicestershire Police,Leicestershire Police,-1.139107,52.584633,On or near Saffron Road,E01025987,Oadby and Wigston 006C,Violence and sexual offences,Action to be taken by another organisation,
2a84d00d8fa69b26262638901e8cae6ef788741b9f7f21484c26d5d0c56bcf92,2023-12,Leicestershire Police,Leicestershire Police,-1.125218,52.581672,On or near Parking Area,E01025987,Oadby and Wigston 006C,Violence and sexual offences,Investigation complete; no suspect identified,
79c6cef3f87ec03847bd2c70d40e206f21775bfe7c350fa88e98c5b19963591d,2023-12,Leicestershire Police,Leicestershire Police,-1.125218,52.581672,On or near Parking Area,E01025987,Oadby and Wigston 006C,Violence and sexual offences,Investigation complete; no suspect identified,
cafd51920b0293b5942f24e25ff4563b251e1cbc205b0b3613814dacc0dae879,2023-12,Leicestershire Police,Leicestershire Police,-1.125218,52.581672,On or near Parking Area,E01025987,Oadby and Wigston 006C,Violence and sexual offences,Court result unavailable,
38ac1d927b52fa589a82a4b349411f597a69046924ce3de39348978f118722fe,2023-12,Leicestershire Police,Leicestershire Police,-1.128545,52.580627,On or near Blaby Road,E01025987,Oadby and Wigston 006C,Violence and sexual offences,Unable to prosecute suspect,
9b369e16f374355ee45517e364748f2e600f48d84fb522e06c1d627c030b3f15,2023-12,Leicestershire Police,Leicestershire Police,-1.130151,52.581502,On or near Bus/Coach Station,E01025987,Oadby and Wigston 006C,Violence and sexual offences,Unable to prosecute suspect,
0198cf9a0deb6aabd9db792146844c3b3c333af4076bbc4347915c2cb9d69793,2023-12,Leicestershire Police,Leicestershire Police,-1.139107,52.584633,On or near Saffron Road,E01025987,Oadby and Wigston 006C,Other crime,Action to be taken by another organisation,
33d35ce55d4a3a3403d2372a0cd11d539833538b51a303a885da1a79a2cc0b97,2023-12,Leicestershire Police,Leicestershire Police,-1.126539,52.576108,On or near Foxton Lock Close,E01025988,Oadby and Wigston 006D,Criminal damage and arson,Investigation complete; no suspect identified,
b44be81a4cec523a750c065092532e5fa5d0e5d371ac84b35d83f08c90b1c128,2023-12,Leicestershire Police,Leicestershire Police,-1.126118,52.577220,On or near Double Rail Close,E01025988,Oadby and Wigston 006D,Criminal damage and arson,Unable to prosecute suspect,
94d6bbc99e5e9962fc365a61c1a3b4b97c42de3e0a90605b664b973892083bcf,2023-12,Leicestershire Police,Leicestershire Police,-1.127311,52.577363,On or near Darley Avenue,E01025988,Oadby and Wigston 006D,Public order,Further action is not in the public interest,
00d35b78709b120ee24b49cdf892fca60c9ae2b6a5e43e62bb7b2fbf42265c61,2023-12,Leicestershire Police,Leicestershire Police,-1.125722,52.577837,On or near Tansley Avenue,E01025988,Oadby and Wigston 006D,Public order,Investigation complete; no suspect identified,
290a9f07b4333049bc7be9660100399bc839fe6acc89eec458f2eef13606e39d,2023-12,Leicestershire Police,Leicestershire Police,-1.127509,52.580008,On or near Arnold Avenue,E01025988,Oadby and Wigston 006D,Vehicle crime,Investigation complete; no suspect identified,
4c26836f50facafe0f22ec1fbf765fc14795d200afef978710d409f454534b75,2023-12,Leicestershire Police,Leicestershire Police,-1.125722,52.577837,On or near Tansley Avenue,E01025988,Oadby and Wigston 006D,Violence and sexual offences,Local resolution,
64ce03ab30000f716ef3b0b3e12d4cf288ab1e0bc6482b771348f3207f4eebbd,2023-12,Leicestershire Police,Leicestershire Police,-1.126539,52.576108,On or near Foxton Lock Close,E01025988,Oadby and Wigston 006D,Violence and sexual offences,Investigation complete; no suspect identified,
01cd0670048199f63aec72403192eef01beb9d18144b8838b077d4a9695e686c,2023-12,Leicestershire Police,Leicestershire Police,-1.130246,52.579695,On or near Further/Higher Educational Building,E01025989,Oadby and Wigston 006E,Violence and sexual offences,Court result unavailable,
8a293e36fe890fd2f7c5ad63fab2ee2fba3218c0940bc1cec6fa3eff98905773,2023-12,Leicestershire Police,Leicestershire Police,-1.133416,52.576087,On or near Isabella Court,E01025989,Oadby and Wigston 006E,Burglary,Investigation complete; no suspect identified,
19af811e0325134259db0a8e0d17210281164b0f435fcdf83e0c7b4e40a615f6,2023-12,Leicestershire Police,Leicestershire Police,-1.133416,52.576087,On or near Isabella Court,E01025989,Oadby and Wigston 006E,Burglary,Investigation complete; no suspect identified,
cafad3a7f7f6f006b9378601620c7db7d494f54e3a3f40d2a7a91d97d73a7496,2023-12,Leicestershire Police,Leicestershire Police,-1.135537,52.578530,On or near Parking Area,E01025989,Oadby and Wigston 006E,Burglary,Investigation complete; no suspect identified,
47c1a5ebe9493e8b0de573104c5ef61e2a1ebed4ee95c3dab0a672531f65ade7,2023-12,Leicestershire Police,Leicestershire Police,-1.132735,52.578455,On or near Timber Street,E01025989,Oadby and Wigston 006E,Burglary,Investigation complete; no suspect identified,
28c31a4899d84d824c770626d9d5a48713d9ff07874f58b554278c70135bf88f,2023-12,Leicestershire Police,Leicestershire Police,-1.133513,52.576384,On or near Irlam Street,E01025989,Oadby and Wigston 006E,Other theft,Investigation complete; no suspect identified,
455dff55932977c140930196b76e063d4097f8a20a6e3731303c1d6f4d5a0c20,2023-12,Leicestershire Police,Leicestershire Police,-1.133513,52.576384,On or near Irlam Street,E01025989,Oadby and Wigston 006E,Other theft,Investigation complete; no suspect identified,
c051c6c50ac78b53b69c23d7aff2e2826b167f46235406e15f36f9aa753ed9cb,2023-12,Leicestershire Police,Leicestershire Police,-1.136545,52.576056,On or near Ellison Close,E01025989,Oadby and Wigston 006E,Other theft,Investigation complete; no suspect identified,
55c1a1d6cf30842f09088ca162e02fe20c579de354ba73ed6eb4406e320872b4,2023-12,Leicestershire Police,Leicestershire Police,-1.129406,52.576624,On or near Hazelwood Road,E01025989,Oadby and Wigston 006E,Public order,Local resolution,
7c2efa5ae4016dc23344770c89971f009ad2399956fcb9c4ac85274fdc7570d9,2023-12,Leicestershire Police,Leicestershire Police,-1.130246,52.579695,On or near Further/Higher Educational Building,E01025989,Oadby and Wigston 006E,Public order,Investigation complete; no suspect identified,
373e0958deae3d5320237b85b118c950a3e65e9c79c52961a39e58e825949906,2023-12,Leicestershire Police,Leicestershire Police,-1.131348,52.574669,On or near Mill Close,E01025989,Oadby and Wigston 006E,Public order,Unable to prosecute suspect,
3d5658b5bece0da4512e92b631bb5f60a589de4e1e1b89c871fc230d759b83fd,2023-12,Leicestershire Police,Leicestershire Police,-1.132914,52.579104,On or near Bassett Street,E01025989,Oadby and Wigston 006E,Shoplifting,Investigation complete; no suspect identified,
d0543f9edda44e73bfb4d8fea753fc0aaa11851a4814feaa178ad05c140237cf,2023-12,Leicestershire Police,Leicestershire Police,-1.133399,52.577714,On or near Healey Street,E01025989,Oadby and Wigston 006E,Violence and sexual offences,Unable to prosecute suspect,
b67d49df10786b8f44fe2a1fb9f228cfedf0ccd83fc85002091d99c31fafbd52,2023-12,Leicestershire Police,Leicestershire Police,-1.133513,52.576384,On or near Irlam Street,E01025989,Oadby and Wigston 006E,Violence and sexual offences,Court result unavailable,
572b340bd42416a48906a364a2657f2259a862f26b6095280a9cd77119431d66,2023-12,Leicestershire Police,Leicestershire Police,-1.131348,52.574669,On or near Mill Close,E01025989,Oadby and Wigston 006E,Violence and sexual offences,Court result unavailable,
2bd7ee82276a4a963d4119de2f1dcaa5c4c598d4c480db3bc434d4838d2daa3f,2023-12,Leicestershire Police,Leicestershire Police,-1.136724,52.579734,On or near Petrol Station,E01025989,Oadby and Wigston 006E,Violence and sexual offences,Unable to prosecute suspect,
c6ee854444f30113848f5486605fe2661f3ac9beca08badf06c9bda733fa93e9,2023-12,Leicestershire Police,Leicestershire Police,-1.136724,52.579734,On or near Petrol Station,E01025989,Oadby and Wigston 006E,Violence and sexual offences,Further action is not in the public interest,
e355ed6997af19c311ada5a870fc30fc1912b8cfb438fe855e3e004d2140c628,2023-12,Leicestershire Police,Leicestershire Police,-1.133416,52.576087,On or near Isabella Court,E01025989,Oadby and Wigston 006E,Violence and sexual offences,Investigation complete; no suspect identified,
2c3f2a107a259e97462b9112e6d98e52605e80bd9426e883e124035bc0bbdd07,2023-12,Leicestershire Police,Leicestershire Police,-1.130246,52.579695,On or near Further/Higher Educational Building,E01025989,Oadby and Wigston 006E,Violence and sexual offences,Investigation complete; no suspect identified,
06e7a1af5aa5592d1527360a4b02a46a0474a250bcffc50b39626357cebb4a71,2023-12,Leicestershire Police,Leicestershire Police,-1.135537,52.578530,On or near Parking Area,E01025989,Oadby and Wigston 006E,Violence and sexual offences,Unable to prosecute suspect,
54b922d3b0930a3c921dbe7783cf8d27aaf4bfbe5ef29dbfdda3c8ce07172fc4,2023-12,Leicestershire Police,Leicestershire Police,-1.128683,52.576618,On or near Clifton Drive,E01025989,Oadby and Wigston 006E,Violence and sexual offences,Unable to prosecute suspect,
415d45a97bc29cf0e45f3c68ce8a7dcef5723753319e156ce1528286603a7e1c,2023-12,Leicestershire Police,Leicestershire Police,-1.133399,52.577714,On or near Healey Street,E01025989,Oadby and Wigston 006E,Violence and sexual offences,Unable to prosecute suspect,
9d0c70fda2787b35ade80ccd5ae61d47692619d642f2d15edd5917d56167b252,2023-12,Leicestershire Police,Leicestershire Police,-1.110182,52.575699,On or near Supermarket,E01025990,Oadby and Wigston 007A,Other theft,Investigation complete; no suspect identified,
57378e978010be02e9e5dd5fa129edef170d912dbd74b0df0bc5b7e07b1936c7,2023-12,Leicestershire Police,Leicestershire Police,-1.110182,52.575699,On or near Supermarket,E01025990,Oadby and Wigston 007A,Public order,Court result unavailable,
d466b588deb0b1149ab51505ed4934f86d7c40f4e468783b74616f03d687b5c7,2023-12,Leicestershire Police,Leicestershire Police,-1.110182,52.575699,On or near Supermarket,E01025990,Oadby and Wigston 007A,Shoplifting,Investigation complete; no suspect identified,
add6487869b9a8ff9b1a33f7422118d7f633d3b8bf53ad6422ce0c935c80bfc3,2023-12,Leicestershire Police,Leicestershire Police,-1.110182,52.575699,On or near Supermarket,E01025990,Oadby and Wigston 007A,Shoplifting,Court result unavailable,
90cf81026ece76be7b6883136392549d692ce59775fa0904dbf004154b8e914b,2023-12,Leicestershire Police,Leicestershire Police,-1.110182,52.575699,On or near Supermarket,E01025990,Oadby and Wigston 007A,Violence and sexual offences,Unable to prosecute suspect,
11be4ff989a67994a527cf86f3b6e67725b4210b0c49177d91828232904c7240,2023-12,Leicestershire Police,Leicestershire Police,-1.112458,52.581371,On or near Sherford Close,E01025990,Oadby and Wigston 007A,Violence and sexual offences,Unable to prosecute suspect,
e1465d66a495215ce145cca284c1c3c06851cd20234c68d679d1b94787f5da09,2023-12,Leicestershire Police,Leicestershire Police,-1.111550,52.576635,On or near Ringwood Close,E01025990,Oadby and Wigston 007A,Violence and sexual offences,Unable to prosecute suspect,
e6a7e183f8643542cb4f389e1efa40376adfb59853bed37585627b1b85efd498,2023-12,Leicestershire Police,Leicestershire Police,-1.112458,52.581371,On or near Sherford Close,E01025990,Oadby and Wigston 007A,Violence and sexual offences,Unable to prosecute suspect,
f958096e7366ec7b74e3033491fc30d9857c1d9bb046aab4b13fddfc060954d4,2023-12,Leicestershire Police,Leicestershire Police,-1.111795,52.579100,On or near Launceston Road,E01025990,Oadby and Wigston 007A,Other crime,Investigation complete; no suspect identified,
24cb06aad98e349fa4576c185d6d496ac150b97bdb9a5bdce73c6861a7fcae54,2023-12,Leicestershire Police,Leicestershire Police,-1.105121,52.571309,On or near Bideford Close,E01025991,Oadby and Wigston 007B,Violence and sexual offences,Investigation complete; no suspect identified,
93caa54933a747927f7a0b4474c76ddd8c6a0bbf726bccb5ea581983316f98be,2023-12,Leicestershire Police,Leicestershire Police,-1.108198,52.573104,On or near Dorchester Close,E01025991,Oadby and Wigston 007B,Burglary,Investigation complete; no suspect identified,
d0adf1c18bc06950763aa14b0945eddbb6f73dfc56f68be629a9c11a91622621,2023-12,Leicestershire Police,Leicestershire Police,-1.105121,52.571309,On or near Bideford Close,E01025991,Oadby and Wigston 007B,Criminal damage and arson,Investigation complete; no suspect identified,
9040684660fb3d0eb0bc383fdab6cc8f33557b1fb1ff49a791813431931e7928,2023-12,Leicestershire Police,Leicestershire Police,-1.109350,52.573796,On or near Netton Close,E01025991,Oadby and Wigston 007B,Public order,Unable to prosecute suspect,
78bdff19baa25f29999680b63cec60142c7d7dc3d906e4349620b8655c44762b,2023-12,Leicestershire Police,Leicestershire Police,-1.105121,52.571309,On or near Bideford Close,E01025991,Oadby and Wigston 007B,Violence and sexual offences,Unable to prosecute suspect,
1f5e31446340b1d1e601f826ff010147f4c3b0a83062e75f6277d63648acdbbb,2023-12,Leicestershire Police,Leicestershire Police,-1.107035,52.573679,On or near Barnstaple Close,E01025991,Oadby and Wigston 007B,Violence and sexual offences,Unable to prosecute suspect,
945c782920cd8aeb2317a332ca1421a17d12476edf76f74ac32fdfbd06e38121,2023-12,Leicestershire Police,Leicestershire Police,-1.107035,52.573679,On or near Barnstaple Close,E01025991,Oadby and Wigston 007B,Violence and sexual offences,Unable to prosecute suspect,
065d1e2bdf6137471be58d762b9ae1f4323938f190100fb91b41300137ce0028,2023-12,Leicestershire Police,Leicestershire Police,-1.103399,52.577616,On or near Homestead Drive,E01025993,Oadby and Wigston 007C,Vehicle crime,Offender given a caution,
38851b5f0a58b7a5bee4c365f9ee26600cd17e6a29e6981715003f8789e8ee5e,2023-12,Leicestershire Police,Leicestershire Police,-1.099679,52.577696,On or near Cottage Road,E01025998,Oadby and Wigston 007D,Burglary,Investigation complete; no suspect identified,
9adb3fe9f37317cbe66350572a99d6cc120497007eff28945ab732e013c35dd9,2023-12,Leicestershire Police,Leicestershire Police,-1.094949,52.573740,On or near Long Meadow,E01025998,Oadby and Wigston 007D,Violence and sexual offences,Unable to prosecute suspect,
10f2fa4e7655bd6a8c87bd7ca2a9389b229de2a8559ce78383cf90adb9c7cb39,2023-12,Leicestershire Police,Leicestershire Police,-1.099413,52.573379,On or near Saxondale Road,E01025998,Oadby and Wigston 007D,Violence and sexual offences,Unable to prosecute suspect,
947fbd3c93fe13bcd288e4c30438176d0d565bc7be6aaadbe1b8bdc1fba8ac2c,2023-12,Leicestershire Police,Leicestershire Police,-1.096151,52.573399,On or near Wards Closes,E01025998,Oadby and Wigston 007D,Burglary,Investigation complete; no suspect identified,
66cdd4284659bfb4c9c9b27f92ecc3529d35e65fd081aa6f66362e64724659d1,2023-12,Leicestershire Police,Leicestershire Police,-1.086669,52.576679,On or near Oswins View,E01025998,Oadby and Wigston 007D,Other theft,Unable to prosecute suspect,
14ae93c18f40958ab9524f2bc811ec6a4721ce2db23d6f69e050eb5e0c9a3335,2023-12,Leicestershire Police,Leicestershire Police,-1.094712,52.578782,On or near Halter Slade,E01025998,Oadby and Wigston 007D,Vehicle crime,Investigation complete; no suspect identified,
365d6a2ceaa96cedf3f7bba1d6d5badbbbf408f038979bd2a486b21b6ec43ddd,2023-12,Leicestershire Police,Leicestershire Police,-1.092557,52.577417,On or near Gregory Way,E01025998,Oadby and Wigston 007D,Violence and sexual offences,Unable to prosecute suspect,
707653e747aa9e54f928f8b3af0317d608fbb3f19d36757c908b591b2759107b,2023-12,Leicestershire Police,Leicestershire Police,-1.093142,52.583382,On or near Sywell Drive,E01026000,Oadby and Wigston 007E,Burglary,Investigation complete; no suspect identified,
7f40edb60c0fb78ad0334ba5c9bb5db2bd63d97c4fa34cf63ffa3023e94a69ad,2023-12,Leicestershire Police,Leicestershire Police,-1.092340,52.580751,On or near Bilsdale Road,E01026000,Oadby and Wigston 007E,Robbery,Status update unavailable,
7f00160b1ccaa5d09c9d7756311f44987cb55167f358ff10ccc21e9747155411,2023-12,Leicestershire Police,Leicestershire Police,-1.093426,52.582485,On or near Baysdale,E01026001,Oadby and Wigston 007F,Other theft,Investigation complete; no suspect identified,
9d0e553b36f5fe1cc2f8fedd9ff3de0cda1dd6055b1b43c2e62af3c9088595e7,2023-12,Leicestershire Police,Leicestershire Police,-1.097313,52.578622,On or near Little Dale,E01026001,Oadby and Wigston 007F,Violence and sexual offences,Unable to prosecute suspect,
d3cfe051dddad2a001ba869c9e64217f310e4d6391a73f7ce8859b02e350944e,2023-12,Leicestershire Police,Leicestershire Police,-1.099720,52.579989,On or near Cottams Close,E01026001,Oadby and Wigston 007F,Violence and sexual offences,Unable to prosecute suspect,
6cb55a3f0f0449cd32843c4db136fba8d09d13b96feb784f67d3c5e7eb8e6263,2023-12,Leicestershire Police,Leicestershire Police,-1.096094,52.580510,On or near Bainbridge Road,E01026001,Oadby and Wigston 007F,Violence and sexual offences,Local resolution,
bc3ca242e821c55a5fe446f37a3cdf0e1d5e4166596e9b4b37fad511d15b8e38,2023-12,Leicestershire Police,Leicestershire Police,-1.124752,52.591711,On or near Lyon Close,E01025995,Oadby and Wigston 008A,Other theft,Formal action is not in the public interest,
,2023-12,Leicestershire Police,Leicestershire Police,-1.119940,52.596143,On or near Bradgate Drive,E01025995,Oadby and Wigston 008A,Anti-social behaviour,,
32cd031905dbe6ecced73f6887eff73f5544705f21e2a88da0fb739553ad3cf6,2023-12,Leicestershire Police,Leicestershire Police,-1.119940,52.596143,On or near Bradgate Drive,E01025995,Oadby and Wigston 008A,Criminal damage and arson,Investigation complete; no suspect identified,
3bd3b202f87983632bde45341e878e0a39d440bfb545c47e5d94113102637d1f,2023-12,Leicestershire Police,Leicestershire Police,-1.117407,52.596565,On or near Kew Drive,E01025995,Oadby and Wigston 008A,Vehicle crime,Investigation complete; no suspect identified,
0f265b73bf39559773e937b3c42f87ae46cf10697f233cc8b4216ba5ec706ed6,2023-12,Leicestershire Police,Leicestershire Police,-1.123630,52.591729,On or near Viking Road,E01025995,Oadby and Wigston 008A,Violence and sexual offences,Unable to prosecute suspect,
bee5ea40539c9a7057c5b7e73918a0928f433cdb30c5180277f9332df9a43cf8,2023-12,Leicestershire Police,Leicestershire Police,-1.117407,52.596565,On or near Kew Drive,E01025995,Oadby and Wigston 008A,Violence and sexual offences,Unable to prosecute suspect,
,2023-12,Leicestershire Police,Leicestershire Police,-1.102676,52.589900,On or near Weldon Road,E01026003,Oadby and Wigston 008B,Anti-social behaviour,,
09d8c2a391f792c202f8790f3d7880bcc1ce698727af53ebbe5e5375c9b89061,2023-12,Leicestershire Police,Leicestershire Police,-1.104313,52.587099,On or near Junction Road,E01026003,Oadby and Wigston 008B,Burglary,Investigation complete; no suspect identified,
bec366b71e7b376c72acc5bcc582fb24a53c3d82b43e6bdbd769ac075b794d4c,2023-12,Leicestershire Police,Leicestershire Police,-1.104812,52.586482,On or near Parking Area,E01026003,Oadby and Wigston 008B,Other theft,Investigation complete; no suspect identified,
daa0fa84864c031100d88a4304e182f66f3b16aeea38cb7964f8bd76a5b4f032,2023-12,Leicestershire Police,Leicestershire Police,-1.103915,52.587788,On or near Burgess Street,E01026003,Oadby and Wigston 008B,Other theft,Investigation complete; no suspect identified,
449350925b46bfc0aec60ba35cd109a5c38bf235e7bf5fb9fd94515eec9453d2,2023-12,Leicestershire Police,Leicestershire Police,-1.104812,52.586482,On or near Parking Area,E01026003,Oadby and Wigston 008B,Public order,Unable to prosecute suspect,
37698ea1225ea6714fa213c925a37bb7d2bcfd4f164be651543ffe90c8bf3a78,2023-12,Leicestershire Police,Leicestershire Police,-1.103915,52.587788,On or near Burgess Street,E01026003,Oadby and Wigston 008B,Public order,Unable to prosecute suspect,
bf484e68099b40bafdd551926ec3128b3df0cd0a0a0c870f5378165401b1a954,2023-12,Leicestershire Police,Leicestershire Police,-1.104812,52.586482,On or near Parking Area,E01026003,Oadby and Wigston 008B,Public order,Unable to prosecute suspect,
ef7c7a66d46b439c98c34d2fe1b8c826fbbe7cf1b2326911ba9055d89996eb66,2023-12,Leicestershire Police,Leicestershire Police,-1.103915,52.587788,On or near Burgess Street,E01026003,Oadby and Wigston 008B,Public order,Investigation complete; no suspect identified,
082e5bc5fda866d9076e5f35df07568cc23c8193969bc1c053b266816b9718ec,2023-12,Leicestershire Police,Leicestershire Police,-1.103915,52.587788,On or near Burgess Street,E01026003,Oadby and Wigston 008B,Public order,Investigation complete; no suspect identified,
a0d0314712ed9971ee8e4bd12637e5eafb03d078070828f9436092bd847c5705,2023-12,Leicestershire Police,Leicestershire Police,-1.104313,52.587099,On or near Junction Road,E01026003,Oadby and Wigston 008B,Shoplifting,Investigation complete; no suspect identified,
47052db8e9623801da8e1b1301d6133061c16eb8247857a9c0ccc8cb8aa39e04,2023-12,Leicestershire Police,Leicestershire Police,-1.104812,52.586482,On or near Parking Area,E01026003,Oadby and Wigston 008B,Shoplifting,Unable to prosecute suspect,
cb5ab05b9fa3adaeb24c673492ed6ed5dab91b9e9eb6b28709b2f19062eaefd8,2023-12,Leicestershire Police,Leicestershire Police,-1.104313,52.587099,On or near Junction Road,E01026003,Oadby and Wigston 008B,Shoplifting,Investigation complete; no suspect identified,
14527713a230c578cb3520d7d13d714fd2ffb33c4f37798179deefe79a87cf2d,2023-12,Leicestershire Police,Leicestershire Police,-1.103331,52.592503,On or near Highfield Drive,E01026003,Oadby and Wigston 008B,Theft from the person,Investigation complete; no suspect identified,
2c405ed92b94e7d003acac810f5ccaa8a0a3a1c5b06dbffb2566634fea79e452,2023-12,Leicestershire Police,Leicestershire Police,-1.104313,52.587099,On or near Junction Road,E01026003,Oadby and Wigston 008B,Violence and sexual offences,Unable to prosecute suspect,
87ce29b2619f78bef7f5704edc823fd3dd56051750fd4efdf5abdf960a54dbd5,2023-12,Leicestershire Police,Leicestershire Police,-1.104313,52.587099,On or near Junction Road,E01026003,Oadby and Wigston 008B,Violence and sexual offences,Unable to prosecute suspect,
f58798ca4dd7021634bc4adb003ce405e825fa7706bb50342eaa720b92d6ee46,2023-12,Leicestershire Police,Leicestershire Police,-1.103769,52.586969,On or near Maromme Square,E01026003,Oadby and Wigston 008B,Violence and sexual offences,Action to be taken by another organisation,
89a4abd7461f62a3027b943e7ac7f36cde601aa88cbce7af8c38511064ae9e79,2023-12,Leicestershire Police,Leicestershire Police,-1.104313,52.587099,On or near Junction Road,E01026003,Oadby and Wigston 008B,Other crime,Action to be taken by another organisation,
,2023-12,Leicestershire Police,Leicestershire Police,-1.091813,52.591274,On or near The Oval,E01026004,Oadby and Wigston 008C,Anti-social behaviour,,
012f1bfe7b934187748bc4127514edcad298e986779e0221e44ed8623373f895,2023-12,Leicestershire Police,Leicestershire Police,-1.092970,52.591723,On or near Wigston Road,E01026004,Oadby and Wigston 008C,Violence and sexual offences,Unable to prosecute suspect,
fec6c5dd83d95f618a68728ed52ec740810ed244e777d7094d9f9c41472d0fca,2023-12,Leicestershire Police,Leicestershire Police,-1.112047,52.595850,On or near Fir Tree Close,E01032600,Oadby and Wigston 008D,Violence and sexual offences,Awaiting court outcome,
d1a3e6091cb96dfadf82857d81199f2f87740bd219653bc5f20b5b1482b69d5c,2023-12,Leicestershire Police,Leicestershire Police,-1.113758,52.594470,On or near Kingston Avenue,E01032600,Oadby and Wigston 008D,Bicycle theft,Investigation complete; no suspect identified,
91451bed5491ee767778d521f2aa805aa0ff5a7b8b8f4d52809e40d0492b632d,2023-12,Leicestershire Police,Leicestershire Police,-1.112986,52.591057,On or near Alfreton Road,E01032600,Oadby and Wigston 008D,Burglary,Investigation complete; no suspect identified,
5258271da3a7f948983c3a51a2c6a8d241ce495eefd606a66a224b7628f4f85b,2023-12,Leicestershire Police,Leicestershire Police,-1.112047,52.595850,On or near Fir Tree Close,E01032600,Oadby and Wigston 008D,Burglary,Investigation complete; no suspect identified,
efdfc81dbdb68fc9abe0861c495fef74b056064dd88c8b16ab104369e389b19d,2023-12,Leicestershire Police,Leicestershire Police,-1.112795,52.592467,On or near Castleton Road,E01032600,Oadby and Wigston 008D,Burglary,Investigation complete; no suspect identified,
10eeb21d267829b60b4929c24d69801c179e7857acb9edad06fe892a2029599d,2023-12,Leicestershire Police,Leicestershire Police,-1.110507,52.594616,On or near Petrol Station,E01032600,Oadby and Wigston 008D,Shoplifting,Investigation complete; no suspect identified,
b836a404dcccf623b91332684f4a5d87b99636a1a438460b99d415e531de59dc,2023-12,Leicestershire Police,Leicestershire Police,-1.113909,52.593590,On or near Barnby Avenue,E01032600,Oadby and Wigston 008D,Vehicle crime,Investigation complete; no suspect identified,
cf9dc27bff10dea0078856911697895ebedb8a09ff8987935902458155b32db0,2023-12,Leicestershire Police,Leicestershire Police,-1.112047,52.595850,On or near Fir Tree Close,E01032600,Oadby and Wigston 008D,Violence and sexual offences,Unable to prosecute suspect,
47893100d66fc7485aba53aff064497337bb8e9bd5b8d49762813c75d989ad45,2023-12,Leicestershire Police,Leicestershire Police,-1.112047,52.595850,On or near Fir Tree Close,E01032600,Oadby and Wigston 008D,Violence and sexual offences,Unable to prosecute suspect,
be0ecb5faf3ef257af190ade1a94b843ae75ca96d508fc5c7bd3370241783857,2023-12,Leicestershire Police,Leicestershire Police,-1.115709,52.592902,On or near Duffield Avenue,E01032600,Oadby and Wigston 008D,Violence and sexual offences,Investigation complete; no suspect identified,
d8e9bb084c4492fe00c34da4f3d36fc9687010a8893bc8f6f81315c0894a9aba,2023-12,Leicestershire Police,Leicestershire Police,-1.113970,52.594193,On or near The Crescent,E01032600,Oadby and Wigston 008D,Other crime,Investigation complete; no suspect identified,
b848aefe3129f101c8a2c6865391fa58dd02a7090dda05c67d5ba63daa940d47,2023-12,Leicestershire Police,Leicestershire Police,-1.106277,52.594306,On or near Grangeway Road,E01032601,Oadby and Wigston 008E,Drugs,Court result unavailable,
f0d316154216a713c3d34231b9060683c6cb3b1a70f2ed014ce867ab622ac7ac,2023-12,Leicestershire Police,Leicestershire Police,-1.107435,52.593982,On or near Grange Road,E01032601,Oadby and Wigston 008E,Public order,Status update unavailable,
df78c04afcfff86a2bef7de117d6e1542672aecbfd6418ef8d54964c8189237c,2023-12,Leicestershire Police,Leicestershire Police,-1.107435,52.593982,On or near Grange Road,E01032601,Oadby and Wigston 008E,Violence and sexual offences,Investigation complete; no suspect identified,
804a2121dda4c0f342db95704eda3728c1eadc6505e45c28bc215ea49f17d765,2023-12,Leicestershire Police,Leicestershire Police,-1.083156,52.601465,On or near Petrol Station,E01025974,Oadby and Wigston 010A,Criminal damage and arson,Unable to prosecute suspect,
4cb7fc45a010af23af41b25da362447043d0a05b7590f36c3372f6af2fb647f7,2023-12,Leicestershire Police,Leicestershire Police,-1.086193,52.603116,On or near Supermarket,E01025974,Oadby and Wigston 010A,Other theft,Investigation complete; no suspect identified,
6031b58e78eed7bc0fbb391771ad7a50286aa4f49cd0562790c46a71e4300ec1,2023-12,Leicestershire Police,Leicestershire Police,-1.086193,52.603116,On or near Supermarket,E01025974,Oadby and Wigston 010A,Other theft,Investigation complete; no suspect identified,
9165b15dc7149c79cc56037f4d6370461975683ef1d29fed4f4c749c4e810187,2023-12,Leicestershire Police,Leicestershire Police,-1.086193,52.603116,On or near Supermarket,E01025974,Oadby and Wigston 010A,Public order,Investigation complete; no suspect identified,
44e496b9e12d7373b2311f6f01281e42eb0967e906f892070e10a21ace04305f,2023-12,Leicestershire Police,Leicestershire Police,-1.083156,52.601465,On or near Petrol Station,E01025974,Oadby and Wigston 010A,Public order,Investigation complete; no suspect identified,
0580e9af999db4feb00a1e731e9c9a265663c6fa8fb4ea8ba43f8284e9610906,2023-12,Leicestershire Police,Leicestershire Police,-1.081075,52.602860,On or near Parkland Drive,E01025974,Oadby and Wigston 010A,Public order,Investigation complete; no suspect identified,
6d65a457eb6f16fac4c8cf5ed4e6ccb1fb1bc63caa7de9de3224e8441d263878,2023-12,Leicestershire Police,Leicestershire Police,-1.083156,52.601465,On or near Petrol Station,E01025974,Oadby and Wigston 010A,Shoplifting,Investigation complete; no suspect identified,
4153c688b234936de584a1709099d93d6de0a1b514f9130bdd775110fcbfa263,2023-12,Leicestershire Police,Leicestershire Police,-1.083156,52.601465,On or near Petrol Station,E01025974,Oadby and Wigston 010A,Violence and sexual offences,Unable to prosecute suspect,
e3e1a67c07d8cc3c404e2808bb31dd936e9e6c2f1b2a045eecb6518a0ce31829,2023-12,Leicestershire Police,Leicestershire Police,-1.086193,52.603116,On or near Supermarket,E01025974,Oadby and Wigston 010A,Violence and sexual offences,Investigation complete; no suspect identified,
5cea3d46c86c4326a50a6b61ca25499a3b28ab690f7341b1b363741ca98ad7fd,2023-12,Leicestershire Police,Leicestershire Police,-1.086193,52.603116,On or near Supermarket,E01025974,Oadby and Wigston 010A,Violence and sexual offences,Unable to prosecute suspect,
b54e3f4917f6b0bb30e6f799939cf025b30540aec537b364d8532328034df28a,2023-12,Leicestershire Police,Leicestershire Police,-1.062914,52.600057,On or near Hamble Road,E01025980,Oadby and Wigston 010B,Burglary,Investigation complete; no suspect identified,
c980028a1cdb50ac4fe99fba3e63225277563b6d7d62aaa6f95042b4ba0fd333,2023-12,Leicestershire Police,Leicestershire Police,-1.059855,52.602226,On or near Swale Close,E01025980,Oadby and Wigston 010B,Possession of weapons,Unable to prosecute suspect,
15a9dc10cc3a790323ac641cce668efbbcbab62ae7ea46b6b9dc44b5cbbeefdb,2023-12,Leicestershire Police,Leicestershire Police,-1.066567,52.602531,On or near Half Moon Crescent,E01025980,Oadby and Wigston 010B,Violence and sexual offences,Unable to prosecute suspect,
2d1784a1af9d5b4853f67fdca603254b724a58f55440822d923be71124455843,2023-12,Leicestershire Police,Leicestershire Police,-1.076936,52.608690,On or near Manor Close,E01025973,Oadby and Wigston 010C,Burglary,Court result unavailable,
1455aa3bcc9f31911cab9f9d21d945dcc6bdd48935d8fc1fab4740bb22b3b2e0,2023-12,Leicestershire Police,Leicestershire Police,-1.094686,52.614472,On or near Powys Avenue,E01025973,Oadby and Wigston 010C,Criminal damage and arson,Unable to prosecute suspect,
754830e45b37784b6930403a1ee450c0833f1eb9ccaef4a440948ee3f548596c,2023-12,Leicestershire Police,Leicestershire Police,-1.089533,52.610118,On or near Stoughton Drive South,E01025973,Oadby and Wigston 010C,Drugs,Local resolution,
53e6db5e531753f113293d5bf3092c46bba4a77489af2f27833cf01cedba5550,2023-12,Leicestershire Police,Leicestershire Police,-1.089533,52.610118,On or near Stoughton Drive South,E01025973,Oadby and Wigston 010C,Drugs,Local resolution,
4a34649b5e235bc78f71d3d17bdb582a9f62d9fbc94122d18d12d70977753a6e,2023-12,Leicestershire Police,Leicestershire Police,-1.089533,52.610118,On or near Stoughton Drive South,E01025973,Oadby and Wigston 010C,Other theft,Investigation complete; no suspect identified,
f580bf1993650a67c7151dc1bc8dbf66d861396edfa916d5f6e7f7754276a2b6,2023-12,Leicestershire Police,Leicestershire Police,-1.081617,52.611531,On or near The Fairway,E01025973,Oadby and Wigston 010C,Other theft,Investigation complete; no suspect identified,
c2cfee7b842befc2192dc1d52a47c1a11470d698a5ff4039e814ea24b76a7293,2023-12,Leicestershire Police,Leicestershire Police,-1.089533,52.610118,On or near Stoughton Drive South,E01025973,Oadby and Wigston 010C,Public order,Investigation complete; no suspect identified,
296cbd91b66c0ae5010d7089d954d368785a982af2ef6de6e0861e9967eac2d0,2023-12,Leicestershire Police,Leicestershire Police,-1.079593,52.610877,On or near Ringer'S Spinney,E01025973,Oadby and Wigston 010C,Violence and sexual offences,Investigation complete; no suspect identified,
a2a8f6f9182fbff3842b93d3603183c7a7075576ac949454dd128454199291e5,2023-12,Leicestershire Police,Leicestershire Police,-1.077940,52.613606,On or near Hospital,E01025973,Oadby and Wigston 010C,Violence and sexual offences,Unable to prosecute suspect,
04f2c05b54733408de3ab813c7b1c5d5d376156cdc96bbbfe809004fa2a7749d,2023-12,Leicestershire Police,Leicestershire Police,-1.081313,52.609137,On or near Manor Road,E01025973,Oadby and Wigston 010C,Violence and sexual offences,Further action is not in the public interest,
2c6dd1005f05bd9eb347dbe5aa49adee2c163fee1e06358ebb77d20dc58107d3,2023-12,Leicestershire Police,Leicestershire Police,-1.087670,52.611641,On or near Oaks Way,E01025973,Oadby and Wigston 010C,Violence and sexual offences,Investigation complete; no suspect identified,
569dc79157a593634202f8d0386386689b83ad4d0fcecb4dd1d90bd0c296b427,2023-12,Leicestershire Police,Leicestershire Police,-1.070539,52.603237,On or near Wyndham Close,E01025975,Oadby and Wigston 010D,Burglary,Investigation complete; no suspect identified,
e20af01383d814e70c5f76b2166408bbbd8981b485615f538cb5c3684a21a589,2023-12,Leicestershire Police,Leicestershire Police,-1.073542,52.606461,On or near Stoughton Road,E01025975,Oadby and Wigston 010D,Burglary,Investigation complete; no suspect identified,
f630ec1a0af79cc892bec28aa3cab2952b5d40b54193daf3bb805d3d4f45922d,2023-12,Leicestershire Police,Leicestershire Police,-1.072460,52.603153,On or near Hall Drive,E01025975,Oadby and Wigston 010D,Burglary,Investigation complete; no suspect identified,
fd97bce4b115485d09f4e4e40d800fe71d12816722b70e6cbae5719f8cf8addc,2023-12,Leicestershire Police,Leicestershire Police,-1.072460,52.603153,On or near Hall Drive,E01025975,Oadby and Wigston 010D,Burglary,Investigation complete; no suspect identified,
870dc0fa929abd88660cdb56120d76164af9311fc3a1d108f875ef102f4c808b,2023-12,Leicestershire Police,Leicestershire Police,-1.073542,52.606461,On or near Stoughton Road,E01025975,Oadby and Wigston 010D,Public order,Court result unavailable,
be47725423288b5f6c875554e62cb9ce4df0cb45024a9d392a90ac68e38753aa,2023-12,Leicestershire Police,Leicestershire Police,-1.074546,52.608554,On or near Cranbourne Gardens,E01025975,Oadby and Wigston 010D,Violence and sexual offences,Unable to prosecute suspect,
a07da9cd215385faff82fe0243d7c19741f85cc29b6926c0437648370c2dd902,2023-12,Leicestershire Police,Leicestershire Police,-1.076022,52.602300,On or near Stoughton Close,E01025975,Oadby and Wigston 010D,Violence and sexual offences,Formal action is not in the public interest,
3af3a1b6675ef7af4173e43d25eb548e43877fd966085275bbbc622e94c03666,2023-12,Leicestershire Police,Leicestershire Police,-1.069797,52.602017,On or near Covert Close,E01025975,Oadby and Wigston 010D,Violence and sexual offences,Unable to prosecute suspect,
,2023-12,Leicestershire Police,Leicestershire Police,-1.061681,52.591390,On or near Edenhall Close,E01025984,Oadby and Wigston 011A,Anti-social behaviour,,
4479cb8a8cf1e42173cf945a786892464382309df14658ad3a237f2a1a4c5d3b,2023-12,Leicestershire Police,Leicestershire Police,-1.064466,52.591619,On or near Fernie Close,E01025984,Oadby and Wigston 011A,Criminal damage and arson,Investigation complete; no suspect identified,
7df3eec0b4f4cede1abc431d2cfd4d5e3985db669815049bd300b892eb83949d,2023-12,Leicestershire Police,Leicestershire Police,-1.061592,52.590041,On or near Fox Hollow,E01025984,Oadby and Wigston 011A,Violence and sexual offences,Unable to prosecute suspect,
,2023-12,Leicestershire Police,Leicestershire Police,-1.060197,52.593832,On or near Thurlow Close,E01025982,Oadby and Wigston 011B,Anti-social behaviour,,
218cb6df3baceaedf6a6739aac3a0669fbfb1c9de17c9faa66c49b7611c700cf,2023-12,Leicestershire Police,Leicestershire Police,-1.053880,52.593755,On or near Bluebell Close,E01025982,Oadby and Wigston 011B,Drugs,Local resolution,
09e9c0e6461873b7bcbff4dae39ca5cbd3aed85ff377d6db6dd63f1d207dd131,2023-12,Leicestershire Police,Leicestershire Police,-1.059246,52.590687,On or near Cooper Gardens,E01025982,Oadby and Wigston 011B,Violence and sexual offences,Unable to prosecute suspect,
fdb45884914d51b8687987462f5fac6bdc2209097055674d6bbac50eb248a8c7,2023-12,Leicestershire Police,Leicestershire Police,-1.060234,52.595550,On or near Pennine Close,E01025982,Oadby and Wigston 011B,Violence and sexual offences,Unable to prosecute suspect,
1b45ff24927973bb84a46025ad6be6f12ede426b66bcc68c385a79eb3662ebe0,2023-12,Leicestershire Police,Leicestershire Police,-1.055843,52.593771,On or near Holbrook,E01025982,Oadby and Wigston 011B,Violence and sexual offences,Unable to prosecute suspect,
9b1805d03c28fc5828eb1c304624a31cdca23bff45d1fcb47016b813d4ad232d,2023-12,Leicestershire Police,Leicestershire Police,-1.059246,52.590687,On or near Cooper Gardens,E01025982,Oadby and Wigston 011B,Violence and sexual offences,Unable to prosecute suspect,
2d0119fcb78a93216bf6e40d745eebfc88358eb9e751437627e3ff28863ab499,2023-12,Leicestershire Police,Leicestershire Police,-1.070299,52.597139,On or near Somerby Drive,E01025979,Oadby and Wigston 011C,Burglary,Investigation complete; no suspect identified,
fe7ec82097467cfaafc8d8a59eebf58210ab72bd0624b987ce1c3699d1668a88,2023-12,Leicestershire Police,Leicestershire Police,-1.069922,52.596094,On or near Waldron Drive,E01025979,Oadby and Wigston 011C,Burglary,Investigation complete; no suspect identified,
fafd127e7b3b7bf57341b49d49cdf8c4e9694a70cf1c2247322949111090086e,2023-12,Leicestershire Police,Leicestershire Police,-1.072436,52.597992,On or near Fairfield Road,E01025979,Oadby and Wigston 011C,Burglary,Investigation complete; no suspect identified,
0bddc88211f96c6eabd93176249421bfd08b1e322926662944a76483df2bb5f4,2023-12,Leicestershire Police,Leicestershire Police,-1.070299,52.597139,On or near Somerby Drive,E01025979,Oadby and Wigston 011C,Public order,Investigation complete; no suspect identified,
b53d5542a44e0536bcc231e4f0957f0c646cde192f752d952a1addf2a1838029,2023-12,Leicestershire Police,Leicestershire Police,-1.072436,52.597992,On or near Fairfield Road,E01025979,Oadby and Wigston 011C,Violence and sexual offences,Unable to prosecute suspect,
1d0a11fe29a8eb3adb522a4228b02770a2367179b8f876cd51ab01fb176e3ae9,2023-12,Leicestershire Police,Leicestershire Police,-1.072026,52.598519,On or near Martin Avenue,E01025979,Oadby and Wigston 011C,Violence and sexual offences,Unable to prosecute suspect,
cbd712453de083d9f511b97f42cdc3670b0c2825b3027c83e6bbf048c01c1fb8,2023-12,Leicestershire Police,Leicestershire Police,-1.067628,52.597739,On or near Bourton Crescent,E01025979,Oadby and Wigston 011C,Other crime,Unable to prosecute suspect,
750087fdcd522426e6e4a7bc4850ce2e91cdcf3eb376fe12bc7356541ef9ab32,2023-12,Leicestershire Police,Leicestershire Police,-1.061839,52.594376,On or near Berkeley Close,E01025983,Oadby and Wigston 011D,Burglary,Investigation complete; no suspect identified,
80baaa7af39ab258ac519dee6d1a786a1d4cc47ee04453a8efe050366b01d503,2023-12,Leicestershire Police,Leicestershire Police,-1.067697,52.594530,On or near Charles' Way,E01025983,Oadby and Wigston 011D,Burglary,Unable to prosecute suspect,
bb8a83258e631319370e62d648980647a19e964f2ef762d6a8f63a41c4febfe5,2023-12,Leicestershire Police,Leicestershire Police,-1.061839,52.594376,On or near Berkeley Close,E01025983,Oadby and Wigston 011D,Criminal damage and arson,Investigation complete; no suspect identified,
f3ec1c9ae5b61d78d99394086030330847df650e1802da52c9b47f2fa8a199e3,2023-12,Leicestershire Police,Leicestershire Police,-1.061024,52.600042,On or near Waveney Rise,E01025981,Oadby and Wigston 011E,Burglary,Investigation complete; no suspect identified,
2f45e687d14dca48620f13a0a4f6a7358c6be0ec6ba8c2c48c51dfb85dcb23fd,2023-12,Leicestershire Police,Leicestershire Police,-1.061024,52.600042,On or near Waveney Rise,E01025981,Oadby and Wigston 011E,Burglary,Investigation complete; no suspect identified,
3ca5d8b58b978206c41220af52607bf1cde356784f619efc6136d3c8625a6da9,2023-12,Leicestershire Police,Leicestershire Police,-1.060543,52.599049,On or near Windrush Drive,E01025981,Oadby and Wigston 011E,Criminal damage and arson,Investigation complete; no suspect identified,
7c8b73ee3ff563cda3a95699ffd477fc8782170f795be78382f92f48f17d4acc,2023-12,Leicestershire Police,Leicestershire Police,-1.066294,52.599400,On or near Malton Drive,E01025981,Oadby and Wigston 011E,Vehicle crime,Investigation complete; no suspect identified,
3497bcaa7bfcbeaf5acbf81d685c92ee5b1d9f3a5cfec1741849e1ec190a43d7,2023-12,Leicestershire Police,Leicestershire Police,-1.060543,52.599049,On or near Windrush Drive,E01025981,Oadby and Wigston 011E,Violence and sexual offences,Investigation complete; no suspect identified,
da77001266b18fca38538b7db4a8d6d3447ce0a688a24aa702f4b6ba36cbb6a1,2023-12,Leicestershire Police,Leicestershire Police,-1.063775,52.598419,On or near Dart Close,E01025981,Oadby and Wigston 011E,Violence and sexual offences,Unable to prosecute suspect,
8aad9385fed57e54b81f5af248cd8bbc349ff9e61f8f35eded0ccab48e5ea275,2023-12,Leicestershire Police,Leicestershire Police,-2.107664,53.525928,On or near Cardwell Street,E01005322,Oldham 029A,Violence and sexual offences,Awaiting court outcome,
eb35c3aa898526413087d009ef408a0af58de8a108b37cf3747f5099d9e185b3,2023-12,Leicestershire Police,Leicestershire Police,-2.205144,53.841257,On or near Priory Street,E01025184,Pendle 009D,Violence and sexual offences,Unable to prosecute suspect,
857465dea6256d06238dac5e047dd41c111122dea39f4683b18fcf9ff7ddd1e1,2023-12,Leicestershire Police,Leicestershire Police,-4.146539,50.366568,On or near Leigham Terrace Lane,E01034160,Plymouth 034C,Public order,Action to be taken by another organisation,
464d905c499710a52ebf48ce05ffcd0dd475773215bbb850a69127cc1856b1c9,2023-12,Leicestershire Police,Leicestershire Police,-3.352726,51.602358,On or near Bryn Eglwys,W01001236,Rhondda Cynon Taf 021G,Violence and sexual offences,Unable to prosecute suspect,
2c6849b15b0ccd88858fc979189ac267cc2f1752243a9a615e4b4bd21d1e0ad9,2023-12,Leicestershire Police,Leicestershire Police,-1.260913,52.374825,On or near Regent Place,E01031173,Rugby 003C,Other crime,Unable to prosecute suspect,
6d6696c25786ad2fc55173a1599c03bb2f9b5890f2a0fc5da6d5dc7df7fca718,2023-12,Leicestershire Police,Leicestershire Police,-1.359042,52.513469,On or near Park/Open Space,E01031182,Rugby 013A,Other theft,Investigation complete; no suspect identified,
8a5776b92fe2ea0aa6924afe19bb11e33740dec31d328e72cd8c56a887ff8036,2023-12,Leicestershire Police,Leicestershire Police,-1.296273,52.483634,On or near Green Lane,E01031160,Rugby 013B,Violence and sexual offences,Unable to prosecute suspect,
9391ba15c676dd938a4f401a30b8bbe97fcd37d40ecd7ae2b6d3f6493b9c1361,2023-12,Leicestershire Police,Leicestershire Police,-0.974804,52.852359,On or near Main Street,E01028402,Rushcliffe 010A,Other crime,Unable to prosecute suspect,
3f7ebdd9eae3d58fee61458e789f31ae84863336b332cf64b68eadedfd20c8f6,2023-12,Leicestershire Police,Leicestershire Police,-1.171194,52.839346,On or near Woodpecker Close,E01028387,Rushcliffe 014B,Violence and sexual offences,Investigation complete; no suspect identified,
74b02c7a0564f81c86cbc0ab582af1cd69ac01a25bc9352a8447bbb7920bc34d,2023-12,Leicestershire Police,Leicestershire Police,-1.222400,52.810099,On or near Butt Lane,E01028410,Rushcliffe 015E,Other theft,Investigation complete; no suspect identified,
877ba6542e59eeedb2b6e65df4551fcd8db08f4ca4776e8b70d458a3577c56f9,2023-12,Leicestershire Police,Leicestershire Police,-0.681303,52.736394,On or near Walker Close,E01013788,Rutland 001A,Violence and sexual offences,Local resolution,
0a3d9504c9cd1ced5c8149ff1b2c96b331dff2e5272578db4d2dec4568696e16,2023-12,Leicestershire Police,Leicestershire Police,-0.647363,52.722733,On or near Ledbury Walk,E01013788,Rutland 001A,Violence and sexual offences,Unable to prosecute suspect,
309201360e92c824292ac273a3421e971820da6755545447cdfb00c19cce296c,2023-12,Leicestershire Police,Leicestershire Police,-0.652312,52.723562,On or near Oakley Road,E01013788,Rutland 001A,Violence and sexual offences,Unable to prosecute suspect,
7fd5820072f4d0a9de1c38cc76eaf197eb84b81d318aa72255f188a71955b417,2023-12,Leicestershire Police,Leicestershire Police,-0.686261,52.738984,On or near Lawrence Close,E01013788,Rutland 001A,Violence and sexual offences,Unable to prosecute suspect,
064209f299101c22069ff0ae73afc2497e039be2ee13de3eca17e89231b6b8b3,2023-12,Leicestershire Police,Leicestershire Police,-0.629624,52.691081,On or near New Field Road,E01013789,Rutland 001B,Burglary,Unable to prosecute suspect,
8fabdadbb3583a71f333bed894a2f31834be89535a6285f13be001ac615d971c,2023-12,Leicestershire Police,Leicestershire Police,-0.706250,52.668648,On or near Parking Area,E01013789,Rutland 001B,Drugs,Formal action is not in the public interest,
fa993008a8e16c5f6b6ab72de49551fb47fba3d41ac2ca6ec386c61aaa4eb0c8,2023-12,Leicestershire Police,Leicestershire Police,-0.648695,52.696883,On or near Cottesmore Road,E01013789,Rutland 001B,Other theft,Investigation complete; no suspect identified,
93b15487012731ea010cea7ddcd1b94ef28b1e1f52035ace80d506b8be29b8fe,2023-12,Leicestershire Police,Leicestershire Police,-0.648695,52.696883,On or near Cottesmore Road,E01013789,Rutland 001B,Violence and sexual offences,Unable to prosecute suspect,
27924a1aec3870f27531cbe72444fa01d224ea026405bcb460bc5377a1bfbb7f,2023-12,Leicestershire Police,Leicestershire Police,-0.635281,52.666243,On or near Bull Brig Lane,E01013789,Rutland 001B,Violence and sexual offences,Unable to prosecute suspect,
3359410f7c5479bd97cd82117822a313558b9e6bd488730537af3ac3ff679e07,2023-12,Leicestershire Police,Leicestershire Police,-0.684406,52.661314,On or near Park/Open Space,E01013789,Rutland 001B,Violence and sexual offences,Unable to prosecute suspect,
,2023-12,Leicestershire Police,Leicestershire Police,-0.624933,52.719364,On or near Bridge Lane,E01013790,Rutland 001C,Anti-social behaviour,,
1e849658f4df065ddf19b2b62c299286b3a5c8f1ac8d5829cb77e47beba179dd,2023-12,Leicestershire Police,Leicestershire Police,-0.583128,52.752981,On or near Stocken Hall Mews,E01013790,Rutland 001C,Criminal damage and arson,Action to be taken by another organisation,
51f8715f2132274f1f5a4e13ff5151548201c2e9254d283bcf0f0cbcb3353165,2023-12,Leicestershire Police,Leicestershire Police,-0.598946,52.732384,On or near Spinney Lane,E01013790,Rutland 001C,Other theft,Investigation complete; no suspect identified,
c4d5db1546c54fd99930bc81d6deabf0bcea010324ec90d30891cc7395316938,2023-12,Leicestershire Police,Leicestershire Police,-0.598946,52.732384,On or near Spinney Lane,E01013790,Rutland 001C,Other theft,Investigation complete; no suspect identified,
633e5aa152713c40b57186634a4ff638d4fd46638691829f2bbaf8b915d8782d,2023-12,Leicestershire Police,Leicestershire Police,-0.598946,52.732384,On or near Spinney Lane,E01013790,Rutland 001C,Other theft,Investigation complete; no suspect identified,
3314be28cb6ec4336b83d3d486bb3f5828257a519b730b16f2bd577bb21ace5a,2023-12,Leicestershire Police,Leicestershire Police,-0.598946,52.732384,On or near Spinney Lane,E01013790,Rutland 001C,Other theft,Investigation complete; no suspect identified,
dec96cae24c88e74816a2e993870b98c3427fba5906be63351ba4019339a480d,2023-12,Leicestershire Police,Leicestershire Police,-0.564917,52.734962,On or near New Road,E01013790,Rutland 001C,Vehicle crime,Investigation complete; no suspect identified,
cb68c17c1d8ac11a442c4ad0a761d5dc8274d3501d07601309dca0f755ad82c1,2023-12,Leicestershire Police,Leicestershire Police,-0.583128,52.752981,On or near Stocken Hall Mews,E01013790,Rutland 001C,Violence and sexual offences,Action to be taken by another organisation,
f2f52c6707036dc2a2b6d960f68270ae333c2bbd6b03ca86afbca939cf29c1d4,2023-12,Leicestershire Police,Leicestershire Police,-0.583128,52.752981,On or near Stocken Hall Mews,E01013790,Rutland 001C,Violence and sexual offences,Action to be taken by another organisation,
3df9a2d4055a46454f316bd3681bafce2b869ecd1f573548a00b1213390cd329,2023-12,Leicestershire Police,Leicestershire Police,-0.583128,52.752981,On or near Stocken Hall Mews,E01013790,Rutland 001C,Violence and sexual offences,Action to be taken by another organisation,
67d0783488e460f710604e50ccdad96c8f658da2846488f7ea6b2c5fa2fa703f,2023-12,Leicestershire Police,Leicestershire Police,-0.583128,52.752981,On or near Stocken Hall Mews,E01013790,Rutland 001C,Violence and sexual offences,Action to be taken by another organisation,
43dc1f9dcf12d22cc61ee65d4350344d1235e2a692cb3a2f59ef374e67994f3f,2023-12,Leicestershire Police,Leicestershire Police,-0.583128,52.752981,On or near Stocken Hall Mews,E01013790,Rutland 001C,Violence and sexual offences,Investigation complete; no suspect identified,
9a4473cf183e7ea7e260a78a1f2f826ef802ffb966e3186d6635cb10c509293c,2023-12,Leicestershire Police,Leicestershire Police,-0.583128,52.752981,On or near Stocken Hall Mews,E01013790,Rutland 001C,Violence and sexual offences,Action to be taken by another organisation,
aa28346bccedb7e16c46395d064a8c1ec6ce36f9f0fe5ea19303a308d0ed1253,2023-12,Leicestershire Police,Leicestershire Police,-0.563023,52.658745,On or near Stamford Road,E01013796,Rutland 001D,Burglary,Unable to prosecute suspect,
284081c68384a3b7f664e5db4a400ba14c313a1d27eb37248d2bc25064761006,2023-12,Leicestershire Police,Leicestershire Police,-0.567167,52.694766,On or near Great North Road,E01013796,Rutland 001D,Other theft,Investigation complete; no suspect identified,
c58db5123218e1c81f542ba9642c190bfbf1493dd116c8479030ac7e3e0f76d7,2023-12,Leicestershire Police,Leicestershire Police,-0.598576,52.667226,On or near Home Court,E01013796,Rutland 001D,Other theft,Formal action is not in the public interest,
600c1821fab1e5ceee66964a964df3d23a11fedc6c8c2cbb24df8da8a1a9924f,2023-12,Leicestershire Police,Leicestershire Police,-0.593307,52.668755,On or near Bayleys Close,E01013796,Rutland 001D,Violence and sexual offences,Unable to prosecute suspect,
5fed5ad68aac2c7fcf69103a237dc60631e6ec4481c8aaac0d5cd16c4e92d960,2023-12,Leicestershire Police,Leicestershire Police,-0.563023,52.658745,On or near Stamford Road,E01013796,Rutland 001D,Violence and sexual offences,Investigation complete; no suspect identified,
8ad25f6a67d9006d85a5e688ab9e1752ba8c5ecd4bb01d175d3e528198f3003c,2023-12,Leicestershire Police,Leicestershire Police,-0.567167,52.694766,On or near Great North Road,E01013796,Rutland 001D,Violence and sexual offences,Investigation complete; no suspect identified,
16950399b1111095476d918410667a294fb2985071d8d7b70a240bc93110678f,2023-12,Leicestershire Police,Leicestershire Police,-0.616622,52.636646,On or near Welland Road,E01013796,Rutland 001D,Violence and sexual offences,Further action is not in the public interest,
555d5d54632a86c2a9ca2107e07916f1aeff9f57faf6ff8b7b17317de1163983,2023-12,Leicestershire Police,Leicestershire Police,-0.720205,52.694647,On or near Kimball Close,E01013793,Rutland 002A,Vehicle crime,Court result unavailable,
0cfd9f6d395fa1482f9efb0489406862242fc147dc01aeafb2a19f6477160142,2023-12,Leicestershire Police,Leicestershire Police,-0.745530,52.669610,On or near Grampian Way,E01013800,Rutland 002B,Criminal damage and arson,Local resolution,
740723d0e731d9e46794e633532624f8523750dda8972da893e5d2afe830a1e9,2023-12,Leicestershire Police,Leicestershire Police,-0.741574,52.669938,On or near Sports/Recreation Area,E01013800,Rutland 002B,Drugs,Status update unavailable,
65a3669d837866fa7717a78b8faeaf7ecc7d97116134e130c0e86f0c31e4bf19,2023-12,Leicestershire Police,Leicestershire Police,-0.743038,52.667803,On or near Churchill Road,E01013800,Rutland 002B,Violence and sexual offences,Unable to prosecute suspect,
d6fe3412bebd05892c133396bb7adaf5ac9e1ddcd2acdfcd3b3aa9435422a1cf,2023-12,Leicestershire Police,Leicestershire Police,-0.745530,52.669610,On or near Grampian Way,E01013800,Rutland 002B,Violence and sexual offences,Action to be taken by another organisation,
f1dc309f37b6331e8c17f18dcbe1f06b93ed1042d8f7901b2e69e22f5dc7ee02,2023-12,Leicestershire Police,Leicestershire Police,-0.745530,52.669610,On or near Grampian Way,E01013800,Rutland 002B,Violence and sexual offences,Action to be taken by another organisation,
e8321363c0ba04fdf13460c1e2caf4c7d1e6e7b4fab922f63a22107f6cc690a2,2023-12,Leicestershire Police,Leicestershire Police,-0.745530,52.669610,On or near Grampian Way,E01013800,Rutland 002B,Violence and sexual offences,Action to be taken by another organisation,
69d99da44db2ea816439ae9d174a64f6bacf9449b273f15ba36aca03797c14f1,2023-12,Leicestershire Police,Leicestershire Police,-0.778477,52.722187,On or near Stapleford Road,E01013809,Rutland 002D,Other theft,Unable to prosecute suspect,
6209ab0d1b079c51838c79834d6a8e50633b8d80105028b9ecec8ea04cf36e63,2023-12,Leicestershire Police,Leicestershire Police,-0.780902,52.718571,On or near Mill Grove,E01013809,Rutland 002D,Public order,Local resolution,
0048dc1efa80ff9bbd9efaa96e0b3aa4d4fc3a725fe604036271c9c387ea3f7b,2023-12,Leicestershire Police,Leicestershire Police,-0.740750,52.678972,On or near Coltsfoot Close,E01035102,Rutland 002E,Violence and sexual offences,Unable to prosecute suspect,
292a81254a2f4977349e49fe84342be9be6aee681095e5bd54df4ffa2ac6c7f2,2023-12,Leicestershire Police,Leicestershire Police,-0.745914,52.682560,On or near Hawthorn Close,E01035102,Rutland 002E,Violence and sexual offences,Action to be taken by another organisation,
8db1a0e975bec038e346ecf19bb3d468070e709fb7d8bc0bc3f803196a44cc4d,2023-12,Leicestershire Police,Leicestershire Police,-0.742079,52.673761,On or near Further/Higher Educational Building,E01035102,Rutland 002E,Violence and sexual offences,Unable to prosecute suspect,
20af6979e5e331c44773d9396c3b191cbf1e34b2b9e6b1c54fe75299b8472467,2023-12,Leicestershire Police,Leicestershire Police,-0.740750,52.678972,On or near Coltsfoot Close,E01035102,Rutland 002E,Violence and sexual offences,Unable to prosecute suspect,
93b202cde18917b09587e983721523fc8e0f02e67798ef262f4fde51d4fd36af,2023-12,Leicestershire Police,Leicestershire Police,-0.740750,52.678972,On or near Coltsfoot Close,E01035102,Rutland 002E,Violence and sexual offences,Investigation complete; no suspect identified,
cde00fcb9119989be3a451c045cf8a53cb5562677ac2c32d981644e77e6d5782,2023-12,Leicestershire Police,Leicestershire Police,-0.736518,52.676482,On or near Tidemill Place,E01035103,Rutland 002F,Burglary,Investigation complete; no suspect identified,
8ddf491084fa046271314f99de528dccd263a8d1ca748f1f3c755796e491e030,2023-12,Leicestershire Police,Leicestershire Police,-0.742159,52.681414,On or near Maresfield Road,E01035103,Rutland 002F,Violence and sexual offences,Action to be taken by another organisation,
c95327986a90386217690097300b9d62b729b7a9f5356bce8afcc67ee29e0c8e,2023-12,Leicestershire Police,Leicestershire Police,-0.742159,52.681414,On or near Maresfield Road,E01035103,Rutland 002F,Violence and sexual offences,Action to be taken by another organisation,
,2023-12,Leicestershire Police,Leicestershire Police,-0.736637,52.669273,On or near West Road,E01035104,Rutland 002G,Anti-social behaviour,,
,2023-12,Leicestershire Police,Leicestershire Police,-0.736637,52.669273,On or near West Road,E01035104,Rutland 002G,Anti-social behaviour,,
07b5735ef6dfe98a36a4f3a697ed4fe7aec9e1b5568fa539277e30de41b22d62,2023-12,Leicestershire Police,Leicestershire Police,-0.738706,52.668809,On or near Kings Close,E01035104,Rutland 002G,Other theft,Investigation complete; no suspect identified,
b39a707bab4d04a3a0eb91e8d4a0d1f7c80bc22c7632f40454a29c03ff706053,2023-12,Leicestershire Police,Leicestershire Police,-0.740479,52.667821,On or near Digby Drive,E01035104,Rutland 002G,Other theft,Investigation complete; no suspect identified,
5fc62b52cb0ec6258529a9469804d96e1a96218836bd4671b9e21b1f0a17fa46,2023-12,Leicestershire Police,Leicestershire Police,-0.737750,52.668479,On or near Supermarket,E01035104,Rutland 002G,Shoplifting,Investigation complete; no suspect identified,
bd8fe4fe05b4d4cf02358c65c69136ea41cdac30546a9fc9a5d31ade2dacb3c7,2023-12,Leicestershire Police,Leicestershire Police,-0.737750,52.668479,On or near Supermarket,E01035104,Rutland 002G,Shoplifting,Investigation complete; no suspect identified,
20179e03fb2d4a662288db4117d9b966d954d012d5597b819c8670c109143de6,2023-12,Leicestershire Police,Leicestershire Police,-0.737750,52.668479,On or near Supermarket,E01035104,Rutland 002G,Shoplifting,Investigation complete; no suspect identified,
ae246c2219a8a9c994e3dc28078f9089433b91c8b8d0eb9df30b85b2dc6cebd4,2023-12,Leicestershire Police,Leicestershire Police,-0.737750,52.668479,On or near Supermarket,E01035104,Rutland 002G,Shoplifting,Investigation complete; no suspect identified,
a99b0b407b47dd70f2b937c28c25c6650d753e49f48b42cac95a6316385b36fa,2023-12,Leicestershire Police,Leicestershire Police,-0.736637,52.669273,On or near West Road,E01035104,Rutland 002G,Violence and sexual offences,Unable to prosecute suspect,
a4532fb13a41f5b682dd98d95fe827e8381ed8c354abbfdb4181a38396494b8f,2023-12,Leicestershire Police,Leicestershire Police,-0.735016,52.673184,On or near Barleythorpe Road,E01035104,Rutland 002G,Violence and sexual offences,Unable to prosecute suspect,
7bd9540ff99e983921fbdbae1b8380252528041e26f42c2037653954450c7a55,2023-12,Leicestershire Police,Leicestershire Police,-0.736637,52.669273,On or near West Road,E01035104,Rutland 002G,Violence and sexual offences,Status update unavailable,
7296d8abfaf03ecb9e20765c339226bbd7a3bb8efdbffcc3b04b681139481b3d,2023-12,Leicestershire Police,Leicestershire Police,-0.737750,52.668479,On or near Supermarket,E01035104,Rutland 002G,Violence and sexual offences,Investigation complete; no suspect identified,
948dae24fef77cbe3ccafe8dcdd096aff96a72aaba0017fbcda34e59304b4376,2023-12,Leicestershire Police,Leicestershire Police,-0.723571,52.674617,On or near School Road,E01013798,Rutland 003A,Violence and sexual offences,Unable to prosecute suspect,
186203c8fc01a2b6787e0fce71df4ac8ec7d4f69e43d4e17d4f33ca9fe8202de,2023-12,Leicestershire Police,Leicestershire Police,-0.725625,52.679745,On or near Ashfield,E01013798,Rutland 003A,Violence and sexual offences,Investigation complete; no suspect identified,
,2023-12,Leicestershire Police,Leicestershire Police,-0.727674,52.669806,On or near Market Street,E01013799,Rutland 003B,Anti-social behaviour,,
,2023-12,Leicestershire Police,Leicestershire Police,-0.734276,52.672160,On or near Oakham,E01013799,Rutland 003B,Anti-social behaviour,,
,2023-12,Leicestershire Police,Leicestershire Police,-0.731977,52.669928,On or near Shopping Area,E01013799,Rutland 003B,Anti-social behaviour,,
,2023-12,Leicestershire Police,Leicestershire Police,-0.727674,52.669806,On or near Market Street,E01013799,Rutland 003B,Anti-social behaviour,,
,2023-12,Leicestershire Police,Leicestershire Police,-0.731780,52.669500,On or near New Street,E01013799,Rutland 003B,Anti-social behaviour,,
,2023-12,Leicestershire Police,Leicestershire Police,-0.732486,52.670154,On or near Westgate,E01013799,Rutland 003B,Anti-social behaviour,,
a881b4bf57c3edc7ddb2d54d7b6bb65c58dd2c42556d6e51f3a1d8cb4f3aaba7,2023-12,Leicestershire Police,Leicestershire Police,-0.731977,52.669928,On or near Shopping Area,E01013799,Rutland 003B,Criminal damage and arson,Investigation complete; no suspect identified,
d948ee35a907c83f0a276c94bbe318c15daca12eec5f7c3e7ec00bd65b211fac,2023-12,Leicestershire Police,Leicestershire Police,-0.732486,52.670154,On or near Westgate,E01013799,Rutland 003B,Criminal damage and arson,Investigation complete; no suspect identified,
3859128e910c10e9b6116b45787b8c2d6d77a45acce6ab6692fab7ebfcfbe845,2023-12,Leicestershire Police,Leicestershire Police,-0.732317,52.669343,On or near Cunnington Close,E01013799,Rutland 003B,Criminal damage and arson,Investigation complete; no suspect identified,
5613629ab73f35a97732d386e0f2a50fd2d336edf9c2e6e5374fe7cc6a3edfe1,2023-12,Leicestershire Police,Leicestershire Police,-0.729405,52.671344,On or near Parking Area,E01013799,Rutland 003B,Criminal damage and arson,Investigation complete; no suspect identified,
81e9c690edef5edfa5a07385d237b3c5d3bf94c39522f33124e96b669bebda59,2023-12,Leicestershire Police,Leicestershire Police,-0.731977,52.669928,On or near Shopping Area,E01013799,Rutland 003B,Public order,Investigation complete; no suspect identified,
61bd16d0501f42a0bbb499046e385f3f770e5bec4371f7b59ac0d03e4bc54fdb,2023-12,Leicestershire Police,Leicestershire Police,-0.733263,52.670882,On or near Melton Road,E01013799,Rutland 003B,Public order,Unable to prosecute suspect,
70b243fc3f588a066c9a6abb8a8eb08e14a0bcb78c5154ba9ca8b422e7ed0504,2023-12,Leicestershire Police,Leicestershire Police,-0.729893,52.669794,On or near High Street,E01013799,Rutland 003B,Robbery,Investigation complete; no suspect identified,
c2b25f7ec6bebea4b914ab53d91461395c76f3bc29fef8305858c92bba43b06f,2023-12,Leicestershire Police,Leicestershire Police,-0.732486,52.670154,On or near Westgate,E01013799,Rutland 003B,Violence and sexual offences,Unable to prosecute suspect,
c67409c2b51830574ab1ffe2429a5270a719c12156f7254db09916a0d5d309e1,2023-12,Leicestershire Police,Leicestershire Police,-0.727065,52.668910,On or near Mill Street,E01013799,Rutland 003B,Violence and sexual offences,Investigation complete; no suspect identified,
a2c575c343500dfe26f72b64551b9250d8a4e876757321e9f46e357c2d4fc34a,2023-12,Leicestershire Police,Leicestershire Police,-0.733684,52.670131,On or near Parking Area,E01013799,Rutland 003B,Violence and sexual offences,Unable to prosecute suspect,
2dd7111c3f3544b36f165a13a4884b33f7970cb7b54a15fb3c13d5b680bb584a,2023-12,Leicestershire Police,Leicestershire Police,-0.733263,52.670882,On or near Melton Road,E01013799,Rutland 003B,Violence and sexual offences,Investigation complete; no suspect identified,
851e3cdff7279e2f759d71137182b676d5d99de43c36825a14b69ea4766a401a,2023-12,Leicestershire Police,Leicestershire Police,-0.731977,52.669928,On or near Shopping Area,E01013799,Rutland 003B,Violence and sexual offences,Unable to prosecute suspect,
,2023-12,Leicestershire Police,Leicestershire Police,-0.736978,52.667712,On or near Willoughby Gardens,E01013803,Rutland 003D,Anti-social behaviour,,
,2023-12,Leicestershire Police,Leicestershire Police,-0.736705,52.666927,On or near Holyrood Close,E01013803,Rutland 003D,Anti-social behaviour,,
92065dc6c4dafbd1b099c6927a956811f9e40833a0ddf3f196fce6304c7c51e2,2023-12,Leicestershire Police,Leicestershire Police,-0.743303,52.666314,On or near Braunston Road,E01013803,Rutland 003D,Criminal damage and arson,Unable to prosecute suspect,
847305c567dfd8147f65a33644d3390627865c968b44aa063f819d8ba130e751,2023-12,Leicestershire Police,Leicestershire Police,-0.739941,52.661855,On or near Don Close,E01013803,Rutland 003D,Public order,Investigation complete; no suspect identified,
a487ee015b8a787153c561cc32c6b594eb8477420d27807803a13647c3e539c5,2023-12,Leicestershire Police,Leicestershire Police,-0.735467,52.668298,On or near Graffham Drive,E01013803,Rutland 003D,Violence and sexual offences,Unable to prosecute suspect,
b4a7bf3d3fdc19a6e09581594009bf837bac37cc8cb9d91dba8efecf751d2d53,2023-12,Leicestershire Police,Leicestershire Police,-0.735467,52.668298,On or near Graffham Drive,E01013803,Rutland 003D,Violence and sexual offences,Unable to prosecute suspect,
d5cda243e2bd3412ee97d71d57565c09a52c0a1ccd4659947b5819840f66dbda,2023-12,Leicestershire Police,Leicestershire Police,-0.736978,52.667712,On or near Willoughby Gardens,E01013803,Rutland 003D,Violence and sexual offences,Local resolution,
22f307c59366edf6a598a085dbb9048b7f421a7af804fde5c9b01d2ed4869775,2023-12,Leicestershire Police,Leicestershire Police,-0.720469,52.672965,On or near Woodland View,E01035105,Rutland 003E,Possession of weapons,Unable to prosecute suspect,
6551b30945c4972c3ae1f258d34ead25ad0c4dbe2996afc3f8d7e2b524b18c3a,2023-12,Leicestershire Police,Leicestershire Police,-0.716650,52.670047,On or near Tolethorpe Close,E01035105,Rutland 003E,Vehicle crime,Investigation complete; no suspect identified,
326a1cfd0b7c8c7932617a82773fa30cf2560d41bbf87b66df28c71bc0ca2bd1,2023-12,Leicestershire Police,Leicestershire Police,-0.716650,52.670047,On or near Tolethorpe Close,E01035105,Rutland 003E,Vehicle crime,Investigation complete; no suspect identified,
797f0ef2902ae45d3c62c1e0e70fce3c7d7bc1dce60a0fb0ff20a612ed221005,2023-12,Leicestershire Police,Leicestershire Police,-0.722705,52.673870,On or near Burley Road,E01035105,Rutland 003E,Violence and sexual offences,Status update unavailable,
,2023-12,Leicestershire Police,Leicestershire Police,-0.732835,52.668288,On or near The Sidings,E01035106,Rutland 003F,Anti-social behaviour,,
,2023-12,Leicestershire Police,Leicestershire Police,-0.732835,52.668288,On or near The Sidings,E01035106,Rutland 003F,Anti-social behaviour,,
,2023-12,Leicestershire Police,Leicestershire Police,-0.723333,52.663484,On or near B641,E01035106,Rutland 003F,Anti-social behaviour,,
66b447b3381de51cf6310421e6f69bdb931b0e86a90d67f36bf8bcd5616b12c3,2023-12,Leicestershire Police,Leicestershire Police,-0.728739,52.668793,On or near South Street,E01035106,Rutland 003F,Criminal damage and arson,Investigation complete; no suspect identified,
c0904280b816e8b1755d2e71d15696d754feedd78f565481fc9110cdcb7795b4,2023-12,Leicestershire Police,Leicestershire Police,-0.732835,52.668288,On or near The Sidings,E01035106,Rutland 003F,Other theft,Investigation complete; no suspect identified,
ace07ceb648287ff8b022dee9a6c26036f0d4be8123787dfa0be1b85c87dc9cf,2023-12,Leicestershire Police,Leicestershire Police,-0.731291,52.668523,On or near Supermarket,E01035106,Rutland 003F,Vehicle crime,Investigation complete; no suspect identified,
e6d4313642d9adff59d7c874c83e107b707bb03cb639008e0396cb027ad3bb36,2023-12,Leicestershire Police,Leicestershire Police,-0.731291,52.668523,On or near Supermarket,E01035106,Rutland 003F,Vehicle crime,Investigation complete; no suspect identified,
44d3986917da6d84cbba308099e1d2d46641350fc75448e4d88ed3372079206e,2023-12,Leicestershire Police,Leicestershire Police,-0.725892,52.663458,On or near Egleton Place,E01035106,Rutland 003F,Violence and sexual offences,Unable to prosecute suspect,
7f74bfa72cd16bb411d5d5f62d4f3902b57191db1703c233d136276ab82cd8cc,2023-12,Leicestershire Police,Leicestershire Police,-0.725892,52.663458,On or near Egleton Place,E01035106,Rutland 003F,Violence and sexual offences,Court result unavailable,
314e4bae48c063b4bfac6301e29f44aa4e8a77ae09068a7eaa31f8ccc0cde50a,2023-12,Leicestershire Police,Leicestershire Police,-0.725892,52.663458,On or near Egleton Place,E01035106,Rutland 003F,Violence and sexual offences,Unable to prosecute suspect,
bc558c583a8a4463712ee17ef2eb8da19dd11d3ad05ee52366adb48f64385998,2023-12,Leicestershire Police,Leicestershire Police,-0.553046,52.629540,On or near The Long Barn Mews,E01013791,Rutland 004A,Criminal damage and arson,Unable to prosecute suspect,
755cf1b3e79ad694e04e8c1f91252bd69c2ded084823ca30c9cdbe85c27e23fa,2023-12,Leicestershire Police,Leicestershire Police,-0.558183,52.627418,On or near Northwick Road,E01013791,Rutland 004A,Other theft,Status update unavailable,
754e464f7a4cda0e68e751f7b0c4540a66c81e252fa1ae82d163f7d3c02afa5f,2023-12,Leicestershire Police,Leicestershire Police,-0.553046,52.629540,On or near The Long Barn Mews,E01013791,Rutland 004A,Violence and sexual offences,Unable to prosecute suspect,
e23ce9ffa376484a7c4a5bb3b036f1a52fa5b8b4c0e1b4dec95a4f0caa364c10,2023-12,Leicestershire Police,Leicestershire Police,-0.596624,52.590560,On or near Wakerley Road,E01013792,Rutland 004B,Violence and sexual offences,Status update unavailable,
0f8a3dd7382e6e7fd1b6de254f717c147383af90629c63c30da51e0a2cc1c4f0,2023-12,Leicestershire Police,Leicestershire Police,-0.560157,52.611852,On or near Park/Open Space,E01013792,Rutland 004B,Violence and sexual offences,Unable to prosecute suspect,
d2922ef379116c25a4e0af4fc5555d533b1b91a07a7e272585f0f5520c810642,2023-12,Leicestershire Police,Leicestershire Police,-0.560157,52.611852,On or near Park/Open Space,E01013792,Rutland 004B,Violence and sexual offences,Unable to prosecute suspect,
,2023-12,Leicestershire Police,Leicestershire Police,-0.618188,52.619286,On or near Deweys Close,E01013797,Rutland 004C,Anti-social behaviour,,
5e1d6b14874c338e339783803a423a52fb6ebfb6606ae70fba835a114e1b1301,2023-12,Leicestershire Police,Leicestershire Police,-0.611529,52.606136,On or near Church Lane,E01013797,Rutland 004C,Other theft,Investigation complete; no suspect identified,
42160656bbe0705c57c2aa09d69803352173ac3e7feae55086c301e6f98f35d3,2023-12,Leicestershire Police,Leicestershire Police,-0.643051,52.636925,On or near Ullswater Avenue,E01013797,Rutland 004C,Violence and sexual offences,Unable to prosecute suspect,
3ba9c9e6e42de10c3b785212691c5a9095886048e5a6f516fc07e959ed21c4c5,2023-12,Leicestershire Police,Leicestershire Police,-0.458832,52.678852,On or near Castle Rise,E01013804,Rutland 004D,Other crime,Unable to prosecute suspect,
1f1741588c18541b09b17e3cbba4d734c96f72f280efaf9682a5a407161e60a7,2023-12,Leicestershire Police,Leicestershire Police,-0.468499,52.686682,On or near Waterside,E01013804,Rutland 004D,Drugs,Local resolution,
98a74b4ba29eb8ac85f80369bae751c6194f3aac39800363288ca0524d9d4802,2023-12,Leicestershire Police,Leicestershire Police,-0.471856,52.684181,On or near Balk Road,E01013804,Rutland 004D,Vehicle crime,Investigation complete; no suspect identified,
00876e03b6eace8d0a5defbc63919ae4e4d7703606ac081c40199c6bb6ddfa84,2023-12,Leicestershire Police,Leicestershire Police,-0.468081,52.681282,On or near Parkfield Road,E01013804,Rutland 004D,Violence and sexual offences,Action to be taken by another organisation,
89dca7675fb8da485bb6ddb3ba21f751fad0c612c481ffe87b67c41ef33401c5,2023-12,Leicestershire Police,Leicestershire Police,-0.468081,52.681282,On or near Parkfield Road,E01013804,Rutland 004D,Violence and sexual offences,Action to be taken by another organisation,
b060664adbfb5628ae7a259db55b4f58db4a6ef170601c7f86e8a71c02c1d4b5,2023-12,Leicestershire Police,Leicestershire Police,-0.471406,52.682655,On or near Coppice Road,E01013805,Rutland 004E,Public order,Unable to prosecute suspect,
2f595676ca9526f53889531dc015ed3f70d38b089bf319429c849aecda8ec7cb,2023-12,Leicestershire Police,Leicestershire Police,-0.520628,52.672482,On or near College Close,E01013805,Rutland 004E,Violence and sexual offences,Investigation complete; no suspect identified,
cfbcf70da3c52aef62d27fc04652fdc116015996a75b76d5043a643dca143263,2023-12,Leicestershire Police,Leicestershire Police,-0.768564,52.650918,On or near Hanbury Gardens,E01013787,Rutland 005A,Criminal damage and arson,Unable to prosecute suspect,
ea41af6182b1fbeaf7509cc9b3065c9388b6330f1ab82dc39013767b1912b0b5,2023-12,Leicestershire Police,Leicestershire Police,-0.770584,52.651101,On or near Cedar Street,E01013787,Rutland 005A,Violence and sexual offences,Unable to prosecute suspect,
63fdf9132a3f7a3c2f398761ad70b6f13ee18e61fa8ac7a4aa609bc7610f9b77,2023-12,Leicestershire Police,Leicestershire Police,-0.763021,52.656147,On or near Oakham Road,E01013787,Rutland 005A,Violence and sexual offences,Investigation complete; no suspect identified,
e45100ab92e57c810e1e90e48bf649e79e402a6849a28ad130ac73b4821a1b65,2023-12,Leicestershire Police,Leicestershire Police,-0.762086,52.641078,On or near Braunston Road,E01013787,Rutland 005A,Violence and sexual offences,Unable to prosecute suspect,
,2023-12,Leicestershire Police,Leicestershire Police,-0.684152,52.558929,On or near Main Street,E01013794,Rutland 005B,Anti-social behaviour,,
5a29e84280cbb3c0bd27600a404949c3549cc9f968a1cc0d158e9cf6e186bef5,2023-12,Leicestershire Police,Leicestershire Police,-0.696744,52.593255,On or near Parking Area,E01013794,Rutland 005B,Violence and sexual offences,Status update unavailable,
27d9c16c39bab850ac5e1c305626c33e543c95979bfa48c7d9f7fbc29d7b3525,2023-12,Leicestershire Police,Leicestershire Police,-0.667224,52.575228,On or near Thompsons Lane,E01013794,Rutland 005B,Violence and sexual offences,Investigation complete; no suspect identified,
ebc1dc37a1020dc23def1051768f59c45c777f5627f97b7d4ebbed2ada879b5e,2023-12,Leicestershire Police,Leicestershire Police,-0.696744,52.593255,On or near Parking Area,E01013794,Rutland 005B,Violence and sexual offences,Status update unavailable,
176b54babfa836330695ef36798850f453fbb38b620fffc482786ebf71c5d197,2023-12,Leicestershire Police,Leicestershire Police,-0.682006,52.618206,On or near Church Street,E01013795,Rutland 005C,Drugs,Investigation complete; no suspect identified,
2f68a836621e45dd77a2f5f6956e110a917f5c28e6b03fcfd20dadb45a9fd7f8,2023-12,Leicestershire Police,Leicestershire Police,-0.639557,52.598055,On or near Willoughby Road,E01013795,Rutland 005C,Vehicle crime,Investigation complete; no suspect identified,
d7bf6a7f02feb4cc8cfe152dc6307d56d7358e2c8ece744e8bacbf38b4ca47a6,2023-12,Leicestershire Police,Leicestershire Police,-0.635581,52.595816,On or near High Street,E01013795,Rutland 005C,Vehicle crime,Investigation complete; no suspect identified,
3c25e5d716cac651808bb031741cbfcb960f5f7c1c91709206f0f1fd98b4478f,2023-12,Leicestershire Police,Leicestershire Police,-0.659539,52.630280,On or near Church Road,E01013795,Rutland 005C,Vehicle crime,Investigation complete; no suspect identified,
bf1bff02436e692e1d59107408030c5fa6284ae894612cf6e715c8d2ab950a33,2023-12,Leicestershire Police,Leicestershire Police,-0.722616,52.589154,On or near Petrol Station,E01013806,Rutland 005D,Other theft,Court result unavailable,
6d38783e3346a1f990dca6e8eac48747c5e05beee035e286b3ce2660e2ecf7e8,2023-12,Leicestershire Police,Leicestershire Police,-0.722524,52.583174,On or near Red Hill,E01013806,Rutland 005D,Criminal damage and arson,Investigation complete; no suspect identified,
a0612a34427f601a2beec20fbde0dde67994522cb87b47a53733b873d75cd09d,2023-12,Leicestershire Police,Leicestershire Police,-0.717745,52.589631,On or near The Quadrant,E01013806,Rutland 005D,Criminal damage and arson,Unable to prosecute suspect,
e8c801a4ddb3e7b7028909f281a74d07e037e52a1216f499a805d29d900bbff6,2023-12,Leicestershire Police,Leicestershire Police,-0.721805,52.588596,On or near Hope'S Yard,E01013806,Rutland 005D,Other theft,Investigation complete; no suspect identified,
ac6ab38f6ac47a3b38d24d08f2e3b3ddb4051b68836e3a0109640a9fec920393,2023-12,Leicestershire Police,Leicestershire Police,-0.722616,52.589154,On or near Petrol Station,E01013806,Rutland 005D,Other theft,Investigation complete; no suspect identified,
2d09f4576a15ba35b08396646730d581bf692437e3456c6bb72345135633aef6,2023-12,Leicestershire Police,Leicestershire Police,-0.722616,52.589154,On or near Petrol Station,E01013806,Rutland 005D,Other theft,Investigation complete; no suspect identified,
639c53de8f8faf86f148fcbc176c67ae82942eafc106e3d9bb37fbf6e7fbbcc6,2023-12,Leicestershire Police,Leicestershire Police,-0.721805,52.588596,On or near Hope'S Yard,E01013806,Rutland 005D,Public order,Unable to prosecute suspect,
f94e93ca01ff5e8fc41e7830e1ddd245a0199bba5de582fc632e64f43a7a8332,2023-12,Leicestershire Police,Leicestershire Police,-0.722616,52.589154,On or near Petrol Station,E01013806,Rutland 005D,Shoplifting,Unable to prosecute suspect,
60a112425526d025ab73d3cf77dc71e02ac1b166561d2e86f1d65614dac368b4,2023-12,Leicestershire Police,Leicestershire Police,-0.722616,52.589154,On or near Petrol Station,E01013806,Rutland 005D,Vehicle crime,Investigation complete; no suspect identified,
a087851bdb6fba9c8f5e6baf68a6a84b0c05d6987ca5bcd47c94f5df810c87cc,2023-12,Leicestershire Police,Leicestershire Police,-0.721805,52.588596,On or near Hope'S Yard,E01013806,Rutland 005D,Violence and sexual offences,Investigation complete; no suspect identified,
efed628eaf6f03d7d7516af30cd07b7def6522aa327c5650eaf5d928264476af,2023-12,Leicestershire Police,Leicestershire Police,-0.724712,52.588142,On or near High Street West,E01013806,Rutland 005D,Violence and sexual offences,Unable to prosecute suspect,
a2c774091393718ef6d420d40a9d27de926f44fdbfe26625fce6ea16f088070b,2023-12,Leicestershire Police,Leicestershire Police,-0.722228,52.593869,On or near Orchard Close,E01013807,Rutland 005E,Bicycle theft,Investigation complete; no suspect identified,
4c283d7acc721fbb79425aea0ea054494e5199372da3f004208b01fc78c48196,2023-12,Leicestershire Police,Leicestershire Police,-0.718632,52.587573,On or near Adderly Street,E01013807,Rutland 005E,Public order,Unable to prosecute suspect,
46ab15dc4b3788a43cadef5f7e09a206185f44ef138d3d8b334d82686f1244b1,2023-12,Leicestershire Police,Leicestershire Police,-0.725158,52.594117,On or near Rutland Close,E01013807,Rutland 005E,Public order,Unable to prosecute suspect,
5390c2422ba03e558264f11ed58fdebccad39a8c737fb1ed9d6a71d098738901,2023-12,Leicestershire Police,Leicestershire Police,-0.719508,52.589435,On or near Gainsborough Road,E01013807,Rutland 005E,Violence and sexual offences,Unable to prosecute suspect,
99cac2a76592795dcdfecae40ea032502b031ea2692fedb0dd4c8da18db19cce,2023-12,Leicestershire Police,Leicestershire Police,-0.720007,52.590537,On or near Wilkes Gardens,E01013807,Rutland 005E,Violence and sexual offences,Unable to prosecute suspect,
54d3d7cba0a2266d566b3086d552c03cd68808bb3767156258a730bac0421b2c,2023-12,Leicestershire Police,Leicestershire Police,-0.725554,52.591667,On or near Samuel Court,E01013808,Rutland 005F,Criminal damage and arson,Local resolution,
ad505ef3ba0df0a80cc00aaf39c6a53acad5d07dd77283d18a471ed4ba2cd994,2023-12,Leicestershire Police,Leicestershire Police,-0.725418,52.590254,On or near Johnson Road,E01013808,Rutland 005F,Criminal damage and arson,Investigation complete; no suspect identified,
d088ddc516e19c67dcff476ddd98d9fad9a7b222b6073888745075b4ad89f078,2023-12,Leicestershire Police,Leicestershire Police,-0.729274,52.591671,On or near Oak Close,E01013808,Rutland 005F,Vehicle crime,Investigation complete; no suspect identified,
12055b6aa868f15a2c72e881b182b22a51e42258781f4691f29d17bdc4aa8ffb,2023-12,Leicestershire Police,Leicestershire Police,-0.728209,52.593286,On or near Siskin Road,E01013808,Rutland 005F,Vehicle crime,Investigation complete; no suspect identified,
1012e0a238575f8fc7f59051dd7afcca230f3aa8e3934abdf9f22a8681ff709f,2023-12,Leicestershire Police,Leicestershire Police,-0.726296,52.592070,On or near Metcalfe Crescent,E01013808,Rutland 005F,Vehicle crime,Investigation complete; no suspect identified,
39526b856f3f0b1efbeb2d50314725dec698442f7c6102a6daecb884b4bd8ba3,2023-12,Leicestershire Police,Leicestershire Police,-0.725554,52.591667,On or near Samuel Court,E01013808,Rutland 005F,Vehicle crime,Investigation complete; no suspect identified,
f10bb4e00fe35e81be7bc3efe5897595d110d31d4a9abdda2384b8cb8adb01e9,2023-12,Leicestershire Police,Leicestershire Police,-0.725418,52.590254,On or near Johnson Road,E01013808,Rutland 005F,Violence and sexual offences,Unable to prosecute suspect,
f084e601ffc725d4bcfaf69583b437e8ea2c6fe5c961c3143643ebab1c3ac2ed,2023-12,Leicestershire Police,Leicestershire Police,-0.727701,52.590934,On or near Belgrave Road,E01013808,Rutland 005F,Violence and sexual offences,Unable to prosecute suspect,
c3bb70e511cf2b2718f5241f09ace07259e94f948eb095d8ea8a8bfee974b9be,2023-12,Leicestershire Police,Leicestershire Police,-0.725554,52.591667,On or near Samuel Court,E01013808,Rutland 005F,Violence and sexual offences,Local resolution,
1012051ce975b681ed13c3ba1332e644c770366663cd3e100c053241772b0841,2023-12,Leicestershire Police,Leicestershire Police,-0.725554,52.591667,On or near Samuel Court,E01013808,Rutland 005F,Violence and sexual offences,Unable to prosecute suspect,
b1c413a82f7054aa79e58ce57276d9ba93d91f1c1fedfe3283fed515a6bd0bbe,2023-12,Leicestershire Police,Leicestershire Police,-2.065303,52.480906,On or near Cox'S Lane,E01010042,Sandwell 035F,Other crime,Unable to prosecute suspect,
6c0a43b086f7e3f07c850714ab40350f8fb77915e502f26744d55a70c37904d0,2023-12,Leicestershire Police,Leicestershire Police,-1.721639,52.449914,On or near Perimeter Road,E01010109,Solihull 009A,Violence and sexual offences,Status update unavailable,
748b4bd0162471041a537022ee84c53ae45b064876edeb880d37a4754ac70e11,2023-12,Leicestershire Police,Leicestershire Police,-1.804307,52.448902,On or near Rock Grove,E01010157,Solihull 010A,Violence and sexual offences,Investigation complete; no suspect identified,
d6cc88794d97f7c26c5bfbf5c325b707c5339c2e9dbe214e3865beced9cb175d,2023-12,Leicestershire Police,Leicestershire Police,-3.048101,51.016232,On or near Coronation Close,E01029275,Somerset West and Taunton 009D,Violence and sexual offences,Unable to prosecute suspect,
719defec76563e751659bc09ea2dfa6b6a208fb9c8e535a2a1b25bf1fc0b5777,2023-12,Leicestershire Police,Leicestershire Police,0.171076,52.124276,On or near Link Road,E01018279,South Cambridgeshire 015A,Violence and sexual offences,Status update unavailable,
436b84996c592d0d28a55002c43e572107b02e4418c57e3f07541d7a8e9a5fbb,2023-12,Leicestershire Police,Leicestershire Police,0.054633,52.207550,On or near Silverdale Close,E01018224,South Cambridgeshire 022F,Violence and sexual offences,Unable to prosecute suspect,
f8c20d4171a079707d075d587b2082c2823b40cf93a19ef79844cb23d3c40393,2023-12,Leicestershire Police,Leicestershire Police,-1.555636,52.862604,On or near Park/Open Space,E01019882,South Derbyshire 003E,Vehicle crime,Investigation complete; no suspect identified,
d890c7e2ec8fd54d9466295597915b00629d0468e8eb6769ac79cb23bd47a80f,2023-12,Leicestershire Police,Leicestershire Police,-1.567217,52.789814,On or near The Bee Hives,E01019857,South Derbyshire 007C,Vehicle crime,Investigation complete; no suspect identified,
62e9c1afdb5e1684a6aa2481b4729ffeb5975b6befbbc0cf373a476d790ad400,2023-12,Leicestershire Police,Leicestershire Police,-1.580818,52.780262,On or near Warren Hill,E01019864,South Derbyshire 008E,Violence and sexual offences,Unable to prosecute suspect,
006725bbe3ebc5e6e35df46250b57a854274bf0557a74d0a76117ad673c0a7a4,2023-12,Leicestershire Police,Leicestershire Police,-1.584848,52.752408,On or near Arthur Street,E01019851,South Derbyshire 011B,Violence and sexual offences,Status update unavailable,
5bcc91e4d6567a7448e045b51548bc565abeba44a08f8a9a91f20198d8a27f1e,2023-12,Leicestershire Police,Leicestershire Police,-1.545287,52.732774,On or near Shortheath Road,E01019872,South Derbyshire 011F,Burglary,Investigation complete; no suspect identified,
638120d280ef80340d026ea0f5c0c214a3c448cf118754e1a768a0da5e8f577d,2023-12,Leicestershire Police,Leicestershire Police,-1.522647,52.766396,On or near Millfield Street,E01019885,South Derbyshire 013C,Other crime,Further action is not in the public interest,
233b22f6797c775ac28611075f381af13419fc83acd214de5457e5c6e202ca53,2023-12,Leicestershire Police,Leicestershire Police,-2.569674,51.504651,On or near The Brimbles,E01014907,South Gloucestershire 018D,Violence and sexual offences,Status update unavailable,
be46732fc82b7283478d5c8154ad12aad3876f405dcdc5e399374aa38475cb7e,2023-12,Leicestershire Police,Leicestershire Police,-0.658374,52.903155,On or near Gannet Court,E01026312,South Kesteven 005E,Violence and sexual offences,Status update unavailable,
,2023-12,Leicestershire Police,Leicestershire Police,-0.756233,52.900650,On or near Sir Gilbert Greenall Court,E01026315,South Kesteven 009A,Anti-social behaviour,,
63871d0b15460f0cc1da59e478fdc738b4051740a9789febee5254b9cfd2627d,2023-12,Leicestershire Police,Leicestershire Police,-0.492972,52.660401,On or near Burghley Road,E01026289,South Kesteven 015C,Other theft,Investigation complete; no suspect identified,
e816e5d8a790c8e0c7227790944b68fe5557b4b6ec3db656225db6888cdb232a,2023-12,Leicestershire Police,Leicestershire Police,-0.074520,51.455809,On or near Bawdale Road,E01003954,Southwark 030B,Violence and sexual offences,Status update unavailable,
18db6dcb884d257b11b2d19c8ad51c5a47b1a5b645b8e63153107dc2797706ff,2023-12,Leicestershire Police,Leicestershire Police,-1.837059,51.548955,On or near Pendennis Road,E01015503,Swindon 022C,Violence and sexual offences,Investigation complete; no suspect identified,
4a01f5402825f1d8293c316e6e79e2340a76fffa7322dcf307c62bf885d3603f,2023-12,Leicestershire Police,Leicestershire Police,-1.660927,52.635910,On or near Tamworth Road (Amington),E01029821,Tamworth 003B,Violence and sexual offences,Action to be taken by another organisation,
45b05943fda64286c7c9a352277c4708d7beaafd46aedbd50480e03f50afff55,2023-12,Leicestershire Police,Leicestershire Police,-2.533338,52.706005,On or near Chestnut Drive,E01014179,Telford and Wrekin 006C,Violence and sexual offences,Unable to prosecute suspect,
732e7cf0825db2ca5cd7cadde745307de6916a4e2f5d960e52b4a3fb185b7cbd,2023-12,Leicestershire Police,Leicestershire Police,-0.427468,51.720478,On or near Hilltop Road,E01023807,Three Rivers 001D,Violence and sexual offences,Action to be taken by another organisation,
47ded523ee4c087cd98fec661084155bbb8a17bbdaa31b6181e29d050c695f39,2023-12,Leicestershire Police,Leicestershire Police,-1.485039,53.697616,On or near St Annes Drive,E01011880,Wakefield 007D,Violence and sexual offences,Action to be taken by another organisation,
fea0ad4d50b440d057b68e13f8534363c4f1a9c59296ccf38032ebf3fd96e428,2023-12,Leicestershire Police,Leicestershire Police,-1.490338,53.685226,On or near Earl Street,E01011913,Wakefield 017C,Violence and sexual offences,Status update unavailable,
0ea0774b68bf6771801c02b5037594d10c2612c06c0aa1c991b485de0e646ebd,2023-12,Leicestershire Police,Leicestershire Police,-1.474227,53.669472,On or near Portland Street,E01011917,Wakefield 030D,Violence and sexual offences,Unable to prosecute suspect,
e66e3b8260c4f47b7701a1fa9398499b3c3091565f307e1743884104b90d9fdc,2023-12,Leicestershire Police,Leicestershire Police,-2.035649,52.571833,On or near Bellman Close,E01010264,Walsall 033C,Violence and sexual offences,Action to be taken by another organisation,
352b1d31ec82f3c223ec1e5604269694a9d172a0509e372263c66e84f296b5a6,2023-12,Leicestershire Police,Leicestershire Police,-1.532366,52.280572,On or near Charlotte Street,E01031266,Warwick 013F,Violence and sexual offences,Investigation complete; no suspect identified,
9c4aace285700211146cb165ed0314532d7c4e04d6263f52fac62b6935cb147e,2023-12,Leicestershire Police,Leicestershire Police,-0.138706,51.499246,On or near Buckingham Gate,E01004736,Westminster 018C,Violence and sexual offences,Unable to prosecute suspect,
0def457522247ecb87ec30ce4561e3c93ca01b2202e08a9d78a38323d95203cc,2023-12,Leicestershire Police,Leicestershire Police,-1.053192,52.421371,On or near Welford Road,E01027026,West Northamptonshire 001B,Violence and sexual offences,Unable to prosecute suspect,
a0410919550b5ce99742252e003541d8ab289d72d62ba438f74809d2a23f550c,2023-12,Leicestershire Police,Leicestershire Police,-1.173384,52.387111,On or near Yelvertoft Road,E01027030,West Northamptonshire 001C,Other theft,Status update unavailable,
83ef024a9f3f70e3bc74553a072fbe71b61710364b30de8f81e351be9e7d4e56,2023-12,Leicestershire Police,Leicestershire Police,-1.136219,52.406201,On or near Park/Open Space,E01027030,West Northamptonshire 001C,Violence and sexual offences,Status update unavailable,
ca3d38089c9b266545bf3a082139866e8b288aa90d1896d7ce60a9a26119ada0,2023-12,Leicestershire Police,Leicestershire Police,-0.894758,52.266518,On or near Bective View,E01027230,West Northamptonshire 015C,Violence and sexual offences,Unable to prosecute suspect,
b35d8f727ce66f3000c3ee1b47decb6615c1adc814e797406b082b074e504920,2023-12,Leicestershire Police,Leicestershire Police,-0.823976,52.255027,On or near Pear Tree Close,E01027138,West Northamptonshire 024B,Violence and sexual offences,Unable to prosecute suspect,
767addc449740758098c3fc9ce149ba4caffec783dda690cff419f87b9b3a1b5,2023-12,Leicestershire Police,Leicestershire Police,,,No Location,,,Bicycle theft,Investigation complete; no suspect identified,
ea82f39388aff8239b6a9889d6fca4d8d4e8431269a12a1a2e22cb5a759cecd4,2023-12,Leicestershire Police,Leicestershire Police,,,No Location,,,Bicycle theft,Investigation complete; no suspect identified,
015278853a805a6a7b3e0caf329cedd0c532288b12ad006eab7368a7b8aa7779,2023-12,Leicestershire Police,Leicestershire Police,,,No Location,,,Burglary,Investigation complete; no suspect identified,
ac19c4281bedc35a7f635672de65e6aeecf4576c79d48a418c4f4eb805cf50b8,2023-12,Leicestershire Police,Leicestershire Police,,,No Location,,,Burglary,Investigation complete; no suspect identified,
4cbc52f42ed4b0cedc2551f2e4b32fd4efb68ee1ea352d008873bef43766ddd5,2023-12,Leicestershire Police,Leicestershire Police,,,No Location,,,Burglary,Investigation complete; no suspect identified,
a1163499ecb57298ee5f5aeffc912d115ac3b68048c38ec90ba74ddbf86db83b,2023-12,Leicestershire Police,Leicestershire Police,,,No Location,,,Burglary,Investigation complete; no suspect identified,
07bdb1d5a0bc6233501a861614c31beda41e705058a875146ca74012ebc9584f,2023-12,Leicestershire Police,Leicestershire Police,,,No Location,,,Burglary,Investigation complete; no suspect identified,
3db7dfb1443e00614bc5e7c30b12e9765cb010c61efea8afd3fca604d9e189bc,2023-12,Leicestershire Police,Leicestershire Police,,,No Location,,,Burglary,Investigation complete; no suspect identified,
d4a9db9d0d22eaa15ad22050beb9fed5d767da6b6e108258216e8db6e85659c0,2023-12,Leicestershire Police,Leicestershire Police,,,No Location,,,Burglary,Investigation complete; no suspect identified,
2e68b387e253040e596cd3f08742b70bca049636ac40459786427edb66f10283,2023-12,Leicestershire Police,Leicestershire Police,,,No Location,,,Burglary,Investigation complete; no suspect identified,
cc5b2a13e5aef9d16a245ef116b06c40e7e3455e5e36b633f17a78bad495b8dc,2023-12,Leicestershire Police,Leicestershire Police,,,No Location,,,Burglary,Investigation complete; no suspect identified,
55067f1d4b7cbdfd64681fa0a369d552615b74cd54c42dca6bb718f6565db1bf,2023-12,Leicestershire Police,Leicestershire Police,,,No Location,,,Burglary,Investigation complete; no suspect identified,
0c7eadaea0a613a37c647e0ef4bc93a8cacfdb64cc150b2c275625a78550a99b,2023-12,Leicestershire Police,Leicestershire Police,,,No Location,,,Burglary,Investigation complete; no suspect identified,
cbe33ef66a4e6a2933ea88a921e20ee9f8abd37431e28bcb327e6f287fccef49,2023-12,Leicestershire Police,Leicestershire Police,,,No Location,,,Burglary,Investigation complete; no suspect identified,
5e77f593cfd30195516d5d58c70893ef4c93c26ae6062ba962ecebc5ff963ab8,2023-12,Leicestershire Police,Leicestershire Police,,,No Location,,,Burglary,Unable to prosecute suspect,
f5ae69e1c71280621d514c04e48154ef0477a01bbfcaeadf6f4398133e5e8bbd,2023-12,Leicestershire Police,Leicestershire Police,,,No Location,,,Burglary,Investigation complete; no suspect identified,
64e998a742b73a55b33e9f4ed85846a32e1ce26c819799d08d59e14b29cca2b4,2023-12,Leicestershire Police,Leicestershire Police,,,No Location,,,Burglary,Investigation complete; no suspect identified,
7c5e0967c9f95ff75ea9e97315321f11758b3dd30b5dd3d18d14700330a7cf3c,2023-12,Leicestershire Police,Leicestershire Police,,,No Location,,,Burglary,Court result unavailable,
f3e37518a796abea39ccf103d0424697a5f04ac90a98648dd2a095afd6159fd0,2023-12,Leicestershire Police,Leicestershire Police,,,No Location,,,Burglary,Unable to prosecute suspect,
816ebc0a8fcf64e3a20641a0c93c1afa9cacca7d1b5f4272837e3170c586f18c,2023-12,Leicestershire Police,Leicestershire Police,,,No Location,,,Burglary,Investigation complete; no suspect identified,
88994d646b1f8e51da681ba8f6f2a53cda309811e2cae1284df51bf8d80e85b4,2023-12,Leicestershire Police,Leicestershire Police,,,No Location,,,Burglary,Investigation complete; no suspect identified,
e4ccc2451c125b1c8fb452586147df736257bac2a76c398a03fe133731929146,2023-12,Leicestershire Police,Leicestershire Police,,,No Location,,,Burglary,Investigation complete; no suspect identified,
07f8c977e4d1db6167b3889b4ed6ba48d537a020e160c145faaaed4548c3cdd9,2023-12,Leicestershire Police,Leicestershire Police,,,No Location,,,Criminal damage and arson,Court result unavailable,
bf0ef8b952511584f74968e1682c53b3e784d2739bbfe4054e1e6b19d6ed78d1,2023-12,Leicestershire Police,Leicestershire Police,,,No Location,,,Criminal damage and arson,Unable to prosecute suspect,
08aa3eb0c3670f8b699280d82785da6bdcd0a3ec22910827981a968eda198001,2023-12,Leicestershire Police,Leicestershire Police,,,No Location,,,Criminal damage and arson,Court result unavailable,
48d7328f5bb6b387fdbf79a55f47fec723a3314eb222166a353719a4e2674e22,2023-12,Leicestershire Police,Leicestershire Police,,,No Location,,,Criminal damage and arson,Unable to prosecute suspect,
ba7c7e87b1bb60a324618280b16a2feb324502f11bd1ae841f873cd5d03af4ef,2023-12,Leicestershire Police,Leicestershire Police,,,No Location,,,Criminal damage and arson,Investigation complete; no suspect identified,
c68e70d39ef316706acf58f46b3b30c3b599cffdd487b18a040506235ad1770a,2023-12,Leicestershire Police,Leicestershire Police,,,No Location,,,Criminal damage and arson,Local resolution,
6e2a208dc15d37549645d628139886d1962485f63b905b173afc3852b359e1d5,2023-12,Leicestershire Police,Leicestershire Police,,,No Location,,,Criminal damage and arson,Investigation complete; no suspect identified,
0c28cc20a20424439dfe94bb85eb2dd46fa413c92399e4c81eaede224a01bee9,2023-12,Leicestershire Police,Leicestershire Police,,,No Location,,,Criminal damage and arson,Investigation complete; no suspect identified,
fd5b92b2b99407d351c385c685a76e9ec8a65fadbd0e524f664e370544b888a9,2023-12,Leicestershire Police,Leicestershire Police,,,No Location,,,Criminal damage and arson,Investigation complete; no suspect identified,
2cc0f63ab2a775d7e5009e6ff09f1eba1ac8ec92e60f22c6470a58d017fc3dcd,2023-12,Leicestershire Police,Leicestershire Police,,,No Location,,,Criminal damage and arson,Investigation complete; no suspect identified,
6e676e50f948f679ccc8eeace161e991d163d1251663251d26bec1fe13638b76,2023-12,Leicestershire Police,Leicestershire Police,,,No Location,,,Criminal damage and arson,Investigation complete; no suspect identified,
c1817eac0646e8700ff864f2da42fa69bf73ab946ebec66090b34a720c08389b,2023-12,Leicestershire Police,Leicestershire Police,,,No Location,,,Criminal damage and arson,Investigation complete; no suspect identified,
a0e0ef9d1f0992f486f8f16cb4076185fb8a7f35622f4e23ac4da88ada5c9583,2023-12,Leicestershire Police,Leicestershire Police,,,No Location,,,Criminal damage and arson,Investigation complete; no suspect identified,
3c117b1dc381a52bdc6c98c0cf79d3e7f082115698966d72c5a07ff6ecd0ae8e,2023-12,Leicestershire Police,Leicestershire Police,,,No Location,,,Criminal damage and arson,Formal action is not in the public interest,
cc34b8e1879cb4a224305a9ad5830aa530b3405c9ebe02630e9d683f482dd6d0,2023-12,Leicestershire Police,Leicestershire Police,,,No Location,,,Criminal damage and arson,Local resolution,
d30c904974cf90422fdfad65e9e736b6113cb4940792de0839742ee0de17d875,2023-12,Leicestershire Police,Leicestershire Police,,,No Location,,,Criminal damage and arson,Unable to prosecute suspect,
170d4698f40317be0a45568f95f7e8f93ba77516901ef618bd019873ac4f21e6,2023-12,Leicestershire Police,Leicestershire Police,,,No Location,,,Criminal damage and arson,Unable to prosecute suspect,
12cb4903da8498256d7f1cf674a6322e18195a77f62541f7acc557a03c9945e6,2023-12,Leicestershire Police,Leicestershire Police,,,No Location,,,Criminal damage and arson,Unable to prosecute suspect,
c7eb8f58f3652164de08471adb350b1c2cb76800723018f771b50a40197adfd2,2023-12,Leicestershire Police,Leicestershire Police,,,No Location,,,Criminal damage and arson,Court result unavailable,
bf06dec0c6e6cfeda2b651c7c8b5f7d1f0388c03e33b7645824626beec21b5ca,2023-12,Leicestershire Police,Leicestershire Police,,,No Location,,,Criminal damage and arson,Investigation complete; no suspect identified,
57aae51cb6f36647d14ba263432c530b1d6d293e823144d169e82079b8d21b7c,2023-12,Leicestershire Police,Leicestershire Police,,,No Location,,,Criminal damage and arson,Unable to prosecute suspect,
ca316b49fa5175a37d42052a47fa594a01bb27eb2643ee6e14d7bf42e7f72fbe,2023-12,Leicestershire Police,Leicestershire Police,,,No Location,,,Criminal damage and arson,Unable to prosecute suspect,
b8bb1831e7134b1b55bbe85d72871f9151258a292bd841ffde6579e548b8c879,2023-12,Leicestershire Police,Leicestershire Police,,,No Location,,,Criminal damage and arson,Local resolution,
9bc128dcbec6e59738d2458937aa8c1654ad9473ca3cb43b21b2a8af085a2ce2,2023-12,Leicestershire Police,Leicestershire Police,,,No Location,,,Criminal damage and arson,Unable to prosecute suspect,
288f8e9c9a354c8fe8963edf6fbd22fb43360c5d4b9f2fdce5a7ed7f73b69d43,2023-12,Leicestershire Police,Leicestershire Police,,,No Location,,,Criminal damage and arson,Unable to prosecute suspect,
6e32f8d7a1993025453da3a457f52aafbacd7d23f9309ad4684dee8dca9a00d3,2023-12,Leicestershire Police,Leicestershire Police,,,No Location,,,Criminal damage and arson,Local resolution,
a6f03d26f9a67af6b6d422c71ebc022daa0a1674a3ff81bc4a5b12e6b4ae94f4,2023-12,Leicestershire Police,Leicestershire Police,,,No Location,,,Drugs,Court result unavailable,
2697d767daceeb9ffcae5cae27981b82c57cf0bacce0d913a72f007c80802de7,2023-12,Leicestershire Police,Leicestershire Police,,,No Location,,,Drugs,Local resolution,
e816ef9b036f0ed87451ad4a79231ac59e58d6b878b43a92386b6f871ab5ef73,2023-12,Leicestershire Police,Leicestershire Police,,,No Location,,,Drugs,Further investigation is not in the public interest,
85e1d8733cf3e3cfb0b89a52bd82f7689611f6e06f02bf58e6bd16e071cbf751,2023-12,Leicestershire Police,Leicestershire Police,,,No Location,,,Drugs,Local resolution,
c7d651e71254e21d232af855f6390c0caad17475f5b2f61c2c7101e1b0c0d7f0,2023-12,Leicestershire Police,Leicestershire Police,,,No Location,,,Drugs,Investigation complete; no suspect identified,
1e9eabc9fc9fbbe51d0e386d078eeef0c00183c678701f2ffe9360a9492f0ca8,2023-12,Leicestershire Police,Leicestershire Police,,,No Location,,,Drugs,Local resolution,
d9b253b90a88ec01674b17d54116ab0b1dc6a391d6845b18f4dc148a737c66db,2023-12,Leicestershire Police,Leicestershire Police,,,No Location,,,Drugs,Local resolution,
2aa809ce7f19592577629876e6c634dc17d5bcc59aa6e05f246688ed832ef2d6,2023-12,Leicestershire Police,Leicestershire Police,,,No Location,,,Drugs,Local resolution,
5cf0c004a5be4a7419aa0bed5579b0b1a3759697190d77684cc3f4808fc5266e,2023-12,Leicestershire Police,Leicestershire Police,,,No Location,,,Drugs,Investigation complete; no suspect identified,
518b41358627552162f21305d75046feeb0fefb1075547c9599ec31d2bf5ff4c,2023-12,Leicestershire Police,Leicestershire Police,,,No Location,,,Drugs,Local resolution,
e6adcc99572fcc33df464a60084b6f47b5f84d0cf1e6e94f38e049abba226ddb,2023-12,Leicestershire Police,Leicestershire Police,,,No Location,,,Drugs,Local resolution,
9eb7191da931cbb37ab5582d05b952d66222028d008159761a2bbea30cea94ca,2023-12,Leicestershire Police,Leicestershire Police,,,No Location,,,Drugs,Local resolution,
01a2f6d5ed2908a444946a2c92d24df7c65c55a7f3d4914b2fc3db08dd44b942,2023-12,Leicestershire Police,Leicestershire Police,,,No Location,,,Drugs,Unable to prosecute suspect,
bf8d5ef384a9b47e4f6536093eadf177ed7942ba956d2ceea91ce825f2e69bb0,2023-12,Leicestershire Police,Leicestershire Police,,,No Location,,,Drugs,Court result unavailable,
d0716184f6ce75c4be8dfb7641cfbf04d6cf26b194d8e1d2693f12f6d0efc09d,2023-12,Leicestershire Police,Leicestershire Police,,,No Location,,,Drugs,Formal action is not in the public interest,
e518954964e1ca51ee4141f504ebe3645ed848a0006e24b1ff81311f2468af4f,2023-12,Leicestershire Police,Leicestershire Police,,,No Location,,,Drugs,Offender given a caution,
ec6bc6db698634ee645e8ec5336998083516022f51d4fd168f4fe3918624a88e,2023-12,Leicestershire Police,Leicestershire Police,,,No Location,,,Drugs,Local resolution,
b80e6d1b628e92a54b61acc189734904a42dc4f3ddf3eca895f53d55eb8bc7a3,2023-12,Leicestershire Police,Leicestershire Police,,,No Location,,,Other theft,Unable to prosecute suspect,
8ecaa24ae59e6dfc6ae246c9682b7d77992d2f5874cf34d39b2dde4447cb9f23,2023-12,Leicestershire Police,Leicestershire Police,,,No Location,,,Other theft,Investigation complete; no suspect identified,
514963212f461c4301c391dd218a8bf0c2e4d97f7537dc0b4d62ab27f64b546d,2023-12,Leicestershire Police,Leicestershire Police,,,No Location,,,Other theft,Investigation complete; no suspect identified,
b132e8a21400ab14ff3dd49def70163ebb1e934eab12754ac3115262021c38fb,2023-12,Leicestershire Police,Leicestershire Police,,,No Location,,,Other theft,Investigation complete; no suspect identified,
acd48c82724d17e9cd8a0be85c90c90ee737516c053715c47a35edf3be416ade,2023-12,Leicestershire Police,Leicestershire Police,,,No Location,,,Other theft,Unable to prosecute suspect,
7e8b01c7e45b5595a0ae03ac6d56a16e26e95d027e4bf577cfe544e77f6b77a8,2023-12,Leicestershire Police,Leicestershire Police,,,No Location,,,Other theft,Investigation complete; no suspect identified,
516cf68ec098f9fa4520e67684e41d5582d6a87b02faf1e92b2f2b2a256c01db,2023-12,Leicestershire Police,Leicestershire Police,,,No Location,,,Other theft,Investigation complete; no suspect identified,
88450e56bd8cc2e295f74574bbea711bffe9d74b3236b720d7c647d46e14dbc9,2023-12,Leicestershire Police,Leicestershire Police,,,No Location,,,Other theft,Investigation complete; no suspect identified,
10359972bacfff107c167a72c5ae329d65362a1700e243b3041f77a0a6c1a90e,2023-12,Leicestershire Police,Leicestershire Police,,,No Location,,,Other theft,Unable to prosecute suspect,
951ac18a4202372afc4a0915c0dffe3560c2c93e24d4a7d4443092189ae20f03,2023-12,Leicestershire Police,Leicestershire Police,,,No Location,,,Other theft,Investigation complete; no suspect identified,
385678597ae2e57f515af47a12f9e29bf263d1e70285ff912f90afeb99c8e62e,2023-12,Leicestershire Police,Leicestershire Police,,,No Location,,,Other theft,Investigation complete; no suspect identified,
92e1509473ec3fcdce765c6a4611eddef910395d0973e370f1e15f648f96ec58,2023-12,Leicestershire Police,Leicestershire Police,,,No Location,,,Other theft,Investigation complete; no suspect identified,
570ebe2dcadcae75e0d3d190b6542de6e45d993e7ab305a470619eb31a391e31,2023-12,Leicestershire Police,Leicestershire Police,,,No Location,,,Other theft,Investigation complete; no suspect identified,
b0463d5d2e75d060d181b2864464d398b7ed71912eb14500f99c0dc60cac85a4,2023-12,Leicestershire Police,Leicestershire Police,,,No Location,,,Possession of weapons,Offender given a caution,
146a54aa5f0711a1991480f375140c8981c15df6b988741586b2309e0be47ec4,2023-12,Leicestershire Police,Leicestershire Police,,,No Location,,,Possession of weapons,Court result unavailable,
f6d05f93e3f7e1ed0b4fc50b28c7a7ec5b0bef561f580b8dd48ba989463741bf,2023-12,Leicestershire Police,Leicestershire Police,,,No Location,,,Possession of weapons,Investigation complete; no suspect identified,
8da918af2a2916f31ea8f9c23e003be7acd3b015f68de49b9dd2dade797180a7,2023-12,Leicestershire Police,Leicestershire Police,,,No Location,,,Possession of weapons,Further action is not in the public interest,
870ac0ad1613c892274b71d6bd246fe61ca0562608cdd6cc15221a80dce3374a,2023-12,Leicestershire Police,Leicestershire Police,,,No Location,,,Possession of weapons,Court result unavailable,
318079f4e2dc50756c248e7e3c602bf09b7ae5e05a9d320337906fcc345113f0,2023-12,Leicestershire Police,Leicestershire Police,,,No Location,,,Public order,Unable to prosecute suspect,
82a724ca0bfeccb9bb402d90a2568749e75fb7f8f4aa72459eef4043ba16bf5b,2023-12,Leicestershire Police,Leicestershire Police,,,No Location,,,Public order,Unable to prosecute suspect,
fbee945aaa476fda6f3e88a96d1e657c72ff83a5d3b5ab6dd5566fbc78664388,2023-12,Leicestershire Police,Leicestershire Police,,,No Location,,,Public order,Investigation complete; no suspect identified,
b9435b6067fa59610540b0741dc9a41e9674c6d5dd54afff992b7069b3766d2e,2023-12,Leicestershire Police,Leicestershire Police,,,No Location,,,Public order,Court result unavailable,
325ebd90d9822ac7146094a3ba600088e95f85603d20fbbc45ef4887db4fdc98,2023-12,Leicestershire Police,Leicestershire Police,,,No Location,,,Public order,Court result unavailable,
b018ee47318141fe2e8e5a8322e281624ad4fff882fa2749789bedb317755be6,2023-12,Leicestershire Police,Leicestershire Police,,,No Location,,,Public order,Unable to prosecute suspect,
fc6e259a11d28089e6638a871284ba12f3f64f9da8edefee7b0399c782201d59,2023-12,Leicestershire Police,Leicestershire Police,,,No Location,,,Public order,Unable to prosecute suspect,
17c11196dfff64417455702e0b0f08da194dbeace5fc8dbed15207cf773821f7,2023-12,Leicestershire Police,Leicestershire Police,,,No Location,,,Public order,Investigation complete; no suspect identified,
cd1eaf4f3235a1979790ed27841a94adb1c869097516447fb013e285112396ba,2023-12,Leicestershire Police,Leicestershire Police,,,No Location,,,Public order,Formal action is not in the public interest,
47f27c6efc992978c4f32f83881ec3009d8ee254538cdc144fbf39fd4afe23ec,2023-12,Leicestershire Police,Leicestershire Police,,,No Location,,,Public order,Unable to prosecute suspect,
9ab5cbd0701b53ac58dbdf8eda061a0f7a8cfdecce5d3d06e78920f9d33004a1,2023-12,Leicestershire Police,Leicestershire Police,,,No Location,,,Public order,Investigation complete; no suspect identified,
47a09814b0adbfe7ad156f6f2daf693f2cc6b352aa66f102c8c3c0410bb679a0,2023-12,Leicestershire Police,Leicestershire Police,,,No Location,,,Public order,Unable to prosecute suspect,
de5fdf324b1ec4ae163189d73fb71b74ee8db1cd60893dff903780b5ed05b5ef,2023-12,Leicestershire Police,Leicestershire Police,,,No Location,,,Public order,Unable to prosecute suspect,
a94a51d70b129bb87eac93bd6eabcd05a05ed1b2f14b334436a553da2a2bc2f3,2023-12,Leicestershire Police,Leicestershire Police,,,No Location,,,Public order,Unable to prosecute suspect,
e3cd91df048c4c7cd4efcb4477f8834eeb03ecb0a851b41f302b78eb263b357d,2023-12,Leicestershire Police,Leicestershire Police,,,No Location,,,Public order,Unable to prosecute suspect,
7ef2515fd903b6c3f4810bfb2eec765fab6cfd1403541bd842c57c4ebd04d67d,2023-12,Leicestershire Police,Leicestershire Police,,,No Location,,,Public order,Further action is not in the public interest,
3c7eac95ce40ab6ebbdf92ec1693fb3584be928b6af52f3ec814006191f09c44,2023-12,Leicestershire Police,Leicestershire Police,,,No Location,,,Public order,Investigation complete; no suspect identified,
642901d163f5ff3b6c7819e47f107a102adf15aa5b08a68121021b4f46757ed7,2023-12,Leicestershire Police,Leicestershire Police,,,No Location,,,Public order,Local resolution,
aca5b2b400502e2196c04b244b8ffb8104e34172a0c142aa3cf25e2ed9e3aa9a,2023-12,Leicestershire Police,Leicestershire Police,,,No Location,,,Public order,Investigation complete; no suspect identified,
66e75f4d8b76fafcd095fe27f6e70e0f6dc6aaacee1052623f9e5ae0f8b0fca3,2023-12,Leicestershire Police,Leicestershire Police,,,No Location,,,Public order,Unable to prosecute suspect,
90381e496eb83ba3cae0bf9dd3b181f8561f596ad70c5d2597f6f5525dceba68,2023-12,Leicestershire Police,Leicestershire Police,,,No Location,,,Public order,Court result unavailable,
5d7e4723da70747763dda69c21c2624126bc0602f7cc361221d73ec40f0f14f3,2023-12,Leicestershire Police,Leicestershire Police,,,No Location,,,Public order,Unable to prosecute suspect,
aee5e35ab4b83dff58ef4ee987db17327d98791784f5ad96f7ec43135e3b0684,2023-12,Leicestershire Police,Leicestershire Police,,,No Location,,,Public order,Local resolution,
dde9710621b7469c4585b72cdeebd7c2da257d0b9bcc8acd0e78d73826e3c99e,2023-12,Leicestershire Police,Leicestershire Police,,,No Location,,,Public order,Unable to prosecute suspect,
20694f32a7f244f124ac42193f6650961d53129fd9258910f35ee6212156a48c,2023-12,Leicestershire Police,Leicestershire Police,,,No Location,,,Robbery,Investigation complete; no suspect identified,
96e073c06ad698a365f974a3aaa31c3ffe8ea22d3c8adcdaff907638f882d7ba,2023-12,Leicestershire Police,Leicestershire Police,,,No Location,,,Robbery,Investigation complete; no suspect identified,
b9e40ea1359a673caa30e42a08db15d3ce3667b96be7d0854b1591a97f093142,2023-12,Leicestershire Police,Leicestershire Police,,,No Location,,,Shoplifting,Investigation complete; no suspect identified,
d199bbc05f9bffb8713841b112c6375264287d3a792f9059b8227064f23be76e,2023-12,Leicestershire Police,Leicestershire Police,,,No Location,,,Shoplifting,Court result unavailable,
4ddd015e37b131805724ff4d0c12269420c61e1a2284434a4b86f8d42e38b989,2023-12,Leicestershire Police,Leicestershire Police,,,No Location,,,Shoplifting,Further investigation is not in the public interest,
4fd4fc1ac1f39c5d86a3c4dc06ce383cf80a10930559890cd141b18569c79e91,2023-12,Leicestershire Police,Leicestershire Police,,,No Location,,,Shoplifting,Investigation complete; no suspect identified,
a0dfb8bcdf0106edbf26d240c5b3cd1d3a59b0fe09c865769821fb5dc2e22cee,2023-12,Leicestershire Police,Leicestershire Police,,,No Location,,,Shoplifting,Further investigation is not in the public interest,
bacf139f7d3ce63f373f9caf5f77758aa863f63de81dec9c8a36cba03f5662eb,2023-12,Leicestershire Police,Leicestershire Police,,,No Location,,,Shoplifting,Status update unavailable,
78c29331cadf492aab70e2f9ae09968fd608160a8d3c6ff68bc52c6d17f63f9c,2023-12,Leicestershire Police,Leicestershire Police,,,No Location,,,Shoplifting,Status update unavailable,
33252b0ec8d8fc9f55ecb4dc54341c7f522df5180fa51e3d8e3afb52e8ffca3d,2023-12,Leicestershire Police,Leicestershire Police,,,No Location,,,Shoplifting,Court result unavailable,
bdcd15bf4f3ff270c5aa181119212eee8bb48af6aaf9bdf627f17df5c2b3f662,2023-12,Leicestershire Police,Leicestershire Police,,,No Location,,,Shoplifting,Investigation complete; no suspect identified,
51ac54ac58f6e7466c07705bbca5fa20d8ca352a892d5fe5342af8c0a8e61e81,2023-12,Leicestershire Police,Leicestershire Police,,,No Location,,,Shoplifting,Court result unavailable,
8363cd712c6ad88c31e3b045fd50a89614caf4a50d237a4a2381dafbd89fddb8,2023-12,Leicestershire Police,Leicestershire Police,,,No Location,,,Shoplifting,Court result unavailable,
8d11bbfdd3507c06a878e0ef17af72171a529e3ec3348b398840a5089c8c4081,2023-12,Leicestershire Police,Leicestershire Police,,,No Location,,,Shoplifting,Court result unavailable,
2994ea06f3947c0595314f9c14304ece76066e35a0293b088dc4664dade66f26,2023-12,Leicestershire Police,Leicestershire Police,,,No Location,,,Shoplifting,Court result unavailable,
1b5f1f1a2b806509ee10825b1260c5fba34695a3ccaffbaedfabfd7ac9aa810c,2023-12,Leicestershire Police,Leicestershire Police,,,No Location,,,Shoplifting,Investigation complete; no suspect identified,
cba19a09529218a34d8f6483be659f6d7155d4be6715ef6d5560f352b3acabbd,2023-12,Leicestershire Police,Leicestershire Police,,,No Location,,,Shoplifting,Local resolution,
88929dceab5261a981d65f604531f10a747a878a5a32568b624d5fd9b1abd6fb,2023-12,Leicestershire Police,Leicestershire Police,,,No Location,,,Shoplifting,Court result unavailable,
2066769542fe7cd572fee0ec60770f2d12d3f839623b67b793c1eceac768ad6e,2023-12,Leicestershire Police,Leicestershire Police,,,No Location,,,Shoplifting,Court result unavailable,
0ad2c9e8668c3b4e90c4c744abd5bc5b39e26e5d11a96815d38a29bc401adccb,2023-12,Leicestershire Police,Leicestershire Police,,,No Location,,,Shoplifting,Court result unavailable,
303134c26f0466fb6b70ba4a467885c0c73a002b20698f3d8e35b94eb420d731,2023-12,Leicestershire Police,Leicestershire Police,,,No Location,,,Shoplifting,Further investigation is not in the public interest,
94e6c5f910c64935313131835f716325d40a8a65a38e02f7ce0e4058f7e292b4,2023-12,Leicestershire Police,Leicestershire Police,,,No Location,,,Shoplifting,Court result unavailable,
e245984cf727611daeb1e256d85ad1391f22c391b2301a46242b0930499d2cf2,2023-12,Leicestershire Police,Leicestershire Police,,,No Location,,,Shoplifting,Investigation complete; no suspect identified,
ba8cb3831d8fcf5c14bb72e3be42703bcafea4501f97ccaf68f5203fb334e985,2023-12,Leicestershire Police,Leicestershire Police,,,No Location,,,Shoplifting,Unable to prosecute suspect,
8f9fdfca6fe874cd8cf4797289dfd7b7c9964f28219c651f7ca27198ac046238,2023-12,Leicestershire Police,Leicestershire Police,,,No Location,,,Shoplifting,Court result unavailable,
cf712f30ca93df8525d0d3ade853d74f914e6ab6068a9dc995322ab720a81b4b,2023-12,Leicestershire Police,Leicestershire Police,,,No Location,,,Theft from the person,Investigation complete; no suspect identified,
c16211fa3c4d1294d3836137dc61cd5ca6633c7f77c19fd3622404094e552b0e,2023-12,Leicestershire Police,Leicestershire Police,,,No Location,,,Theft from the person,Investigation complete; no suspect identified,
df32bbe6c3989bf3c9386a54e584dab455ad00ad54a4df6efc5ed5407607f230,2023-12,Leicestershire Police,Leicestershire Police,,,No Location,,,Theft from the person,Unable to prosecute suspect,
5f1f3730e4b6314e7049c6f888fb6e60690668f93bbfb62be707fe7c4da213c6,2023-12,Leicestershire Police,Leicestershire Police,,,No Location,,,Theft from the person,Investigation complete; no suspect identified,
2e102d3b138872134c2c880112df5581a0e28439d61e00369a588defdc200abb,2023-12,Leicestershire Police,Leicestershire Police,,,No Location,,,Vehicle crime,Investigation complete; no suspect identified,
563ecf63c41e17f544bb3653aa8f33f9a05ca9f1eccaad13291c43e8849bf8b5,2023-12,Leicestershire Police,Leicestershire Police,,,No Location,,,Vehicle crime,Investigation complete; no suspect identified,
3f4507cef701739cd2e376feb397437ac03493b7c0d36c9dc263adc8e49f8d21,2023-12,Leicestershire Police,Leicestershire Police,,,No Location,,,Vehicle crime,Investigation complete; no suspect identified,
b51ef39baa021d905287d4a156f03b2f44b0996bbf988b8be022c9e03a26998b,2023-12,Leicestershire Police,Leicestershire Police,,,No Location,,,Vehicle crime,Investigation complete; no suspect identified,
97fb9aa77f52b967829ade8cd891dc85e1535a484460529ba56aa657a0a784f2,2023-12,Leicestershire Police,Leicestershire Police,,,No Location,,,Vehicle crime,Investigation complete; no suspect identified,
e59bd2276161041ffe626b59b2d40a13c10e7fc70028213315cb6f431a9c96c5,2023-12,Leicestershire Police,Leicestershire Police,,,No Location,,,Vehicle crime,Further investigation is not in the public interest,
dd866447b6a4552e0f2244403834f58206ab39e509800128cb7a1c71e6356aa8,2023-12,Leicestershire Police,Leicestershire Police,,,No Location,,,Vehicle crime,Investigation complete; no suspect identified,
0e1cd578829b369f96c5632adc586f8f7992226918a63db9c1e4bc9160b14b7b,2023-12,Leicestershire Police,Leicestershire Police,,,No Location,,,Vehicle crime,Investigation complete; no suspect identified,
2cc8a70af33a385525a625ef8fe9720778ef59460d7c056f7865496183e7714b,2023-12,Leicestershire Police,Leicestershire Police,,,No Location,,,Vehicle crime,Investigation complete; no suspect identified,
9db4d1ecfa41d4d3f89aa8c7bff43b7e13a9feedf83a63562ac8f9c78fdaf57e,2023-12,Leicestershire Police,Leicestershire Police,,,No Location,,,Vehicle crime,Investigation complete; no suspect identified,
4dfbd9308e2ad0d4435b7ac13dd5cafc24ed12669b878caecac0b52de2d3301f,2023-12,Leicestershire Police,Leicestershire Police,,,No Location,,,Vehicle crime,Investigation complete; no suspect identified,
2b6bb50ac0f9f84fee897d2dc71473ff3f97c464abf13146145b33f4952b6be0,2023-12,Leicestershire Police,Leicestershire Police,,,No Location,,,Vehicle crime,Investigation complete; no suspect identified,
62334233abaf4b5f5f45bd4c40677ff73d70b70ad598fa053e9afb3176b4c3e8,2023-12,Leicestershire Police,Leicestershire Police,,,No Location,,,Vehicle crime,Investigation complete; no suspect identified,
7ef7f9c0b255f8a385c107f865a08a8e6373b65ef95e72a489f5f6a0ac97004e,2023-12,Leicestershire Police,Leicestershire Police,,,No Location,,,Violence and sexual offences,Unable to prosecute suspect,
c212ea135095b22ed2c4ed5374e3189c4653e9891c9b3272058a1d0e21ce5508,2023-12,Leicestershire Police,Leicestershire Police,,,No Location,,,Violence and sexual offences,Unable to prosecute suspect,
220ae3686a059d95f28316c543e5a12cf680ca10e926107282e1cb210db61092,2023-12,Leicestershire Police,Leicestershire Police,,,No Location,,,Violence and sexual offences,Unable to prosecute suspect,
be9724528ea1c1dd4992f83ae936392733e48e9b4d30044e3aa0e6f1fad8fca4,2023-12,Leicestershire Police,Leicestershire Police,,,No Location,,,Violence and sexual offences,Unable to prosecute suspect,
656a53f559ba4f9f0a1c3d028c531b62ea2203253c6822780f98d16c20fbb0e2,2023-12,Leicestershire Police,Leicestershire Police,,,No Location,,,Violence and sexual offences,Investigation complete; no suspect identified,
e779cb4f8b9d7990088c9aabb1ff5c0d6bb62030d9efad379c7a0ed19bce8257,2023-12,Leicestershire Police,Leicestershire Police,,,No Location,,,Violence and sexual offences,Court result unavailable,
0e286bbf6bd37605e4ee0b53491d08dac13e90da1d8bfe201bc9a9bbadb2fad2,2023-12,Leicestershire Police,Leicestershire Police,,,No Location,,,Violence and sexual offences,Unable to prosecute suspect,
6275fdf8ebf4bf4c870aba59fc07e5fcfa0921d3bf730b25aef7983a8cb109f7,2023-12,Leicestershire Police,Leicestershire Police,,,No Location,,,Violence and sexual offences,Unable to prosecute suspect,
e868f0a9d55b86429c97c9b82550e46bd964c67440726bc9a51be3f52d208ae3,2023-12,Leicestershire Police,Leicestershire Police,,,No Location,,,Violence and sexual offences,Local resolution,
145965c896c98da42e54554d5ab513849295ce71895a303eb787ae0cca8fa25f,2023-12,Leicestershire Police,Leicestershire Police,,,No Location,,,Violence and sexual offences,Unable to prosecute suspect,
9e507957bc99e5a1e864517c37b20f7c33eb570f8150efde27a9325ac52be442,2023-12,Leicestershire Police,Leicestershire Police,,,No Location,,,Violence and sexual offences,Unable to prosecute suspect,
ef1a9335f6badffeeca88adb5f5a62b0922b0a257f5369c1e8afa4c8436702d5,2023-12,Leicestershire Police,Leicestershire Police,,,No Location,,,Violence and sexual offences,Investigation complete; no suspect identified,
c1115372be1914acb8981751455955832489ea1e35ac0d5a3bc0079daf115807,2023-12,Leicestershire Police,Leicestershire Police,,,No Location,,,Violence and sexual offences,Local resolution,
ab3fa0263a04eca2ba1402b3029e425f4bfb5e21d3959e77eadef5f5d11dc125,2023-12,Leicestershire Police,Leicestershire Police,,,No Location,,,Violence and sexual offences,Investigation complete; no suspect identified,
983371e31610a9f605c6aa07db670db11d75d6d2eda4b142da884873d5bdec39,2023-12,Leicestershire Police,Leicestershire Police,,,No Location,,,Violence and sexual offences,Investigation complete; no suspect identified,
1f44fe3b42dd17f284f95980a27c9220b931376bf287d003a02c591890584d6d,2023-12,Leicestershire Police,Leicestershire Police,,,No Location,,,Violence and sexual offences,Status update unavailable,
6984044a7129546c09af390fd97f87282e4d9e30bc9b6879001c9c7a55a1be2c,2023-12,Leicestershire Police,Leicestershire Police,,,No Location,,,Violence and sexual offences,Investigation complete; no suspect identified,
f68ac03ef082d5d2cc83812476f879a3f759811f68d7b4cdbeda9338c0d95084,2023-12,Leicestershire Police,Leicestershire Police,,,No Location,,,Violence and sexual offences,Local resolution,
491dff7cf80a13317c7cf1d81f3b2d28854ca1249c7dbadad250dd7349bf3959,2023-12,Leicestershire Police,Leicestershire Police,,,No Location,,,Violence and sexual offences,Unable to prosecute suspect,
124151e2d44834e36fbc52f03a2119acdf76b340ba2ad0dbdfd05be27b8d97f9,2023-12,Leicestershire Police,Leicestershire Police,,,No Location,,,Violence and sexual offences,Investigation complete; no suspect identified,
c5972d98fb24217fd6c1201f374377c43be13f79810b387822442b83c384a3dc,2023-12,Leicestershire Police,Leicestershire Police,,,No Location,,,Violence and sexual offences,Investigation complete; no suspect identified,
f1ab819f2af3658ec5045d6e47083d2980a6256d137b81e22cd7888b3efb4f5a,2023-12,Leicestershire Police,Leicestershire Police,,,No Location,,,Violence and sexual offences,Status update unavailable,
b203ac8e018e21dac1c66fe0134a418a7667639db0110ae794209dd13a7c8adf,2023-12,Leicestershire Police,Leicestershire Police,,,No Location,,,Violence and sexual offences,Investigation complete; no suspect identified,
4ee480715f63defff9addd9b56463b1cb3f7455c3bad583bb0f879faa9b83682,2023-12,Leicestershire Police,Leicestershire Police,,,No Location,,,Violence and sexual offences,Investigation complete; no suspect identified,
4ef8b503c00c860f5f4d6200371b97a546826f8affd4346783760e05a53593b2,2023-12,Leicestershire Police,Leicestershire Police,,,No Location,,,Violence and sexual offences,Investigation complete; no suspect identified,
3cb6f73fa812ba2237982d13441c1dbcd1b6235e87440b2a57bc9a2776f91fbb,2023-12,Leicestershire Police,Leicestershire Police,,,No Location,,,Violence and sexual offences,Unable to prosecute suspect,
a115074bf7b130cd980c7347487917c38613947db2209075b31192704aaab416,2023-12,Leicestershire Police,Leicestershire Police,,,No Location,,,Violence and sexual offences,Unable to prosecute suspect,
8a05a1b6a42f1092e61a4d9ef467bb3d022e62a590384cc85ff9a78bf20ad7dd,2023-12,Leicestershire Police,Leicestershire Police,,,No Location,,,Violence and sexual offences,Investigation complete; no suspect identified,
5db8377df02d8717cebdcffeddfcad04844e59d7de0610f2d158722094272606,2023-12,Leicestershire Police,Leicestershire Police,,,No Location,,,Violence and sexual offences,Investigation complete; no suspect identified,
be04aa41a39826d5181ff1b9fd1a6f4a61abfb64093263ddc51b4f9aaef6f16e,2023-12,Leicestershire Police,Leicestershire Police,,,No Location,,,Violence and sexual offences,Investigation complete; no suspect identified,
f1432e232c49643fb6f41c9ff2a8ed1ee9d4f0d9827784f59e64fe4baa309ba3,2023-12,Leicestershire Police,Leicestershire Police,,,No Location,,,Violence and sexual offences,Investigation complete; no suspect identified,
e7be39693d2d39faf997da872b495a81821bf77ef5e95310710db40ea621fde4,2023-12,Leicestershire Police,Leicestershire Police,,,No Location,,,Violence and sexual offences,Unable to prosecute suspect,
61f87bc5551e513e37c7e240810e69baa7eb7d3b2e4921c5bcc44cd3ad4b5fa2,2023-12,Leicestershire Police,Leicestershire Police,,,No Location,,,Violence and sexual offences,Unable to prosecute suspect,
1d9d2589eda1a2022c2d739e4547c7ca05b254ed5ab56a01b05c231341ce5857,2023-12,Leicestershire Police,Leicestershire Police,,,No Location,,,Violence and sexual offences,Investigation complete; no suspect identified,
c5e1fc2f6966851e2c0fde757a345dc0b1c63c8a9abfbc604d11a40e175a8057,2023-12,Leicestershire Police,Leicestershire Police,,,No Location,,,Violence and sexual offences,Unable to prosecute suspect,
9e74264e74b6a44c735db26f1ff27291dcbaf64ced395ae71e02209399b91aa7,2023-12,Leicestershire Police,Leicestershire Police,,,No Location,,,Violence and sexual offences,Investigation complete; no suspect identified,
67b5fcb35e2778900ef82950e4422fbeddf5b8c8edf3fa2fd70077cb84915d41,2023-12,Leicestershire Police,Leicestershire Police,,,No Location,,,Violence and sexual offences,Unable to prosecute suspect,
72fac746cf3aa354b7947cf39ddbc22784d8e0d39b1a1ed2bb1a21ca05c6ef5e,2023-12,Leicestershire Police,Leicestershire Police,,,No Location,,,Violence and sexual offences,Investigation complete; no suspect identified,
c52c2e83740e669f558cf76bbfc8e2c9ad09312a5cda887a2bb265cad9d2bb67,2023-12,Leicestershire Police,Leicestershire Police,,,No Location,,,Violence and sexual offences,Local resolution,
e043f76a841346654246d5713b20c0635ecadc3e4c38683066c10be5249c97d7,2023-12,Leicestershire Police,Leicestershire Police,,,No Location,,,Violence and sexual offences,Status update unavailable,
a472d0f10147f2c3c48b5add6e3b3cd09c7538c507eef61743bc60b52f612d77,2023-12,Leicestershire Police,Leicestershire Police,,,No Location,,,Violence and sexual offences,Unable to prosecute suspect,
682098edf33a03c4bf37b0c5a0e45a7eab536edbe7d83627926b45707d1c3568,2023-12,Leicestershire Police,Leicestershire Police,,,No Location,,,Violence and sexual offences,Unable to prosecute suspect,
e2c65d55f50ad0cf9c60e96e93b1712b5929559cd98cb2fcca6e03d049cf9a7e,2023-12,Leicestershire Police,Leicestershire Police,,,No Location,,,Violence and sexual offences,Investigation complete; no suspect identified,
6ab1a6ced957c510a55a8484bfaab4fc184e3a226cbeb70585f23a8c53e0d08d,2023-12,Leicestershire Police,Leicestershire Police,,,No Location,,,Violence and sexual offences,Unable to prosecute suspect,
dd17f74268dacdf3c8360029a4180e5093a9ef176e24149f3d725c046621866e,2023-12,Leicestershire Police,Leicestershire Police,,,No Location,,,Violence and sexual offences,Further action is not in the public interest,
d2dad1d2850c3b76f48d42925de8ed9df31e8d075e60d7b07cffbd9c4f206982,2023-12,Leicestershire Police,Leicestershire Police,,,No Location,,,Violence and sexual offences,Investigation complete; no suspect identified,
d3d8b3043e47b223012b6994f6231d046ea22bd4f0157cbd7be2d0d1081a2930,2023-12,Leicestershire Police,Leicestershire Police,,,No Location,,,Violence and sexual offences,Unable to prosecute suspect,
e8468d783aaa657c583d8a7083b9f551761caeb6e7ebd5a0b26688210bd6004d,2023-12,Leicestershire Police,Leicestershire Police,,,No Location,,,Violence and sexual offences,Investigation complete; no suspect identified,
791163aef6679e122861fd21739850c76d84875a9e5e933859b3bb9f1117cf6a,2023-12,Leicestershire Police,Leicestershire Police,,,No Location,,,Violence and sexual offences,Unable to prosecute suspect,
42271f63f6360b0d7db1ed49b3bd086ef42f2f2f1f15f7a11722e004fb8965fa,2023-12,Leicestershire Police,Leicestershire Police,,,No Location,,,Violence and sexual offences,Investigation complete; no suspect identified,
45fad72d9ef699c960b5aeac847a0cf4b7f34c4de2ce2638e896207f98c61f08,2023-12,Leicestershire Police,Leicestershire Police,,,No Location,,,Violence and sexual offences,Awaiting court outcome,
6466e0762ce2b1fd9f02a23cb938d8585978f4768b617448e8fda1b3b988d2d0,2023-12,Leicestershire Police,Leicestershire Police,,,No Location,,,Violence and sexual offences,Investigation complete; no suspect identified,
5bb0115130919871a260c5072c362a07647ed6a9f24658268dcac030702523ed,2023-12,Leicestershire Police,Leicestershire Police,,,No Location,,,Violence and sexual offences,Unable to prosecute suspect,
cc7339fec80f876a0c6bf547a368b8b3f8cdfb156e2c5d936d2b040e61c1607f,2023-12,Leicestershire Police,Leicestershire Police,,,No Location,,,Violence and sexual offences,Unable to prosecute suspect,
1321ca25d19a2b273ef10d7f438fe2dfe6dffac324e1f4fe6734b25830f3eb00,2023-12,Leicestershire Police,Leicestershire Police,,,No Location,,,Violence and sexual offences,Status update unavailable,
eeaaf702ac63f0dd4a9003e166d93a37bd8a3ec50ad8ce4e94b958326bd92a13,2023-12,Leicestershire Police,Leicestershire Police,,,No Location,,,Violence and sexual offences,Unable to prosecute suspect,
50da57598b6261e2e058af5e8d3517a3e1ff53906fdd6c05c12b9f8aedfc246b,2023-12,Leicestershire Police,Leicestershire Police,,,No Location,,,Violence and sexual offences,Unable to prosecute suspect,
d5e8ecb693f6b34a224419504278a4c640871c1803feef2a364362c2c4f768eb,2023-12,Leicestershire Police,Leicestershire Police,,,No Location,,,Violence and sexual offences,Unable to prosecute suspect,
366c09f5474445225eadd652d73a5c1d4e4603496390b1a9fc073a37727d0a58,2023-12,Leicestershire Police,Leicestershire Police,,,No Location,,,Violence and sexual offences,Unable to prosecute suspect,
3d5ee49001c8c4dc8bea4c8cb84fc5f318ced1ca366e5114574d8805cacee200,2023-12,Leicestershire Police,Leicestershire Police,,,No Location,,,Violence and sexual offences,Unable to prosecute suspect,
e0c718a6ba186d8eef9631d5efae9522c726bc6e5233dbbe862c8b1fcc868a7a,2023-12,Leicestershire Police,Leicestershire Police,,,No Location,,,Violence and sexual offences,Court result unavailable,
b63beffebc013842027d91415609d804f2747a8701b8f3e920bd78b1936f6dd7,2023-12,Leicestershire Police,Leicestershire Police,,,No Location,,,Violence and sexual offences,Unable to prosecute suspect,
09f2fc665a97541d27e15b7ec050b44b4b23b7463c8714556431f091d37c5669,2023-12,Leicestershire Police,Leicestershire Police,,,No Location,,,Violence and sexual offences,Court result unavailable,
e136123459278ae68d3d68fed97305971ca8ca77bf5e747a3e220e3149b6ae8b,2023-12,Leicestershire Police,Leicestershire Police,,,No Location,,,Violence and sexual offences,Unable to prosecute suspect,
53edf4f0ea0db9e07b8147b87fbed13636d4198949a0d33f39c62993c54443e8,2023-12,Leicestershire Police,Leicestershire Police,,,No Location,,,Violence and sexual offences,Investigation complete; no suspect identified,
f3fa7741b139c4f1459de4046161c8ab7c0b80b46616b5cf3d7790911c96dc2a,2023-12,Leicestershire Police,Leicestershire Police,,,No Location,,,Violence and sexual offences,Investigation complete; no suspect identified,
833c3f44823fb99372c2e67d65f08dcf2c429d6ddb38a275e2f6b7370b621131,2023-12,Leicestershire Police,Leicestershire Police,,,No Location,,,Violence and sexual offences,Unable to prosecute suspect,
a91f4e4a60a0fa1b322321406840561a69d5fc145dc7dce63391a2480fadc01a,2023-12,Leicestershire Police,Leicestershire Police,,,No Location,,,Violence and sexual offences,Unable to prosecute suspect,
2d8ff6549028cdb98592e67648cc361ca7e71ba4eb5a7f8c91d0e8150bfba08d,2023-12,Leicestershire Police,Leicestershire Police,,,No Location,,,Violence and sexual offences,Unable to prosecute suspect,
20fe50ba28298d2ad4a8eccaf584cc30496bd69507a9f89c723b9676d79472b3,2023-12,Leicestershire Police,Leicestershire Police,,,No Location,,,Violence and sexual offences,Unable to prosecute suspect,
1737a3e9cd49b5fe1175baeffed6160261108c410d3b6a9205a25146f31ab853,2023-12,Leicestershire Police,Leicestershire Police,,,No Location,,,Violence and sexual offences,Unable to prosecute suspect,
53fe1c1dbedc55829925bb4788539bc88d7f0b93a68ed938ef7512ace327b5aa,2023-12,Leicestershire Police,Leicestershire Police,,,No Location,,,Violence and sexual offences,Court result unavailable,
76bc98dc38deb80908c89d4f2343870ee72257f4cdf26919e574fc1e8dd87ea2,2023-12,Leicestershire Police,Leicestershire Police,,,No Location,,,Violence and sexual offences,Unable to prosecute suspect,
9ef8fa557cea829669c8c434fee23c4b9a9d3437e347f3ff18264abdc35a33b8,2023-12,Leicestershire Police,Leicestershire Police,,,No Location,,,Violence and sexual offences,Investigation complete; no suspect identified,
cfe2adc68a5906c43be05d21e28fd34805d246751b4b85861ba98cf55b4abdd9,2023-12,Leicestershire Police,Leicestershire Police,,,No Location,,,Violence and sexual offences,Unable to prosecute suspect,
6be4c3d09a977f74c806c71d796a76d2244686372c7954157b2a824b26ae5422,2023-12,Leicestershire Police,Leicestershire Police,,,No Location,,,Violence and sexual offences,Investigation complete; no suspect identified,
d4b15c187531c8bac17a7212a052b2cafa765a85b51f18a3fd2da62a93f04181,2023-12,Leicestershire Police,Leicestershire Police,,,No Location,,,Violence and sexual offences,Status update unavailable,
f6cdc40795299e7b8618800459c8b4d2eaaf4c8e8196feccf408f95d300208a0,2023-12,Leicestershire Police,Leicestershire Police,,,No Location,,,Violence and sexual offences,Status update unavailable,
7ac6946ac0349b3434f06c23e6ba3a2a129eb12684e5b724cb13d2f3d093fd05,2023-12,Leicestershire Police,Leicestershire Police,,,No Location,,,Violence and sexual offences,Local resolution,
f41cd79135e72ce8401e9df6af5480e4dc66ee204231137abac5fa2747f0159d,2023-12,Leicestershire Police,Leicestershire Police,,,No Location,,,Violence and sexual offences,Unable to prosecute suspect,
bf31e949589f4440e691c680b1c0858423968a55467d7e7ab7e02e4d2892c699,2023-12,Leicestershire Police,Leicestershire Police,,,No Location,,,Violence and sexual offences,Investigation complete; no suspect identified,
6eb2d08aa2a67b7c95131c09143980b41e48a89b3001bfb4687e3289032c039f,2023-12,Leicestershire Police,Leicestershire Police,,,No Location,,,Violence and sexual offences,Unable to prosecute suspect,
66519129a13b10c6cc8a89617d5980f70ef967067f79b9f1d6f0af15cc64e87b,2023-12,Leicestershire Police,Leicestershire Police,,,No Location,,,Violence and sexual offences,Unable to prosecute suspect,
9ec15da450425565ba20302c5db15e485c624f318028d0de166d3011e8c2af85,2023-12,Leicestershire Police,Leicestershire Police,,,No Location,,,Violence and sexual offences,Local resolution,
777dd8ce1d95a8e8b6518d2753972eb0da74b793ba78814884ad0cab3df34ae6,2023-12,Leicestershire Police,Leicestershire Police,,,No Location,,,Violence and sexual offences,Investigation complete; no suspect identified,
9a46ca1db0246516848a29c625f61ba8b99b2c68fdc79ee19df3e328243f288b,2023-12,Leicestershire Police,Leicestershire Police,,,No Location,,,Violence and sexual offences,Court result unavailable,
e59f82edfa10a45931bb53c2ced61096e004e8d8ad72da89cef4f6ab1a504253,2023-12,Leicestershire Police,Leicestershire Police,,,No Location,,,Violence and sexual offences,Action to be taken by another organisation,
1b9a83cd724af36042448994edfe2e12b6f9cf79291a361d08d78b6d2a3893db,2023-12,Leicestershire Police,Leicestershire Police,,,No Location,,,Violence and sexual offences,Unable to prosecute suspect,
308fdcd2aec9a7ccf06ecbe1c4be5642ea72c26ec74cc484c4c5d62ee569eb46,2023-12,Leicestershire Police,Leicestershire Police,,,No Location,,,Violence and sexual offences,Unable to prosecute suspect,
d9479e42f7165b33bab0769b0434528be755677f5f5f806fec0520328ad2c508,2023-12,Leicestershire Police,Leicestershire Police,,,No Location,,,Violence and sexual offences,Unable to prosecute suspect,
a6349a79f3f4329029c8fd31fcf745d1cdab0545a445398af3bb5cda353cb99e,2023-12,Leicestershire Police,Leicestershire Police,,,No Location,,,Violence and sexual offences,Unable to prosecute suspect,
c3101427b335875b29a9f23edc1471be1f72d062a148c16582b728cf3e11049b,2023-12,Leicestershire Police,Leicestershire Police,,,No Location,,,Violence and sexual offences,Local resolution,
4dd4b7ab7054882fbb01533bc4195a4e5f4f00003c3cde0a90309f598896188a,2023-12,Leicestershire Police,Leicestershire Police,,,No Location,,,Violence and sexual offences,Unable to prosecute suspect,
94a327de6c66388aef25f29fc1f982b4d052396136bc39b0dc3de1e9a7a94a47,2023-12,Leicestershire Police,Leicestershire Police,,,No Location,,,Violence and sexual offences,Investigation complete; no suspect identified,
efc58893435792805e210ed7885d3e08ffe1695d1e60cb6374e40f0baa817f5e,2023-12,Leicestershire Police,Leicestershire Police,,,No Location,,,Violence and sexual offences,Unable to prosecute suspect,
aaab45933719b280d664b6a01fa2e7554e36ab62316b80f3cef12762f7e24f39,2023-12,Leicestershire Police,Leicestershire Police,,,No Location,,,Violence and sexual offences,Court result unavailable,
ce80ca213744d9f173e98065fa30ee6ab58d9f3ce409a8bc26c73b60ab63e5b4,2023-12,Leicestershire Police,Leicestershire Police,,,No Location,,,Violence and sexual offences,Further investigation is not in the public interest,
4cfc2a3803a67c8badc7005bc98758e3eb98e3a01ee66aedf448bee8f41860b3,2023-12,Leicestershire Police,Leicestershire Police,,,No Location,,,Violence and sexual offences,Unable to prosecute suspect,
0d970a4a61f2620a2f16b82df06ffe8233a8083f0c7430a28ca7433b1cbcf4fe,2023-12,Leicestershire Police,Leicestershire Police,,,No Location,,,Violence and sexual offences,Unable to prosecute suspect,
c4b5113e9c104803e3c07b5dbe37972c5c41e4e5184d89c997c34b5f4b669114,2023-12,Leicestershire Police,Leicestershire Police,,,No Location,,,Violence and sexual offences,Unable to prosecute suspect,
19a5dfa0056cd38dfcd54f0d9107f625f50609f76794cec8170a798a283347f7,2023-12,Leicestershire Police,Leicestershire Police,,,No Location,,,Violence and sexual offences,Further action is not in the public interest,
07a29479beb1cd14d616c0c01c7d559e4fe6e48dc9dd058e982b55d07d5d9078,2023-12,Leicestershire Police,Leicestershire Police,,,No Location,,,Violence and sexual offences,Court result unavailable,
d42c281fb7506c9c770f7914cfea1091f47e2081c721e60b1f3661ff3446bce1,2023-12,Leicestershire Police,Leicestershire Police,,,No Location,,,Violence and sexual offences,Action to be taken by another organisation,
15b505e936855cae2036a60a4509b72070ff727d5423cb90f07ef60726661abf,2023-12,Leicestershire Police,Leicestershire Police,,,No Location,,,Violence and sexual offences,Further investigation is not in the public interest,
86ec23a59c307658e3fc203613ec94fff473964f3b970c627894c4939ca0cf91,2023-12,Leicestershire Police,Leicestershire Police,,,No Location,,,Violence and sexual offences,Court result unavailable,
69c22893d421c43186a280e0c7aa1ce3ff16abef481901896618b4e8cd602794,2023-12,Leicestershire Police,Leicestershire Police,,,No Location,,,Violence and sexual offences,Investigation complete; no suspect identified,
5e163f65cf368f06cea1205175755092ef977be2f9b1e763fb5ac25a4154be1f,2023-12,Leicestershire Police,Leicestershire Police,,,No Location,,,Violence and sexual offences,Further investigation is not in the public interest,
49e5ce9c3a12df4940d16d3273163b58c2d4bce9b076160f2c9f32b0e773e330,2023-12,Leicestershire Police,Leicestershire Police,,,No Location,,,Violence and sexual offences,Action to be taken by another organisation,
5b506389ed9d7a4038c43260ef85280fc4ff0d7dbc8787acb9590e7b9c3125e3,2023-12,Leicestershire Police,Leicestershire Police,,,No Location,,,Violence and sexual offences,Status update unavailable,
5a24033dbdbd8224d66956015c20a56622bc5e262c49708da0a491a3e4dd233c,2023-12,Leicestershire Police,Leicestershire Police,,,No Location,,,Violence and sexual offences,Unable to prosecute suspect,
42b5d192d1d591efdb0a0132e60208858aa10fb83e67bf6d3f52db7b8b3ad1b4,2023-12,Leicestershire Police,Leicestershire Police,,,No Location,,,Other crime,Investigation complete; no suspect identified,
0fa64cc0640841d988550567e0df18a995cd1070c2801365d9aba14face430a1,2023-12,Leicestershire Police,Leicestershire Police,,,No Location,,,Other crime,Investigation complete; no suspect identified,
4c2b877087da22b2300b3dff84a63c60528692fb7195e0cf732d4a3938f0147c,2023-12,Leicestershire Police,Leicestershire Police,,,No Location,,,Other crime,Status update unavailable,
b53875d212234d5e95c16e75e557ac529b13ca50ea85edf30c411a8da045b313,2023-12,Leicestershire Police,Leicestershire Police,,,No Location,,,Other crime,Unable to prosecute suspect,
271a2af7139618f367206a9a2114671d83f0997d0c425e0afe5ea09ad5b4cd37,2023-12,Leicestershire Police,Leicestershire Police,,,No Location,,,Other crime,Unable to prosecute suspect,
23589528ce98d2f51409c6658065bc482544c4d57f188a6666f5f3b4a5fee02c,2023-12,Leicestershire Police,Leicestershire Police,,,No Location,,,Other crime,Unable to prosecute suspect,
a029f93f91bc6a674937ac69212355c661492bd2e9562bbc82a68a7a0cccdbdd,2023-12,Leicestershire Police,Leicestershire Police,,,No Location,,,Other crime,Local resolution,
89fba804b8da4cb9e0847e32a8e9a5d5862986a1ea41bf6cb7fb6afba7fcf912,2023-12,Leicestershire Police,Leicestershire Police,,,No Location,,,Other crime,Unable to prosecute suspect,
6d15a168bb93d20a10788537747461f1331e229f1fe032d7b4e932632dff6234,2023-12,Leicestershire Police,Leicestershire Police,,,No Location,,,Other crime,Court result unavailable,
d735539a430c6f90594f71adc9c28e629b8467a1bac35432a75ea61f56e94865,2023-12,Leicestershire Police,Leicestershire Police,,,No Location,,,Other crime,Unable to prosecute suspect,
faa847fd4d6e2baab9345cb1b438c2e1a2caaa04dce347fae9837022a56b4b43,2023-12,Leicestershire Police,Leicestershire Police,,,No Location,,,Other crime,Unable to prosecute suspect,
