Crime ID,Month,Reported by,Falls within,Longitude,Latitude,Location,LSOA code,LSOA name,Crime type,Last outcome category,Context
6d02dd75d6c9ef3192d837b247ffe72ac230f766cdc13bd3c3c71179f1496814,2024-07,Surrey Police,Surrey Police,-0.101292,51.514770,On or near Amen Court,E01032739,City of London 001F,Violence and sexual offences,Investigation complete; no suspect identified,
d2db1d05cabaf1f11848597b53619bb49765795dc07a6396d3e66b72fb8f8435,2024-07,Surrey Police,Surrey Police,-0.101292,51.514770,On or near Amen Court,E01032739,City of London 001F,Violence and sexual offences,Status update unavailable,
,2024-07,Surrey Police,Surrey Police,-0.164366,51.160273,On or near A23,E01031575,Crawley 001C,Anti-social behaviour,,
b0c11e4ddca87d395526ec1050c7e92052ec05258e7a0719fd13faa669f83070,2024-07,Surrey Police,Surrey Police,-0.197082,51.160809,On or near Parking Area,E01031575,Crawley 001C,Criminal damage and arson,Unable to prosecute suspect,
7c34b4c783d43d896e30472e73acd09289be4abd357eb2b67b4003b136682572,2024-07,Surrey Police,Surrey Police,-0.197082,51.160809,On or near Parking Area,E01031575,Crawley 001C,Other theft,Unable to prosecute suspect,
208faf71d7931e2f9d82ec00bef232e1fd6ed317827025ad2b1fcb077a00df10,2024-07,Surrey Police,Surrey Police,-0.197082,51.160809,On or near Parking Area,E01031575,Crawley 001C,Public order,Unable to prosecute suspect,
ecef41f5b2755956d1255890c0a504fd675014764a93e41b8e135f9ce56ad222,2024-07,Surrey Police,Surrey Police,-0.197082,51.160809,On or near Parking Area,E01031575,Crawley 001C,Public order,Unable to prosecute suspect,
8d7c44ec965c397ddb63ce11b101e12b2ce8eab3259f32089b0a91966554a84b,2024-07,Surrey Police,Surrey Police,-0.197082,51.160809,On or near Parking Area,E01031575,Crawley 001C,Public order,Unable to prosecute suspect,
ec0ddc9c70ba6627e8b64f19aef92a0a3c0e4ef64e87491a26e3baf0c818f86f,2024-07,Surrey Police,Surrey Police,-0.197082,51.160809,On or near Parking Area,E01031575,Crawley 001C,Public order,Unable to prosecute suspect,
41990a165b040ee0fa6c401d4083631e43e9d38c713e1a578c2bdc5cc996f9b7,2024-07,Surrey Police,Surrey Police,-0.197082,51.160809,On or near Parking Area,E01031575,Crawley 001C,Violence and sexual offences,Unable to prosecute suspect,
a6b97543c4234e0e7a2265b794eb8469b2e165f3a29ad02265d82a018a885614,2024-07,Surrey Police,Surrey Police,-0.197082,51.160809,On or near Parking Area,E01031575,Crawley 001C,Violence and sexual offences,Unable to prosecute suspect,
d2debacb82ca8c1e627b078377121ef09ae0998a3e42fd1140ae859ec5233689,2024-07,Surrey Police,Surrey Police,-0.197082,51.160809,On or near Parking Area,E01031575,Crawley 001C,Violence and sexual offences,Unable to prosecute suspect,
91c211f3a61f8403224f6440027b51f8d8cf7bf54aee6f1c842294b74be1950f,2024-07,Surrey Police,Surrey Police,-0.197082,51.160809,On or near Parking Area,E01031575,Crawley 001C,Violence and sexual offences,Unable to prosecute suspect,
93ff549be07c4419aa274f8b8894eb77e3e41eb86dea7fc0fb19faffceb9989d,2024-07,Surrey Police,Surrey Police,-0.197082,51.160809,On or near Parking Area,E01031575,Crawley 001C,Violence and sexual offences,Unable to prosecute suspect,
c92a63c5a26bcd77dedac18a16771388fa295fdb9f8a97d8cc62ec1b254b513a,2024-07,Surrey Police,Surrey Police,-0.197082,51.160809,On or near Parking Area,E01031575,Crawley 001C,Violence and sexual offences,Unable to prosecute suspect,
b992d245e958037c37f0b56c5a139b3b977135b55f494149eca918bfa0f6226e,2024-07,Surrey Police,Surrey Police,-0.197082,51.160809,On or near Parking Area,E01031575,Crawley 001C,Violence and sexual offences,Unable to prosecute suspect,
0310671843596ed8a20c0ab66443b96256bdeba62f21cd356273cd473fe6236c,2024-07,Surrey Police,Surrey Police,-0.197082,51.160809,On or near Parking Area,E01031575,Crawley 001C,Violence and sexual offences,Unable to prosecute suspect,
481e76be1a5092aaf5207bd83d9f43d884051cf9537d750327db24175aa7d5c4,2024-07,Surrey Police,Surrey Police,-0.197082,51.160809,On or near Parking Area,E01031575,Crawley 001C,Violence and sexual offences,Investigation complete; no suspect identified,
bdebd9aa3609332b524e377de1e6ae6f63111af3e351937ca80d7983505ce641,2024-07,Surrey Police,Surrey Police,-0.197082,51.160809,On or near Parking Area,E01031575,Crawley 001C,Violence and sexual offences,Unable to prosecute suspect,
97578a699a5baa5f3471d5337445cfb1ffdae06ee130b5a684e1dc491eaf92fc,2024-07,Surrey Police,Surrey Police,-0.197082,51.160809,On or near Parking Area,E01031575,Crawley 001C,Violence and sexual offences,Unable to prosecute suspect,
9c3f7a00e1b963661f805cbe167c5225e7a5e641903353bfb467cc7b46e899a5,2024-07,Surrey Police,Surrey Police,-0.197082,51.160809,On or near Parking Area,E01031575,Crawley 001C,Violence and sexual offences,Unable to prosecute suspect,
586ebcdf9c4f8ce54811bd97874bb4de3867b9dc877ca31248962e115329c49b,2024-07,Surrey Police,Surrey Police,-0.197082,51.160809,On or near Parking Area,E01031575,Crawley 001C,Violence and sexual offences,Unable to prosecute suspect,
03a6412cdf48ffc07941c0a1f11254702c799bdb60c3845edf0804d9d50b347c,2024-07,Surrey Police,Surrey Police,-0.179180,51.165784,On or near Parking Area,E01031575,Crawley 001C,Violence and sexual offences,Unable to prosecute suspect,
,2024-07,Surrey Police,Surrey Police,-0.138263,51.156084,On or near Peeks Brook Lane,E01035328,Crawley 002F,Anti-social behaviour,,
c9fd40b1cacefc8c35e1ebb294ac4e042de1904b97430bedcbe3662c2b76b724,2024-07,Surrey Police,Surrey Police,-0.138263,51.156084,On or near Peeks Brook Lane,E01035328,Crawley 002F,Violence and sexual offences,Unable to prosecute suspect,
431a0946e64a1ec783d851c50a4cd72b31d5bcbf604b1150dbb9a80e261b0d22,2024-07,Surrey Police,Surrey Police,-0.114787,51.359837,On or near Bates Crescent,E01001172,Croydon 028D,Violence and sexual offences,Unable to prosecute suspect,
,2024-07,Surrey Police,Surrey Police,-0.064294,51.319715,On or near Supermarket,E01001106,Croydon 039C,Anti-social behaviour,,
,2024-07,Surrey Police,Surrey Police,-0.084344,51.316259,On or near Old Barn Lane,E01001071,Croydon 042B,Anti-social behaviour,,
70330df9a7877713b946c43903804656dbe636d789afa4286823ac54a19ccce7,2024-07,Surrey Police,Surrey Police,-0.084344,51.316259,On or near Old Barn Lane,E01001071,Croydon 042B,Criminal damage and arson,Unable to prosecute suspect,
a62329d93b231c1f3f9eea3177d4826a14fa612d9b812525caa0a127008e649b,2024-07,Surrey Police,Surrey Police,-0.084344,51.316259,On or near Old Barn Lane,E01001071,Croydon 042B,Violence and sexual offences,Unable to prosecute suspect,
b1160109c886efab9e11844372c29fa39d49c18f5c5591abbdd7a90ce38fa61c,2024-07,Surrey Police,Surrey Police,-0.084344,51.316259,On or near Old Barn Lane,E01001071,Croydon 042B,Violence and sexual offences,Unable to prosecute suspect,
7ca0e360b88a457ce8c02603b66140f5f8c3a93e03025ed0b819e86cc29a4b60,2024-07,Surrey Police,Surrey Police,-0.084344,51.316259,On or near Old Barn Lane,E01001071,Croydon 042B,Violence and sexual offences,Unable to prosecute suspect,
269b044baf4d175b75cbc4cacdf4f3317708f103c64a82ffd852df47f885b6d4,2024-07,Surrey Police,Surrey Police,-0.083029,51.310284,On or near Hornchurch Hill,E01001071,Croydon 042B,Violence and sexual offences,Unable to prosecute suspect,
68d025ff10a1ddbc412d69abfd05494d67442d74c6c2b073d42db1ff04885888,2024-07,Surrey Police,Surrey Police,-0.084344,51.316259,On or near Old Barn Lane,E01001071,Croydon 042B,Violence and sexual offences,Unable to prosecute suspect,
e1b0f6c0c980c7de72a26e03c3051d4f452b2513a4d166ff435dadbd5adbc6d1,2024-07,Surrey Police,Surrey Police,-0.084344,51.316259,On or near Old Barn Lane,E01001071,Croydon 042B,Violence and sexual offences,Status update unavailable,
19b3ac1c55301f8ae480e912f8c32f02fd1894f4f69151600843a6ade84ce223,2024-07,Surrey Police,Surrey Police,-0.155998,51.306501,On or near Hollymeoak Road,E01001027,Croydon 043E,Violence and sexual offences,Unable to prosecute suspect,
967238412326bd0b83573b4222e9031bd581cb2f7c805a835126552455744789,2024-07,Surrey Police,Surrey Police,-0.782968,51.130226,On or near Whitmore Vale,E01022603,East Hampshire 004A,Vehicle crime,Unable to prosecute suspect,
,2024-07,Surrey Police,Surrey Police,-0.746760,51.108864,On or near Boundary Road,E01032625,East Hampshire 017E,Anti-social behaviour,,
a9ab70046076d3411eaa394e4947e8c45583f4aad721f1a47770a3b4c5343a66,2024-07,Surrey Police,Surrey Police,-0.375309,51.403433,On or near Sandringham Gardens,E01030330,Elmbridge 001A,Criminal damage and arson,Investigation complete; no suspect identified,
79e14ef5b6dfa8c598f5d7b9684db24ae195abdb4f0ad524297961deccb4d642,2024-07,Surrey Police,Surrey Police,-0.367968,51.408106,On or near Supermarket,E01030330,Elmbridge 001A,Public order,Local resolution,
b89cd6b1abd0eb8c36d0aca638da30b5189ae7af2e167a04cb11944ee31b8ac7,2024-07,Surrey Police,Surrey Police,-0.372835,51.406294,On or near Wilton Gardens,E01030330,Elmbridge 001A,Violence and sexual offences,Unable to prosecute suspect,
02ec4b69cd37e32cb7e64fcbe90b5c7bfd57e47c188ede80481cae0785890e34,2024-07,Surrey Police,Surrey Police,-0.367068,51.408345,On or near Beldham Gardens,E01030330,Elmbridge 001A,Other crime,Unable to prosecute suspect,
,2024-07,Surrey Police,Surrey Police,-0.384043,51.404039,On or near Weston Avenue,E01030331,Elmbridge 001B,Anti-social behaviour,,
dec7cf8ac4e043b778cbfd2d61546e32a3284fe4da22b52434c8516a79da42cd,2024-07,Surrey Police,Surrey Police,-0.384043,51.404039,On or near Weston Avenue,E01030331,Elmbridge 001B,Criminal damage and arson,Further action is not in the public interest,
9dcf5120af6a6387de3adfb7b3d702b00e55b7346e7a1477aa07dffce67cc683,2024-07,Surrey Police,Surrey Police,-0.384043,51.404039,On or near Weston Avenue,E01030331,Elmbridge 001B,Drugs,Further action is not in the public interest,
5f753b97a7375657d32607d77e6c010c073d569beed20082eb7c369b61197ec3,2024-07,Surrey Police,Surrey Police,-0.375190,51.405985,On or near Hurst Road,E01030331,Elmbridge 001B,Public order,Unable to prosecute suspect,
94123e682b4a5a4c4096c447129c0ac005ef373fd7fb0bd09b9d1a26ec3d43a1,2024-07,Surrey Police,Surrey Police,-0.377823,51.406723,On or near Cherry Orchard Gardens,E01030331,Elmbridge 001B,Public order,Investigation complete; no suspect identified,
0869031c81431efbdaeb6563c157782d39d7a70c4b4c8ee75b36e21e9ac9198e,2024-07,Surrey Police,Surrey Police,-0.384043,51.404039,On or near Weston Avenue,E01030331,Elmbridge 001B,Violence and sexual offences,Court result unavailable,
a5248b5d3675bac85bb079f8f2af1ed767b740c5d78775a293d4bc3ff7d6e34d,2024-07,Surrey Police,Surrey Police,-0.381032,51.404609,On or near Lytcott Drive,E01030331,Elmbridge 001B,Violence and sexual offences,Status update unavailable,
c2d8c2b323ee43cc7f9f0028f2ca356aa64c80ce2869c362287046ab4e027b34,2024-07,Surrey Police,Surrey Police,-0.382097,51.404588,On or near Augusta Close,E01030331,Elmbridge 001B,Violence and sexual offences,Investigation complete; no suspect identified,
,2024-07,Surrey Police,Surrey Police,-0.364320,51.402758,On or near The Forum,E01030332,Elmbridge 001C,Anti-social behaviour,,
a5d1a703d065214a9db26ac6e5ff4687bc73fa744a99e20d03ee83a1caae7497,2024-07,Surrey Police,Surrey Police,-0.359539,51.404175,On or near Hurst Lane,E01030332,Elmbridge 001C,Violence and sexual offences,Status update unavailable,
,2024-07,Surrey Police,Surrey Police,-0.364852,51.409609,On or near Buckingham Avenue,E01030333,Elmbridge 001D,Anti-social behaviour,,
,2024-07,Surrey Police,Surrey Police,-0.364852,51.409609,On or near Buckingham Avenue,E01030333,Elmbridge 001D,Anti-social behaviour,,
,2024-07,Surrey Police,Surrey Police,-0.364852,51.409609,On or near Buckingham Avenue,E01030333,Elmbridge 001D,Anti-social behaviour,,
327d8db3cec1705f07128e9aaf7c83a9e8f9f5cf22705a6cb3eaa00d8f5e6f5e,2024-07,Surrey Police,Surrey Police,-0.359501,51.407250,On or near Park Way,E01030333,Elmbridge 001D,Vehicle crime,Status update unavailable,
31c67a56a4a4785ceb225343ced5125520cf097236550524af35279a62e11adc,2024-07,Surrey Police,Surrey Police,-0.359501,51.407250,On or near Park Way,E01030333,Elmbridge 001D,Vehicle crime,Awaiting court outcome,
6d19b1689583b854fab9e326429aaa9580dfdd8e6053f0db10ab275704766d7f,2024-07,Surrey Police,Surrey Police,-0.363076,51.411436,On or near Ferry Terminal,E01030333,Elmbridge 001D,Violence and sexual offences,Investigation complete; no suspect identified,
3af9a017833dc84c98a9d2d06edbd25153e1c2408a17a9c3f623eb93c67bcba8,2024-07,Surrey Police,Surrey Police,-0.351043,51.402554,On or near Wolsey Road,E01030326,Elmbridge 002A,Criminal damage and arson,Unable to prosecute suspect,
820605ba839dd78d1c010692f18f87d6014609657901cb94cfe9b8bd810787e7,2024-07,Surrey Police,Surrey Police,-0.343629,51.401236,On or near Petrol Station,E01030326,Elmbridge 002A,Shoplifting,Unable to prosecute suspect,
3209daf0cb63f917df0a150900d2e082f23fc034c161ec0fea3a380aa8249f9b,2024-07,Surrey Police,Surrey Police,-0.342353,51.402342,On or near Hampton Court,E01030326,Elmbridge 002A,Shoplifting,Investigation complete; no suspect identified,
c4a34a5f8e69b93d34fb22401a8bf13514cdc6c8eb0d6531abc255c1a47d62e5,2024-07,Surrey Police,Surrey Police,-0.342353,51.402342,On or near Hampton Court,E01030326,Elmbridge 002A,Shoplifting,Court result unavailable,
35a07e76b45dfc86757e014e929b25b741c377979d9f5ead24574d043a506544,2024-07,Surrey Police,Surrey Police,-0.342353,51.402342,On or near Hampton Court,E01030326,Elmbridge 002A,Shoplifting,Court result unavailable,
461a8cabae4cab92815e76285d91a8e5d7c7f1142169958bd1d06610c4fc2e85,2024-07,Surrey Police,Surrey Police,-0.343629,51.401236,On or near Petrol Station,E01030326,Elmbridge 002A,Shoplifting,Investigation complete; no suspect identified,
a23a159d4f08f24e7526d64303b762284aea9f851e323c570da53dda3bc43abe,2024-07,Surrey Police,Surrey Police,-0.342353,51.402342,On or near Hampton Court,E01030326,Elmbridge 002A,Shoplifting,Status update unavailable,
9ba6a018c5b29b49fa09b5186dc72716cb0b75c1e4f5dc7ea01ada6681b4be90,2024-07,Surrey Police,Surrey Police,-0.345145,51.401473,On or near Queens Reach,E01030326,Elmbridge 002A,Vehicle crime,Investigation complete; no suspect identified,
0270b04ca33f4cfa642241af7cdcb538654958eee47a58adcb71330549f476f4,2024-07,Surrey Police,Surrey Police,-0.351043,51.402554,On or near Wolsey Road,E01030326,Elmbridge 002A,Vehicle crime,Investigation complete; no suspect identified,
382900a101a9b384abb48598257874ed45d3ee1c4dc66c58c68ff6ba52e01d1a,2024-07,Surrey Police,Surrey Police,-0.342353,51.402342,On or near Hampton Court,E01030326,Elmbridge 002A,Violence and sexual offences,Court result unavailable,
7db4da73d417063f5767f8fe83b7cbb35363da9349db98666dcc0050b4bb4407,2024-07,Surrey Police,Surrey Police,-0.351043,51.402554,On or near Wolsey Road,E01030326,Elmbridge 002A,Violence and sexual offences,Status update unavailable,
0700decd80b2ea9df73a13d625648e6af2b62d7747fec53f2860bfc09791323e,2024-07,Surrey Police,Surrey Police,-0.351043,51.402554,On or near Wolsey Road,E01030326,Elmbridge 002A,Violence and sexual offences,Status update unavailable,
3ae7a3385a06f14ec34054c09d2a2fd1cd239edd83db7e4ef93a43397359d534,2024-07,Surrey Police,Surrey Police,-0.352046,51.397856,On or near Matham Road,E01030326,Elmbridge 002A,Violence and sexual offences,Unable to prosecute suspect,
277259d22ef55d518d2de2ebe232264ae1f16348ee05f94c39261207c02e83a1,2024-07,Surrey Police,Surrey Police,-0.351043,51.402554,On or near Wolsey Road,E01030326,Elmbridge 002A,Violence and sexual offences,Status update unavailable,
6cb965adc1317269d133e853368bdb1ba03ebf0014a139c144921429ce63248e,2024-07,Surrey Police,Surrey Police,-0.349935,51.399787,On or near Bridge Gardens,E01030326,Elmbridge 002A,Violence and sexual offences,Unable to prosecute suspect,
,2024-07,Surrey Police,Surrey Police,-0.363447,51.395690,On or near Sports/Recreation Area,E01030327,Elmbridge 002B,Anti-social behaviour,,
,2024-07,Surrey Police,Surrey Police,-0.361033,51.400599,On or near Hidden Close,E01030327,Elmbridge 002B,Anti-social behaviour,,
,2024-07,Surrey Police,Surrey Police,-0.352594,51.391398,On or near Winston Close,E01030327,Elmbridge 002B,Anti-social behaviour,,
,2024-07,Surrey Police,Surrey Police,-0.358300,51.399850,On or near Clinton Avenue,E01030327,Elmbridge 002B,Anti-social behaviour,,
,2024-07,Surrey Police,Surrey Police,-0.360378,51.398818,On or near Beauchamp Road,E01030327,Elmbridge 002B,Anti-social behaviour,,
,2024-07,Surrey Police,Surrey Police,-0.354234,51.397365,On or near Bell Road,E01030327,Elmbridge 002B,Anti-social behaviour,,
,2024-07,Surrey Police,Surrey Police,-0.353333,51.398827,On or near St Mary'S Road,E01030327,Elmbridge 002B,Anti-social behaviour,,
,2024-07,Surrey Police,Surrey Police,-0.361033,51.400599,On or near Hidden Close,E01030327,Elmbridge 002B,Anti-social behaviour,,
4d8a854805fc9fef3d87d73e9844a878be31ea124f7c44eb83082fc7565f12e4,2024-07,Surrey Police,Surrey Police,-0.353083,51.399804,On or near Sandra Close,E01030327,Elmbridge 002B,Public order,Investigation complete; no suspect identified,
96066aadcaf94c61e4eb0915731b7511423cb048ac699983b81f2faafc250929,2024-07,Surrey Police,Surrey Police,-0.361033,51.400599,On or near Hidden Close,E01030327,Elmbridge 002B,Public order,Status update unavailable,
36b5cf14b6c2603f3e679fc325ed1b4f8ce9b77befb06b9f921548b765551a44,2024-07,Surrey Police,Surrey Police,-0.360378,51.398818,On or near Beauchamp Road,E01030327,Elmbridge 002B,Public order,Unable to prosecute suspect,
3668f044b4ef597937e96200216bb6d88b415f0b0c767b76b1a1aa31b95a30c4,2024-07,Surrey Police,Surrey Police,-0.361033,51.400599,On or near Hidden Close,E01030327,Elmbridge 002B,Public order,Court result unavailable,
3e32249acc1fd631899b5b7227448372bb025e4fd20ce3125ac1a2b0378e299a,2024-07,Surrey Police,Surrey Police,-0.356129,51.400656,On or near Walton Road,E01030327,Elmbridge 002B,Public order,Unable to prosecute suspect,
1d4f6f82c39dea8b104a888f0ae5556406fef2f5dcfd692ae2f2a565dd43db9f,2024-07,Surrey Police,Surrey Police,-0.356129,51.400656,On or near Walton Road,E01030327,Elmbridge 002B,Public order,Investigation complete; no suspect identified,
d41161801480839d43e4f4b082b76575f565d007765d3612df3fb6c60216ae35,2024-07,Surrey Police,Surrey Police,-0.356129,51.400656,On or near Walton Road,E01030327,Elmbridge 002B,Robbery,Investigation complete; no suspect identified,
b7bc1747396bca6e558b60a8de768c3eb1ff6f484c0e658f7edd84266514549c,2024-07,Surrey Police,Surrey Police,-0.356129,51.400656,On or near Walton Road,E01030327,Elmbridge 002B,Shoplifting,Unable to prosecute suspect,
9096c55f259096ab08822e8c9de79d38bc273613b7d7ccdad8cdcf9e3128b1d3,2024-07,Surrey Police,Surrey Police,-0.356129,51.400656,On or near Walton Road,E01030327,Elmbridge 002B,Shoplifting,Unable to prosecute suspect,
3274d3e38399fa96f4635a2e21c07b64781bae5b2d1f8c5b1c13e4568f64c787,2024-07,Surrey Police,Surrey Police,-0.356129,51.400656,On or near Walton Road,E01030327,Elmbridge 002B,Shoplifting,Unable to prosecute suspect,
7a9e0999e487d4481704ea1636c30a05ea1848a74ccd56b9bb8866fb2140850f,2024-07,Surrey Police,Surrey Police,-0.356129,51.400656,On or near Walton Road,E01030327,Elmbridge 002B,Shoplifting,Awaiting court outcome,
af9c87c4d343129c9b0855f78f4b86c26bc4fbff947da1f16235bac998200698,2024-07,Surrey Police,Surrey Police,-0.356129,51.400656,On or near Walton Road,E01030327,Elmbridge 002B,Shoplifting,Awaiting court outcome,
8554c17deb5394b9c78c431b66ba95fb8c80cba02a5e00df7becfe668a051877,2024-07,Surrey Police,Surrey Police,-0.356129,51.400656,On or near Walton Road,E01030327,Elmbridge 002B,Shoplifting,Court result unavailable,
346e68007016e29bd9546f189014df9f30d9ecc6f5d6043bab7915102d81dfb4,2024-07,Surrey Police,Surrey Police,-0.352383,51.392474,On or near Orchard Farm Avenue,E01030327,Elmbridge 002B,Vehicle crime,Investigation complete; no suspect identified,
71fac7e5289b5ae7d0019add779f35e97841b0df67542589c01b837d4d136507,2024-07,Surrey Police,Surrey Police,-0.352829,51.392463,On or near Carleton Avenue,E01030327,Elmbridge 002B,Vehicle crime,Investigation complete; no suspect identified,
d1c30ee446546bceb1a29099c27a2069ece45ac302ed324264d90fb0cd085b02,2024-07,Surrey Police,Surrey Police,-0.361033,51.400599,On or near Hidden Close,E01030327,Elmbridge 002B,Vehicle crime,Investigation complete; no suspect identified,
3112ea3fa0c3a694358fc413af4d27abd26d2baee3a0f3d8af5f3e80141b14f0,2024-07,Surrey Police,Surrey Police,-0.356129,51.400656,On or near Walton Road,E01030327,Elmbridge 002B,Violence and sexual offences,Unable to prosecute suspect,
222d6f97abc8c46a9702c9e594beb9a7ac5728bf2631585ea1f9f9ccd40831c9,2024-07,Surrey Police,Surrey Police,-0.353170,51.400174,On or near School Road,E01030327,Elmbridge 002B,Violence and sexual offences,Awaiting court outcome,
5193464c6b03dcc7875f3b2cc31013337df1d4e49a8ea82d2531d49a350bd49a,2024-07,Surrey Police,Surrey Police,-0.351389,51.393342,On or near Orchard Lane,E01030327,Elmbridge 002B,Violence and sexual offences,Investigation complete; no suspect identified,
4604541666017e4f8be61ab29e53722d40b93c4dd3e9282574ab42e08fd02c11,2024-07,Surrey Police,Surrey Police,-0.353083,51.399804,On or near Sandra Close,E01030327,Elmbridge 002B,Violence and sexual offences,Unable to prosecute suspect,
0cadd18b9de5b6de3f7c25d5b4d27f54884273978838f08eecb2d516f8d2352e,2024-07,Surrey Police,Surrey Police,-0.361033,51.400599,On or near Hidden Close,E01030327,Elmbridge 002B,Violence and sexual offences,Unable to prosecute suspect,
2e6643016ba07dcb09d0b1cb24548497e9e11e1c98a4659a155551adcf0c4657,2024-07,Surrey Police,Surrey Police,-0.363447,51.395690,On or near Sports/Recreation Area,E01030327,Elmbridge 002B,Violence and sexual offences,Investigation complete; no suspect identified,
,2024-07,Surrey Police,Surrey Police,-0.349014,51.391833,On or near Ember Lane,E01030328,Elmbridge 002C,Anti-social behaviour,,
ad8db0c578d2e443ed32c9223833a778e7619038a1fec38c69e249cc63306472,2024-07,Surrey Police,Surrey Police,-0.358423,51.402037,On or near Pemberton Road,E01030329,Elmbridge 002D,Criminal damage and arson,Investigation complete; no suspect identified,
10af25880f375a49d7c1adea0754389313400bae17f5c28a2fd32e0f54dd717e,2024-07,Surrey Police,Surrey Police,-0.358423,51.402037,On or near Pemberton Road,E01030329,Elmbridge 002D,Criminal damage and arson,Investigation complete; no suspect identified,
ceb820457f1c6bab1118d99b6b5f1765457ad771fd99248c986974a8951473d3,2024-07,Surrey Police,Surrey Police,-0.359203,51.403118,On or near Dennis Road,E01030329,Elmbridge 002D,Public order,Investigation complete; no suspect identified,
a66a36ea6f12589106738a2c90c068cf631a71cc9614db0c9bbc08de24693527,2024-07,Surrey Police,Surrey Police,-0.353891,51.404527,On or near Church Road,E01030329,Elmbridge 002D,Violence and sexual offences,Awaiting court outcome,
0bd53311581bcf2b82ddbab3996051223cd5411317d7263cf62c9231aceb1f90,2024-07,Surrey Police,Surrey Police,-0.383296,51.397104,On or near Ivydene,E01030334,Elmbridge 003A,Violence and sexual offences,Unable to prosecute suspect,
,2024-07,Surrey Police,Surrey Police,-0.368229,51.397552,On or near Ray Road,E01030335,Elmbridge 003B,Anti-social behaviour,,
51a7bb8f77c8f7ad21c5e392507741a99f5c6d5d61bc5490da6ca9acfc3082a1,2024-07,Surrey Police,Surrey Police,-0.363351,51.400892,On or near Avern Gardens,E01030335,Elmbridge 003B,Burglary,Investigation complete; no suspect identified,
302b4880196c24e582b645cdb2dbc59747db2ae9920da761f3eb607c81a75bd7,2024-07,Surrey Police,Surrey Police,-0.364268,51.397362,On or near Green Lane,E01030335,Elmbridge 003B,Criminal damage and arson,Investigation complete; no suspect identified,
6686cfb51eb678d9362f11f7ec95debb20da9291080054ac11ad029dfcee01c8,2024-07,Surrey Police,Surrey Police,-0.368657,51.398862,On or near Chandlers Close,E01030335,Elmbridge 003B,Criminal damage and arson,Investigation complete; no suspect identified,
b0c917b0b6266dbcf2f7bb43f2dbde0c5c3957ff619585879201066168c40351,2024-07,Surrey Police,Surrey Police,-0.364268,51.397362,On or near Green Lane,E01030335,Elmbridge 003B,Drugs,Investigation complete; no suspect identified,
b337cdf3bf5b2674b071c9bfaf8397f80e19f947ff43c8526fecc23b1c0f472f,2024-07,Surrey Police,Surrey Police,-0.364268,51.397362,On or near Green Lane,E01030335,Elmbridge 003B,Public order,Investigation complete; no suspect identified,
1814aa0437ed80f8a55bb50c0217b0729455424764dd95b0cf4390dda9cac648,2024-07,Surrey Police,Surrey Police,-0.362478,51.399585,On or near Spring Gardens,E01030335,Elmbridge 003B,Public order,Unable to prosecute suspect,
0c05b3e2515694175ccf70f5e4f5f4a6ffac4536b6e31e76b2ca4f8eef54d220,2024-07,Surrey Police,Surrey Police,-0.362990,51.396535,On or near Field Close,E01030335,Elmbridge 003B,Vehicle crime,Investigation complete; no suspect identified,
09c342e69b8c941d4f4d7a47528f101ce218710b5770426c200be99ea9e3818a,2024-07,Surrey Police,Surrey Police,-0.368229,51.397552,On or near Ray Road,E01030335,Elmbridge 003B,Violence and sexual offences,Unable to prosecute suspect,
2949e49bdef79148fa7692528c50b3f8fccfb7610f1c26a503b1ad4a183acd8c,2024-07,Surrey Police,Surrey Police,-0.368229,51.397552,On or near Ray Road,E01030335,Elmbridge 003B,Violence and sexual offences,Unable to prosecute suspect,
,2024-07,Surrey Police,Surrey Police,-0.379314,51.399936,On or near Central Square,E01030336,Elmbridge 003C,Anti-social behaviour,,
,2024-07,Surrey Police,Surrey Police,-0.379314,51.399936,On or near Central Square,E01030336,Elmbridge 003C,Anti-social behaviour,,
e042a4cbe83207022733565b0aab8305b56570c1b4423b59ee9ef372137a11de,2024-07,Surrey Police,Surrey Police,-0.375124,51.397684,On or near St Barnabas' Gardens,E01030336,Elmbridge 003C,Drugs,Investigation complete; no suspect identified,
48d68386937fc834bde8f863e0940dc4afe2cdd4c78ffdf7b4257db4f4ea0c5d,2024-07,Surrey Police,Surrey Police,-0.375124,51.397684,On or near St Barnabas' Gardens,E01030336,Elmbridge 003C,Drugs,Investigation complete; no suspect identified,
955906f80f8a4a62c0d6e58954fa567e5cf869d9686bedcb849760917073b173,2024-07,Surrey Police,Surrey Police,-0.381248,51.400943,On or near Dunstable Road,E01030336,Elmbridge 003C,Drugs,Local resolution,
4acb01921731ac922f8ce373f1ea72cc97dc23dfc390a4896200af49294a5fbe,2024-07,Surrey Police,Surrey Police,-0.381248,51.400943,On or near Dunstable Road,E01030336,Elmbridge 003C,Public order,Unable to prosecute suspect,
bb5cda63a7eb095919edff2010c4cde10ea6c8f8481049f7cca58bdbf4db99f9,2024-07,Surrey Police,Surrey Police,-0.379314,51.399936,On or near Central Square,E01030336,Elmbridge 003C,Public order,Investigation complete; no suspect identified,
54b01aeb2b6e0aec55bd5aab1155d2fcdc33c0e7154159b697476125ae56627a,2024-07,Surrey Police,Surrey Police,-0.381248,51.400943,On or near Dunstable Road,E01030336,Elmbridge 003C,Public order,Unable to prosecute suspect,
5c132e1efe28125e9963c241d4a8362c1b8d792a919a75f04f076a662cecc33b,2024-07,Surrey Police,Surrey Police,-0.379423,51.400918,On or near Upper Farm Road,E01030336,Elmbridge 003C,Violence and sexual offences,Investigation complete; no suspect identified,
5efa07f5bb8f440916c71edf974f7e88cd380d4c6f9fe30c2588030f6b5eaafe,2024-07,Surrey Police,Surrey Police,-0.383516,51.400228,On or near Tonbridge Road,E01030336,Elmbridge 003C,Violence and sexual offences,Unable to prosecute suspect,
1d672aafe6aa226e223ba1483f034f23954dc8a609dfdcd0812e699beef2a30c,2024-07,Surrey Police,Surrey Police,-0.374402,51.401433,On or near Grovelands,E01030336,Elmbridge 003C,Violence and sexual offences,Unable to prosecute suspect,
,2024-07,Surrey Police,Surrey Police,-0.369067,51.399848,On or near Priory Lane,E01030337,Elmbridge 003D,Anti-social behaviour,,
35e878b9f66761e5a1bc42bc8ef696b1fd848a6326e750f5031305b3880b0d37,2024-07,Surrey Police,Surrey Police,-0.371164,51.402755,On or near St Peters Court,E01030337,Elmbridge 003D,Criminal damage and arson,Investigation complete; no suspect identified,
80ff7ba7e5fdfa0c663e5639ab481973cf159af0ac5087e7304b576090290e5b,2024-07,Surrey Police,Surrey Police,-0.373448,51.398740,On or near Down Street,E01030337,Elmbridge 003D,Criminal damage and arson,Court result unavailable,
3514f14b98661d04542dff6be106a8c123286d4abb8147762332cb1b5b979c87,2024-07,Surrey Police,Surrey Police,-0.369594,51.402013,On or near Dunvegan Close,E01030337,Elmbridge 003D,Public order,Status update unavailable,
9c246d09e3ed1fb492831674739c4b6cf9cf60ce1c9db4cb08748358722410c8,2024-07,Surrey Police,Surrey Police,-0.366099,51.400436,On or near Grange Road,E01030337,Elmbridge 003D,Theft from the person,Unable to prosecute suspect,
636aa71662b83c58220d0d3ad85b33d7d403db34ad1b3492b3770f9b8ae5c6b5,2024-07,Surrey Police,Surrey Police,-0.371164,51.402755,On or near St Peters Court,E01030337,Elmbridge 003D,Vehicle crime,Investigation complete; no suspect identified,
66ffd262844818dbdc3cacf507dd9d4179bce3de3a94f02fbfce66fa06c2ecbb,2024-07,Surrey Police,Surrey Police,-0.369536,51.402435,On or near Cannon Way,E01030337,Elmbridge 003D,Violence and sexual offences,Unable to prosecute suspect,
26ee1bece585e87d4be05f18dd724cfd6b88832fc674b61df4d5285bb849dec2,2024-07,Surrey Police,Surrey Police,-0.372990,51.399902,On or near Odard Road,E01030337,Elmbridge 003D,Violence and sexual offences,Unable to prosecute suspect,
8bf91e28fd5bdf9b44c2896faab145e17a7bab10e60a472a3008f98f9890f1c3,2024-07,Surrey Police,Surrey Police,-0.371487,51.401734,On or near Yeend Close,E01030337,Elmbridge 003D,Violence and sexual offences,Unable to prosecute suspect,
340b9efe99b3157e94ef13b3613928f2c51a922c2d65a91b7b78c7e2a3a8f5a4,2024-07,Surrey Police,Surrey Police,-0.364898,51.401867,On or near Spreighton Road,E01030337,Elmbridge 003D,Violence and sexual offences,Unable to prosecute suspect,
2d584df4c774aab7e45a444e58eeab202fee53bdd1e66905d50077677234c16b,2024-07,Surrey Police,Surrey Police,-0.371487,51.401734,On or near Yeend Close,E01030337,Elmbridge 003D,Violence and sexual offences,Unable to prosecute suspect,
,2024-07,Surrey Police,Surrey Police,-0.404032,51.393990,On or near Thorneycroft Close,E01030361,Elmbridge 004A,Anti-social behaviour,,
,2024-07,Surrey Police,Surrey Police,-0.409697,51.392691,On or near Terrace Road,E01030361,Elmbridge 004A,Anti-social behaviour,,
,2024-07,Surrey Police,Surrey Police,-0.406121,51.389297,On or near Nightingale Road,E01030361,Elmbridge 004A,Anti-social behaviour,,
d956c5c6c71a234ef90c9a4358f86e54f83b7259726a697e2d073c4c4c33e8d5,2024-07,Surrey Police,Surrey Police,-0.411288,51.397692,On or near Sports/Recreation Area,E01030361,Elmbridge 004A,Bicycle theft,Investigation complete; no suspect identified,
727a9dcfc6843de2e89378fbcb11f2ba8e47da3892ac649b43513284cbb91fb5,2024-07,Surrey Police,Surrey Police,-0.411288,51.397692,On or near Sports/Recreation Area,E01030361,Elmbridge 004A,Bicycle theft,Investigation complete; no suspect identified,
d39669688a0881722c748448387206d2b9209ea955242e7e7c3e38abd6138cd5,2024-07,Surrey Police,Surrey Police,-0.411349,51.396886,On or near Waterside Drive,E01030361,Elmbridge 004A,Burglary,Unable to prosecute suspect,
92d088eb4cb78ef4d01175dc2f8e1e286eb6555d67f5ee1dfacde5e2addc0a6a,2024-07,Surrey Police,Surrey Police,-0.411288,51.397692,On or near Sports/Recreation Area,E01030361,Elmbridge 004A,Criminal damage and arson,Investigation complete; no suspect identified,
0e0a4d0e0a2abd6a140073d4f577ca25bc92e42f520f377c1d21a22db71ccbd2,2024-07,Surrey Police,Surrey Police,-0.411288,51.397692,On or near Sports/Recreation Area,E01030361,Elmbridge 004A,Other theft,Investigation complete; no suspect identified,
5a629f77baa04f1bfb8655ddbc1db234978f80a158bc94ddfd99d8aa350ba895,2024-07,Surrey Police,Surrey Police,-0.402479,51.398150,On or near Grant Avenue,E01030361,Elmbridge 004A,Other theft,Status update unavailable,
a5564fd985c3aeea284bbf94edeaeb7149c338f8855765d2f80ac5fe20f1944a,2024-07,Surrey Police,Surrey Police,-0.402479,51.398150,On or near Grant Avenue,E01030361,Elmbridge 004A,Public order,Investigation complete; no suspect identified,
2b16d80b705b42c7861a7ea0048d5aa11fde74352843c3a65109f15f3ced3403,2024-07,Surrey Police,Surrey Police,-0.404032,51.393990,On or near Thorneycroft Close,E01030361,Elmbridge 004A,Vehicle crime,Investigation complete; no suspect identified,
3a5843d3f57ebbe8f2000b1d88ff30e12dabf1237a9a98660896aeabed12e8e1,2024-07,Surrey Police,Surrey Police,-0.403422,51.397057,On or near Rivernook Close,E01030361,Elmbridge 004A,Violence and sexual offences,Unable to prosecute suspect,
c7226bd1d623b066d5c6411097131736f19b032af6c7c96a2c1b1c0e47a0a6d9,2024-07,Surrey Police,Surrey Police,-0.408871,51.391232,On or near Garden Road,E01030361,Elmbridge 004A,Violence and sexual offences,Court result unavailable,
14b9c9360ffe42a94a7bddfaaf9ff2893927279c0976dc605f8e58be2e5dcbcb,2024-07,Surrey Police,Surrey Police,-0.411288,51.397692,On or near Sports/Recreation Area,E01030361,Elmbridge 004A,Violence and sexual offences,Unable to prosecute suspect,
b2dbc384eece50affa7cc60fca06f1e579a39b1713fbc7c06ba8106634cb3b21,2024-07,Surrey Police,Surrey Police,-0.411349,51.396886,On or near Waterside Drive,E01030361,Elmbridge 004A,Violence and sexual offences,Unable to prosecute suspect,
b24b5fc59570c5cc6864fe9478f159f64144c624e128484261ac83510c2e2015,2024-07,Surrey Police,Surrey Police,-0.402479,51.398150,On or near Grant Avenue,E01030361,Elmbridge 004A,Violence and sexual offences,Unable to prosecute suspect,
76f96547aa11961910e4b34e7a4f0e7f28ebcb25d4f09827430751f27b74770b,2024-07,Surrey Police,Surrey Police,-0.402479,51.398150,On or near Grant Avenue,E01030361,Elmbridge 004A,Violence and sexual offences,Awaiting court outcome,
747b03f6b852c7ccd796e438aa5be3ded1ec0cce94e8ac682263287cddfa7f9d,2024-07,Surrey Police,Surrey Police,-0.407715,51.390587,On or near Orchard Close,E01030361,Elmbridge 004A,Violence and sexual offences,Unable to prosecute suspect,
b568289cc21d955b61d9169302a92e3b72def38c11a7f6bb57ab61c0f4ac995f,2024-07,Surrey Police,Surrey Police,-0.402479,51.398150,On or near Grant Avenue,E01030361,Elmbridge 004A,Violence and sexual offences,Unable to prosecute suspect,
146ca7b2d0f03f304a146fefbfd2e3e9241f43ba4110acc7823baab4bd29377b,2024-07,Surrey Police,Surrey Police,-0.407213,51.390130,On or near Carlton Road,E01030361,Elmbridge 004A,Violence and sexual offences,Unable to prosecute suspect,
52937c319f7707f95194795fc560aff04253dbb2e47cea4e9164936d04b14c49,2024-07,Surrey Police,Surrey Police,-0.402479,51.398150,On or near Grant Avenue,E01030361,Elmbridge 004A,Violence and sexual offences,Investigation complete; no suspect identified,
903759db73a76f3b1e5af12e5256f0802061c53c7af08855c731712d43bb2ac1,2024-07,Surrey Police,Surrey Police,-0.402479,51.398150,On or near Grant Avenue,E01030361,Elmbridge 004A,Violence and sexual offences,Investigation complete; no suspect identified,
,2024-07,Surrey Police,Surrey Police,-0.384740,51.386297,On or near Byron Close,E01030362,Elmbridge 004B,Anti-social behaviour,,
,2024-07,Surrey Police,Surrey Police,-0.384111,51.388645,On or near Homefield Road,E01030362,Elmbridge 004B,Anti-social behaviour,,
,2024-07,Surrey Police,Surrey Police,-0.383075,51.387453,On or near Oakbank Avenue,E01030362,Elmbridge 004B,Anti-social behaviour,,
b02b28b8f810b89230727c74c0cec8a2efa9e22a1951da8cdef12397749fc08d,2024-07,Surrey Police,Surrey Police,-0.380786,51.388392,On or near Hurtwood Road,E01030362,Elmbridge 004B,Criminal damage and arson,Investigation complete; no suspect identified,
46dccde3c739920461e6aa93934d213c4cab44ff66e82ad77c9463072f9b7515,2024-07,Surrey Police,Surrey Police,-0.380786,51.388392,On or near Hurtwood Road,E01030362,Elmbridge 004B,Drugs,Formal action is not in the public interest,
88ba4ac87bc2b67ec1ef00b4203d47ae013b79e8a4873ac16c39baa67344460a,2024-07,Surrey Police,Surrey Police,-0.383029,51.389988,On or near Mellor Close,E01030362,Elmbridge 004B,Other theft,Investigation complete; no suspect identified,
ab62cfedbe81f29b19ec5d7844cbe129c3110ac53be3fde88a80e7f0cd90b892,2024-07,Surrey Police,Surrey Police,-0.384111,51.388645,On or near Homefield Road,E01030362,Elmbridge 004B,Violence and sexual offences,Unable to prosecute suspect,
c9deebb724bfa48f2efd5c6d9aef53524205fde33ec7a61f12ced7cbd4913e72,2024-07,Surrey Police,Surrey Police,-0.382722,51.386063,On or near Fieldcommon Lane,E01030362,Elmbridge 004B,Violence and sexual offences,Unable to prosecute suspect,
047c3e953c28878ec2104411e0c004a3a91e354801486b33f4f10f7d78abd954,2024-07,Surrey Police,Surrey Police,-0.383075,51.387453,On or near Oakbank Avenue,E01030362,Elmbridge 004B,Violence and sexual offences,Unable to prosecute suspect,
3a11f9659cefe9b61f81ae261750884cb43726027a88a39ac6f3a6d3c655364f,2024-07,Surrey Police,Surrey Police,-0.382722,51.386063,On or near Fieldcommon Lane,E01030362,Elmbridge 004B,Violence and sexual offences,Unable to prosecute suspect,
1be8985fafbc587a9057d45f783beba148c07c079c3c8eb13ad8d03eb9428bc5,2024-07,Surrey Police,Surrey Police,-0.385897,51.387303,On or near Fernbank Avenue,E01030362,Elmbridge 004B,Violence and sexual offences,Unable to prosecute suspect,
5c81e3ab4f67f930f9a6931b1996cf7f0ab0844698349343aa6464ebd45b1238,2024-07,Surrey Police,Surrey Police,-0.385399,51.386774,On or near Westfield Road,E01030362,Elmbridge 004B,Violence and sexual offences,Unable to prosecute suspect,
df653c53c084f2714a8b209a0545d7dce0219b48f31b54c57efb3faee062968b,2024-07,Surrey Police,Surrey Police,-0.383029,51.389988,On or near Mellor Close,E01030362,Elmbridge 004B,Violence and sexual offences,Unable to prosecute suspect,
7993027b6865d0f343b3279f94725d02d42932068ec880757431adf1505df8e8,2024-07,Surrey Police,Surrey Police,-0.385399,51.386774,On or near Westfield Road,E01030362,Elmbridge 004B,Violence and sexual offences,Investigation complete; no suspect identified,
,2024-07,Surrey Police,Surrey Police,-0.416266,51.394371,On or near Tumbling Bay,E01030363,Elmbridge 004C,Anti-social behaviour,,
,2024-07,Surrey Police,Surrey Police,-0.411900,51.391345,On or near Supermarket,E01030363,Elmbridge 004C,Anti-social behaviour,,
1da85664d4fc84e37ab8b6fac2717850a1ae6109aaa39aa3f6a99acdadea89c1,2024-07,Surrey Police,Surrey Police,-0.416527,51.394726,On or near Armstrong Close,E01030363,Elmbridge 004C,Bicycle theft,Investigation complete; no suspect identified,
f822f2c61123805d2660b2d58121cbb92ccdd0d55bd9331626403e846782a42d,2024-07,Surrey Police,Surrey Police,-0.413193,51.390121,On or near Lancaster Court,E01030363,Elmbridge 004C,Other theft,Unable to prosecute suspect,
7e17e2465023969f0d668ca63b86668f5e2f3bb057dea8dcc5e76c90bf90025f,2024-07,Surrey Police,Surrey Police,-0.410263,51.390459,On or near The Grove,E01030363,Elmbridge 004C,Other theft,Investigation complete; no suspect identified,
82e8bdd115e267dd54ce8cad945fb10fd91360f01714ef9ddcc73c53e56d8f8d,2024-07,Surrey Police,Surrey Police,-0.411900,51.391345,On or near Supermarket,E01030363,Elmbridge 004C,Public order,Investigation complete; no suspect identified,
7356c7ccc369f991705b52ce612af6ec4949d02732292ead5a58c4ca785e1d01,2024-07,Surrey Police,Surrey Police,-0.411212,51.392531,On or near Cambridge Road,E01030363,Elmbridge 004C,Public order,Unable to prosecute suspect,
46c681c5caf0541d29f9353bdba0028f21becb7dcf53ed57da864e4c3923875f,2024-07,Surrey Police,Surrey Police,-0.411900,51.391345,On or near Supermarket,E01030363,Elmbridge 004C,Vehicle crime,Investigation complete; no suspect identified,
b980b030ccbc13c543738ae672a7b33559a90d8d2755efc72a63c5ee8158b3b9,2024-07,Surrey Police,Surrey Police,-0.411900,51.391345,On or near Supermarket,E01030363,Elmbridge 004C,Violence and sexual offences,Action to be taken by another organisation,
bb7b1b499ea98137cad71fe2905aefeab87b157ef677723bf2813c4be4d8cb33,2024-07,Surrey Police,Surrey Police,-0.413711,51.390929,On or near Parking Area,E01030363,Elmbridge 004C,Violence and sexual offences,Unable to prosecute suspect,
e41a2646c82cdae077be08e4246b32dacee0ed1ae0eb0de759ade85fb2654d21,2024-07,Surrey Police,Surrey Police,-0.411900,51.391345,On or near Supermarket,E01030363,Elmbridge 004C,Other crime,Further investigation is not in the public interest,
,2024-07,Surrey Police,Surrey Police,-0.407104,51.391639,On or near Second Avenue,E01030364,Elmbridge 004D,Anti-social behaviour,,
,2024-07,Surrey Police,Surrey Police,-0.406004,51.393504,On or near Kilsha Road,E01030364,Elmbridge 004D,Anti-social behaviour,,
4dc5edfde98d5c2b27bae6f1c461bbe6d7c84a35351835e3007261626c703613,2024-07,Surrey Police,Surrey Police,-0.406004,51.393504,On or near Kilsha Road,E01030364,Elmbridge 004D,Criminal damage and arson,Investigation complete; no suspect identified,
71ae0edffee328341bf637b6b959455d009361e35678f2c71d83d179c25f78c3,2024-07,Surrey Police,Surrey Police,-0.404958,51.389695,On or near Pankhurst Road,E01030364,Elmbridge 004D,Other theft,Investigation complete; no suspect identified,
8f0081087b8fb391b23462ceeb448a2ddea15c54e1c7c8ed3402e9eb2e383c63,2024-07,Surrey Police,Surrey Police,-0.405079,51.392826,On or near Vicarage Fields,E01030364,Elmbridge 004D,Violence and sexual offences,Unable to prosecute suspect,
c83b659d1c4b160ebf50b95ac3be0ab3a4c0308d9ba412b9b03df1916b4122a1,2024-07,Surrey Police,Surrey Police,-0.405079,51.392826,On or near Vicarage Fields,E01030364,Elmbridge 004D,Violence and sexual offences,Unable to prosecute suspect,
b2c34f7043b9602700114da45857d2eda1ee05b9a5fff91151c4f48a7be3db1d,2024-07,Surrey Police,Surrey Police,-0.403614,51.390720,On or near Telford Drive,E01030364,Elmbridge 004D,Violence and sexual offences,Unable to prosecute suspect,
a951a4e3422ee2aa67c975a30eef47387181d72662da75bb6087ddbcda5fc0c7,2024-07,Surrey Police,Surrey Police,-0.403614,51.390720,On or near Telford Drive,E01030364,Elmbridge 004D,Violence and sexual offences,Unable to prosecute suspect,
b7f9bb39ad042b23e628755b92e2123b840d683c5bac0acba3387ea71f21bb03,2024-07,Surrey Police,Surrey Police,-0.403614,51.390720,On or near Telford Drive,E01030364,Elmbridge 004D,Violence and sexual offences,Unable to prosecute suspect,
b68f5a8d34a7af4e8fb116a834686e2965f2cc0ba4e7c827e72687209059f245,2024-07,Surrey Police,Surrey Police,-0.402973,51.387671,On or near Shaw Drive,E01030364,Elmbridge 004D,Violence and sexual offences,Unable to prosecute suspect,
b92f92adbc3e1ae26c608c589519185bebd98ac37cd1e74d99185b03b56e9d6d,2024-07,Surrey Police,Surrey Police,-0.403075,51.392169,On or near Viners Close,E01030364,Elmbridge 004D,Violence and sexual offences,Investigation complete; no suspect identified,
,2024-07,Surrey Police,Surrey Police,-0.331040,51.391642,On or near Boyle Farm Road,E01030350,Elmbridge 005A,Anti-social behaviour,,
8b2d36e993c0d59e2ee54e6491670faa2f7dc17a7c319a2dbff173bc7a1f1107,2024-07,Surrey Police,Surrey Police,-0.331227,51.392814,On or near Ferry Terminal,E01030350,Elmbridge 005A,Criminal damage and arson,Investigation complete; no suspect identified,
3b21b5b4bb0c4c40c3c632fab42945b16afda36dff9f06021fcceca3e125d8ff,2024-07,Surrey Police,Surrey Police,-0.331227,51.392814,On or near Ferry Terminal,E01030350,Elmbridge 005A,Criminal damage and arson,Investigation complete; no suspect identified,
181f80633fedd813cc6a8511fc6619f09277aa1235e08c9b6f50bce3dc61ba9d,2024-07,Surrey Police,Surrey Police,-0.325417,51.386993,On or near Thorkhill Road,E01030350,Elmbridge 005A,Other theft,Investigation complete; no suspect identified,
e3983df8dd067e3a3e6b137d4b1a05e622896274ef6a1e59b5e0698f099bb38f,2024-07,Surrey Police,Surrey Police,-0.325417,51.386993,On or near Thorkhill Road,E01030350,Elmbridge 005A,Vehicle crime,Investigation complete; no suspect identified,
390baa3f7b6c79c5473eeace3ab24b1c664b3dddd12356f57b2e3646425d90f2,2024-07,Surrey Police,Surrey Police,-0.327964,51.387300,On or near Rythe Court,E01030350,Elmbridge 005A,Violence and sexual offences,Unable to prosecute suspect,
7d47c0f6902f09569d83c1b9b64455c1c33631df7899051eae32365bbf81974a,2024-07,Surrey Police,Surrey Police,-0.331040,51.391642,On or near Boyle Farm Road,E01030350,Elmbridge 005A,Violence and sexual offences,Unable to prosecute suspect,
c7137318b56b2448334db3c53b0e83b316147e1dc7dbd34cca1df492e15936b3,2024-07,Surrey Police,Surrey Police,-0.331040,51.391642,On or near Boyle Farm Road,E01030350,Elmbridge 005A,Violence and sexual offences,Unable to prosecute suspect,
b0e0785531051244132dd6a42fc8c1f74d3d93a6691a94265633946e6e8fb82a,2024-07,Surrey Police,Surrey Police,-0.337177,51.395200,On or near Summer Road,E01030351,Elmbridge 005B,Criminal damage and arson,Unable to prosecute suspect,
a22554edb953d37ad8d9a4679d1c7042ad790b5cb807002f45ecb45892a46b74,2024-07,Surrey Police,Surrey Police,-0.336204,51.396265,On or near Queen'S Road,E01030351,Elmbridge 005B,Other theft,Unable to prosecute suspect,
efefc4e85773ae8a4b911fe45025088286e6c30571971071dbeb6b2f58f366e4,2024-07,Surrey Police,Surrey Police,-0.337177,51.395200,On or near Summer Road,E01030351,Elmbridge 005B,Vehicle crime,Investigation complete; no suspect identified,
894368a36dc06681a5d64e08c661cf0c52605b3bf7cb52a5b4e3e1e6d1db2476,2024-07,Surrey Police,Surrey Police,-0.337177,51.395200,On or near Summer Road,E01030351,Elmbridge 005B,Violence and sexual offences,Action to be taken by another organisation,
c4031f0cef89aa0b81052e334e84cccc87dd80c1edff1cebcb49434430c013da,2024-07,Surrey Police,Surrey Police,-0.337177,51.395200,On or near Summer Road,E01030351,Elmbridge 005B,Violence and sexual offences,Unable to prosecute suspect,
31d60b3e6a70ff9766fc69ad651e8d8324cbd1eee79c8e09713ccacdc303e7d5,2024-07,Surrey Police,Surrey Police,-0.337177,51.395200,On or near Summer Road,E01030351,Elmbridge 005B,Violence and sexual offences,Action to be taken by another organisation,
40b497460f9d9d354e5d264210aa51d012b04c4acc3107c7732277b93d56158c,2024-07,Surrey Police,Surrey Police,-0.339493,51.389595,On or near B364,E01030352,Elmbridge 005C,Bicycle theft,Investigation complete; no suspect identified,
f570759373d8d97ff0742dd7c26067a85755834774d89c0d718eaad25441acaf,2024-07,Surrey Police,Surrey Police,-0.332885,51.387927,On or near Ditton Close,E01030352,Elmbridge 005C,Other theft,Unable to prosecute suspect,
68461a72f00085bfd87c4a0073fdfb3f023a2d710f533b35f145adb080c08928,2024-07,Surrey Police,Surrey Police,-0.339583,51.385531,On or near Longmead Road,E01030352,Elmbridge 005C,Public order,Unable to prosecute suspect,
0d7ac73a5658431126cac29ff010568ccf927b27492be937c924e6a9d96fc189,2024-07,Surrey Police,Surrey Police,-0.340482,51.390859,On or near Imber Cross,E01030352,Elmbridge 005C,Vehicle crime,Investigation complete; no suspect identified,
58da0da15337086a6cd45d7e57726fa6a8e83a880a3fc6cd8c7c12746e4e3a7a,2024-07,Surrey Police,Surrey Police,-0.344116,51.390532,On or near Embercourt Road,E01030352,Elmbridge 005C,Vehicle crime,Investigation complete; no suspect identified,
41cb031045ae0f0109a34799d345f529c6c2641c79ce9a490b8c78c0eb8249b0,2024-07,Surrey Police,Surrey Police,-0.332885,51.387927,On or near Ditton Close,E01030352,Elmbridge 005C,Violence and sexual offences,Unable to prosecute suspect,
a7ac8e6474e393800866ce5f8c7813a6daac5758dec5e332a2b06b5e3811b87a,2024-07,Surrey Police,Surrey Police,-0.339583,51.385531,On or near Longmead Road,E01030352,Elmbridge 005C,Violence and sexual offences,Unable to prosecute suspect,
16af523c478c83cfe3bea0fb07dd7ddd090379072e4cf4ce8f16af608e9055a4,2024-07,Surrey Police,Surrey Police,-0.330998,51.385275,On or near Giggs Hill Gardens,E01030353,Elmbridge 005D,Public order,Unable to prosecute suspect,
259c9220834bd9f3a48f663af56df52ca4089caf9b3dabe1dc88c4d48bf8a1ff,2024-07,Surrey Police,Surrey Police,-0.326986,51.384561,On or near Thorkhill Gardens,E01030353,Elmbridge 005D,Public order,Investigation complete; no suspect identified,
105f9a15ac918a325e41c28dd0e4f8c055b1278ad8f6f0d7f1f9a092ba93f225,2024-07,Surrey Police,Surrey Police,-0.318675,51.388983,On or near Savery Drive,E01030322,Elmbridge 006A,Burglary,Investigation complete; no suspect identified,
3827258348878a591e8fa2fb1bb12467b82fd3176cbce07c3a480a49f93d65e7,2024-07,Surrey Police,Surrey Police,-0.324146,51.390311,On or near Petrol Station,E01030322,Elmbridge 006A,Other theft,Investigation complete; no suspect identified,
63b4f0d2dfb29ab293bec3d53343cfdf90a92d4f754c8e1224cba46f5e861037,2024-07,Surrey Police,Surrey Police,-0.317820,51.389960,On or near Chadwick Place,E01030322,Elmbridge 006A,Vehicle crime,Investigation complete; no suspect identified,
075f94c796b55eca41b62bd5cea6e474eead187131d9367c727191e51012c1ce,2024-07,Surrey Police,Surrey Police,-0.320774,51.389364,On or near Vallings Place,E01030322,Elmbridge 006A,Violence and sexual offences,Investigation complete; no suspect identified,
46704e8469d5e0e7788ebbc90cf176e973b3ba9a8cadd5e2eddadc4f2c3188ca,2024-07,Surrey Police,Surrey Police,-0.320774,51.389364,On or near Vallings Place,E01030322,Elmbridge 006A,Violence and sexual offences,Unable to prosecute suspect,
be38fbdfd781c899e528814088eeb4d54c9d6f43004f67c298d5117d5eae7ae6,2024-07,Surrey Police,Surrey Police,-0.315923,51.386426,On or near St Chads Close,E01030323,Elmbridge 006B,Criminal damage and arson,Unable to prosecute suspect,
358f433afad5b99cc0add9a7c3308865b8dc4a2307653ed9eabde30052c39a32,2024-07,Surrey Police,Surrey Police,-0.315923,51.386426,On or near St Chads Close,E01030323,Elmbridge 006B,Public order,Unable to prosecute suspect,
da1a443f2ba3fd0e429a5b8f3292e86ff6a8ee1d0266f636d0c8d92844402afe,2024-07,Surrey Police,Surrey Police,-0.317432,51.385647,On or near Fleece Road,E01030323,Elmbridge 006B,Violence and sexual offences,Investigation complete; no suspect identified,
64051d6702ef25875d06a6c8b61d85f411747d1d14f7e99e5b11015ab0050372,2024-07,Surrey Police,Surrey Police,-0.315923,51.386426,On or near St Chads Close,E01030323,Elmbridge 006B,Violence and sexual offences,Unable to prosecute suspect,
,2024-07,Surrey Police,Surrey Police,-0.321083,51.384054,On or near Sugden Road,E01030324,Elmbridge 006C,Anti-social behaviour,,
1238b96838e856d785109c9b467cd8911099bcf7acbe4a5b34cb1f2343ffb10f,2024-07,Surrey Police,Surrey Police,-0.317436,51.383183,On or near Ditton Hill Road,E01030324,Elmbridge 006C,Bicycle theft,Investigation complete; no suspect identified,
4791553a678776176c535a02bcd3788ab0bc116f471fb2ebd570fd5e35d4ae19,2024-07,Surrey Police,Surrey Police,-0.316447,51.383915,On or near King'S Road,E01030324,Elmbridge 006C,Criminal damage and arson,Investigation complete; no suspect identified,
8ba0d875b09f46de25964268b67b9ec722addcce2efd6b5d208c64b226be0e8f,2024-07,Surrey Police,Surrey Police,-0.322154,51.386227,On or near Ewell Road,E01030324,Elmbridge 006C,Other theft,Investigation complete; no suspect identified,
5a2bbc3cb457d84221433a95572536154bdc63e2e42ac14f1afb844861804daf,2024-07,Surrey Police,Surrey Police,-0.326588,51.383260,On or near St Andrews Close,E01030325,Elmbridge 006D,Other theft,Investigation complete; no suspect identified,
c3513bb652ac316817beb32d8d9306895f4a3897e7ed1a12a76474308320fc95,2024-07,Surrey Police,Surrey Police,-0.325503,51.381078,On or near Bankside Drive,E01030325,Elmbridge 006D,Violence and sexual offences,Unable to prosecute suspect,
6caaafa190a5bc3c41418b055da32c2d6e6d71e9bd50c3b22e39eaed2f1a4e9d,2024-07,Surrey Police,Surrey Police,-0.317972,51.379549,On or near Woodstock Lane North,E01030325,Elmbridge 006D,Violence and sexual offences,Investigation complete; no suspect identified,
9a24010f619dfa86ffea25c8ed94e78bbd0d9bb995585c6acb369a8bb8e13b4b,2024-07,Surrey Police,Surrey Police,-0.325503,51.381078,On or near Bankside Drive,E01030325,Elmbridge 006D,Violence and sexual offences,Investigation complete; no suspect identified,
d39656234a683f7c0e7644e10c4e1fe1cf0f133b21b4b465255b4206815a4c99,2024-07,Surrey Police,Surrey Police,-0.325503,51.381078,On or near Bankside Drive,E01030325,Elmbridge 006D,Violence and sexual offences,Unable to prosecute suspect,
,2024-07,Surrey Police,Surrey Police,-0.421907,51.389160,On or near Berkeley Gardens,E01030357,Elmbridge 007A,Anti-social behaviour,,
,2024-07,Surrey Police,Surrey Police,-0.420082,51.388326,On or near Harvey Road,E01030357,Elmbridge 007A,Anti-social behaviour,,
,2024-07,Surrey Police,Surrey Police,-0.425030,51.387781,On or near River Mount,E01030357,Elmbridge 007A,Anti-social behaviour,,
,2024-07,Surrey Police,Surrey Police,-0.420082,51.388326,On or near Harvey Road,E01030357,Elmbridge 007A,Anti-social behaviour,,
4723242d25fa31340588c4e5b8de439ef840151fd355bb68cb600f3563d75e47,2024-07,Surrey Police,Surrey Police,-0.421907,51.389160,On or near Berkeley Gardens,E01030357,Elmbridge 007A,Burglary,Investigation complete; no suspect identified,
5a1cc0ed28bec34d73d0b8bbfd0715ff774073bba9f820b206378bf329aed2a2,2024-07,Surrey Police,Surrey Police,-0.420891,51.386520,On or near Shopping Area,E01030357,Elmbridge 007A,Other theft,Investigation complete; no suspect identified,
7d49e62bff06e9ab434669dfdf33ebd5b54f65ac86263a91163a9e4f29fd9e9d,2024-07,Surrey Police,Surrey Police,-0.420891,51.386520,On or near Shopping Area,E01030357,Elmbridge 007A,Other theft,Investigation complete; no suspect identified,
0893ec2d627b7a0eac3a870366fbc7899ca5a5d8256c1d391cb069672c0ebef2,2024-07,Surrey Police,Surrey Police,-0.422275,51.387672,On or near Thames Street,E01030357,Elmbridge 007A,Public order,Further action is not in the public interest,
9026b3533b84d63f6aa9078d7dd34b5df8a56b482f578efde57450ea66a192a7,2024-07,Surrey Police,Surrey Police,-0.422275,51.387672,On or near Thames Street,E01030357,Elmbridge 007A,Public order,Further action is not in the public interest,
bf70fe8c67340cd58e43798b6f9a1b5ecb3120044496dc0696b002aee3605b5b,2024-07,Surrey Police,Surrey Police,-0.422275,51.387672,On or near Thames Street,E01030357,Elmbridge 007A,Public order,Further action is not in the public interest,
fbcb0b592665207ba40d30aca1fbf3aff186f475e33756d7e3ac8db04eeeaf46,2024-07,Surrey Police,Surrey Police,-0.420891,51.386520,On or near Shopping Area,E01030357,Elmbridge 007A,Public order,Investigation complete; no suspect identified,
94109a1ca545039be4d59f70db4f35ebd5fda473441ab14b5c6a3a0fc6dcfdcc,2024-07,Surrey Police,Surrey Police,-0.421907,51.389160,On or near Berkeley Gardens,E01030357,Elmbridge 007A,Public order,Unable to prosecute suspect,
c38045bc202efea79b974c11c2a198f1f13689587dbab0bfc738520a5f7e5b3c,2024-07,Surrey Police,Surrey Police,-0.420891,51.386520,On or near Shopping Area,E01030357,Elmbridge 007A,Vehicle crime,Investigation complete; no suspect identified,
02452beaeb6abdad2df6ab405b9b439ccca3b492f8c2040f6524424992c09af1,2024-07,Surrey Police,Surrey Police,-0.421907,51.389160,On or near Berkeley Gardens,E01030357,Elmbridge 007A,Violence and sexual offences,Investigation complete; no suspect identified,
f314f7b43e4da879117edef0bc664b021883812c8c8208426fac249f0496ae03,2024-07,Surrey Police,Surrey Police,-0.420891,51.386520,On or near Shopping Area,E01030357,Elmbridge 007A,Violence and sexual offences,Unable to prosecute suspect,
64e08398a6b9451e7a8d6993d8dd6871c42a82a4613eba56073ca42d42efcec4,2024-07,Surrey Police,Surrey Police,-0.420891,51.386520,On or near Shopping Area,E01030357,Elmbridge 007A,Violence and sexual offences,Investigation complete; no suspect identified,
62f99e596a2555a8ea80d031a524e38c973537c3bf67045420ec73b66424a9b5,2024-07,Surrey Police,Surrey Police,-0.420891,51.386520,On or near Shopping Area,E01030357,Elmbridge 007A,Violence and sexual offences,Unable to prosecute suspect,
88a611237a085178cc10a5baef6c73b36cdbefbca774a7166cbc14fc8a209349,2024-07,Surrey Police,Surrey Police,-0.420942,51.390055,On or near Swan Close,E01030357,Elmbridge 007A,Other crime,Unable to prosecute suspect,
,2024-07,Surrey Police,Surrey Police,-0.420223,51.383382,On or near Ashley Park Crescent,E01030360,Elmbridge 007D,Anti-social behaviour,,
,2024-07,Surrey Police,Surrey Police,-0.416762,51.381663,On or near Red House Lane,E01030360,Elmbridge 007D,Anti-social behaviour,,
,2024-07,Surrey Police,Surrey Police,-0.420223,51.383382,On or near Ashley Park Crescent,E01030360,Elmbridge 007D,Anti-social behaviour,,
c5866bddf2cb97d1e3f49f1050bec9037f81b352e2bb125881eef7d79ae888e2,2024-07,Surrey Police,Surrey Police,-0.423804,51.381801,On or near Sports/Recreation Area,E01030360,Elmbridge 007D,Criminal damage and arson,Investigation complete; no suspect identified,
bc2774141081fcd59a3e3940612e2b1bf42fd1a58c693682fd243dedca92507a,2024-07,Surrey Police,Surrey Police,-0.422119,51.385089,On or near Parking Area,E01030360,Elmbridge 007D,Criminal damage and arson,Investigation complete; no suspect identified,
48d2ac758e5a7637c3a1cbc9f1a69d2a2d689a57a3bed40dffea22de50d649c0,2024-07,Surrey Police,Surrey Police,-0.427119,51.379248,On or near Ireton Avenue,E01030360,Elmbridge 007D,Other theft,Investigation complete; no suspect identified,
19ddfa8da9be713ab6920286abf5e584901ab1d46596613f05cdf2d5ffa591a7,2024-07,Surrey Police,Surrey Police,-0.422119,51.385089,On or near Parking Area,E01030360,Elmbridge 007D,Public order,Investigation complete; no suspect identified,
2ac07d79afca4d8d1e0f53620fd3471a800a60161b82f3b05ac6acffe100bcd4,2024-07,Surrey Police,Surrey Police,-0.422119,51.385089,On or near Parking Area,E01030360,Elmbridge 007D,Shoplifting,Status update unavailable,
ffbcf6d99df712b4c2dc6682301bab0492b4e4ccf760baaac1211e4ddc6da443,2024-07,Surrey Police,Surrey Police,-0.422119,51.385089,On or near Parking Area,E01030360,Elmbridge 007D,Shoplifting,Unable to prosecute suspect,
c358b53149364ceeb06318b485e4ab1d9822797ba5d94d14c47481e78fa4ae08,2024-07,Surrey Police,Surrey Police,-0.422119,51.385089,On or near Parking Area,E01030360,Elmbridge 007D,Shoplifting,Status update unavailable,
edd53e8ffedff888bb39e382131d371c2b23b5895bcddf71acff5f4657dc8e2c,2024-07,Surrey Police,Surrey Police,-0.421798,51.381056,On or near Ashley Park Avenue,E01030360,Elmbridge 007D,Vehicle crime,Investigation complete; no suspect identified,
dd4a25c1395387ade83853dd4398b14ed98b8d8a235d50e39032fb2eca465388,2024-07,Surrey Police,Surrey Police,-0.421798,51.381056,On or near Ashley Park Avenue,E01030360,Elmbridge 007D,Vehicle crime,Investigation complete; no suspect identified,
5febadc2092e176f37327c8e3f6061f0bc3317f172f5fbdd405ec8ffeda73dde,2024-07,Surrey Police,Surrey Police,-0.422119,51.385089,On or near Parking Area,E01030360,Elmbridge 007D,Violence and sexual offences,Unable to prosecute suspect,
,2024-07,Surrey Police,Surrey Police,-0.419013,51.387655,On or near Parking Area,E01034285,Elmbridge 007E,Anti-social behaviour,,
,2024-07,Surrey Police,Surrey Police,-0.418777,51.386995,On or near Church Street,E01034285,Elmbridge 007E,Anti-social behaviour,,
,2024-07,Surrey Police,Surrey Police,-0.420394,51.385093,On or near Shopping Area,E01034285,Elmbridge 007E,Anti-social behaviour,,
,2024-07,Surrey Police,Surrey Police,-0.418777,51.386995,On or near Church Street,E01034285,Elmbridge 007E,Anti-social behaviour,,
,2024-07,Surrey Police,Surrey Police,-0.418777,51.386995,On or near Church Street,E01034285,Elmbridge 007E,Anti-social behaviour,,
2937748294d50b61454f10bb995912570f06034aead5c3f26f16a589c187b5ff,2024-07,Surrey Police,Surrey Police,-0.420394,51.385093,On or near Shopping Area,E01034285,Elmbridge 007E,Burglary,Investigation complete; no suspect identified,
2de024aaccace8a1c9b3f94bfd15be272b9ab2a737c4661078f1c4e0b001aad8,2024-07,Surrey Police,Surrey Police,-0.420394,51.385093,On or near Shopping Area,E01034285,Elmbridge 007E,Criminal damage and arson,Investigation complete; no suspect identified,
00c331b2eeffd7f4937c827c33b5e313f0a4b58ba19465bcdc71bb21de166354,2024-07,Surrey Police,Surrey Police,-0.420394,51.385093,On or near Shopping Area,E01034285,Elmbridge 007E,Criminal damage and arson,Investigation complete; no suspect identified,
dfe51aaf63346282ee29de42721a99ee083bdcc7a7d8d7775ca6b527c9192867,2024-07,Surrey Police,Surrey Police,-0.420394,51.385093,On or near Shopping Area,E01034285,Elmbridge 007E,Criminal damage and arson,Investigation complete; no suspect identified,
deffd632cfcb764bdb3f790ddbc1764568edf44d143e8a5f38a178b100512b08,2024-07,Surrey Police,Surrey Police,-0.418777,51.386995,On or near Church Street,E01034285,Elmbridge 007E,Criminal damage and arson,Investigation complete; no suspect identified,
bb379d5bd423a1901cb3a6e20dc0acdf9a1567191e749f79721c4992be957370,2024-07,Surrey Police,Surrey Police,-0.420394,51.385093,On or near Shopping Area,E01034285,Elmbridge 007E,Criminal damage and arson,Investigation complete; no suspect identified,
dd900dce4807d04bb61b4e22c4513357d26dc37b83d319c83b505f14430fe5fc,2024-07,Surrey Police,Surrey Police,-0.420394,51.385093,On or near Shopping Area,E01034285,Elmbridge 007E,Drugs,Unable to prosecute suspect,
3535ff6ff05592ffb8489724b4a3de472a58ecd6af07732fb7f51be6ca358fcc,2024-07,Surrey Police,Surrey Police,-0.419013,51.387655,On or near Parking Area,E01034285,Elmbridge 007E,Drugs,Status update unavailable,
bdf2769b33a6ec5cd1d7c2b6f66bb8af2064f1c80060cfac971b54bf27415e32,2024-07,Surrey Police,Surrey Police,-0.419013,51.387655,On or near Parking Area,E01034285,Elmbridge 007E,Possession of weapons,Unable to prosecute suspect,
86f408281bbd598d1d6f730eecbe344af0452dc57560d1439adc4196c4b20a48,2024-07,Surrey Police,Surrey Police,-0.420394,51.385093,On or near Shopping Area,E01034285,Elmbridge 007E,Public order,Investigation complete; no suspect identified,
66a1b1967f80435b7e9f23b4482ad32031e034c474fe22895ccb742e603607d0,2024-07,Surrey Police,Surrey Police,-0.420394,51.385093,On or near Shopping Area,E01034285,Elmbridge 007E,Violence and sexual offences,Unable to prosecute suspect,
1f00f4e24f5f4c5beff55435c922c73cebf974cd25ebd9c4eefbd7ea663b83c9,2024-07,Surrey Police,Surrey Police,-0.419013,51.387655,On or near Parking Area,E01034285,Elmbridge 007E,Violence and sexual offences,Unable to prosecute suspect,
3ba231096f98453f83de59dc952f2d7167a5cfee327a5eff518a05e9244fda56,2024-07,Surrey Police,Surrey Police,-0.419013,51.387655,On or near Parking Area,E01034285,Elmbridge 007E,Violence and sexual offences,Unable to prosecute suspect,
d8a28dc95f063e4d5a1c9503b910d5bf8881bd0fc2ccb79147184691822915a4,2024-07,Surrey Police,Surrey Police,-0.419013,51.387655,On or near Parking Area,E01034285,Elmbridge 007E,Violence and sexual offences,Unable to prosecute suspect,
,2024-07,Surrey Police,Surrey Police,-0.415001,51.382727,On or near Oakfields,E01034286,Elmbridge 007F,Anti-social behaviour,,
,2024-07,Surrey Police,Surrey Police,-0.418968,51.384768,On or near Accommodation Road,E01034286,Elmbridge 007F,Anti-social behaviour,,
5aa98ee1553d84c981f6d3cf75f479eb6a5861d5374611191ff151df9d1c9d1f,2024-07,Surrey Police,Surrey Police,-0.408183,51.384154,On or near Sidney Road,E01034286,Elmbridge 007F,Criminal damage and arson,Investigation complete; no suspect identified,
0f479e26b5fea3ba2b2426c360af2e5e984b98d5a5fd7a11e805333765f526d3,2024-07,Surrey Police,Surrey Police,-0.417589,51.385181,On or near Church Walk,E01034286,Elmbridge 007F,Public order,Unable to prosecute suspect,
8a40e4cefc6ef135cfefb5f6d355e8788286a3258a5671843d4b9355fd407993,2024-07,Surrey Police,Surrey Police,-0.417589,51.385181,On or near Church Walk,E01034286,Elmbridge 007F,Robbery,Investigation complete; no suspect identified,
4b9f525e6cd8db74ecc09894da52f4c6cb5f788422c3a0c90c25350434c7b651,2024-07,Surrey Police,Surrey Police,-0.417589,51.385181,On or near Church Walk,E01034286,Elmbridge 007F,Shoplifting,Unable to prosecute suspect,
55af3dda808e5380e5266ad130aae61ceaee157bc6c972b5cff0e00cbf246c31,2024-07,Surrey Police,Surrey Police,-0.416753,51.384414,On or near Colby Road,E01034286,Elmbridge 007F,Violence and sexual offences,Unable to prosecute suspect,
306af06cd604e4b7091ebaa58bcb1852b1dd3c00f9cf585b9f9645349639352c,2024-07,Surrey Police,Surrey Police,-0.417911,51.382928,On or near Woodside,E01034286,Elmbridge 007F,Violence and sexual offences,Unable to prosecute suspect,
0356b7f48c6e3382259884a1c3c6b6a2bf35849c1b3facf72e6c35d6d7677029,2024-07,Surrey Police,Surrey Police,-0.416753,51.384414,On or near Colby Road,E01034286,Elmbridge 007F,Violence and sexual offences,Unable to prosecute suspect,
9c8e94443ac75d0057e36312e4312bec1bb79264cd1ad478e73c9e1f5cb02aab,2024-07,Surrey Police,Surrey Police,-0.411249,51.383998,On or near Kings Gardens,E01034286,Elmbridge 007F,Violence and sexual offences,Unable to prosecute suspect,
6de5d746dca7aec82144c7d3730af82c22609dfc53c80ee125d01f92c9283e57,2024-07,Surrey Police,Surrey Police,-0.418968,51.384768,On or near Accommodation Road,E01034286,Elmbridge 007F,Violence and sexual offences,Status update unavailable,
,2024-07,Surrey Police,Surrey Police,-0.406552,51.382702,On or near Cromwell Road,E01030354,Elmbridge 008A,Anti-social behaviour,,
,2024-07,Surrey Police,Surrey Police,-0.405173,51.383493,On or near Preston Court,E01030354,Elmbridge 008A,Anti-social behaviour,,
,2024-07,Surrey Police,Surrey Police,-0.406051,51.383046,On or near Marston Court,E01030354,Elmbridge 008A,Anti-social behaviour,,
,2024-07,Surrey Police,Surrey Police,-0.406051,51.383046,On or near Marston Court,E01030354,Elmbridge 008A,Anti-social behaviour,,
,2024-07,Surrey Police,Surrey Police,-0.404222,51.381520,On or near Rodney Road,E01030354,Elmbridge 008A,Anti-social behaviour,,
,2024-07,Surrey Police,Surrey Police,-0.403908,51.383925,On or near Langport Court,E01030354,Elmbridge 008A,Anti-social behaviour,,
c0c95a186c5b44c6dcef3a5849c04e31d00dc6f82f6b2e314fc88e9a078b8710,2024-07,Surrey Police,Surrey Police,-0.406051,51.383046,On or near Marston Court,E01030354,Elmbridge 008A,Criminal damage and arson,Unable to prosecute suspect,
ee48d5448edc6ad61bd7296b39c58f8b4c03bb2cadbf478c3ef1decb37ecd251,2024-07,Surrey Police,Surrey Police,-0.406051,51.383046,On or near Marston Court,E01030354,Elmbridge 008A,Criminal damage and arson,Local resolution,
fec5bce42752ec63e74940ab9e363e04fd3fd3044608aa83d0d72f486afec622,2024-07,Surrey Police,Surrey Police,-0.400440,51.382817,On or near Ambleside Avenue,E01030354,Elmbridge 008A,Public order,Unable to prosecute suspect,
15cf7002a065385f4b27714eec1ded01efb903a5a9d2b5e4da10a71b915bb45a,2024-07,Surrey Police,Surrey Police,-0.403908,51.383925,On or near Langport Court,E01030354,Elmbridge 008A,Public order,Unable to prosecute suspect,
dc05ae3adba7efa21eea2017a153f9bcb7b0cd181e72c16500a6e05692c26b21,2024-07,Surrey Police,Surrey Police,-0.400762,51.383469,On or near Scholars Place,E01030354,Elmbridge 008A,Public order,Unable to prosecute suspect,
519395b240b4f6783eed6993f1221c8a38657b0759cf3ddb66a24909367ea1c6,2024-07,Surrey Police,Surrey Police,-0.401895,51.384366,On or near Swansmere Close,E01030354,Elmbridge 008A,Violence and sexual offences,Further action is not in the public interest,
42c9b44abf084ce43e6dad945c4127ff12d212553c8ef57a31f45c743116e842,2024-07,Surrey Police,Surrey Police,-0.406051,51.383046,On or near Marston Court,E01030354,Elmbridge 008A,Violence and sexual offences,Investigation complete; no suspect identified,
347f4bd1a67a4b43d28fb35d5b73ce3a1b4675d60727a91a322c86f1b20a15e2,2024-07,Surrey Police,Surrey Police,-0.401895,51.384366,On or near Swansmere Close,E01030354,Elmbridge 008A,Violence and sexual offences,Unable to prosecute suspect,
,2024-07,Surrey Police,Surrey Police,-0.388135,51.377190,On or near Hersham,E01030355,Elmbridge 008B,Anti-social behaviour,,
4d0a03826146ae05226aa7656f4d6448c3eaf7bbd0c19364bc4acbf6e43c49c3,2024-07,Surrey Police,Surrey Police,-0.387478,51.379127,On or near Shopping Area,E01030355,Elmbridge 008B,Burglary,Investigation complete; no suspect identified,
df52c6719c3cb24557099bfa5687f38e4a96c73bc6aef424b737e09439771829,2024-07,Surrey Police,Surrey Police,-0.395543,51.383559,On or near Cardinal Drive,E01030355,Elmbridge 008B,Criminal damage and arson,Local resolution,
8f89f149a369678ce4c7ac868bdfa83ca3e2a8341040cc177af2cb441fd30076,2024-07,Surrey Police,Surrey Police,-0.393665,51.382176,On or near Wilton Gardens,E01030355,Elmbridge 008B,Vehicle crime,Unable to prosecute suspect,
43ce9b968ccfae02f2813760ff6bca4a0c94ec38145614f9a59032c3769d3916,2024-07,Surrey Police,Surrey Police,-0.407536,51.385800,On or near Monks Crescent,E01030356,Elmbridge 008C,Violence and sexual offences,Unable to prosecute suspect,
,2024-07,Surrey Police,Surrey Police,-0.389413,51.378466,On or near Lyon Road,E01030365,Elmbridge 008D,Anti-social behaviour,,
c3b0573b087726ec4e73dde3fae10e053748a6f464e839d111a7f21109d9fcbc,2024-07,Surrey Police,Surrey Police,-0.393879,51.377709,On or near Elland Road,E01030365,Elmbridge 008D,Burglary,Investigation complete; no suspect identified,
0c89735746f21110efc5ad46c8c6847c58e496acee2041cff9aa61b146782f82,2024-07,Surrey Police,Surrey Police,-0.389986,51.377269,On or near Walton Park,E01030365,Elmbridge 008D,Criminal damage and arson,Court result unavailable,
60893f461522767cc09a53b2f1c468ce62f9db1136a76dd2b9100f4f075679d3,2024-07,Surrey Police,Surrey Police,-0.391397,51.378844,On or near Denton Grove,E01030365,Elmbridge 008D,Criminal damage and arson,Investigation complete; no suspect identified,
f30d4379640ab93aded16135132de28b4538b94433ace56580ed449ca5e3086c,2024-07,Surrey Police,Surrey Police,-0.391397,51.378844,On or near Denton Grove,E01030365,Elmbridge 008D,Criminal damage and arson,Investigation complete; no suspect identified,
,2024-07,Surrey Police,Surrey Police,-0.405236,51.380436,On or near Newhall Gardens,E01030368,Elmbridge 008E,Anti-social behaviour,,
,2024-07,Surrey Police,Surrey Police,-0.405236,51.380436,On or near Newhall Gardens,E01030368,Elmbridge 008E,Anti-social behaviour,,
0e343fd8d6ffafec9bc2c360045e2c85c54327caa55ad67ad063c4586dd45ad2,2024-07,Surrey Police,Surrey Police,-0.405236,51.380436,On or near Newhall Gardens,E01030368,Elmbridge 008E,Drugs,Local resolution,
731535d6b803fac2ad59d02d2a9a7e1d08826f24ba056a3f68615f959a4bc224,2024-07,Surrey Police,Surrey Police,-0.393076,51.380135,On or near York Gardens,E01030368,Elmbridge 008E,Other theft,Investigation complete; no suspect identified,
4bc8a0cd74621261fd4e9b00148be856477cbee6d773cb538ee96c5e53956b48,2024-07,Surrey Police,Surrey Police,-0.406046,51.380005,On or near Hospital,E01030368,Elmbridge 008E,Vehicle crime,Investigation complete; no suspect identified,
4654767e1eea061eaaccf987b1eb5923a00fae9337525978d51c81a055f675da,2024-07,Surrey Police,Surrey Police,-0.405236,51.380436,On or near Newhall Gardens,E01030368,Elmbridge 008E,Violence and sexual offences,Investigation complete; no suspect identified,
0e7754a732d7de9236b02b2307e52d142793fa850ae7ef4b791f9f2e4d8bd9b4,2024-07,Surrey Police,Surrey Police,-0.398998,51.380091,On or near Fox Hollow,E01030368,Elmbridge 008E,Violence and sexual offences,Unable to prosecute suspect,
,2024-07,Surrey Police,Surrey Police,-0.327776,51.375885,On or near Poplar Road,E01030319,Elmbridge 009A,Anti-social behaviour,,
,2024-07,Surrey Police,Surrey Police,-0.327776,51.375885,On or near Poplar Road,E01030319,Elmbridge 009A,Anti-social behaviour,,
03034b3eabfeb884e3dbfd3fa5894a28887f991248b8c499bbe62fb1e0110b42,2024-07,Surrey Police,Surrey Police,-0.335194,51.378572,On or near Manor Road North,E01030319,Elmbridge 009A,Burglary,Formal action is not in the public interest,
64af7f149f0424401c6956265f968b5e231bdccf6719f18de233d22cc822ea0d,2024-07,Surrey Police,Surrey Police,-0.330598,51.377302,On or near Claygate Lane,E01030319,Elmbridge 009A,Other theft,Investigation complete; no suspect identified,
1c5f5854a532ae671802e807b306b87fa6f23781b403c43423daf3d1bef8ad4f,2024-07,Surrey Police,Surrey Police,-0.335886,51.376900,On or near Dorchester Close,E01030319,Elmbridge 009A,Public order,Unable to prosecute suspect,
b917e93e7cff704a71370f0902fc1ad0f704a0de7dc270e73ccb3969a1653f21,2024-07,Surrey Police,Surrey Police,-0.327776,51.375885,On or near Poplar Road,E01030319,Elmbridge 009A,Violence and sexual offences,Awaiting court outcome,
6ada01d38ca5477d0c4985b02d5bb3321c141c587278bae711320b602a6caed1,2024-07,Surrey Police,Surrey Police,-0.331093,51.374764,On or near Southwood Gardens,E01030319,Elmbridge 009A,Violence and sexual offences,Investigation complete; no suspect identified,
9bd17e33feec0cbd68d3fef3f204f2e41e48c6a6cf4dbee66aa4c91ffc142a98,2024-07,Surrey Police,Surrey Police,-0.326353,51.375505,On or near Soprano Way,E01030319,Elmbridge 009A,Violence and sexual offences,Unable to prosecute suspect,
b1d0c9161aa0897d6f8ed6a4d518d7b19903fecac43f2b329631f98edc1ffc31,2024-07,Surrey Police,Surrey Police,-0.317565,51.373806,On or near The Oaks,E01030319,Elmbridge 009A,Violence and sexual offences,Unable to prosecute suspect,
,2024-07,Surrey Police,Surrey Police,-0.336847,51.379409,On or near Sports/Recreation Area,E01030320,Elmbridge 009B,Anti-social behaviour,,
44fbf05e0d1fb060217da3523622b7e588df6be7600e376ca34dd529dd8eb1eb,2024-07,Surrey Police,Surrey Police,-0.334497,51.382717,On or near Brooklands Road,E01030320,Elmbridge 009B,Burglary,Unable to prosecute suspect,
d2a351899565181e5e73da3bbadc9c27e56e42fe548006bf151019a66989882c,2024-07,Surrey Police,Surrey Police,-0.335535,51.382632,On or near Brunswick Close,E01030320,Elmbridge 009B,Criminal damage and arson,Unable to prosecute suspect,
05969b59aac252e45056ffbe4368bc22a064b0bd79dafa6376ff461d755d7ff2,2024-07,Surrey Police,Surrey Police,-0.340508,51.379816,On or near Woodfield Road,E01030320,Elmbridge 009B,Other theft,Investigation complete; no suspect identified,
5b103f20163067517558925c5a3e9a3563447dcc9336a7986a37199d534e417f,2024-07,Surrey Police,Surrey Police,-0.339784,51.374824,On or near Station Approach,E01030320,Elmbridge 009B,Violence and sexual offences,Unable to prosecute suspect,
d3b9e7450e9d3f13ba903604a5bc8971b7871d332610b33926b14c7c2983d86c,2024-07,Surrey Police,Surrey Police,-0.340508,51.379816,On or near Woodfield Road,E01030320,Elmbridge 009B,Violence and sexual offences,Unable to prosecute suspect,
9cf88b1c144b3498dd5d93dece45fc2bc20866056b4a2e358f79aa81743f2746,2024-07,Surrey Police,Surrey Police,-0.340508,51.379816,On or near Woodfield Road,E01030320,Elmbridge 009B,Violence and sexual offences,Status update unavailable,
e0f301cfad4dfa81dd4b60cd1ced00f9f34147e2604ae81915f133b1c15e3078,2024-07,Surrey Police,Surrey Police,-0.340508,51.379816,On or near Woodfield Road,E01030320,Elmbridge 009B,Violence and sexual offences,Unable to prosecute suspect,
,2024-07,Surrey Police,Surrey Police,-0.338523,51.373529,On or near Petrol Station,E01030321,Elmbridge 009C,Anti-social behaviour,,
1c5136fef3b04dd306a918f423317197ffe9a46b01c3453a88488910f1c5055a,2024-07,Surrey Police,Surrey Police,-0.344563,51.376564,On or near Southmont Road,E01030321,Elmbridge 009C,Other theft,Investigation complete; no suspect identified,
6fb4ed0e205ab29ba2cbe81ec48698a7a34f2624d6b4f07ac4c299f0577da93e,2024-07,Surrey Police,Surrey Police,-0.334788,51.374708,On or near Kingston By-Pass,E01030321,Elmbridge 009C,Vehicle crime,Investigation complete; no suspect identified,
898ec3ff2bd722e7775ea0d50231cb7ee18bf59aeffd9bdbffdee17d136979fa,2024-07,Surrey Police,Surrey Police,-0.352117,51.387075,On or near Ember Lane,E01030369,Elmbridge 009D,Burglary,Investigation complete; no suspect identified,
2486ae1c5b45cd13b7eca293f0e57bc56a2006cd9c56f91085b64a41286fe232,2024-07,Surrey Police,Surrey Police,-0.347906,51.383869,On or near Alma Road,E01030369,Elmbridge 009D,Shoplifting,Local resolution,
926ff47b50673d6e92fce02985d8ee8dc073b350137afd38e378b14c530ded52,2024-07,Surrey Police,Surrey Police,-0.347906,51.383869,On or near Alma Road,E01030369,Elmbridge 009D,Shoplifting,Investigation complete; no suspect identified,
54454ed3d49e4a4f2bcaa7600a944de4616620459a021bb27fdbfabb010484e5,2024-07,Surrey Police,Surrey Police,-0.347906,51.383869,On or near Alma Road,E01030369,Elmbridge 009D,Violence and sexual offences,Unable to prosecute suspect,
b4c042c5e881b0def3378b75b740f6168d9bd615bd723e54035b88466a24c54c,2024-07,Surrey Police,Surrey Police,-0.349461,51.389781,On or near B3379,E01030369,Elmbridge 009D,Violence and sexual offences,Investigation complete; no suspect identified,
9927f833801a36a0ccf9a63f2eddcb6ab9c09505da64260dbef36fa285726566,2024-07,Surrey Police,Surrey Police,-0.346263,51.381624,On or near Weston Road,E01030370,Elmbridge 009E,Public order,Unable to prosecute suspect,
79bf4ff5c0ea0483d822cb7a51b3e926023bda5daa52c3b095ef72c93c125f65,2024-07,Surrey Police,Surrey Police,-0.348305,51.387579,On or near Elm Tree Avenue,E01030370,Elmbridge 009E,Vehicle crime,Investigation complete; no suspect identified,
6a41f4b3adbbd274bedce94db2df37ae14d7df97646abe1d5c30da6fd6884bf5,2024-07,Surrey Police,Surrey Police,-0.342722,51.384973,On or near Onslow Close,E01030370,Elmbridge 009E,Vehicle crime,Investigation complete; no suspect identified,
d13d1c8354217d18a5569ef6a98844bbb70537295e85a89a9464a6740f85af21,2024-07,Surrey Police,Surrey Police,-0.346575,51.386512,On or near Weston Avenue,E01030370,Elmbridge 009E,Violence and sexual offences,Investigation complete; no suspect identified,
4a1361acf9c22f3cd52ee7747770630fe4d8fbefe7622f2765c57ae66139dac5,2024-07,Surrey Police,Surrey Police,-0.347927,51.389687,On or near Ember Gardens,E01030370,Elmbridge 009E,Violence and sexual offences,Court result unavailable,
,2024-07,Surrey Police,Surrey Police,-0.402649,51.372623,On or near Bell Farm Way,E01030313,Elmbridge 010A,Anti-social behaviour,,
f2bdf4576e6342b51468406196f37be25837f2f5a54346ff333d4ef46ade38c8,2024-07,Surrey Police,Surrey Police,-0.405731,51.371990,On or near Audley Firs,E01030313,Elmbridge 010A,Drugs,Awaiting court outcome,
86704479b05c806ad3fa121b91144d20ca632db852847e4710fe6a8090ce093b,2024-07,Surrey Police,Surrey Police,-0.396877,51.371285,On or near Rydens Grove,E01030313,Elmbridge 010A,Public order,Unable to prosecute suspect,
e797cea6fd65248bcf26c305baedd4a0141b8c111943912a68de71b67ab0b5a8,2024-07,Surrey Police,Surrey Police,-0.399914,51.371111,On or near Elmwood Gardens,E01030313,Elmbridge 010A,Public order,Unable to prosecute suspect,
579a900ec305f2ca2402a418ae56a2c276ba9add3071d314148304cee2a2b72c,2024-07,Surrey Police,Surrey Police,-0.405731,51.371990,On or near Audley Firs,E01030313,Elmbridge 010A,Violence and sexual offences,Awaiting court outcome,
866ffb905baab37cd5e996bcb33bce187dfe5539627740be6b7cef5fb73e6ca4,2024-07,Surrey Police,Surrey Police,-0.405731,51.371990,On or near Audley Firs,E01030313,Elmbridge 010A,Violence and sexual offences,Awaiting court outcome,
c53f2a4b7e6555063f9b072546ab2c2f7c8aa8d719cf576dff61ff7d5905bbe1,2024-07,Surrey Police,Surrey Police,-0.405731,51.371990,On or near Audley Firs,E01030313,Elmbridge 010A,Violence and sexual offences,Unable to prosecute suspect,
c33fd933a3102fb3430cfc799c53be991842cea2278946065b9c9724da2dcd39,2024-07,Surrey Police,Surrey Police,-0.401236,51.374420,On or near Alderson Grove,E01030313,Elmbridge 010A,Violence and sexual offences,Unable to prosecute suspect,
c58f88195849e25c18cb7de891c42414080fca7cb94080f3fc7671299b79034d,2024-07,Surrey Police,Surrey Police,-0.401236,51.374420,On or near Alderson Grove,E01030313,Elmbridge 010A,Violence and sexual offences,Action to be taken by another organisation,
a3d806185f983b8438d1c55091df3151db68ed6faf1194de1cba4a692e33eef3,2024-07,Surrey Police,Surrey Police,-0.405483,51.369199,On or near Cowley Crescent,E01030313,Elmbridge 010A,Violence and sexual offences,Unable to prosecute suspect,
48ebeaa0d645e044ccf871a2036bd41b59732000650e3cd95449d1dafee4ecdc,2024-07,Surrey Police,Surrey Police,-0.401236,51.374420,On or near Alderson Grove,E01030313,Elmbridge 010A,Violence and sexual offences,Action to be taken by another organisation,
68e95cbbb1fbd9d27f1522dac8e092ec18cdb80abffbabc04d57807b7416def0,2024-07,Surrey Police,Surrey Police,-0.404131,51.372130,On or near Millers Close,E01030313,Elmbridge 010A,Violence and sexual offences,Status update unavailable,
b6930bdc3e72443ef0b42261dbaddcccce9971df1ee4f70c4d73c9889b605a0e,2024-07,Surrey Police,Surrey Police,-0.403457,51.370053,On or near Queensway North,E01030313,Elmbridge 010A,Violence and sexual offences,Unable to prosecute suspect,
b5604b97390b27d965c965dd52425f3b6b7f9494dcf07d8359a693948561c393,2024-07,Surrey Police,Surrey Police,-0.419316,51.371761,On or near Parking Area,E01030314,Elmbridge 010B,Bicycle theft,Investigation complete; no suspect identified,
d45c2db5f98fbdad1222c31c22e00615f8cb00597d022bab12d415805411b660,2024-07,Surrey Police,Surrey Police,-0.419316,51.371761,On or near Parking Area,E01030314,Elmbridge 010B,Criminal damage and arson,Investigation complete; no suspect identified,
c66cf4d1b8113b51943c96893b027f984487e47fe619b1743e2fd7d6b7232aa3,2024-07,Surrey Police,Surrey Police,-0.409014,51.370947,On or near Belgrave Close,E01030314,Elmbridge 010B,Criminal damage and arson,Investigation complete; no suspect identified,
153e77926666ceda72eec6405b8ea6083e8d02c5d8caf425040aab1a2ecd1eec,2024-07,Surrey Police,Surrey Police,-0.407353,51.368730,On or near Clarence Road,E01030314,Elmbridge 010B,Violence and sexual offences,Unable to prosecute suspect,
a74ad2f1f0f41e041a38cc8ff1103bac59dc8b9674158162868c083a49660d98,2024-07,Surrey Police,Surrey Police,-0.407353,51.368730,On or near Clarence Road,E01030314,Elmbridge 010B,Violence and sexual offences,Unable to prosecute suspect,
228e58ec3048fb8b5cfacee20c4ea63cb492e95b9ca85c75768a62fd4cbf33ba,2024-07,Surrey Police,Surrey Police,-0.414973,51.372295,On or near Mayfield Road,E01030314,Elmbridge 010B,Violence and sexual offences,Unable to prosecute suspect,
,2024-07,Surrey Police,Surrey Police,-0.406957,51.375154,On or near Parking Area,E01030366,Elmbridge 010C,Anti-social behaviour,,
,2024-07,Surrey Police,Surrey Police,-0.415995,51.373487,On or near Parking Area,E01030366,Elmbridge 010C,Anti-social behaviour,,
,2024-07,Surrey Police,Surrey Police,-0.410946,51.374912,On or near Leaping Birds Rise,E01030366,Elmbridge 010C,Anti-social behaviour,,
d2b489fd853f4109f7643095d6f9e3b53a0c4611d237c30d6d47be7731ff1db3,2024-07,Surrey Police,Surrey Police,-0.414334,51.373321,On or near Station Avenue,E01030366,Elmbridge 010C,Drugs,Court result unavailable,
8113661d930383f7a1c7abfdc1c39e59c4196f0e7a38ba11402b07a23052121c,2024-07,Surrey Police,Surrey Police,-0.412864,51.374713,On or near Copenhagen Way,E01030366,Elmbridge 010C,Drugs,Court result unavailable,
3c9b99a61e2048e1129f58c4f4ed8d79060ae00f725169b6a60d3b14e965d39a,2024-07,Surrey Police,Surrey Police,-0.408328,51.374166,On or near Cleveland Close,E01030366,Elmbridge 010C,Drugs,Formal action is not in the public interest,
85b21031f70a79bea6367f56126d2ef851c0739147265ad740964c265838765f,2024-07,Surrey Police,Surrey Police,-0.406520,51.374501,On or near Noble Street,E01030366,Elmbridge 010C,Public order,Investigation complete; no suspect identified,
a7fdc423aac99ce2b279eb0113e91b1fbd89612372310e2c3dac4c701aa0d792,2024-07,Surrey Police,Surrey Police,-0.414334,51.373321,On or near Station Avenue,E01030366,Elmbridge 010C,Public order,Investigation complete; no suspect identified,
df0245249929623006b653baed2b148d24acf0088e7b76ad6895ca273cead088,2024-07,Surrey Police,Surrey Police,-0.408328,51.374166,On or near Cleveland Close,E01030366,Elmbridge 010C,Violence and sexual offences,Status update unavailable,
a09ba6b7fa665cd4554eae6e1bb8da2cfa0b1e660fc1f0105ba883b42b347d11,2024-07,Surrey Police,Surrey Police,-0.412566,51.375428,On or near Trafalgar Drive,E01030366,Elmbridge 010C,Violence and sexual offences,Unable to prosecute suspect,
c03495b9d120eaa26d2e757eaa6139f72c77df6ecfd1c884a6363c39627b79bd,2024-07,Surrey Police,Surrey Police,-0.410946,51.374912,On or near Leaping Birds Rise,E01030366,Elmbridge 010C,Violence and sexual offences,Unable to prosecute suspect,
e332b0326daa6d566c0600a0b3088736e4df41da87619f297efa23d79d72f438,2024-07,Surrey Police,Surrey Police,-0.410946,51.374912,On or near Leaping Birds Rise,E01030366,Elmbridge 010C,Violence and sexual offences,Unable to prosecute suspect,
74db3a3cbf21ea790e115af0d3c193ea367c7627cf5fe7553db80f8a4b303ef7,2024-07,Surrey Police,Surrey Police,-0.411590,51.374552,On or near Park/Open Space,E01030366,Elmbridge 010C,Violence and sexual offences,Unable to prosecute suspect,
174f3e90f4628c8770f04b32464bc98a65b078c0a8b41bfb40d1e66a1cae014d,2024-07,Surrey Police,Surrey Police,-0.415995,51.373487,On or near Parking Area,E01030366,Elmbridge 010C,Violence and sexual offences,Unable to prosecute suspect,
f0b85b4fc8edadaef70fa5bfd13c37e73293560986a9815211927f8b3b89066c,2024-07,Surrey Police,Surrey Police,-0.416980,51.372835,On or near Silver Tree Close,E01030366,Elmbridge 010C,Other crime,Status update unavailable,
,2024-07,Surrey Police,Surrey Police,-0.412054,51.379837,On or near Hurley Close,E01030367,Elmbridge 010D,Anti-social behaviour,,
f28ed5990496d363e8e6b288a2172715d2fdfd0fb3f820f13e15c11702a20a9b,2024-07,Surrey Police,Surrey Police,-0.405822,51.376416,On or near Long Lodge Drive,E01030367,Elmbridge 010D,Violence and sexual offences,Investigation complete; no suspect identified,
0b4b38250a580c86a96ec17cde678fca28a2d708464786503340f82c8ef098b2,2024-07,Surrey Police,Surrey Police,-0.411920,51.378720,On or near Hersham Road,E01030367,Elmbridge 010D,Violence and sexual offences,Unable to prosecute suspect,
3d4bf497e7c87d6e5d1b800d6108a4c812c74b88b183af2a2729db9a43e03d83,2024-07,Surrey Police,Surrey Police,-0.414914,51.379830,On or near Tennis Close,E01030367,Elmbridge 010D,Violence and sexual offences,Unable to prosecute suspect,
,2024-07,Surrey Police,Surrey Police,-0.431753,51.372728,On or near Cleves Wood,E01030338,Elmbridge 011A,Anti-social behaviour,,
418217408b478ea53438b2431c049d9f4fe3852f99bcedf30dcdbc30cc31f1fc,2024-07,Surrey Police,Surrey Police,-0.431753,51.372728,On or near Cleves Wood,E01030338,Elmbridge 011A,Violence and sexual offences,Unable to prosecute suspect,
,2024-07,Surrey Police,Surrey Police,-0.436041,51.374233,On or near Victoria Close,E01030339,Elmbridge 011B,Anti-social behaviour,,
,2024-07,Surrey Police,Surrey Police,-0.440998,51.373391,On or near Parkway,E01030339,Elmbridge 011B,Anti-social behaviour,,
8c1d1e59292909c1d2d539e7b5a0aadfd03e9549ce819f1168d10fd2f7cb58c5,2024-07,Surrey Police,Surrey Police,-0.436041,51.374233,On or near Victoria Close,E01030339,Elmbridge 011B,Public order,Unable to prosecute suspect,
35fbdcc4a7933e08fd9a0d21684fba2dbc710cf6da92dc93b46da29c66737f56,2024-07,Surrey Police,Surrey Police,-0.436041,51.374233,On or near Victoria Close,E01030339,Elmbridge 011B,Violence and sexual offences,Investigation complete; no suspect identified,
c8ee6176a8866b4286193b51ce9a5940a3907234c02c00e432dcb9cf2e4c7fad,2024-07,Surrey Police,Surrey Police,-0.440001,51.373962,On or near Anderson Road,E01030339,Elmbridge 011B,Violence and sexual offences,Unable to prosecute suspect,
d0aaceb68a6785e3c1b4df0fcc2a279eede851b8a8a10296fde36c82ff718983,2024-07,Surrey Police,Surrey Police,-0.439427,51.373955,On or near Cross Road,E01030339,Elmbridge 011B,Violence and sexual offences,Unable to prosecute suspect,
ddb7a69d1ec95e8baa5d55f561ceb8a6fe737df3a67d83af0f9de0389daba888,2024-07,Surrey Police,Surrey Police,-0.437818,51.373942,On or near The Laurels,E01030339,Elmbridge 011B,Violence and sexual offences,Status update unavailable,
d213cbc9ca69ee142265764f6f2ae27c12d9679f36e4fbfbf99848245b2d20b1,2024-07,Surrey Police,Surrey Police,-0.439579,51.374982,On or near Grosvenor Place,E01030339,Elmbridge 011B,Violence and sexual offences,Investigation complete; no suspect identified,
27365bd00dc25b378f0b20bdfb9194e8fd520cdae2322b2dcdaabd8b23ffb6fe,2024-07,Surrey Police,Surrey Police,-0.436041,51.374233,On or near Victoria Close,E01030339,Elmbridge 011B,Violence and sexual offences,Unable to prosecute suspect,
e26cea95c0c67db67576c53a056bbe449637efdca22acde8ccbc4ff3fac54e03,2024-07,Surrey Police,Surrey Police,-0.438678,51.374430,On or near Mere Road,E01030339,Elmbridge 011B,Violence and sexual offences,Unable to prosecute suspect,
19a91393c89e13f7eb99cad4419084b61fa7659bc8c137ba9687d6696a311138,2024-07,Surrey Police,Surrey Police,-0.436041,51.374233,On or near Victoria Close,E01030339,Elmbridge 011B,Violence and sexual offences,Unable to prosecute suspect,
353a5840370283e8f610d7ff6732bad61c560a0d1930e739d4f54b20bfda7405,2024-07,Surrey Police,Surrey Police,-0.440001,51.373962,On or near Anderson Road,E01030339,Elmbridge 011B,Violence and sexual offences,Unable to prosecute suspect,
8a42242bb171892bc1eed2d03e2509205016a7201d17d9b539c8a63c786beeeb,2024-07,Surrey Police,Surrey Police,-0.440164,51.365808,On or near Paynetts Court,E01030340,Elmbridge 011C,Criminal damage and arson,Unable to prosecute suspect,
89e3a6b5397deb13a7f853fc77813904347a0aadadf2688839c75419aace4be1,2024-07,Surrey Police,Surrey Police,-0.440164,51.365808,On or near Paynetts Court,E01030340,Elmbridge 011C,Vehicle crime,Investigation complete; no suspect identified,
1e4f75a6970fc96e54b7a6bb4335723ec57381794bd8cf8de83fcbe2544d2f3f,2024-07,Surrey Police,Surrey Police,-0.434851,51.369101,On or near Oatlands Avenue,E01030340,Elmbridge 011C,Violence and sexual offences,Unable to prosecute suspect,
,2024-07,Surrey Police,Surrey Police,-0.427935,51.374736,On or near Sycamore Court,E01030341,Elmbridge 011D,Anti-social behaviour,,
50b1189add76f9ec19f0abc93f253bd519f54e75879bd1d18c7e6fc0368b6702,2024-07,Surrey Police,Surrey Police,-0.429130,51.382207,On or near Tower Grove,E01030341,Elmbridge 011D,Vehicle crime,Investigation complete; no suspect identified,
,2024-07,Surrey Police,Surrey Police,-0.453028,51.375376,On or near West Palace Gardens,E01030371,Elmbridge 012A,Anti-social behaviour,,
3bbfcae0374a99cb2f9445429182e665bf63386080223bc18417feee11385a83,2024-07,Surrey Police,Surrey Police,-0.452154,51.374888,On or near Rede Court,E01030371,Elmbridge 012A,Other theft,Unable to prosecute suspect,
423b5029b2150e9620de5ce1e4a0a917a236671c1ae85391d7ab5eedae17bf4b,2024-07,Surrey Police,Surrey Police,-0.450671,51.372422,On or near Castleview Road,E01030371,Elmbridge 012A,Other theft,Investigation complete; no suspect identified,
cda2773f385efcfdf9e0c59559275eb907b98bf7f0abc3bdcbc8f9ba881e7a2f,2024-07,Surrey Police,Surrey Police,-0.451792,51.374541,On or near Catherine Howard Court,E01030371,Elmbridge 012A,Public order,Unable to prosecute suspect,
368a533ba090cad2f0a646f47f40b8a9d2638b8d1e361858acd2fcacb2619c45,2024-07,Surrey Police,Surrey Police,-0.451276,51.375371,On or near Agnes Scott Court,E01030371,Elmbridge 012A,Vehicle crime,Investigation complete; no suspect identified,
0e6084182b426035262527770cb09e6a8ed7e8ee4bc8eeaf7d7a3d498650dd1b,2024-07,Surrey Police,Surrey Police,-0.450693,51.372207,On or near Layton Court,E01030371,Elmbridge 012A,Violence and sexual offences,Unable to prosecute suspect,
028e3e5d2b09eefd1e76c0303e96afd3d5c97d818f599db8957ff0c7a006906f,2024-07,Surrey Police,Surrey Police,-0.448615,51.374185,On or near Meadows Leigh Close,E01030371,Elmbridge 012A,Violence and sexual offences,Unable to prosecute suspect,
1b1e37fe210300c10f8a47351dedc7fc390d033fc1d6a8b0e82f00dbdf4f190c,2024-07,Surrey Police,Surrey Police,-0.464627,51.373991,On or near Round Oak Road,E01030372,Elmbridge 012B,Burglary,Status update unavailable,
808a86a16877985bf0cf4596aece52677dfd5492fd60e0c86bdfd22e25f4e527,2024-07,Surrey Police,Surrey Police,-0.457680,51.376345,On or near Mount Pleasant,E01030372,Elmbridge 012B,Criminal damage and arson,Unable to prosecute suspect,
5ae51383a3f62d4286df78935edf6f73f7dd8159bc95c38ad040ff9b376a21ef,2024-07,Surrey Police,Surrey Police,-0.458593,51.375269,On or near St Albans Avenue,E01030372,Elmbridge 012B,Public order,Investigation complete; no suspect identified,
677cb295cff9c74b73200939bc277b23470b044e74bba0c423cfd9998237ff34,2024-07,Surrey Police,Surrey Police,-0.456681,51.374003,On or near Ship Yard,E01030372,Elmbridge 012B,Shoplifting,Unable to prosecute suspect,
9c9036b3e3d9808aee630d2cba4d7bd7ec94ff64142406e41eca2a2fbbf03870,2024-07,Surrey Police,Surrey Police,-0.456681,51.374003,On or near Ship Yard,E01030372,Elmbridge 012B,Shoplifting,Investigation complete; no suspect identified,
dfba542dff0011de6adc2553c24333c7052e62b1dc101c160efc03b5a7bd7f4a,2024-07,Surrey Police,Surrey Police,-0.456681,51.374003,On or near Ship Yard,E01030372,Elmbridge 012B,Other crime,Unable to prosecute suspect,
,2024-07,Surrey Police,Surrey Police,-0.453766,51.376087,On or near Grenside Road,E01030373,Elmbridge 012C,Anti-social behaviour,,
,2024-07,Surrey Police,Surrey Police,-0.456800,51.380713,On or near Parking Area,E01030373,Elmbridge 012C,Anti-social behaviour,,
860222031607dac6ea81e0cd6eb058fbbd2f449b675413c77bbb7c5dc913c7a1,2024-07,Surrey Police,Surrey Police,-0.458178,51.379024,On or near Sports/Recreation Area,E01030373,Elmbridge 012C,Burglary,Investigation complete; no suspect identified,
44a970ec151f4d994ab0baf819b33756a420d3bdb9c4f328c8d25b498613af37,2024-07,Surrey Police,Surrey Police,-0.453766,51.376087,On or near Grenside Road,E01030373,Elmbridge 012C,Criminal damage and arson,Local resolution,
a01a20a0d9e05d9070f79c513bbe216b22ac7393a46197364cbccca9e48d538a,2024-07,Surrey Police,Surrey Police,-0.453766,51.376087,On or near Grenside Road,E01030373,Elmbridge 012C,Public order,Status update unavailable,
73c01aa376195e7f7d46b09625c1147cddb495ba51335ae3342bfce1606bb976,2024-07,Surrey Police,Surrey Police,-0.453766,51.376087,On or near Grenside Road,E01030373,Elmbridge 012C,Public order,Unable to prosecute suspect,
87382c4006e6e3845072b0b046c22838444c4d576cbd318b9c3869bd1ec62af4,2024-07,Surrey Police,Surrey Police,-0.453766,51.376087,On or near Grenside Road,E01030373,Elmbridge 012C,Violence and sexual offences,Unable to prosecute suspect,
5603ed1be2cdcbe35bb42cd3f1c3edd00921bf2b9b4013f61bce00db518e6798,2024-07,Surrey Police,Surrey Police,-0.454406,51.378856,On or near Clinton Close,E01030373,Elmbridge 012C,Violence and sexual offences,Unable to prosecute suspect,
ebf705a3996bac353b8fb3b6e1a044a9fcadcf89addaff340b30a5b84e610ecf,2024-07,Surrey Police,Surrey Police,-0.458682,51.377752,On or near Radnor Road,E01030373,Elmbridge 012C,Violence and sexual offences,Unable to prosecute suspect,
b92783a98db927f043669b3bab2782279c8d8930a074093dffa2335d160af4c6,2024-07,Surrey Police,Surrey Police,-0.453766,51.376087,On or near Grenside Road,E01030373,Elmbridge 012C,Violence and sexual offences,Unable to prosecute suspect,
8ded7bf61cad2b6eeeb538da6724c5ee3d2fe0b5d83330ef286ba7a035f4861e,2024-07,Surrey Police,Surrey Police,-0.453766,51.376087,On or near Grenside Road,E01030373,Elmbridge 012C,Violence and sexual offences,Unable to prosecute suspect,
,2024-07,Surrey Police,Surrey Police,-0.461879,51.370682,On or near Limes Road,E01030374,Elmbridge 012D,Anti-social behaviour,,
,2024-07,Surrey Police,Surrey Police,-0.461632,51.371595,On or near Church Lane,E01030374,Elmbridge 012D,Anti-social behaviour,,
,2024-07,Surrey Police,Surrey Police,-0.457358,51.373104,On or near High Street,E01030374,Elmbridge 012D,Anti-social behaviour,,
,2024-07,Surrey Police,Surrey Police,-0.457358,51.373104,On or near High Street,E01030374,Elmbridge 012D,Anti-social behaviour,,
da7b084530179cffaa79d37d031f01eefdc9f8d791b894d8a8105f6db0b0eebd,2024-07,Surrey Police,Surrey Police,-0.461694,51.368035,On or near Belvedere Close,E01030374,Elmbridge 012D,Burglary,Investigation complete; no suspect identified,
ce72669e0bc8d5e6ca93c0a0e11c66b564f8aa1f0cb04c83abc2c754b8598232,2024-07,Surrey Police,Surrey Police,-0.457358,51.373104,On or near High Street,E01030374,Elmbridge 012D,Criminal damage and arson,Unable to prosecute suspect,
5439c7ca5974b571bf6a8c9034670f026b2a908974dfac9c5509399207d95a1e,2024-07,Surrey Police,Surrey Police,-0.461611,51.370102,On or near Curzon Close,E01030374,Elmbridge 012D,Other theft,Unable to prosecute suspect,
b44b92ef459c7befa3953f8a88aff709b204b38270f4ebc83c8bfe0fda75dd36,2024-07,Surrey Police,Surrey Police,-0.457362,51.371683,On or near Parkside Court,E01030374,Elmbridge 012D,Public order,Unable to prosecute suspect,
e93b79ad965f031431ae572502c5511b203bf4dddefef30d596df26b1fea200b,2024-07,Surrey Police,Surrey Police,-0.460055,51.371521,On or near Parking Area,E01030374,Elmbridge 012D,Public order,Unable to prosecute suspect,
397a1aecab99a2c2fdf497dbe6976a569b615f3953a9244301a94a32466ad88f,2024-07,Surrey Police,Surrey Police,-0.461879,51.370682,On or near Limes Road,E01030374,Elmbridge 012D,Public order,Investigation complete; no suspect identified,
cf5a399642550b0d6ccd105ba8c46bf64efe83f1348718a4b82fefeb6aefee72,2024-07,Surrey Police,Surrey Police,-0.461879,51.370682,On or near Limes Road,E01030374,Elmbridge 012D,Public order,Investigation complete; no suspect identified,
5d0253afbe270f38c7a7e9a0296956b3b10d605bf1ee684ec4c2fef31df9f734,2024-07,Surrey Police,Surrey Police,-0.457358,51.373104,On or near High Street,E01030374,Elmbridge 012D,Shoplifting,Unable to prosecute suspect,
63ddfde438b55003659853332b4d3b911108184845d92d1a73a190bc446cf1c4,2024-07,Surrey Police,Surrey Police,-0.453568,51.372577,On or near Monument Hill,E01030374,Elmbridge 012D,Shoplifting,Investigation complete; no suspect identified,
149a5b7d9eb317f1fe89f875824a9ea2560130e8f320d05e6b5829f30aee7d8b,2024-07,Surrey Police,Surrey Police,-0.460055,51.371521,On or near Parking Area,E01030374,Elmbridge 012D,Theft from the person,Unable to prosecute suspect,
aed46f7cbc28388f75f3a0f61b46c075f0b0207aa1b507059b5ecbb76bd846b2,2024-07,Surrey Police,Surrey Police,-0.458528,51.372058,On or near Churchfield Place,E01030374,Elmbridge 012D,Violence and sexual offences,Unable to prosecute suspect,
f39ae1684683a9897a396c870915d2b3f20facf6d7669b406206963c8a9718ce,2024-07,Surrey Police,Surrey Police,-0.460055,51.371521,On or near Parking Area,E01030374,Elmbridge 012D,Violence and sexual offences,Unable to prosecute suspect,
bffdfb74df75b8faf548208e32047c236143f3b10e3d9e7a5d6eb1d5350ac017,2024-07,Surrey Police,Surrey Police,-0.461611,51.370102,On or near Curzon Close,E01030374,Elmbridge 012D,Violence and sexual offences,Investigation complete; no suspect identified,
1ee86d3fdebead34967fda46f06cb2c5f663ab20a58a1e6e90214c94c28d6333,2024-07,Surrey Police,Surrey Police,-0.455977,51.371000,On or near St James Mews,E01030374,Elmbridge 012D,Violence and sexual offences,Unable to prosecute suspect,
adb0ff975dc59ed4ea6aba98dd4290f55472c9f76358c80cd7077ccaac6e704f,2024-07,Surrey Police,Surrey Police,-0.461632,51.371595,On or near Church Lane,E01030374,Elmbridge 012D,Violence and sexual offences,Unable to prosecute suspect,
12e69487f6c37d994d494fe75d099aa8148088ba014dd8e3df4cbbfc1b8c9aa0,2024-07,Surrey Police,Surrey Police,-0.459058,51.372092,On or near Churchfield Road,E01030374,Elmbridge 012D,Other crime,Investigation complete; no suspect identified,
,2024-07,Surrey Police,Surrey Police,-0.450350,51.371285,On or near Petrol Station,E01030375,Elmbridge 012E,Anti-social behaviour,,
,2024-07,Surrey Police,Surrey Police,-0.450350,51.371285,On or near Petrol Station,E01030375,Elmbridge 012E,Anti-social behaviour,,
,2024-07,Surrey Police,Surrey Police,-0.444723,51.368198,On or near South Road,E01030375,Elmbridge 012E,Anti-social behaviour,,
,2024-07,Surrey Police,Surrey Police,-0.450350,51.371285,On or near Petrol Station,E01030375,Elmbridge 012E,Anti-social behaviour,,
a16709839f267ef042b0b5a887021d8c3c73e2ddf11c99c4b10c02c4aed2f06f,2024-07,Surrey Police,Surrey Police,-0.444723,51.368198,On or near South Road,E01030375,Elmbridge 012E,Criminal damage and arson,Investigation complete; no suspect identified,
f2c5c4c6d2171872abafe0f4217226ca1284d04ca710d8723efdb5c5d3685232,2024-07,Surrey Police,Surrey Police,-0.447279,51.366523,On or near Angas Court,E01030375,Elmbridge 012E,Public order,Investigation complete; no suspect identified,
451fb54e9f5eacfb5e924f80afc40759e529cf3e914337322103ae55d7120a3e,2024-07,Surrey Police,Surrey Police,-0.444723,51.368198,On or near South Road,E01030375,Elmbridge 012E,Public order,Investigation complete; no suspect identified,
22288a0a18ba70920d478d648f81979a91111c16a0676b4f64ababc27ea6af1a,2024-07,Surrey Police,Surrey Police,-0.450561,51.368455,On or near Leavesden Road,E01030375,Elmbridge 012E,Violence and sexual offences,Unable to prosecute suspect,
,2024-07,Surrey Police,Surrey Police,-0.452546,51.367106,On or near Wentworth Dene,E01030376,Elmbridge 012F,Anti-social behaviour,,
,2024-07,Surrey Police,Surrey Police,-0.457625,51.362146,On or near Station Approach,E01030376,Elmbridge 012F,Anti-social behaviour,,
b5024d64d06a7c9e807e4dc7b4cd45fc47fc975cc095eb9fef9774576dc2fd94,2024-07,Surrey Police,Surrey Police,-0.472991,51.364847,On or near The Island,E01030376,Elmbridge 012F,Other theft,Investigation complete; no suspect identified,
,2024-07,Surrey Police,Surrey Police,-0.353135,51.370732,On or near Littleworth Lane,E01030307,Elmbridge 013A,Anti-social behaviour,,
,2024-07,Surrey Police,Surrey Police,-0.362843,51.373665,On or near Conference/Exhibition Centre,E01030307,Elmbridge 013A,Anti-social behaviour,,
ac14dcabade45b29195286006fe363b6b6886548c5ab07d27d3e53b260ba439d,2024-07,Surrey Police,Surrey Police,-0.363897,51.371090,On or near Warren Close,E01030307,Elmbridge 013A,Bicycle theft,Investigation complete; no suspect identified,
d18e3205ca68dc607898a23ae22ee6a9791d7c2d583d137c1d983ffd8436ae7e,2024-07,Surrey Police,Surrey Police,-0.363897,51.371090,On or near Warren Close,E01030307,Elmbridge 013A,Other theft,Investigation complete; no suspect identified,
fc799360c7a7a2bbe4f8c1b939e167cc33a1cf615a6fff748971b42753819eae,2024-07,Surrey Police,Surrey Police,-0.362796,51.362091,On or near Haymeads Drive,E01030307,Elmbridge 013A,Public order,Unable to prosecute suspect,
d2b0a627d02f04037fa8c37b48b3f392604dd108188c0c0d5dd86ff479ffd6b4,2024-07,Surrey Police,Surrey Police,-0.366120,51.369979,On or near Church Street,E01030307,Elmbridge 013A,Public order,Investigation complete; no suspect identified,
c37f6a50c089df7dd87f0aec4c49a078368f0d487e91473aeb7aecf411b5c920,2024-07,Surrey Police,Surrey Police,-0.362796,51.362091,On or near Haymeads Drive,E01030307,Elmbridge 013A,Vehicle crime,Investigation complete; no suspect identified,
21c4e26221ad853b2518ce8e571f675bbe858131c41452513e73605723739306,2024-07,Surrey Police,Surrey Police,-0.361494,51.370400,On or near Parking Area,E01030307,Elmbridge 013A,Violence and sexual offences,Court result unavailable,
722208ea038259f1879c487688a95a7468489d918f8152c1dfb434fa8bb4fd33,2024-07,Surrey Police,Surrey Police,-0.362843,51.373665,On or near Conference/Exhibition Centre,E01030307,Elmbridge 013A,Violence and sexual offences,Offender given a caution,
424064d386d2eb1bf952e762b0d275afd79a98cbd43605540ed14185e908a87c,2024-07,Surrey Police,Surrey Police,-0.362796,51.362091,On or near Haymeads Drive,E01030307,Elmbridge 013A,Violence and sexual offences,Court result unavailable,
d710b5655c0a15333c71d229eb5c192e4891fda3aaf38dfbc91837db3afcfadc,2024-07,Surrey Police,Surrey Police,-0.362843,51.373665,On or near Conference/Exhibition Centre,E01030307,Elmbridge 013A,Violence and sexual offences,Investigation complete; no suspect identified,
30994b52fdcdae086b156b3a02c0a71881b7e5ac9432a662dee07e931544882b,2024-07,Surrey Police,Surrey Police,-0.362843,51.373665,On or near Conference/Exhibition Centre,E01030307,Elmbridge 013A,Violence and sexual offences,Offender given a caution,
4e677e6f1de632838141f84e6bfc8e0a2aa795974983f3b0835815932b71d3fb,2024-07,Surrey Police,Surrey Police,-0.361884,51.368733,On or near Wootton Place,E01030308,Elmbridge 013B,Criminal damage and arson,Investigation complete; no suspect identified,
780047f1373cd2138cc941ef14edd91ec4e08c9f59086f50ad60d75771bd6a8c,2024-07,Surrey Police,Surrey Police,-0.369422,51.371679,On or near Esher Place Avenue,E01030308,Elmbridge 013B,Criminal damage and arson,Unable to prosecute suspect,
e36b58a63ad23e8666ba5cc65d68835c1feb3a281213afdbd5fb3003ad40033b,2024-07,Surrey Police,Surrey Police,-0.366456,51.367816,On or near Parking Area,E01030308,Elmbridge 013B,Shoplifting,Investigation complete; no suspect identified,
0cd557cc5898e8e5c0f77c79612b2a5b3432964c7ae80bbf72f19f9af1346a18,2024-07,Surrey Police,Surrey Police,-0.366456,51.367816,On or near Parking Area,E01030308,Elmbridge 013B,Shoplifting,Investigation complete; no suspect identified,
8eb32b54801c9fe1e9ba32a4a8d76c1e118e0caf239b59f6c1049a52f9b94165,2024-07,Surrey Police,Surrey Police,-0.372944,51.373248,On or near Wayneflete Tower Avenue,E01030308,Elmbridge 013B,Vehicle crime,Investigation complete; no suspect identified,
5b03b3644b8c266883d78235ec237fa60b6faa74893914c36924913d2710cbfe,2024-07,Surrey Police,Surrey Police,-0.376055,51.368543,On or near Drake'S Close,E01030308,Elmbridge 013B,Violence and sexual offences,Unable to prosecute suspect,
0ca4dbdb8d6c10c8fcf69478eac22116eb6b99a31d231042d7aeebcb3d6e3258,2024-07,Surrey Police,Surrey Police,-0.369422,51.371679,On or near Esher Place Avenue,E01030308,Elmbridge 013B,Violence and sexual offences,Unable to prosecute suspect,
44a953d5ff8c194fc23365101d65b52917b163dd3f0316bff3e99fbf188a84a4,2024-07,Surrey Police,Surrey Police,-0.376055,51.368543,On or near Drake'S Close,E01030308,Elmbridge 013B,Violence and sexual offences,Unable to prosecute suspect,
,2024-07,Surrey Police,Surrey Police,-0.378750,51.365460,On or near West End Gardens,E01030309,Elmbridge 013C,Anti-social behaviour,,
5357b36358f5c0979966c84cbcc03d03a022b3da73d524c768e373b5fa40311f,2024-07,Surrey Police,Surrey Police,-0.384419,51.362355,On or near Winterdown Road,E01030309,Elmbridge 013C,Other theft,Investigation complete; no suspect identified,
96484fd925756bf4d7c1f2f455e78d29158f77f2f23bfddab6fde3716ce85800,2024-07,Surrey Police,Surrey Police,-0.384304,51.363172,On or near Green Mead,E01030309,Elmbridge 013C,Other theft,Investigation complete; no suspect identified,
a2f1a4838d19829aac0e5e10651c294567464b09f4efe8ba7529b10c89aa5ec5,2024-07,Surrey Police,Surrey Police,-0.381009,51.359251,On or near Westacres,E01030309,Elmbridge 013C,Public order,Unable to prosecute suspect,
49dedfb6f3326b4f5bfba1ac90d9d3301cae979a650d2c73813ae4d2df943247,2024-07,Surrey Police,Surrey Police,-0.378750,51.365460,On or near West End Gardens,E01030309,Elmbridge 013C,Vehicle crime,Unable to prosecute suspect,
9de89598bf812edcdcfbf09fce185354aa554b3cddcc595d3f0ab5efd86ee3a3,2024-07,Surrey Police,Surrey Police,-0.382810,51.363178,On or near Garson Road,E01030309,Elmbridge 013C,Violence and sexual offences,Investigation complete; no suspect identified,
,2024-07,Surrey Police,Surrey Police,-0.371942,51.380410,On or near Joseph Locke Way,E01030310,Elmbridge 013D,Anti-social behaviour,,
,2024-07,Surrey Police,Surrey Police,-0.370253,51.380629,On or near Sherriff Close,E01030310,Elmbridge 013D,Anti-social behaviour,,
,2024-07,Surrey Police,Surrey Police,-0.372213,51.379659,On or near Mill Road,E01030310,Elmbridge 013D,Anti-social behaviour,,
c8ab31e8e6668e50d5f984f90e24abe550321f1899fcbc9aa780774d872b90f5,2024-07,Surrey Police,Surrey Police,-0.372401,51.382219,On or near Sports/Recreation Area,E01030310,Elmbridge 013D,Other theft,Investigation complete; no suspect identified,
1c5c9288f6e8929324282c759d63826820906e7a8863ac335d476feab0db9938,2024-07,Surrey Police,Surrey Police,-0.372401,51.382219,On or near Sports/Recreation Area,E01030310,Elmbridge 013D,Public order,Unable to prosecute suspect,
ed4afe7adb78cfb26d58df99fb0b3cd504d5bdf72fb292f9303d18da4c92e248,2024-07,Surrey Police,Surrey Police,-0.369715,51.377169,On or near Wayneflete Place,E01030310,Elmbridge 013D,Vehicle crime,Unable to prosecute suspect,
b9a7383755fa1d9fb1641291ba6047b20aceb041714508061e1cfe51ea83ee69,2024-07,Surrey Police,Surrey Police,-0.369038,51.379246,On or near Brooklands Gardens,E01030310,Elmbridge 013D,Vehicle crime,Investigation complete; no suspect identified,
27b158ec8143b1e8b7ed1c8fb567fd4c343724fefb4e7ca3834f4c0f3932d4d4,2024-07,Surrey Police,Surrey Police,-0.370253,51.380629,On or near Sherriff Close,E01030310,Elmbridge 013D,Violence and sexual offences,Unable to prosecute suspect,
6e08b295cd9fea3cf111390691fe73e56466eceffd7a902db7631799325ce43d,2024-07,Surrey Police,Surrey Police,-0.371942,51.380410,On or near Joseph Locke Way,E01030310,Elmbridge 013D,Violence and sexual offences,Local resolution,
8cb6d0e8aa6adbf2220030322e534e14f041be1a8289888a384eec528e949726,2024-07,Surrey Police,Surrey Police,-0.370316,51.380900,On or near Farm Road,E01030310,Elmbridge 013D,Violence and sexual offences,Unable to prosecute suspect,
127cc5320e75783bbdac98a5d0561de054f8613f05ad1fc2b9175148a2493826,2024-07,Surrey Police,Surrey Police,-0.369599,51.375594,On or near The Gallops,E01030310,Elmbridge 013D,Violence and sexual offences,Action to be taken by another organisation,
119840dbd59a2d1f88a79b8c4367bf3b8dd1a124ddcc40869e5e880e2d80d831,2024-07,Surrey Police,Surrey Police,-0.354437,51.376892,On or near Sandown Gate,E01030310,Elmbridge 013D,Violence and sexual offences,Offender given a caution,
c679dc46608aa6bb99a75fbe84323f8c4cc9893cbecbbf5595d0cee6241a577b,2024-07,Surrey Police,Surrey Police,-0.354437,51.376892,On or near Sandown Gate,E01030310,Elmbridge 013D,Violence and sexual offences,Offender given a caution,
3f9e424717e6fb00de8dfe343cd4b33ac1cc48be7e26f478941a73a50e8f9260,2024-07,Surrey Police,Surrey Police,-0.370316,51.380900,On or near Farm Road,E01030310,Elmbridge 013D,Violence and sexual offences,Unable to prosecute suspect,
f8266987d6a3dc124126fee9be582859d9e2bb84a90054dc340a770618c0fdb8,2024-07,Surrey Police,Surrey Police,-0.371942,51.380410,On or near Joseph Locke Way,E01030310,Elmbridge 013D,Other crime,Investigation complete; no suspect identified,
eb070578fd66139c024c83f118dd0b5a3050b2c35dfe3f7ba09f977bc1e31282,2024-07,Surrey Police,Surrey Police,-0.388201,51.370815,On or near Southdown Road,E01030311,Elmbridge 014A,Criminal damage and arson,Unable to prosecute suspect,
85c1edc3507dbf30a5c1aee0bbb7946b71fd4447cad7c3410b5a482c962d6d80,2024-07,Surrey Police,Surrey Police,-0.388201,51.370815,On or near Southdown Road,E01030311,Elmbridge 014A,Criminal damage and arson,Investigation complete; no suspect identified,
fe50a6eca5688690f42a37dd4dafea22392267c52852b061501d73512a60f803,2024-07,Surrey Police,Surrey Police,-0.388201,51.370815,On or near Southdown Road,E01030311,Elmbridge 014A,Criminal damage and arson,Offender given a caution,
714c067f9d88339fdec8b01fd594985579f82ac8efcbdf2dddaeea11ad7638ae,2024-07,Surrey Police,Surrey Police,-0.393394,51.367343,On or near Brittain Road,E01030311,Elmbridge 014A,Other theft,Investigation complete; no suspect identified,
7d0ea08647f9f37e2b2c1df31670cde7aa6b53a6d7847c3683afba2add945c34,2024-07,Surrey Police,Surrey Police,-0.393527,51.367246,On or near Dukes Road,E01030311,Elmbridge 014A,Other theft,Unable to prosecute suspect,
383b3821b0abe6cae53a9aeeb0ffadd6b5e1f25f0ef9846535ad28f14834ccae,2024-07,Surrey Police,Surrey Police,-0.393394,51.367343,On or near Brittain Road,E01030311,Elmbridge 014A,Other theft,Investigation complete; no suspect identified,
92c55a7d99e0fd74b7770a38a3dad7f146fa7cfbf1a11eb3fb6751ace2516ea3,2024-07,Surrey Police,Surrey Police,-0.387321,51.370515,On or near Newlands Close,E01030311,Elmbridge 014A,Violence and sexual offences,Unable to prosecute suspect,
94ccf62ae7047137c6c6ed0a86844995b4c4f6baa290a16c708178c3bd26b30f,2024-07,Surrey Police,Surrey Police,-0.393806,51.369957,On or near Pembroke Avenue,E01030311,Elmbridge 014A,Violence and sexual offences,Unable to prosecute suspect,
1b61b10f0087be96827a4257bf929fc8234411c2a1974d3a546f5b900f2778c9,2024-07,Surrey Police,Surrey Police,-0.393394,51.367343,On or near Brittain Road,E01030311,Elmbridge 014A,Violence and sexual offences,Investigation complete; no suspect identified,
81deaa8eeaa1b2b94a4d21c2556641271c9266ea7a80e8c7754cbbfbd2ce17ca,2024-07,Surrey Police,Surrey Police,-0.392031,51.368952,On or near Riverside Road,E01030311,Elmbridge 014A,Violence and sexual offences,Status update unavailable,
db294d6e9ca5c1559f8edad7d1699ef1ed6a96ff015fd4fbf2794cd7deaf7e1e,2024-07,Surrey Police,Surrey Police,-0.391863,51.372088,On or near Molesey Close,E01030312,Elmbridge 014B,Criminal damage and arson,Investigation complete; no suspect identified,
f057231f4f5f6eb1f171abbca8e29be7c0802e000ecef3abe15394a95e31e444,2024-07,Surrey Police,Surrey Police,-0.391863,51.372088,On or near Molesey Close,E01030312,Elmbridge 014B,Criminal damage and arson,Investigation complete; no suspect identified,
1c5740880200d1b93a7e7e0246f24f7e285d3eeb4d5174acdd992e0e8b815ccf,2024-07,Surrey Police,Surrey Police,-0.391863,51.372088,On or near Molesey Close,E01030312,Elmbridge 014B,Criminal damage and arson,Investigation complete; no suspect identified,
dd0d95e47dc0ff506ca9e342eb6975c75bfa9cba7956c6c6f6eb906bdf8a8a53,2024-07,Surrey Police,Surrey Police,-0.391863,51.372088,On or near Molesey Close,E01030312,Elmbridge 014B,Criminal damage and arson,Investigation complete; no suspect identified,
12bed1869566c7fed540cdffc785cffe63ccc27f4449b954f825fe4225fc2392,2024-07,Surrey Police,Surrey Police,-0.391863,51.372088,On or near Molesey Close,E01030312,Elmbridge 014B,Criminal damage and arson,Investigation complete; no suspect identified,
f1ec7d6ed4105cd41f6645ae7aedacc6aba80245184e5726786f900f05b09beb,2024-07,Surrey Police,Surrey Police,-0.391863,51.372088,On or near Molesey Close,E01030312,Elmbridge 014B,Criminal damage and arson,Investigation complete; no suspect identified,
d7e8325e239b5a92182b654a21e66997c556d22fad3da3deb4110869eaa90300,2024-07,Surrey Police,Surrey Police,-0.391863,51.372088,On or near Molesey Close,E01030312,Elmbridge 014B,Criminal damage and arson,Investigation complete; no suspect identified,
405a0f7bf6a7853ad7fcdcd37b65ee1ea577f15a02593f97adfcf277bf334743,2024-07,Surrey Police,Surrey Police,-0.391863,51.372088,On or near Molesey Close,E01030312,Elmbridge 014B,Public order,Investigation complete; no suspect identified,
2cdcdcbbb879be016009024d8ce1c751cf1ca5ebfad3d21c8107b8ec66acb8f4,2024-07,Surrey Police,Surrey Police,-0.391863,51.372088,On or near Molesey Close,E01030312,Elmbridge 014B,Robbery,Investigation complete; no suspect identified,
c9be2f027279672f1009c227b5400dd25de86b3abb63851a44d066de0d2889ef,2024-07,Surrey Police,Surrey Police,-0.390785,51.375392,On or near Assher Road,E01030312,Elmbridge 014B,Vehicle crime,Investigation complete; no suspect identified,
b39702c15ee11665216332a4630405dd705a1fad2a67a3e3692081ec69df7490,2024-07,Surrey Police,Surrey Police,-0.394027,51.371417,On or near Molesey Road,E01030312,Elmbridge 014B,Vehicle crime,Investigation complete; no suspect identified,
1bd564f95bd9247796f919d2bd8101811be0b9e8c1495557de3a15b87e565e68,2024-07,Surrey Police,Surrey Police,-0.390785,51.375392,On or near Assher Road,E01030312,Elmbridge 014B,Violence and sexual offences,Awaiting court outcome,
1d70d47d49e47b717962ade668ed4f4542fec831da67b2ba209403b49cc7e334,2024-07,Surrey Police,Surrey Police,-0.392901,51.374863,On or near Arch Road,E01030312,Elmbridge 014B,Violence and sexual offences,Status update unavailable,
5237fce8fc9634c5560ef2df670027bd1f2f8f0ab15eb584e4ad8860ece9edfd,2024-07,Surrey Police,Surrey Police,-0.389583,51.370744,On or near Mead Road,E01030312,Elmbridge 014B,Violence and sexual offences,Investigation complete; no suspect identified,
e061a0eae04fcb2389857f7bc07bcbf9b5e6e9fe848bd1dff5ffd23616bccc99,2024-07,Surrey Police,Surrey Police,-0.391863,51.372088,On or near Molesey Close,E01030312,Elmbridge 014B,Violence and sexual offences,Unable to prosecute suspect,
d25ccb9e6fe4950761d548b3a57f2adad36bdb1ede5b720c1c1b9e4ad3c65284,2024-07,Surrey Police,Surrey Police,-0.392901,51.374863,On or near Arch Road,E01030312,Elmbridge 014B,Violence and sexual offences,Unable to prosecute suspect,
dfb4e5633edc1cb5114a855adbb9df84bc5f1d106cf9af811e16050727b450f0,2024-07,Surrey Police,Surrey Police,-0.390467,51.370118,On or near Longmore Road,E01030312,Elmbridge 014B,Violence and sexual offences,Action to be taken by another organisation,
a19ce1d2e2407f338c941dedc83556af77fc2e5d6636993b1dea562409ce22c4,2024-07,Surrey Police,Surrey Police,-0.392901,51.374863,On or near Arch Road,E01030312,Elmbridge 014B,Violence and sexual offences,Unable to prosecute suspect,
f1d957708b9446fe587253430376483e6dc497805b5aa2e2b3cc71e69b9252b5,2024-07,Surrey Police,Surrey Police,-0.391863,51.372088,On or near Molesey Close,E01030312,Elmbridge 014B,Violence and sexual offences,Unable to prosecute suspect,
,2024-07,Surrey Police,Surrey Police,-0.401854,51.365319,On or near Faulkner'S Road,E01030315,Elmbridge 014C,Anti-social behaviour,,
a0dd4132cc89751c78befa2033d5cb80eb7e7b14a44499bb06243ae23dfec9bf,2024-07,Surrey Police,Surrey Police,-0.406255,51.363509,On or near Burwood Road,E01030315,Elmbridge 014C,Criminal damage and arson,Unable to prosecute suspect,
a476cf4c772652575c0c20566a5e0f1620c97d43c00f54218569ce9b3938aaf9,2024-07,Surrey Police,Surrey Police,-0.406255,51.363509,On or near Burwood Road,E01030315,Elmbridge 014C,Criminal damage and arson,Investigation complete; no suspect identified,
a25ee41a32755a573700d19431367d96a6154e526983c8450f4be10acfc71a13,2024-07,Surrey Police,Surrey Police,-0.406255,51.363509,On or near Burwood Road,E01030315,Elmbridge 014C,Criminal damage and arson,Status update unavailable,
6eb0a111257baa74ceca48ef4b7762ab8a1b2736e532d3348e18b7b55d3d8b8f,2024-07,Surrey Police,Surrey Police,-0.401854,51.365319,On or near Faulkner'S Road,E01030315,Elmbridge 014C,Criminal damage and arson,Offender given a caution,
53bf5557d21d1571a3c9a61d23d2a416a5ce2900eb4b4666ea3a49db90d5b15b,2024-07,Surrey Police,Surrey Police,-0.407553,51.361719,On or near Vaux Crescent,E01030315,Elmbridge 014C,Vehicle crime,Investigation complete; no suspect identified,
9c982730b8a0dc46a7eee00d0edb65dfaecf7ac7138eec0447511fd6ea1b1d8b,2024-07,Surrey Police,Surrey Police,-0.407553,51.361719,On or near Vaux Crescent,E01030315,Elmbridge 014C,Violence and sexual offences,Unable to prosecute suspect,
50ee049beaab292cb159b0450cb3c12378daaad467441bd0cb5eb58d77df43a7,2024-07,Surrey Police,Surrey Police,-0.408015,51.366194,On or near Robert Close,E01030316,Elmbridge 014D,Burglary,Investigation complete; no suspect identified,
,2024-07,Surrey Police,Surrey Police,-0.396240,51.368129,On or near Petrol Station,E01030317,Elmbridge 014E,Anti-social behaviour,,
,2024-07,Surrey Police,Surrey Police,-0.395242,51.367090,On or near Mole Road,E01030317,Elmbridge 014E,Anti-social behaviour,,
,2024-07,Surrey Police,Surrey Police,-0.401774,51.367206,On or near Primrose Road,E01030317,Elmbridge 014E,Anti-social behaviour,,
,2024-07,Surrey Police,Surrey Police,-0.398550,51.365319,On or near Shopping Area,E01030317,Elmbridge 014E,Anti-social behaviour,,
139fdec3b2536090386c24ba056731949b2f941e3cf16de540ff6476ba2fcc8e,2024-07,Surrey Police,Surrey Police,-0.402935,51.366880,On or near Snellings Road,E01030317,Elmbridge 014E,Criminal damage and arson,Investigation complete; no suspect identified,
63a4d92f5b1b292b7afaf92cd9143c72130de7830dbfb3ae60275d8dbaf99d62,2024-07,Surrey Police,Surrey Police,-0.402935,51.366880,On or near Snellings Road,E01030317,Elmbridge 014E,Other theft,Investigation complete; no suspect identified,
adee7cbc299e81cec247071055f62a76ae0203bdd78662052266bd5df2891a88,2024-07,Surrey Police,Surrey Police,-0.403906,51.368287,On or near Trenchard Close,E01030317,Elmbridge 014E,Other theft,Status update unavailable,
9f09de644cbbdce79bc0ec74f1cf57c599ac89635cff316ed52996c2c6c66423,2024-07,Surrey Police,Surrey Police,-0.402935,51.366880,On or near Snellings Road,E01030317,Elmbridge 014E,Public order,Unable to prosecute suspect,
01c478a9b4ab2edb8cb556e9a68f0fb4211a12702f08207bbc0c13e79c92f53e,2024-07,Surrey Police,Surrey Police,-0.402935,51.366880,On or near Snellings Road,E01030317,Elmbridge 014E,Public order,Awaiting court outcome,
81b679287105cd95955a6f6dd04150a7db37fc2378e63252675db22f8772c0f4,2024-07,Surrey Police,Surrey Police,-0.395769,51.367619,On or near Supermarket,E01030317,Elmbridge 014E,Shoplifting,Investigation complete; no suspect identified,
e2f2f5577a7315fba1b8dd6334f07b9963c83cfd7b321f1a7b714fbd8c047ccf,2024-07,Surrey Police,Surrey Police,-0.398550,51.365319,On or near Shopping Area,E01030317,Elmbridge 014E,Violence and sexual offences,Investigation complete; no suspect identified,
721227995aae5a3fa0a0bee038534d77b8fa1c56526d42f0fab484d6a18fc096,2024-07,Surrey Police,Surrey Police,-0.402311,51.367052,On or near North Road,E01030317,Elmbridge 014E,Violence and sexual offences,Unable to prosecute suspect,
9e50e972e24c039758fb8510d477fdbe24d4e8867220f6f5a5a8cb13992bd6f7,2024-07,Surrey Police,Surrey Police,-0.396939,51.366205,On or near Thrupps Avenue,E01030317,Elmbridge 014E,Violence and sexual offences,Unable to prosecute suspect,
4d05b644aa06cbc37158462499d68759c3eab445b1fd2d31f48608ff0ec11708,2024-07,Surrey Police,Surrey Police,-0.403530,51.368777,On or near Queensway South,E01030317,Elmbridge 014E,Violence and sexual offences,Unable to prosecute suspect,
94a7ef9ab4a2f8f995d1b43457687d6ce2df49179517db45072b383a13ede7d8,2024-07,Surrey Police,Surrey Police,-0.396240,51.368129,On or near Petrol Station,E01030317,Elmbridge 014E,Violence and sexual offences,Investigation complete; no suspect identified,
afaeae0f5321b96afa4fe5bace8f7b8e988b7743b003f032ffbea8968576b274,2024-07,Surrey Police,Surrey Police,-0.403906,51.368287,On or near Trenchard Close,E01030317,Elmbridge 014E,Other crime,Status update unavailable,
2b2062465cad516f1580a04fd09438bc44f47ad0a44fa6801c8b1a6227335a63,2024-07,Surrey Police,Surrey Police,-0.403906,51.368287,On or near Trenchard Close,E01030317,Elmbridge 014E,Other crime,Further investigation is not in the public interest,
d45cf9de543d3465d4b4ae7c44e6559fb6ebf7e9ddb933dcc73bb1a81134eb7c,2024-07,Surrey Police,Surrey Police,-0.402889,51.357860,On or near Burhill Road,E01030318,Elmbridge 014F,Criminal damage and arson,Investigation complete; no suspect identified,
1bb22a8862344e530b318f096c4d075530c0306a7a43f3d8962a1505340b1131,2024-07,Surrey Police,Surrey Police,-0.430950,51.361774,On or near Ince Road,E01030318,Elmbridge 014F,Other theft,Unable to prosecute suspect,
87becd4679640b8d0e3b17323f7e168e785390e25becf39da9181b1e98cf6e31,2024-07,Surrey Police,Surrey Police,-0.429634,51.351541,On or near Circle Road,E01030318,Elmbridge 014F,Other theft,Investigation complete; no suspect identified,
f9b5815c4559794d121ae1367388dbaa44f935c4fcee23a52469d25fd9f80678,2024-07,Surrey Police,Surrey Police,-0.430540,51.335269,On or near Sports/Recreation Area,E01030318,Elmbridge 014F,Public order,Investigation complete; no suspect identified,
27cd907046b62adfb0f4656229e23f9df5aaec3387141a25ff6495c5767fc744,2024-07,Surrey Police,Surrey Police,-0.430540,51.335269,On or near Sports/Recreation Area,E01030318,Elmbridge 014F,Public order,Investigation complete; no suspect identified,
d1e541f3a924703c59e908268cdabdd53eb1becf920d5b88088bb1e8a3f17726,2024-07,Surrey Police,Surrey Police,-0.414220,51.362897,On or near The Heronry,E01030318,Elmbridge 014F,Violence and sexual offences,Unable to prosecute suspect,
59562a28d6caca5cf63f6166a4f44cb050d0b269c6ad24ae7996fc2cfce326d7,2024-07,Surrey Police,Surrey Police,-0.329084,51.359691,On or near Stevens' Lane,E01030296,Elmbridge 015A,Vehicle crime,Investigation complete; no suspect identified,
30474fb702dfc6724fd0d9c30b8520b678dd46721279b33e6e30cce0559e9f2f,2024-07,Surrey Police,Surrey Police,-0.328838,51.357376,On or near Hill View Road,E01030296,Elmbridge 015A,Vehicle crime,Investigation complete; no suspect identified,
93ea7bac8bb795769e92323f2fa105b9485a4d5e478b8be410f56030fc652086,2024-07,Surrey Police,Surrey Police,-0.330884,51.359563,On or near Oakhill,E01030296,Elmbridge 015A,Vehicle crime,Investigation complete; no suspect identified,
91f6180e2c286d64f97f49e0245bd5bcd4bdab622bc70cec2d68713bd6a4ca99,2024-07,Surrey Police,Surrey Police,-0.333389,51.360993,On or near Hermitage Close,E01030296,Elmbridge 015A,Violence and sexual offences,Further investigation is not in the public interest,
3c2f2a2c8ff160fe8df88cc89ffb94cdd75edd5a7728a32207132b23ed7f9554,2024-07,Surrey Police,Surrey Police,-0.352856,51.364074,On or near Chadworth Way,E01030297,Elmbridge 015B,Other theft,Investigation complete; no suspect identified,
86e801cd8915b43555ae7c15acb234568c9cb4e1392d4b08d62c79bb4bffd2dd,2024-07,Surrey Police,Surrey Police,-0.345556,51.360976,On or near Supermarket,E01030297,Elmbridge 015B,Shoplifting,Local resolution,
77e180f1f5dc1571ed6d353362fd44b7a24b6ed6ec5c0db25ac20ce424d190ee,2024-07,Surrey Police,Surrey Police,-0.344613,51.360819,On or near Parking Area,E01030297,Elmbridge 015B,Vehicle crime,Investigation complete; no suspect identified,
6eafa760e83346b544a92cf5da6c7c7549e28d8614e626c169b3398d7cfbc903,2024-07,Surrey Police,Surrey Police,-0.347018,51.366258,On or near Stockfield Road,E01030297,Elmbridge 015B,Vehicle crime,Investigation complete; no suspect identified,
0cb25038fdee676b0fa45bfd4d2ee32f90cd26fec29409bdc6c9ddb8b709c89c,2024-07,Surrey Police,Surrey Police,-0.338220,51.362464,On or near The Roundway,E01030297,Elmbridge 015B,Violence and sexual offences,Unable to prosecute suspect,
8ec798ac69a3ef6cef77864a81aa6f8f0b34b761649e3a1e9f2a6ea007688f98,2024-07,Surrey Police,Surrey Police,-0.347071,51.361178,On or near The Parade,E01030297,Elmbridge 015B,Violence and sexual offences,Investigation complete; no suspect identified,
,2024-07,Surrey Police,Surrey Police,-0.341126,51.359934,On or near Parking Area,E01030298,Elmbridge 015C,Anti-social behaviour,,
d77850b23b5d2f1a492fe34fd60a103618f190402b9cda13777e84b9b20628e2,2024-07,Surrey Police,Surrey Police,-0.341126,51.359934,On or near Parking Area,E01030298,Elmbridge 015C,Criminal damage and arson,Investigation complete; no suspect identified,
19748f064ac70514be779dad70af6d10d1bf16e32dd144b53700e23ba1d8ebee,2024-07,Surrey Police,Surrey Police,-0.338699,51.358748,On or near Church Road,E01030298,Elmbridge 015C,Criminal damage and arson,Investigation complete; no suspect identified,
9d725adcf7869eeff0408af939e84fe532557b20f5fb774ff9c0a275aa2f7515,2024-07,Surrey Police,Surrey Police,-0.338699,51.358748,On or near Church Road,E01030298,Elmbridge 015C,Violence and sexual offences,Unable to prosecute suspect,
75e0737f644b33fe511955f77860d4ef3837698730e93374c59fd69116c93354,2024-07,Surrey Police,Surrey Police,-0.336353,51.361655,On or near Brookfield Gardens,E01030298,Elmbridge 015C,Violence and sexual offences,Unable to prosecute suspect,
,2024-07,Surrey Police,Surrey Police,-0.337586,51.350594,On or near Glebelands,E01030299,Elmbridge 015D,Anti-social behaviour,,
ae295003827e2748d1f3ba160bfcb0efb16e6c20daa7e5c8346bb003b63e8643,2024-07,Surrey Police,Surrey Police,-0.345024,51.359000,On or near Foley Mews,E01030299,Elmbridge 015D,Criminal damage and arson,Unable to prosecute suspect,
e4048e61e1346c77a6272a4d4400fda304c2a431c1c83ec8ad040fca88921fa4,2024-07,Surrey Police,Surrey Police,-0.337138,51.357035,On or near Fee Farm Road,E01030299,Elmbridge 015D,Vehicle crime,Investigation complete; no suspect identified,
2d7f922e90306a3db23839142f71e934476c41a449e56a616fd92b08a16cd379,2024-07,Surrey Police,Surrey Police,-0.344563,51.357842,On or near Kings Mead Park,E01030299,Elmbridge 015D,Violence and sexual offences,Status update unavailable,
ce786a9df9dbd66e4e906f91a225f8c34ff54f9f3f57e2cad4d723405762785f,2024-07,Surrey Police,Surrey Police,-0.335055,51.351880,On or near Dove Place,E01030299,Elmbridge 015D,Violence and sexual offences,Unable to prosecute suspect,
13d0e034f1ecdcd896b8c5549e575b5d3a3472464291c96e3494acbbf8b675dd,2024-07,Surrey Police,Surrey Police,-0.338587,51.354286,On or near Coverts Road,E01030299,Elmbridge 015D,Violence and sexual offences,Unable to prosecute suspect,
,2024-07,Surrey Police,Surrey Police,-0.434991,51.335507,On or near A245,E01030346,Elmbridge 016A,Anti-social behaviour,,
,2024-07,Surrey Police,Surrey Police,-0.434991,51.335507,On or near A245,E01030346,Elmbridge 016A,Anti-social behaviour,,
372af026b5b568223101b1e0d9b88e24ee734e03bfb018adbde1c898a2909a92,2024-07,Surrey Police,Surrey Police,-0.434991,51.335507,On or near A245,E01030346,Elmbridge 016A,Drugs,Investigation complete; no suspect identified,
73b2b6b398e8d81c8042e0836ab3fb07f07ce1d5e4eee728e9a8972cfb6a1331,2024-07,Surrey Police,Surrey Police,-0.464162,51.341513,On or near Park/Open Space,E01030346,Elmbridge 016A,Public order,Unable to prosecute suspect,
83eead05a752da4abcbfe94c82a279a21d4027b1081631cf4644456db26ece31,2024-07,Surrey Police,Surrey Police,-0.446097,51.337777,On or near Byfleet Road,E01030346,Elmbridge 016A,Vehicle crime,Investigation complete; no suspect identified,
3db87691d54094d1c6e4cdbf7e9b5ead4b8746cf5fcfde4bd730f55ce63a4e10,2024-07,Surrey Police,Surrey Police,-0.446097,51.337777,On or near Byfleet Road,E01030346,Elmbridge 016A,Vehicle crime,Investigation complete; no suspect identified,
b1deccdf5016a1af35b5341ca98244ba33ce5bb147ba9ca20c1c10d5e07747e5,2024-07,Surrey Police,Surrey Police,-0.434991,51.335507,On or near A245,E01030346,Elmbridge 016A,Violence and sexual offences,Unable to prosecute suspect,
ad528e5912557f458fcc1704185566fcfdd88ef25eada1d31bdf2003be99c873,2024-07,Surrey Police,Surrey Police,-0.452025,51.339078,On or near Redhill Road,E01030346,Elmbridge 016A,Violence and sexual offences,Unable to prosecute suspect,
a593524e6a7a984bc08200cfcd00c4bcb540698410003a47221257522f3221c8,2024-07,Surrey Police,Surrey Police,-0.434991,51.335507,On or near A245,E01030346,Elmbridge 016A,Violence and sexual offences,Offender given a caution,
,2024-07,Surrey Police,Surrey Police,-0.463026,51.346714,On or near Petrol Station,E01030347,Elmbridge 016B,Anti-social behaviour,,
,2024-07,Surrey Police,Surrey Police,-0.471852,51.343817,On or near Parking Area,E01030347,Elmbridge 016B,Anti-social behaviour,,
e1c4fb3f3481050fa3eca96f5f7e460082657e4be90fae2f3a4f618c2090aad7,2024-07,Surrey Police,Surrey Police,-0.460145,51.355974,On or near Locke King Road,E01030347,Elmbridge 016B,Burglary,Investigation complete; no suspect identified,
1660c6e67380c5f12102aa1743cdc02ba3b9b92628c9a129a4f6d79943caa129,2024-07,Surrey Police,Surrey Police,-0.462124,51.358203,On or near John Cobb Road,E01030347,Elmbridge 016B,Criminal damage and arson,Investigation complete; no suspect identified,
41afac910b7d4186276c3d8741faa137c54f8dc350b4b2d0c67fcc45ec329668,2024-07,Surrey Police,Surrey Police,-0.475344,51.344650,On or near Shopping Area,E01030347,Elmbridge 016B,Criminal damage and arson,Status update unavailable,
6db9b0ea6f648af668836f6c39629b704755710663501f445f77e822bd8bcff4,2024-07,Surrey Police,Surrey Police,-0.475344,51.344650,On or near Shopping Area,E01030347,Elmbridge 016B,Criminal damage and arson,Investigation complete; no suspect identified,
332db10c17734f525f3c539573f1667c1d6e0cf757c9b62f743877bfe96e8061,2024-07,Surrey Police,Surrey Police,-0.463026,51.346714,On or near Petrol Station,E01030347,Elmbridge 016B,Drugs,Court result unavailable,
fbb9bea5ecf9088a0d6c197108ea4eec7bc3fb4602eb86c92906a17486eff6f9,2024-07,Surrey Police,Surrey Police,-0.461024,51.356759,On or near Locke King Close,E01030347,Elmbridge 016B,Drugs,Investigation complete; no suspect identified,
48a1850b1fac3c729f490e93ae8a667d335a2193ffb45f7425794ccf9c926788,2024-07,Surrey Police,Surrey Police,-0.475344,51.344650,On or near Shopping Area,E01030347,Elmbridge 016B,Other theft,Investigation complete; no suspect identified,
737b7337da80286367944319de134b9f06f9780e2bc68fb4c4b3467d984ec837,2024-07,Surrey Police,Surrey Police,-0.475344,51.344650,On or near Shopping Area,E01030347,Elmbridge 016B,Other theft,Investigation complete; no suspect identified,
2a1d7110c96db7af658be02cab86b2678dba6419e9435223c0f9844e562ebd26,2024-07,Surrey Police,Surrey Police,-0.463012,51.348413,On or near Eyston Drive,E01030347,Elmbridge 016B,Other theft,Investigation complete; no suspect identified,
e16284b6afafa74417a1142cd482f7528edf47738ab5f8b5b139461ef95bb79f,2024-07,Surrey Police,Surrey Police,-0.475613,51.346878,On or near Vickers Drive South,E01030347,Elmbridge 016B,Other theft,Unable to prosecute suspect,
5eadc5b776d4c92de500baba9cb14e46fcdee2a01b7bdb4e3fdc6ab9581a4b8b,2024-07,Surrey Police,Surrey Police,-0.475344,51.344650,On or near Shopping Area,E01030347,Elmbridge 016B,Shoplifting,Investigation complete; no suspect identified,
8680ad01e136ddebd5b6c400fd92416ed12e4240d4f8e784496530521ef05c36,2024-07,Surrey Police,Surrey Police,-0.475344,51.344650,On or near Shopping Area,E01030347,Elmbridge 016B,Shoplifting,Status update unavailable,
cd621b116d1c55963a15d61469a66b6a63b632073870ca091e5e6ee08989365d,2024-07,Surrey Police,Surrey Police,-0.474012,51.345356,On or near Supermarket,E01030347,Elmbridge 016B,Shoplifting,Unable to prosecute suspect,
ecabb3676cd3a533ac30f2c932a61dbdbe1d600a9e1f105c69bdb39053da2fb4,2024-07,Surrey Police,Surrey Police,-0.475344,51.344650,On or near Shopping Area,E01030347,Elmbridge 016B,Shoplifting,Court result unavailable,
08297a5826875dfa4e7912834fdee3ea8e1047598b568b435ff58dfa5e2c9144,2024-07,Surrey Police,Surrey Police,-0.462124,51.358203,On or near John Cobb Road,E01030347,Elmbridge 016B,Violence and sexual offences,Investigation complete; no suspect identified,
,2024-07,Surrey Police,Surrey Police,-0.448133,51.364619,On or near Warren Way,E01030348,Elmbridge 016C,Anti-social behaviour,,
a0d899a2582e32de478ee5cdabc293c40165301075c2f5f49066a4f71db4ba33,2024-07,Surrey Police,Surrey Police,-0.445209,51.365722,On or near Outram Place,E01030348,Elmbridge 016C,Bicycle theft,Investigation complete; no suspect identified,
4bf3660b629777c1c3cdb2743b88e4910f2f55bd1dbcb0c04e902ab685642ce2,2024-07,Surrey Police,Surrey Police,-0.442913,51.366492,On or near Howard Place,E01030348,Elmbridge 016C,Violence and sexual offences,Unable to prosecute suspect,
,2024-07,Surrey Police,Surrey Police,-0.438823,51.363839,On or near St George'S Road,E01030349,Elmbridge 016D,Anti-social behaviour,,
,2024-07,Surrey Police,Surrey Police,-0.437545,51.365495,On or near Queens Road,E01030349,Elmbridge 016D,Anti-social behaviour,,
45fff8ad84ba8b662833f3fb9a368dcac81ab36bbb9dc62ad9789f08df7fd3d1,2024-07,Surrey Police,Surrey Police,-0.437701,51.362601,On or near Kenwood Park,E01030349,Elmbridge 016D,Criminal damage and arson,Status update unavailable,
fb5e143b1b963a15ececaa1896895327e1bf2be5a23b2a94125a2eabd2fc9138,2024-07,Surrey Police,Surrey Police,-0.442698,51.362236,On or near The Meades,E01030349,Elmbridge 016D,Other theft,Investigation complete; no suspect identified,
9c2734cc3d727a96fc82357a1fb04848f5d30446d21d32ad89f6ecab5d6c3e81,2024-07,Surrey Police,Surrey Police,-0.438823,51.363839,On or near St George'S Road,E01030349,Elmbridge 016D,Public order,Unable to prosecute suspect,
eb8c0ae2c25c543b7d754b626d75b9efa054a7513b5e3778370fef0bf7e55b7e,2024-07,Surrey Police,Surrey Police,-0.437545,51.365495,On or near Queens Road,E01030349,Elmbridge 016D,Public order,Local resolution,
305544b14ee9f4219f541b3fd5d1a16efba6465b0b59455e1ad12436c28a1c4f,2024-07,Surrey Police,Surrey Police,-0.437545,51.365495,On or near Queens Road,E01030349,Elmbridge 016D,Public order,Unable to prosecute suspect,
e710b4af148e9d10db381b686ab83638d092f410a3c3d238be36ec52f9a17b3b,2024-07,Surrey Police,Surrey Police,-0.436410,51.356649,On or near East Road,E01030349,Elmbridge 016D,Violence and sexual offences,Local resolution,
f74519d7caaa44e19974608d02a5237010347dc434484d7eb06c61c09cd12ce5,2024-07,Surrey Police,Surrey Police,-0.436410,51.356649,On or near East Road,E01030349,Elmbridge 016D,Violence and sexual offences,Unable to prosecute suspect,
c55fb460c57a9dcc7b4224e2d943bd0b92a323b67e84dbeb8e183dc10785ec5f,2024-07,Surrey Police,Surrey Police,-0.407783,51.335608,On or near Lyster Mews,E01030300,Elmbridge 017A,Bicycle theft,Investigation complete; no suspect identified,
450e25780bdb86a8a4e9c6355934733333089845660a3c002b871c3e9da9ff9e,2024-07,Surrey Police,Surrey Police,-0.412261,51.329823,On or near Supermarket,E01030300,Elmbridge 017A,Burglary,Investigation complete; no suspect identified,
20e23eed0e8d934da05b894d58a87203f52436e166d1c4fa0e0b807fe53541eb,2024-07,Surrey Police,Surrey Police,-0.410049,51.334002,On or near Copse Road,E01030300,Elmbridge 017A,Other theft,Investigation complete; no suspect identified,
276a2acc69e37a822b758a3eb7013375e7d86bd5e1ef01cb86a90c98147313f8,2024-07,Surrey Police,Surrey Police,-0.405668,51.334914,On or near Lockhart Road,E01030300,Elmbridge 017A,Public order,Unable to prosecute suspect,
018e7a90b4ec4da224793d459e59c606a137afc3786ce0b34132cb8e604425b4,2024-07,Surrey Police,Surrey Police,-0.412261,51.329823,On or near Supermarket,E01030300,Elmbridge 017A,Public order,Investigation complete; no suspect identified,
17baa3b00c8f9a49f50c4c737c02c8cf6a2e408b56850bdd18a578a30d349282,2024-07,Surrey Police,Surrey Police,-0.412261,51.329823,On or near Supermarket,E01030300,Elmbridge 017A,Shoplifting,Unable to prosecute suspect,
df863155697a4db82cb7e90b0c568c80b5f87d23378e7c761f7448bba4378ae8,2024-07,Surrey Police,Surrey Police,-0.412001,51.330269,On or near Parking Area,E01030300,Elmbridge 017A,Shoplifting,Unable to prosecute suspect,
9defcd041d1733ba60c777ab7a4d98c5a7dfa1e6eb0b6b83b51353ff7a9b888c,2024-07,Surrey Police,Surrey Police,-0.412096,51.332096,On or near Oakfield Road,E01030300,Elmbridge 017A,Theft from the person,Investigation complete; no suspect identified,
1bfe605b3a709a87a16f3423e2e58f6868964928c144f9e44ccaa720d26353d1,2024-07,Surrey Police,Surrey Police,-0.404870,51.337232,On or near Petrol Station,E01030300,Elmbridge 017A,Violence and sexual offences,Status update unavailable,
9a206c1134ec646af207b824a080ce91119504910dcf1b4e3fa568d50520f3da,2024-07,Surrey Police,Surrey Police,-0.412001,51.330269,On or near Parking Area,E01030300,Elmbridge 017A,Violence and sexual offences,Unable to prosecute suspect,
,2024-07,Surrey Police,Surrey Police,-0.399001,51.333429,On or near Summerhays,E01030301,Elmbridge 017B,Anti-social behaviour,,
b07ab5a0ec277cec25ec423584cb1f71555e5b7475feac56d37c91eaf497eb80,2024-07,Surrey Police,Surrey Police,-0.405024,51.331128,On or near Paddocks Close,E01030301,Elmbridge 017B,Other theft,Unable to prosecute suspect,
,2024-07,Surrey Police,Surrey Police,-0.411480,51.326656,On or near Church Street,E01030302,Elmbridge 017C,Anti-social behaviour,,
,2024-07,Surrey Police,Surrey Police,-0.406088,51.309956,On or near Bookham Road,E01030302,Elmbridge 017C,Anti-social behaviour,,
,2024-07,Surrey Police,Surrey Police,-0.410448,51.305042,On or near Petrol Station,E01030302,Elmbridge 017C,Anti-social behaviour,,
,2024-07,Surrey Police,Surrey Police,-0.410448,51.305042,On or near Petrol Station,E01030302,Elmbridge 017C,Anti-social behaviour,,
,2024-07,Surrey Police,Surrey Police,-0.406088,51.309956,On or near Bookham Road,E01030302,Elmbridge 017C,Anti-social behaviour,,
c75e2327084a989551080073a9bd89a695b256745865d0b1215fa6e91ea2b9d5,2024-07,Surrey Police,Surrey Police,-0.414981,51.330040,On or near Between Streets,E01030302,Elmbridge 017C,Criminal damage and arson,Investigation complete; no suspect identified,
074ec43b37993376f02b1e53885594af6e1efc10ed433bba92b5457be6e8d6d2,2024-07,Surrey Police,Surrey Police,-0.410448,51.305042,On or near Petrol Station,E01030302,Elmbridge 017C,Criminal damage and arson,Investigation complete; no suspect identified,
777b817bd83d6cdc543d33e7d58cc1309c5d8744738f7a5dbbca49aa932a83e5,2024-07,Surrey Police,Surrey Police,-0.410448,51.305042,On or near Petrol Station,E01030302,Elmbridge 017C,Drugs,Court result unavailable,
9c0705633d8fe851e4bfebb49297d1d401fa9681a80c0342a39a9bf986944f87,2024-07,Surrey Police,Surrey Police,-0.412400,51.327038,On or near St Andrew'S Walk,E01030302,Elmbridge 017C,Other theft,Investigation complete; no suspect identified,
f1ac7dfb9a547f2bb90079424d5ded3483e7b69182734744d3649ea3cc2bc86f,2024-07,Surrey Police,Surrey Police,-0.410448,51.305042,On or near Petrol Station,E01030302,Elmbridge 017C,Other theft,Investigation complete; no suspect identified,
3e20734918fd0df7b8ab86097a575c298fbb869513221b9b4527683565de0720,2024-07,Surrey Police,Surrey Police,-0.418115,51.331557,On or near World'S End,E01030302,Elmbridge 017C,Other theft,Investigation complete; no suspect identified,
0e7d0fddbd6b584934f2c934ac8e91e9de575d170a48a69187ea70519b473845,2024-07,Surrey Police,Surrey Police,-0.412400,51.327038,On or near St Andrew'S Walk,E01030302,Elmbridge 017C,Possession of weapons,Local resolution,
0e766e44f8af35799b2258103920dd151ceee706b24cd37908a7aaffff087bfd,2024-07,Surrey Police,Surrey Police,-0.410448,51.305042,On or near Petrol Station,E01030302,Elmbridge 017C,Public order,Unable to prosecute suspect,
d2277067d931cb27187d0e060b2b95ac19bbd618c9ad6d4f2d1c7123b88bc1f0,2024-07,Surrey Police,Surrey Police,-0.409643,51.328745,On or near Watermill Place,E01030302,Elmbridge 017C,Shoplifting,Unable to prosecute suspect,
afdf382315f8ab6feb4a38bf6bc6763ce46412f0ccf23ab0f03856f7bab56a24,2024-07,Surrey Police,Surrey Police,-0.410510,51.328154,On or near High Street,E01030302,Elmbridge 017C,Shoplifting,Unable to prosecute suspect,
9e9f92f9aadf4a021ebfc877b3e8940a1547cdc722fe97b9c565b6319cf28e57,2024-07,Surrey Police,Surrey Police,-0.412218,51.328564,On or near Hollyhedge Road,E01030302,Elmbridge 017C,Vehicle crime,Investigation complete; no suspect identified,
641d4195697575249041beb3ae23a0e16d21ba0aad4e75fafe759ce6042e5049,2024-07,Surrey Police,Surrey Police,-0.410510,51.328154,On or near High Street,E01030302,Elmbridge 017C,Vehicle crime,Awaiting court outcome,
fc0b30b07942dc612dea903315fd2daa38bd6491fb55a3f86d20ff6728bdf4f3,2024-07,Surrey Police,Surrey Police,-0.411456,51.328194,On or near Longboyds,E01030302,Elmbridge 017C,Vehicle crime,Investigation complete; no suspect identified,
abe1aa15cb56a58650608136e24f23932a6c0bb9aafa66ca08f7382f182ce945,2024-07,Surrey Police,Surrey Police,-0.410448,51.305042,On or near Petrol Station,E01030302,Elmbridge 017C,Vehicle crime,Investigation complete; no suspect identified,
609f18451690c31a5bb67b24aa953ac4f235a586bc3363b1fc492436492c2c84,2024-07,Surrey Police,Surrey Police,-0.415710,51.330958,On or near Virginia Place,E01030302,Elmbridge 017C,Violence and sexual offences,Unable to prosecute suspect,
098949f904d8707bbeca60843cfb72b78f007a567fe64db081f2fc6b4142f76f,2024-07,Surrey Police,Surrey Police,-0.418115,51.331557,On or near World'S End,E01030302,Elmbridge 017C,Violence and sexual offences,Unable to prosecute suspect,
2a7141ce3911bb51bf8fb396a496b936e3a15440beb953b36d0e894608b30f70,2024-07,Surrey Police,Surrey Police,-0.410510,51.328154,On or near High Street,E01030302,Elmbridge 017C,Violence and sexual offences,Unable to prosecute suspect,
85d26a2de0ae70dae4bbea258943c0a90abee488f9e248d99d3cbc0f5b320fd3,2024-07,Surrey Police,Surrey Police,-0.420663,51.332590,On or near Matthew Arnold Close,E01030302,Elmbridge 017C,Other crime,Unable to prosecute suspect,
336f4d90f8c5b2b556d19abfa781733a1767c7efdd8856911871623030888043,2024-07,Surrey Police,Surrey Police,-0.421653,51.336362,On or near Supermarket,E01030304,Elmbridge 017D,Burglary,Investigation complete; no suspect identified,
68d07e3bba7c255275cc642b89bdfcd5cbe0a54c2a337916894c784a5a1e34b3,2024-07,Surrey Police,Surrey Police,-0.421653,51.336362,On or near Supermarket,E01030304,Elmbridge 017D,Other theft,Unable to prosecute suspect,
faf8fa9e902e498b78d2aa64e74d7cade73a034868509148030a1f9bc57611b3,2024-07,Surrey Police,Surrey Police,-0.417293,51.336249,On or near Queens Court Ride,E01030304,Elmbridge 017D,Other theft,Investigation complete; no suspect identified,
d05799d3d8e4ac51953d6e3b0bacc4d8f1b5d09a2cef50175dee40d3d92784d2,2024-07,Surrey Police,Surrey Police,-0.417293,51.336249,On or near Queens Court Ride,E01030304,Elmbridge 017D,Public order,Unable to prosecute suspect,
d22da768b75df85f3b68bd1847b78b5b9ab701001fe301d08871f85ce4d51027,2024-07,Surrey Police,Surrey Police,-0.417293,51.336249,On or near Queens Court Ride,E01030304,Elmbridge 017D,Public order,Unable to prosecute suspect,
b91f32cb1f911ba1df876dd3668479278c47a3b406697f965fe946724eb1ddbf,2024-07,Surrey Police,Surrey Police,-0.417908,51.335493,On or near Molesworth Road,E01030304,Elmbridge 017D,Public order,Unable to prosecute suspect,
56456444c90f27037b45797ca52d9335f36bd1afb6d92e0d285dd0326b1423e1,2024-07,Surrey Police,Surrey Police,-0.417293,51.336249,On or near Queens Court Ride,E01030304,Elmbridge 017D,Public order,Unable to prosecute suspect,
490dac93a350455eafd410915aef2039ec6d59278775633cc4da75d1f5ac0eae,2024-07,Surrey Police,Surrey Police,-0.421653,51.336362,On or near Supermarket,E01030304,Elmbridge 017D,Public order,Unable to prosecute suspect,
8ea11c2642d26cf5bc9cba342abf40b09ea2140fb95235b32426a13859a523fa,2024-07,Surrey Police,Surrey Police,-0.421653,51.336362,On or near Supermarket,E01030304,Elmbridge 017D,Shoplifting,Court result unavailable,
9757daf1b331aefd38786cc813524e63038ad74dd384ec66c8b4c695f302019f,2024-07,Surrey Police,Surrey Police,-0.421653,51.336362,On or near Supermarket,E01030304,Elmbridge 017D,Shoplifting,Investigation complete; no suspect identified,
45f113a7d720369b8cd1199df73c6b11d0ae0cd849434bffaecc86ae2816246d,2024-07,Surrey Police,Surrey Police,-0.421653,51.336362,On or near Supermarket,E01030304,Elmbridge 017D,Shoplifting,Investigation complete; no suspect identified,
b4a05d9126c8f4fb977d3362a75da0c97856b3adba0b36a488a89c49ac29b8b2,2024-07,Surrey Police,Surrey Police,-0.421653,51.336362,On or near Supermarket,E01030304,Elmbridge 017D,Vehicle crime,Investigation complete; no suspect identified,
9c03956ddf3d595c1b2c9dd391204247e4dd6c9470e9dee769d4ae270deec5e9,2024-07,Surrey Police,Surrey Police,-0.417293,51.336249,On or near Queens Court Ride,E01030304,Elmbridge 017D,Violence and sexual offences,Unable to prosecute suspect,
974375ed1138e43091cb3230d9646dd878c50e6afb118904028f0ec9a0daeed2,2024-07,Surrey Police,Surrey Police,-0.415748,51.336507,On or near Larkfield,E01030304,Elmbridge 017D,Violence and sexual offences,Status update unavailable,
961ed4840d1bb18f77e9c68e15216c0f6bfd0f184cdab366326a5231df501329,2024-07,Surrey Police,Surrey Police,-0.420905,51.335579,On or near Riverview Gardens,E01030304,Elmbridge 017D,Violence and sexual offences,Unable to prosecute suspect,
b12bd4f539089b496f5e29f333f3c0790e9bd6903f7e21b7fc54081c66c519d6,2024-07,Surrey Police,Surrey Police,-0.418527,51.333343,On or near Trafalgar Court,E01030304,Elmbridge 017D,Violence and sexual offences,Unable to prosecute suspect,
85120bebda1a8a9e54842bf528a06f14856ad7caeef2aa4b9e9e40077cc30f48,2024-07,Surrey Police,Surrey Police,-0.417908,51.335493,On or near Molesworth Road,E01030304,Elmbridge 017D,Violence and sexual offences,Unable to prosecute suspect,
4544ddacbb828c9d6df4950118072b3d7bfbb03ed04865fbb25033210d993d43,2024-07,Surrey Police,Surrey Police,-0.415009,51.334627,On or near Northfield Road,E01030304,Elmbridge 017D,Violence and sexual offences,Unable to prosecute suspect,
7bb4be8627b1dba1e0cfee09047a0bff2f7be7a854f561ff5e507799e16f835b,2024-07,Surrey Police,Surrey Police,-0.416933,51.333789,On or near Coveham Crescent,E01030304,Elmbridge 017D,Other crime,Unable to prosecute suspect,
cd8661ce1b698d46a46f9f43fa16e9fa69cda05d9a0da01921f22c136e6f6650,2024-07,Surrey Police,Surrey Police,-0.380407,51.335592,On or near Fairmile Park Road,E01030305,Elmbridge 017E,Vehicle crime,Investigation complete; no suspect identified,
,2024-07,Surrey Police,Surrey Police,-0.393201,51.334680,On or near Grenville Close,E01030306,Elmbridge 017F,Anti-social behaviour,,
2d0de724a747700337419eff3e31df4c70e4f5963a43ee607ea4315770944af5,2024-07,Surrey Police,Surrey Police,-0.390191,51.337822,On or near Fairmile Court,E01030306,Elmbridge 017F,Burglary,Investigation complete; no suspect identified,
bdc0379e90c4ae4fb174c6ebe729c31d07f1a14a1ee66cd223956fe1b6951528,2024-07,Surrey Police,Surrey Police,-0.393491,51.343227,On or near Waterford Close,E01030306,Elmbridge 017F,Other theft,Investigation complete; no suspect identified,
7e9f3bae768236b19317569c2dc16743ec52582310e049eb9137b94416b3caba,2024-07,Surrey Police,Surrey Police,-0.399457,51.324630,On or near Petrol Station,E01030303,Elmbridge 018A,Other theft,Investigation complete; no suspect identified,
7b3fe06ad2723276b74f496e14a132eeca82035a9f7b9cf76f42f7bc282f05c9,2024-07,Surrey Police,Surrey Police,-0.400141,51.325855,On or near Lambourne Drive,E01030303,Elmbridge 018A,Violence and sexual offences,Unable to prosecute suspect,
,2024-07,Surrey Police,Surrey Police,-0.357415,51.344660,On or near Stokesheath Road,E01030342,Elmbridge 018B,Anti-social behaviour,,
df7e5d9c587c19a6afbfc2b89a88372f1ade84f0a8c20d88ee314bf58b536ac2,2024-07,Surrey Police,Surrey Police,-0.351784,51.325121,On or near Leatherhead Road,E01030342,Elmbridge 018B,Other theft,Investigation complete; no suspect identified,
9d5158aa6da5acaff0cd67fab42c1a6648b31abca2e9475a3d45a9a2e933b320,2024-07,Surrey Police,Surrey Police,-0.356717,51.332061,On or near High Street,E01030342,Elmbridge 018B,Other theft,Investigation complete; no suspect identified,
2ea361ba7cd0d9a4fe07b366ac391870f8caaeb432c36428e778b98bd05a6062,2024-07,Surrey Police,Surrey Police,-0.358384,51.339647,On or near Heath Road,E01030342,Elmbridge 018B,Violence and sexual offences,Status update unavailable,
,2024-07,Surrey Police,Surrey Police,-0.378554,51.314866,On or near Woodlands Lane,E01030343,Elmbridge 018C,Anti-social behaviour,,
,2024-07,Surrey Police,Surrey Police,-0.390171,51.317895,On or near Cobham And Stoke D'Abernon,E01030343,Elmbridge 018C,Anti-social behaviour,,
2193abfe0fa442ddb616bf7812452303beca9c1872c78771bcc48058f9f1a939,2024-07,Surrey Police,Surrey Police,-0.372648,51.330925,On or near Somerville Road,E01030343,Elmbridge 018C,Burglary,Investigation complete; no suspect identified,
b071174ccd474a5ca0ac15bf268431e6feef57548e7947bb4c631675ac52c132,2024-07,Surrey Police,Surrey Police,-0.386238,51.320394,On or near Sports/Recreation Area,E01030343,Elmbridge 018C,Criminal damage and arson,Investigation complete; no suspect identified,
7a282deabd5cd57b01bfe77dc971fc073b310ee3c17a7529d767fa290a0a4ffa,2024-07,Surrey Police,Surrey Police,-0.390154,51.320026,On or near Bray Road,E01030343,Elmbridge 018C,Other theft,Investigation complete; no suspect identified,
86da1aab7fadf5e6eb2c2f77a5d6de865a05fa8c7217d381e7a77ac50a252b1c,2024-07,Surrey Police,Surrey Police,-0.387289,51.319483,On or near Winston Drive,E01030343,Elmbridge 018C,Violence and sexual offences,Further action is not in the public interest,
d81219848cb6857c3bf81abc7dcb8e54b6a4db2b4c60f5464c29007cbd53d51a,2024-07,Surrey Police,Surrey Police,-0.388172,51.319666,On or near Station Road,E01030343,Elmbridge 018C,Violence and sexual offences,Investigation complete; no suspect identified,
5eb8e9b519c4428f77849bf3b154101dbb6cd96dae392ef8d3378efdeab6f4ed,2024-07,Surrey Police,Surrey Police,-0.374594,51.331492,On or near Littleheath Lane,E01030343,Elmbridge 018C,Violence and sexual offences,Local resolution,
,2024-07,Surrey Police,Surrey Police,-0.361323,51.338150,On or near Warren Lane,E01030344,Elmbridge 018D,Anti-social behaviour,,
,2024-07,Surrey Police,Surrey Police,-0.359520,51.334771,On or near Warren Lane,E01030344,Elmbridge 018D,Anti-social behaviour,,
90952cf16d8d394777eaafa8deef124df0bb1636611094d50a8970162704960b,2024-07,Surrey Police,Surrey Police,-0.361323,51.338150,On or near Warren Lane,E01030344,Elmbridge 018D,Burglary,Investigation complete; no suspect identified,
46b6894b0f83af88484c15e33b51285600c639e9426483055172fb175c9252e4,2024-07,Surrey Police,Surrey Police,-0.361323,51.338150,On or near Warren Lane,E01030344,Elmbridge 018D,Drugs,Local resolution,
a0429fdb5dc965867a3262aad5cf5c05b3cbaea89cebe9bd9c6df3590148e094,2024-07,Surrey Police,Surrey Police,-0.380263,51.333576,On or near Pony Chase,E01030344,Elmbridge 018D,Vehicle crime,Investigation complete; no suspect identified,
,2024-07,Surrey Police,Surrey Police,-0.368971,51.330568,On or near Kenilworth Avenue,E01030345,Elmbridge 018E,Anti-social behaviour,,
,2024-07,Surrey Police,Surrey Police,-0.365944,51.329321,On or near Lyfield,E01030345,Elmbridge 018E,Anti-social behaviour,,
820d25c7657495db22c6cb1750d347367e803526e4418b94d4f214b848f7863a,2024-07,Surrey Police,Surrey Police,-0.368971,51.330568,On or near Kenilworth Avenue,E01030345,Elmbridge 018E,Public order,Unable to prosecute suspect,
7f3e774505d6beb756609fc2376f41b9e88f471bbdea97305b004be35f2fdc17,2024-07,Surrey Police,Surrey Police,-0.367430,51.329522,On or near Waverley Road,E01030345,Elmbridge 018E,Vehicle crime,Investigation complete; no suspect identified,
7dba985baec0546b961eff0d35472af791cedeb3bed7afc8b2053af3c14c6a42,2024-07,Surrey Police,Surrey Police,-0.359339,51.325362,On or near The Chase,E01030345,Elmbridge 018E,Vehicle crime,Investigation complete; no suspect identified,
dcb052cd73af7462057c784fcfddedec4c9574513bb899f6a1313320fc90d93a,2024-07,Surrey Police,Surrey Police,-0.372446,51.325671,On or near Randolph Close,E01030345,Elmbridge 018E,Vehicle crime,Investigation complete; no suspect identified,
3c3a0caea8bd9d635fc7f55fa2c9c132841c7b7bf952efba8bb082da942dfbaf,2024-07,Surrey Police,Surrey Police,-0.372274,51.328510,On or near Irene Road,E01030345,Elmbridge 018E,Violence and sexual offences,Unable to prosecute suspect,
36abd3797cb4870b1852c37e7c56750c66f1ec17461c0160fac88deaffdc9a44,2024-07,Surrey Police,Surrey Police,-0.367665,51.331396,On or near Clock House Mead,E01030345,Elmbridge 018E,Violence and sexual offences,Unable to prosecute suspect,
3044bf9b8b42e279d48e54522c8cb4f7f4245ba16a54dc6015af7f9557fedca1,2024-07,Surrey Police,Surrey Police,-0.367665,51.331396,On or near Clock House Mead,E01030345,Elmbridge 018E,Violence and sexual offences,Unable to prosecute suspect,
aec0e1fbc48e7d522fbe6243337d02c37a8579f5b6de5b76ff663f8c4a7c9fe5,2024-07,Surrey Police,Surrey Police,-0.368971,51.330568,On or near Kenilworth Avenue,E01030345,Elmbridge 018E,Violence and sexual offences,Unable to prosecute suspect,
0d513b39d680fde31d8ed848634299e12c5cbf53e3733ce3b2f1deb93202383c,2024-07,Surrey Police,Surrey Police,-0.254066,51.375862,On or near Spinney Close,E01030386,Epsom and Ewell 001A,Burglary,Investigation complete; no suspect identified,
dc158f7c727c8df5789236a7b73f3f1c65b3be02d7a187ca10c8f6d32dab2f27,2024-07,Surrey Police,Surrey Police,-0.257946,51.371694,On or near Auriol Close,E01030386,Epsom and Ewell 001A,Public order,Status update unavailable,
84a34a45ff5550ebb4e4cb3231c366c4c84f379ddad3155bbe2bdb3b79b33f46,2024-07,Surrey Police,Surrey Police,-0.248993,51.374015,On or near Fairford Gardens,E01030386,Epsom and Ewell 001A,Vehicle crime,Investigation complete; no suspect identified,
,2024-07,Surrey Police,Surrey Police,-0.248307,51.370516,On or near Wolsey Close,E01030387,Epsom and Ewell 001B,Anti-social behaviour,,
,2024-07,Surrey Police,Surrey Police,-0.248307,51.370516,On or near Wolsey Close,E01030387,Epsom and Ewell 001B,Anti-social behaviour,,
3841af414428a08d1ff4be1c6b5daa63a651a7a23a7113e02f975e591b7cce56,2024-07,Surrey Police,Surrey Police,-0.247263,51.370024,On or near Cardinal Close,E01030387,Epsom and Ewell 001B,Violence and sexual offences,Unable to prosecute suspect,
8fc96ff169a47c7c325c64d259cadc5b30b33f39d6d2e6cb9028385697016fc8,2024-07,Surrey Police,Surrey Police,-0.271280,51.372035,On or near Worcester Park Road,E01030388,Epsom and Ewell 001C,Criminal damage and arson,Investigation complete; no suspect identified,
01e2f2d322e68088c50fc1fd25148052c0da705042c5f29c38537a6196d5b407,2024-07,Surrey Police,Surrey Police,-0.268743,51.373418,On or near Worcester Park Road,E01030388,Epsom and Ewell 001C,Other theft,Investigation complete; no suspect identified,
8313d991614edc4de2c7cf7e9c4dac19bf31e03cb66118e9917a3b0d8a43f5f4,2024-07,Surrey Police,Surrey Police,-0.263851,51.374740,On or near Riverhill Mews,E01030388,Epsom and Ewell 001C,Other theft,Investigation complete; no suspect identified,
4819d984506f57600cd25c56170ec6b1cda497d009ca6bf03a0d33b4ef00b489,2024-07,Surrey Police,Surrey Police,-0.268743,51.373418,On or near Worcester Park Road,E01030388,Epsom and Ewell 001C,Other theft,Investigation complete; no suspect identified,
3d1a1dfc535bbed251e34a462aefb30e555ad5eb0de34c212ee4f65be6885311,2024-07,Surrey Police,Surrey Police,-0.261716,51.377226,On or near Old Malden Lane,E01030388,Epsom and Ewell 001C,Public order,Status update unavailable,
d766f434719700a9dc8b0c02f796e14b986583e40d16bcebc0e5727e340db199,2024-07,Surrey Police,Surrey Police,-0.261716,51.377226,On or near Old Malden Lane,E01030388,Epsom and Ewell 001C,Vehicle crime,Investigation complete; no suspect identified,
296f0a9e7e35557626579b4ee27ab0fa3efb8bdfa8748f5ebf46c808750c6774,2024-07,Surrey Police,Surrey Police,-0.251383,51.378781,On or near Roland Way,E01030389,Epsom and Ewell 001D,Burglary,Court result unavailable,
c4049b7fd7744ebe970a51d9cad408e949281d2b065743f832cbc84975052a84,2024-07,Surrey Police,Surrey Police,-0.251134,51.378166,On or near The Avenue,E01030389,Epsom and Ewell 001D,Other theft,Status update unavailable,
e4f705b8e6a1bfd0415be06fa503fe44012a7051fd5d5f83e29dc8876382f21b,2024-07,Surrey Police,Surrey Police,-0.251134,51.378166,On or near The Avenue,E01030389,Epsom and Ewell 001D,Other theft,Investigation complete; no suspect identified,
,2024-07,Surrey Police,Surrey Police,-0.272083,51.369808,On or near Curtis Road,E01030393,Epsom and Ewell 001E,Anti-social behaviour,,
,2024-07,Surrey Police,Surrey Police,-0.268012,51.368426,On or near Tealing Drive,E01030393,Epsom and Ewell 001E,Anti-social behaviour,,
,2024-07,Surrey Police,Surrey Police,-0.272083,51.369808,On or near Curtis Road,E01030393,Epsom and Ewell 001E,Anti-social behaviour,,
,2024-07,Surrey Police,Surrey Police,-0.272083,51.369808,On or near Curtis Road,E01030393,Epsom and Ewell 001E,Anti-social behaviour,,
,2024-07,Surrey Police,Surrey Police,-0.264593,51.367656,On or near Pinewood Place,E01030393,Epsom and Ewell 001E,Anti-social behaviour,,
9ccf6472ef035dedc1bbeee1b13b3aa2efc0cafeb62da8c8c81b6b26edbee5a9,2024-07,Surrey Police,Surrey Police,-0.266684,51.369710,On or near Kingston Road,E01030393,Epsom and Ewell 001E,Criminal damage and arson,Unable to prosecute suspect,
ac94779ebfc8398d0831ae5afeaa15f2580f3c3fe25dbc5ba1d3d8afd47e4343,2024-07,Surrey Police,Surrey Police,-0.260754,51.368111,On or near Chestnut Avenue,E01030393,Epsom and Ewell 001E,Criminal damage and arson,Local resolution,
587d23ac64f856138b637d75cda9fe1ff9e0a6c2c35e67b39927d4329ca18d22,2024-07,Surrey Police,Surrey Police,-0.270791,51.370526,On or near Fairway Close,E01030393,Epsom and Ewell 001E,Other theft,Investigation complete; no suspect identified,
d3bf3a900aad88dd3e80df987c877818890416782200f1f3e722875dc17e7885,2024-07,Surrey Police,Surrey Police,-0.264593,51.367656,On or near Pinewood Place,E01030393,Epsom and Ewell 001E,Shoplifting,Unable to prosecute suspect,
7b080895cf5b2430f922ba783bd961f5185c5c4c83f89ae283ed176a5f22d4cf,2024-07,Surrey Police,Surrey Police,-0.269994,51.368428,On or near Milbourne Place,E01030393,Epsom and Ewell 001E,Vehicle crime,Investigation complete; no suspect identified,
7b0235bf46dfd4625186146b5b0166ab658da4be54f53620339521e2e332e41f,2024-07,Surrey Police,Surrey Police,-0.270791,51.370526,On or near Fairway Close,E01030393,Epsom and Ewell 001E,Violence and sexual offences,Unable to prosecute suspect,
e37b9a02329e5c05779c9552d3ac4bb01607793c8728bfa5812dd8f529a488f2,2024-07,Surrey Police,Surrey Police,-0.265119,51.371207,On or near The Warren,E01030393,Epsom and Ewell 001E,Violence and sexual offences,Unable to prosecute suspect,
de0451744ab03471ae5f2363f726b801eb8510760d6dea8c90928067e2e4256d,2024-07,Surrey Police,Surrey Police,-0.272083,51.369808,On or near Curtis Road,E01030393,Epsom and Ewell 001E,Violence and sexual offences,Unable to prosecute suspect,
772c1e46902a3c5e69f1e2df77145c4885103571dd18a2222c54f13fdcb45aa7,2024-07,Surrey Police,Surrey Police,-0.266449,51.367953,On or near Egmont Mews,E01030393,Epsom and Ewell 001E,Violence and sexual offences,Unable to prosecute suspect,
,2024-07,Surrey Police,Surrey Police,-0.263369,51.363537,On or near River Way,E01030394,Epsom and Ewell 002A,Anti-social behaviour,,
,2024-07,Surrey Police,Surrey Police,-0.261115,51.361993,On or near Parking Area,E01030394,Epsom and Ewell 002A,Anti-social behaviour,,
,2024-07,Surrey Police,Surrey Police,-0.260975,51.360759,On or near Park/Open Space,E01030394,Epsom and Ewell 002A,Anti-social behaviour,,
,2024-07,Surrey Police,Surrey Police,-0.266447,51.363070,On or near Pams Way,E01030394,Epsom and Ewell 002A,Anti-social behaviour,,
f1e2a1cb75387605a09f032f49a98b43f9d0a9547a24db1ff470847eb5512d64,2024-07,Surrey Police,Surrey Police,-0.269931,51.365513,On or near Huntsmoor Road,E01030394,Epsom and Ewell 002A,Criminal damage and arson,Investigation complete; no suspect identified,
1134d1c4bc439e4b2ddb5434daa82dbc65e2883feee92126ba874f438a1a81ea,2024-07,Surrey Police,Surrey Police,-0.262712,51.361549,On or near Oakland Way,E01030394,Epsom and Ewell 002A,Public order,Investigation complete; no suspect identified,
2563ec8dfee9a9df1eb114447debd624beb51b9bb4ca84500fa52856d35cf21d,2024-07,Surrey Police,Surrey Police,-0.263943,51.367358,On or near Supermarket,E01030394,Epsom and Ewell 002A,Shoplifting,Unable to prosecute suspect,
d5d96cbfdc2dff5902c7fb16742c2fa6625b6fd2233d9286044c1d18c85503d1,2024-07,Surrey Police,Surrey Police,-0.270239,51.366129,On or near Bridle Close,E01030394,Epsom and Ewell 002A,Vehicle crime,Investigation complete; no suspect identified,
21fe8272677bd18cfba04d26721e7f1381fd20b6222f025f976fba3550ea9679,2024-07,Surrey Police,Surrey Police,-0.263943,51.367358,On or near Supermarket,E01030394,Epsom and Ewell 002A,Vehicle crime,Investigation complete; no suspect identified,
fa49a9b51ad481d5d312b92aa06702e5cbd6c399bd3631d359d71c383ff9571f,2024-07,Surrey Police,Surrey Police,-0.262346,51.366669,On or near Kingston Road,E01030394,Epsom and Ewell 002A,Violence and sexual offences,Unable to prosecute suspect,
,2024-07,Surrey Police,Surrey Police,-0.272167,51.364144,On or near Wesley Close,E01030399,Epsom and Ewell 002B,Anti-social behaviour,,
,2024-07,Surrey Police,Surrey Police,-0.273133,51.364050,On or near B284,E01030399,Epsom and Ewell 002B,Anti-social behaviour,,
,2024-07,Surrey Police,Surrey Police,-0.279911,51.364851,On or near Sycamore Close,E01030399,Epsom and Ewell 002B,Anti-social behaviour,,
,2024-07,Surrey Police,Surrey Police,-0.274694,51.364172,On or near Alpine Close,E01030399,Epsom and Ewell 002B,Anti-social behaviour,,
,2024-07,Surrey Police,Surrey Police,-0.274694,51.364172,On or near Alpine Close,E01030399,Epsom and Ewell 002B,Anti-social behaviour,,
16cf81e08dbba80f7f001c9a5af0ddbe370f2b84f7e852c8f4da39e3b421425d,2024-07,Surrey Police,Surrey Police,-0.272167,51.364144,On or near Wesley Close,E01030399,Epsom and Ewell 002B,Bicycle theft,Investigation complete; no suspect identified,
81a00e9ee0e636d66b7a731e2b8e83322fee46c47eb56a551a4e34a4af93c04b,2024-07,Surrey Police,Surrey Police,-0.278382,51.362724,On or near Jasmine Road,E01030399,Epsom and Ewell 002B,Burglary,Investigation complete; no suspect identified,
b425be10621a24eb35072b1cd5a6965552c3a9bdedd3bb8d45b90c500b7d6758,2024-07,Surrey Police,Surrey Police,-0.276638,51.364407,On or near Larkspur Way,E01030399,Epsom and Ewell 002B,Criminal damage and arson,Unable to prosecute suspect,
dc4ace2cd77ec4be7c92d4abfd05df29139a6d6cd4cd40827079e257eb0d4d0d,2024-07,Surrey Police,Surrey Police,-0.276586,51.365809,On or near Cox Lane,E01030399,Epsom and Ewell 002B,Drugs,Court result unavailable,
fc12dbd7d916c5f151142740e0dbac4c8da384facf80beea9c3bc87b8522b78d,2024-07,Surrey Police,Surrey Police,-0.272969,51.363823,On or near Silvergate,E01030399,Epsom and Ewell 002B,Other theft,Investigation complete; no suspect identified,
97ec161b7cd7e4d1aeb5e4ecefbbf112f55f26b7621d00450e819cb0a5d40470,2024-07,Surrey Police,Surrey Police,-0.274694,51.364172,On or near Alpine Close,E01030399,Epsom and Ewell 002B,Other theft,Investigation complete; no suspect identified,
4e8fcb869188e4b84140b265903f4d77162e0684786cf67e0a4cd7c458817abe,2024-07,Surrey Police,Surrey Police,-0.279911,51.364851,On or near Sycamore Close,E01030399,Epsom and Ewell 002B,Other theft,Unable to prosecute suspect,
04a88db7357906aa90a55f01ef108de5645cb8e7b48b9075c75c0e3769a5bc08,2024-07,Surrey Police,Surrey Police,-0.273359,51.364899,On or near Scott Close,E01030399,Epsom and Ewell 002B,Possession of weapons,Unable to prosecute suspect,
3c366a0776ba69ec4def6cc49ce063398a1325693f1610f7c45f537c1db0086a,2024-07,Surrey Police,Surrey Police,-0.272167,51.364144,On or near Wesley Close,E01030399,Epsom and Ewell 002B,Public order,Status update unavailable,
8ee045a0bea18e35f05106d4dcb5a141fd0c6a6c6c9abef7d65155cfc6beda90,2024-07,Surrey Police,Surrey Police,-0.280099,51.362516,On or near Jasmin Road,E01030399,Epsom and Ewell 002B,Violence and sexual offences,Unable to prosecute suspect,
75476f91d577a13fac69a6981d05a3f93f74234905f238b33486a466debf809b,2024-07,Surrey Police,Surrey Police,-0.276586,51.365809,On or near Cox Lane,E01030399,Epsom and Ewell 002B,Violence and sexual offences,Court result unavailable,
5448acd357864ce5aaa24ed461630d6bc4bf1a23e999f3d5b32ee335a376e501,2024-07,Surrey Police,Surrey Police,-0.281702,51.364212,On or near Stanton Close,E01030399,Epsom and Ewell 002B,Violence and sexual offences,Unable to prosecute suspect,
80ab1b7de87b99e85f6348fe060fc510a2b16cc13839e91140c7ee382f3a878b,2024-07,Surrey Police,Surrey Police,-0.276638,51.364407,On or near Larkspur Way,E01030399,Epsom and Ewell 002B,Violence and sexual offences,Unable to prosecute suspect,
ed61e167c2460279842131bfda386d1f3de0ebe2532db5331723ea448dfe12fa,2024-07,Surrey Police,Surrey Police,-0.276586,51.365809,On or near Cox Lane,E01030399,Epsom and Ewell 002B,Violence and sexual offences,Unable to prosecute suspect,
1794028e215db8f4f847d361ada508dc3226ad8df3fcdc55fde69d6edd6a5c1d,2024-07,Surrey Police,Surrey Police,-0.276586,51.365809,On or near Cox Lane,E01030399,Epsom and Ewell 002B,Violence and sexual offences,Court result unavailable,
ed6bea3b16ed95175a70943749210261ed4a8df274dd58f4b090c672b3afbd87,2024-07,Surrey Police,Surrey Police,-0.276586,51.365809,On or near Cox Lane,E01030399,Epsom and Ewell 002B,Violence and sexual offences,Court result unavailable,
18af0b948efc8e95259c0242f8a09d87293bc99bcc636e045442c17cdc9ff4b0,2024-07,Surrey Police,Surrey Police,-0.272374,51.366269,On or near Fendall Road,E01030399,Epsom and Ewell 002B,Other crime,Status update unavailable,
,2024-07,Surrey Police,Surrey Police,-0.274536,51.368360,On or near Watersedge,E01030400,Epsom and Ewell 002C,Anti-social behaviour,,
,2024-07,Surrey Police,Surrey Police,-0.279849,51.366514,On or near Greenlands,E01030400,Epsom and Ewell 002C,Anti-social behaviour,,
fdca2b97303658d7ba708405fc07d0c875b3283e36e563859bb5963edf6f919a,2024-07,Surrey Police,Surrey Police,-0.275357,51.369469,On or near Colne Court,E01030400,Epsom and Ewell 002C,Criminal damage and arson,Unable to prosecute suspect,
26b2fc4d3a5a560180c65df13d11e3c472ff2839ca59e47baf39c180d8bf1e14,2024-07,Surrey Police,Surrey Police,-0.279849,51.366514,On or near Greenlands,E01030400,Epsom and Ewell 002C,Criminal damage and arson,Unable to prosecute suspect,
5efb929fcddc850c441b5bff8b7f944116a2cca2d494993127d8acd4de681dc2,2024-07,Surrey Police,Surrey Police,-0.274973,51.368969,On or near Ash Court,E01030400,Epsom and Ewell 002C,Criminal damage and arson,Investigation complete; no suspect identified,
bb6899c98bdf210d6a08371f3652a1b9e19ba65f31352ea21daf7d1b59a8eff6,2024-07,Surrey Police,Surrey Police,-0.274973,51.368969,On or near Ash Court,E01030400,Epsom and Ewell 002C,Drugs,Investigation complete; no suspect identified,
b06eeab9fbce6c88083bd4b5060d592e530f546cd659861c3bed1ff775eb2a0f,2024-07,Surrey Police,Surrey Police,-0.275357,51.369469,On or near Colne Court,E01030400,Epsom and Ewell 002C,Drugs,Local resolution,
4b8bc1d6f78900645627862b4bf4d75c953912b957a30b37f211eb08564c991b,2024-07,Surrey Police,Surrey Police,-0.274973,51.368969,On or near Ash Court,E01030400,Epsom and Ewell 002C,Other theft,Investigation complete; no suspect identified,
840eb6dab01581b451cdea533f2dc548b69594d730b476b186e4250f32bfe655,2024-07,Surrey Police,Surrey Police,-0.278824,51.365878,On or near Pemberley Chase,E01030400,Epsom and Ewell 002C,Violence and sexual offences,Unable to prosecute suspect,
c647fa4ab4e70cd9927ddc51b2ad75bacc67098586f7bdee33896fe5cb7fcd8e,2024-07,Surrey Police,Surrey Police,-0.278824,51.365878,On or near Pemberley Chase,E01030400,Epsom and Ewell 002C,Violence and sexual offences,Unable to prosecute suspect,
f574dfc8623303ee8d01d5603483efc85bb2acff4a357594482b3a987426e949,2024-07,Surrey Police,Surrey Police,-0.275900,51.367229,On or near Hogsmill Way,E01030400,Epsom and Ewell 002C,Violence and sexual offences,Unable to prosecute suspect,
a0a896162548dcd12dc9234ccc3ed57d212edafe9e331ff429b65fca8fc10fb7,2024-07,Surrey Police,Surrey Police,-0.275900,51.367229,On or near Hogsmill Way,E01030400,Epsom and Ewell 002C,Violence and sexual offences,Unable to prosecute suspect,
,2024-07,Surrey Police,Surrey Police,-0.271919,51.362314,On or near Scotts Farm Road,E01030414,Epsom and Ewell 002D,Anti-social behaviour,,
,2024-07,Surrey Police,Surrey Police,-0.267053,51.358034,On or near Parking Area,E01030414,Epsom and Ewell 002D,Anti-social behaviour,,
,2024-07,Surrey Police,Surrey Police,-0.267053,51.358034,On or near Parking Area,E01030414,Epsom and Ewell 002D,Anti-social behaviour,,
,2024-07,Surrey Police,Surrey Police,-0.270197,51.362289,On or near Alway Avenue,E01030414,Epsom and Ewell 002D,Anti-social behaviour,,
,2024-07,Surrey Police,Surrey Police,-0.267053,51.358034,On or near Parking Area,E01030414,Epsom and Ewell 002D,Anti-social behaviour,,
9234f73031a90410f5f2caf805a9aa2996f9b512809d6599d8b4fa02f94121f8,2024-07,Surrey Police,Surrey Police,-0.268184,51.359660,On or near Daleside Road,E01030414,Epsom and Ewell 002D,Criminal damage and arson,Investigation complete; no suspect identified,
9a9172bea6234d4d06aefd832d965b8c3e3ddd4cf90e8affc377e214d5bad0f1,2024-07,Surrey Police,Surrey Police,-0.269634,51.360060,On or near Cherry Way,E01030414,Epsom and Ewell 002D,Criminal damage and arson,Investigation complete; no suspect identified,
6f707097238dcb07e3229d0a84e23f1f02e0e5fc2d108a9d712af1ca2c84ca0f,2024-07,Surrey Police,Surrey Police,-0.267053,51.358034,On or near Parking Area,E01030414,Epsom and Ewell 002D,Public order,Investigation complete; no suspect identified,
f855121dabec4eca7b55241dac3b5e78234fd7f43b63349f117a51c62482c44f,2024-07,Surrey Police,Surrey Police,-0.272515,51.356784,On or near Danetree Close,E01030414,Epsom and Ewell 002D,Public order,Unable to prosecute suspect,
11de4e26a7e25728a413fa97b0ede1684cc9a30d74dfc70d24601a50502ff910,2024-07,Surrey Police,Surrey Police,-0.272515,51.356784,On or near Danetree Close,E01030414,Epsom and Ewell 002D,Public order,Unable to prosecute suspect,
de37b9f1ae5832f767a99901d9402478876d6dec6ad052e8a496b9fca0333de2,2024-07,Surrey Police,Surrey Police,-0.267053,51.358034,On or near Parking Area,E01030414,Epsom and Ewell 002D,Public order,Investigation complete; no suspect identified,
7c9adcfc835e1230342a51c90697a07ce35e5507e9e894c9209718a5d3369040,2024-07,Surrey Police,Surrey Police,-0.267053,51.358034,On or near Parking Area,E01030414,Epsom and Ewell 002D,Public order,Investigation complete; no suspect identified,
55cbfa55ce758e8b624292e4c61045d228a8e761f96d5f139e2f3e14e266d3b4,2024-07,Surrey Police,Surrey Police,-0.271639,51.359460,On or near Gadesden Road,E01030414,Epsom and Ewell 002D,Public order,Investigation complete; no suspect identified,
84f82d2a05c208fcc751b2b99f119b27a9aca723e4f77a2b529db927789b2dee,2024-07,Surrey Police,Surrey Police,-0.267601,51.358735,On or near Crosslands Road,E01030414,Epsom and Ewell 002D,Public order,Investigation complete; no suspect identified,
9d8acea71d309daa0c4ff8cbf79195e079e9b475e2d154d2944d41e2e853ea99,2024-07,Surrey Police,Surrey Police,-0.271639,51.359460,On or near Gadesden Road,E01030414,Epsom and Ewell 002D,Shoplifting,Unable to prosecute suspect,
b113d7b2f360d2fbac3be79b698d05382509be1b40d9768436603c462ac206ce,2024-07,Surrey Police,Surrey Police,-0.271639,51.359460,On or near Gadesden Road,E01030414,Epsom and Ewell 002D,Shoplifting,Unable to prosecute suspect,
797245940bbde092428f3cb1b83d6a6d82b83a01493befceda2539912be1dec1,2024-07,Surrey Police,Surrey Police,-0.267601,51.358735,On or near Crosslands Road,E01030414,Epsom and Ewell 002D,Violence and sexual offences,Investigation complete; no suspect identified,
d1c57f88fd0055c59e5fb4bd8f257c60575d70ab9ceabbec4f6ea1ade0755447,2024-07,Surrey Police,Surrey Police,-0.267053,51.358034,On or near Parking Area,E01030414,Epsom and Ewell 002D,Violence and sexual offences,Investigation complete; no suspect identified,
6ec70255440b207c4468cdf7d88c1c40f25af6e125ddb7514c5911690125b0b5,2024-07,Surrey Police,Surrey Police,-0.268184,51.359660,On or near Daleside Road,E01030414,Epsom and Ewell 002D,Other crime,Court result unavailable,
002bccb9b5687139c511bb65ef5a3aa7bd8e9fdc730b864e86a60231f809436c,2024-07,Surrey Police,Surrey Police,-0.268184,51.359660,On or near Daleside Road,E01030414,Epsom and Ewell 002D,Other crime,Court result unavailable,
f2b1997e2ecb9d328d4b35d159a39398a1e6f89e547c6ef3f4a1c447bffa1a41,2024-07,Surrey Police,Surrey Police,-0.268184,51.359660,On or near Daleside Road,E01030414,Epsom and Ewell 002D,Other crime,Court result unavailable,
4594035633463d0a26cc77e689b91aff011064d4099667d00b73791cf4548f97,2024-07,Surrey Police,Surrey Police,-0.252109,51.366517,On or near Seaforth Gardens,E01030377,Epsom and Ewell 003A,Criminal damage and arson,Investigation complete; no suspect identified,
a0c3918cf8bfa9734df02c3e48bab74b31c06aeb046eb913314ddffadcb0e357,2024-07,Surrey Police,Surrey Police,-0.257650,51.368524,On or near Thorndon Gardens,E01030377,Epsom and Ewell 003A,Public order,Unable to prosecute suspect,
9595fce1b50822707164c19be4983b8d450b07ac32397ae2d9d6b1795b9ab474,2024-07,Surrey Police,Surrey Police,-0.255431,51.363401,On or near Firswood Avenue,E01030377,Epsom and Ewell 003A,Public order,Investigation complete; no suspect identified,
245e3110be4f91bc0cffa1c4c6943a0fe9c43fee2670aba503f7d6f8a6aafa6f,2024-07,Surrey Police,Surrey Police,-0.254703,51.362896,On or near Kirby Close,E01030377,Epsom and Ewell 003A,Violence and sexual offences,Unable to prosecute suspect,
897271ae3d49da906bfb58977929b68f8d127e20d433f38811c99503e0500a1c,2024-07,Surrey Police,Surrey Police,-0.253903,51.365060,On or near Walsingham Gardens,E01030377,Epsom and Ewell 003A,Violence and sexual offences,Unable to prosecute suspect,
,2024-07,Surrey Police,Surrey Police,-0.250933,51.370996,On or near Cuddington Avenue,E01030378,Epsom and Ewell 003B,Anti-social behaviour,,
c6d61d1e9253add2d7901e9321541773bc6ff765ae62f6cbead6c6df44771d1b,2024-07,Surrey Police,Surrey Police,-0.253189,51.370598,On or near Cuda'S Close,E01030378,Epsom and Ewell 003B,Public order,Unable to prosecute suspect,
c680338e794887d95842c7c02bd25b2aacd47a5ee8a0ee900459fa7316facff1,2024-07,Surrey Police,Surrey Police,-0.252935,51.360657,On or near Stoneleigh Park Road,E01030378,Epsom and Ewell 003B,Vehicle crime,Status update unavailable,
578c4fc2a73afbd0ca1ba8c500adfd2facaf5ccbd0a2783c77fd2fdf24df57e3,2024-07,Surrey Police,Surrey Police,-0.248605,51.368740,On or near Cunliffe Road,E01030378,Epsom and Ewell 003B,Violence and sexual offences,Unable to prosecute suspect,
bdf16373a66bd1c74376881562f12fd397ffe6339aae166decac2e6d18b8ed0f,2024-07,Surrey Police,Surrey Police,-0.248605,51.368740,On or near Cunliffe Road,E01030378,Epsom and Ewell 003B,Violence and sexual offences,Unable to prosecute suspect,
a7836d847dc1466cbaaa1a509178ab2b425ab6d3940b7efc149400a22666a9da,2024-07,Surrey Police,Surrey Police,-0.248965,51.366470,On or near Stoneleigh Crescent,E01030378,Epsom and Ewell 003B,Violence and sexual offences,Unable to prosecute suspect,
abf2508c6f07584e9065eedd2ece02b622deb41b07f5c5ef1b0f91241e8c8f89,2024-07,Surrey Police,Surrey Police,-0.248965,51.366470,On or near Stoneleigh Crescent,E01030378,Epsom and Ewell 003B,Violence and sexual offences,Unable to prosecute suspect,
bd8edc1c3ac4630e57c911493fe9c02dc245c8120849c66833133c8feffe5b6d,2024-07,Surrey Police,Surrey Police,-0.248605,51.368740,On or near Cunliffe Road,E01030378,Epsom and Ewell 003B,Violence and sexual offences,Unable to prosecute suspect,
678694955054cb86e0b8f845d17dfefccf4225d4f82f54deef6a07aecb960a26,2024-07,Surrey Police,Surrey Police,-0.248965,51.366470,On or near Stoneleigh Crescent,E01030378,Epsom and Ewell 003B,Violence and sexual offences,Unable to prosecute suspect,
,2024-07,Surrey Police,Surrey Police,-0.246445,51.362862,On or near Stoneleigh Broadway,E01030406,Epsom and Ewell 003C,Anti-social behaviour,,
,2024-07,Surrey Police,Surrey Police,-0.247796,51.362469,On or near Kenilworth Road,E01030406,Epsom and Ewell 003C,Anti-social behaviour,,
9f02a68bc6f1df66be60bb61d7b115e2e214d8b8e9d8d7e54e93528a635a0dff,2024-07,Surrey Police,Surrey Police,-0.244818,51.354304,On or near Petrol Station,E01030406,Epsom and Ewell 003C,Burglary,Unable to prosecute suspect,
e7c59cc9d1abdaa629bcda2ea81873fbf81acf21610ff8f1b334cffafbefe038,2024-07,Surrey Police,Surrey Police,-0.244818,51.354304,On or near Petrol Station,E01030406,Epsom and Ewell 003C,Burglary,Investigation complete; no suspect identified,
a0c3a09c1bc8c9e28bbe34e96a088f4698a56d5d19dd09c6eeedb67624f88ac4,2024-07,Surrey Police,Surrey Police,-0.244818,51.354304,On or near Petrol Station,E01030406,Epsom and Ewell 003C,Burglary,Unable to prosecute suspect,
24f9fd009ffb5862199732f6691abfb4eec97b520f506f1fc54f6bbca7b93c26,2024-07,Surrey Police,Surrey Police,-0.244818,51.354304,On or near Petrol Station,E01030406,Epsom and Ewell 003C,Burglary,Unable to prosecute suspect,
03c29d99c355baadad432ba4fde2cdea1519502e9961e9693eb9a6edb4310c15,2024-07,Surrey Police,Surrey Police,-0.244818,51.354304,On or near Petrol Station,E01030406,Epsom and Ewell 003C,Burglary,Investigation complete; no suspect identified,
4536c5042389c9fce6bf805ac95e3cdf291ca72ac6cb01aa7f6fdd4fdd84fc7e,2024-07,Surrey Police,Surrey Police,-0.246425,51.362637,On or near Supermarket,E01030406,Epsom and Ewell 003C,Burglary,Investigation complete; no suspect identified,
a3466636bb434de92110d7cb76436955cdd8cb83e647ff94f56ab2b69990d9f0,2024-07,Surrey Police,Surrey Police,-0.244818,51.354304,On or near Petrol Station,E01030406,Epsom and Ewell 003C,Burglary,Investigation complete; no suspect identified,
9ba8af781e9ffe1972d1d33eb074e7373361ec1ccd3a29d240b7ecf62934f540,2024-07,Surrey Police,Surrey Police,-0.244818,51.354304,On or near Petrol Station,E01030406,Epsom and Ewell 003C,Burglary,Investigation complete; no suspect identified,
3d6cf3abd9cbada6173118a2bb2e3700c8f75417c65c43905c358aad79115832,2024-07,Surrey Police,Surrey Police,-0.244818,51.354304,On or near Petrol Station,E01030406,Epsom and Ewell 003C,Criminal damage and arson,Unable to prosecute suspect,
f9c7d8ccdac3e268356cb5a8b5878dec9916c83c31695219d7e8050c23f0bc15,2024-07,Surrey Police,Surrey Police,-0.246425,51.362637,On or near Supermarket,E01030406,Epsom and Ewell 003C,Other theft,Unable to prosecute suspect,
d28dc2be8178315962fa0ff2e21870b182170db4ff65d78249b2c3e63904930f,2024-07,Surrey Police,Surrey Police,-0.249105,51.360897,On or near Clandon Close,E01030406,Epsom and Ewell 003C,Public order,Unable to prosecute suspect,
5c214a39eb4526778db75fad5262245246372469b8ec39b1e200ee502250e2ab,2024-07,Surrey Police,Surrey Police,-0.249105,51.360897,On or near Clandon Close,E01030406,Epsom and Ewell 003C,Public order,Unable to prosecute suspect,
957591d962f06472d14f4cd0b22050bccb80bbdb242fd88236e6835af47d368c,2024-07,Surrey Police,Surrey Police,-0.246425,51.362637,On or near Supermarket,E01030406,Epsom and Ewell 003C,Shoplifting,Court result unavailable,
9b5be22f4bbca57bb2c3ba496b74a5974a1ae8be6dc06175a6bdd5abf8b78ffa,2024-07,Surrey Police,Surrey Police,-0.246425,51.362637,On or near Supermarket,E01030406,Epsom and Ewell 003C,Shoplifting,Court result unavailable,
f1c5b7d03567c8b9f5efcdc18195618eda4e9fba990a117bb5316ece592c2f5c,2024-07,Surrey Police,Surrey Police,-0.244818,51.354304,On or near Petrol Station,E01030406,Epsom and Ewell 003C,Shoplifting,Court result unavailable,
934500bdc049215cf2076e7c0a53eed25fdfc45f078ea6377e323ce714a289c3,2024-07,Surrey Police,Surrey Police,-0.246425,51.362637,On or near Supermarket,E01030406,Epsom and Ewell 003C,Shoplifting,Local resolution,
173a7b2227af7df2690adf0d2679631177f49a37604e76294b4aa0baeaed2dab,2024-07,Surrey Police,Surrey Police,-0.246425,51.362637,On or near Supermarket,E01030406,Epsom and Ewell 003C,Shoplifting,Unable to prosecute suspect,
c2a56f8a2d9554f071b2452953eb69724c0a3874440d539dda8f7cea9631eea5,2024-07,Surrey Police,Surrey Police,-0.246225,51.362211,On or near Dell Lane,E01030406,Epsom and Ewell 003C,Vehicle crime,Investigation complete; no suspect identified,
250934906c61e0588f3cf34bac47f0600efb7a5279147c3669076d6a4c574aa6,2024-07,Surrey Police,Surrey Police,-0.246225,51.362211,On or near Dell Lane,E01030406,Epsom and Ewell 003C,Violence and sexual offences,Investigation complete; no suspect identified,
72dbac1337724351422fe4404ba7490b5e65cef838becfedb68668cba8a570af,2024-07,Surrey Police,Surrey Police,-0.249105,51.360897,On or near Clandon Close,E01030406,Epsom and Ewell 003C,Other crime,Status update unavailable,
,2024-07,Surrey Police,Surrey Police,-0.244848,51.361786,On or near Dell Road,E01030407,Epsom and Ewell 003D,Anti-social behaviour,,
0fe4d1c9a351ddc60de87a3209ae9f771b80d04a24fd2cda621aa1ac898d1046,2024-07,Surrey Police,Surrey Police,-0.242712,51.361313,On or near The Glade,E01030407,Epsom and Ewell 003D,Vehicle crime,Investigation complete; no suspect identified,
5fbb9f3255cce4b62468d1aad7c469286e8c4a2ea30e953752352761c45dfd9f,2024-07,Surrey Police,Surrey Police,-0.244848,51.361786,On or near Dell Road,E01030407,Epsom and Ewell 003D,Violence and sexual offences,Investigation complete; no suspect identified,
0a4bb6169554653e1372f21ed67dcfa2fd0fcb13b9617de51e15af646ab310b0,2024-07,Surrey Police,Surrey Police,-0.242435,51.364430,On or near Woodstone Avenue,E01030408,Epsom and Ewell 003E,Violence and sexual offences,Unable to prosecute suspect,
,2024-07,Surrey Police,Surrey Police,-0.252958,51.358544,On or near Highfield Drive,E01030395,Epsom and Ewell 004A,Anti-social behaviour,,
cdd53bb429c78522b1a6fe584c15c57b69ff26ffa2ae29f240d61991d5efd7b6,2024-07,Surrey Police,Surrey Police,-0.259127,51.361765,On or near Lakeside,E01030395,Epsom and Ewell 004A,Vehicle crime,Investigation complete; no suspect identified,
5b51c395bda42fb445e0375b3fa79e1e9f73b4fe7c6ec89188d30c4b3049337d,2024-07,Surrey Police,Surrey Police,-0.259863,51.352595,On or near Green Lanes,E01030413,Epsom and Ewell 004B,Burglary,Investigation complete; no suspect identified,
bef7cc637d0a2afd69a1eb427579838d0ec973bcdbcaae290980d0bd7fef43be,2024-07,Surrey Police,Surrey Police,-0.260211,51.349839,On or near Supermarket,E01030413,Epsom and Ewell 004B,Theft from the person,Investigation complete; no suspect identified,
f6ff53d72b6e369546e0062eed16023107eb749c54366c2ae242a0d56d606ab3,2024-07,Surrey Police,Surrey Police,-0.259483,51.348974,On or near Revere Way,E01030413,Epsom and Ewell 004B,Vehicle crime,Status update unavailable,
481dbed52b586bfbd5114a11c75be472b8163362b83a5225b522bc2694141b7c,2024-07,Surrey Police,Surrey Police,-0.262263,51.351407,On or near First Avenue,E01030413,Epsom and Ewell 004B,Violence and sexual offences,Unable to prosecute suspect,
d21690df37d729c27fa367b17fe04493970fc96e5599706615dcc241e291d064,2024-07,Surrey Police,Surrey Police,-0.262263,51.351407,On or near First Avenue,E01030413,Epsom and Ewell 004B,Violence and sexual offences,Unable to prosecute suspect,
66553ea743460f142f14c0ebcefe3b4ac1a218b032b288293ddb48e459af9d00,2024-07,Surrey Police,Surrey Police,-0.259483,51.348974,On or near Revere Way,E01030413,Epsom and Ewell 004B,Violence and sexual offences,Unable to prosecute suspect,
bfd9cb8113bc7d599c87009f6f756f79d078fb5bf4909694460d6c25720ab26d,2024-07,Surrey Police,Surrey Police,-0.262263,51.351407,On or near First Avenue,E01030413,Epsom and Ewell 004B,Violence and sexual offences,Unable to prosecute suspect,
,2024-07,Surrey Police,Surrey Police,-0.266527,51.351821,On or near Parking Area,E01030415,Epsom and Ewell 004C,Anti-social behaviour,,
ae7c75fb8289d6c8b2497e926c1e7da3a59d3f8bd81bf157d6ab69d548850889,2024-07,Surrey Police,Surrey Police,-0.256947,51.352228,On or near Station Avenue,E01030415,Epsom and Ewell 004C,Theft from the person,Investigation complete; no suspect identified,
2d0a77fac9624129e71079251f3658fb488d23fe21537f4013dd4350d6114f90,2024-07,Surrey Police,Surrey Police,-0.261979,51.349785,On or near Longmead Road,E01030415,Epsom and Ewell 004C,Violence and sexual offences,Status update unavailable,
,2024-07,Surrey Police,Surrey Police,-0.269779,51.353920,On or near Chessington Road,E01030416,Epsom and Ewell 004D,Anti-social behaviour,,
,2024-07,Surrey Police,Surrey Police,-0.267133,51.354034,On or near Fulford Road,E01030416,Epsom and Ewell 004D,Anti-social behaviour,,
,2024-07,Surrey Police,Surrey Police,-0.264964,51.355179,On or near Worthfield Close,E01030416,Epsom and Ewell 004D,Anti-social behaviour,,
,2024-07,Surrey Police,Surrey Police,-0.267133,51.354034,On or near Fulford Road,E01030416,Epsom and Ewell 004D,Anti-social behaviour,,
,2024-07,Surrey Police,Surrey Police,-0.267133,51.354034,On or near Fulford Road,E01030416,Epsom and Ewell 004D,Anti-social behaviour,,
,2024-07,Surrey Police,Surrey Police,-0.267133,51.354034,On or near Fulford Road,E01030416,Epsom and Ewell 004D,Anti-social behaviour,,
882d456ec22b23df541342034328f15745a9328be8724cd573797cd647533cf9,2024-07,Surrey Police,Surrey Police,-0.266150,51.356852,On or near Cottage Road,E01030416,Epsom and Ewell 004D,Burglary,Court result unavailable,
4314d503937df613bf9d786cc5b09a979dfae4466a61569fe9a2d69a3269537b,2024-07,Surrey Police,Surrey Police,-0.265707,51.355658,On or near Church Road,E01030416,Epsom and Ewell 004D,Criminal damage and arson,Unable to prosecute suspect,
a54a3a22363f9a53fe929c740a7ec24abfb7d635093be9268a4284e79849a91a,2024-07,Surrey Police,Surrey Police,-0.266565,51.351948,On or near Richards Field,E01030416,Epsom and Ewell 004D,Other theft,Unable to prosecute suspect,
a4be382621fc25c6dfa184b721c0efa3b3491b3b2ab4c23209a1e91aec4a3c52,2024-07,Surrey Police,Surrey Police,-0.266150,51.356852,On or near Cottage Road,E01030416,Epsom and Ewell 004D,Violence and sexual offences,Investigation complete; no suspect identified,
346358bcc5e7305f1a9ba382ba18f4272e9418ae9249c69b97e8cf78fb31f1e0,2024-07,Surrey Police,Surrey Police,-0.266565,51.351948,On or near Richards Field,E01030416,Epsom and Ewell 004D,Violence and sexual offences,Local resolution,
45538410b86c35b988288e652bb8a9190b7cd393a229890609c0fab44261419d,2024-07,Surrey Police,Surrey Police,-0.270608,51.357079,On or near Danetree Road,E01030416,Epsom and Ewell 004D,Violence and sexual offences,Unable to prosecute suspect,
8c625e6f54a1fc0b9b8cfecec89c5bfe862e8f03b1d9ec8659d59e577cbc31a0,2024-07,Surrey Police,Surrey Police,-0.266150,51.356852,On or near Cottage Road,E01030416,Epsom and Ewell 004D,Violence and sexual offences,Investigation complete; no suspect identified,
719611784cc7fafc0726ff71499c86a5112bd1059a0fee7855f29422255289ef,2024-07,Surrey Police,Surrey Police,-0.266565,51.351948,On or near Richards Field,E01030416,Epsom and Ewell 004D,Violence and sexual offences,Unable to prosecute suspect,
,2024-07,Surrey Police,Surrey Police,-0.276792,51.341937,On or near Horton Gardens,E01030384,Epsom and Ewell 005B,Anti-social behaviour,,
,2024-07,Surrey Police,Surrey Police,-0.276792,51.341937,On or near Horton Gardens,E01030384,Epsom and Ewell 005B,Anti-social behaviour,,
,2024-07,Surrey Police,Surrey Police,-0.281486,51.343895,On or near Saville Close,E01030384,Epsom and Ewell 005B,Anti-social behaviour,,
,2024-07,Surrey Police,Surrey Police,-0.267813,51.341319,On or near Hook Road,E01030384,Epsom and Ewell 005B,Anti-social behaviour,,
,2024-07,Surrey Police,Surrey Police,-0.274001,51.344378,On or near Tichmarsh,E01030384,Epsom and Ewell 005B,Anti-social behaviour,,
,2024-07,Surrey Police,Surrey Police,-0.276792,51.341937,On or near Horton Gardens,E01030384,Epsom and Ewell 005B,Anti-social behaviour,,
,2024-07,Surrey Police,Surrey Police,-0.276792,51.341937,On or near Horton Gardens,E01030384,Epsom and Ewell 005B,Anti-social behaviour,,
,2024-07,Surrey Police,Surrey Police,-0.272379,51.341324,On or near Upper Court Road,E01030384,Epsom and Ewell 005B,Anti-social behaviour,,
,2024-07,Surrey Police,Surrey Police,-0.274097,51.342203,On or near Holland Close,E01030384,Epsom and Ewell 005B,Anti-social behaviour,,
,2024-07,Surrey Police,Surrey Police,-0.268453,51.340339,On or near Pound Close,E01030384,Epsom and Ewell 005B,Anti-social behaviour,,
,2024-07,Surrey Police,Surrey Police,-0.276792,51.341937,On or near Horton Gardens,E01030384,Epsom and Ewell 005B,Anti-social behaviour,,
,2024-07,Surrey Police,Surrey Police,-0.276792,51.341937,On or near Horton Gardens,E01030384,Epsom and Ewell 005B,Anti-social behaviour,,
,2024-07,Surrey Police,Surrey Police,-0.282476,51.343531,On or near Cavendish Walk,E01030384,Epsom and Ewell 005B,Anti-social behaviour,,
,2024-07,Surrey Police,Surrey Police,-0.276792,51.341937,On or near Horton Gardens,E01030384,Epsom and Ewell 005B,Anti-social behaviour,,
,2024-07,Surrey Police,Surrey Police,-0.280572,51.344133,On or near Tobin Close,E01030384,Epsom and Ewell 005B,Anti-social behaviour,,
,2024-07,Surrey Police,Surrey Police,-0.271047,51.340081,On or near Eastway,E01030384,Epsom and Ewell 005B,Anti-social behaviour,,
,2024-07,Surrey Police,Surrey Police,-0.276792,51.341937,On or near Horton Gardens,E01030384,Epsom and Ewell 005B,Anti-social behaviour,,
,2024-07,Surrey Police,Surrey Police,-0.276792,51.341937,On or near Horton Gardens,E01030384,Epsom and Ewell 005B,Anti-social behaviour,,
4be238f7cbe42450c2802ae2239f2c2c465990d68ff976718738cda61547b3c8,2024-07,Surrey Police,Surrey Police,-0.269041,51.340348,On or near Pound Lane,E01030384,Epsom and Ewell 005B,Burglary,Court result unavailable,
af9094609330b586ca5b2f6b3e1f459aff64c03cc931d5dd3510975b59369dd0,2024-07,Surrey Police,Surrey Police,-0.271235,51.345398,On or near Briane Road,E01030384,Epsom and Ewell 005B,Robbery,Investigation complete; no suspect identified,
802e6ab2e29f58a5db15c95686afae96c9c3cf1489c32e59e560c8ca31b7de03,2024-07,Surrey Police,Surrey Police,-0.277557,51.341445,On or near Vancouver Close,E01030384,Epsom and Ewell 005B,Vehicle crime,Status update unavailable,
b7f8c60ee61bb91e134f499fb29ff4665a6178f4b172cbf783c3d4c80958b282,2024-07,Surrey Police,Surrey Police,-0.284258,51.343494,On or near Burnhams Grove,E01030384,Epsom and Ewell 005B,Violence and sexual offences,Unable to prosecute suspect,
8065505dc671def32d1dcaf341d6c5762c979cf8a2882b09a89325c029d6c9d2,2024-07,Surrey Police,Surrey Police,-0.274001,51.344378,On or near Tichmarsh,E01030384,Epsom and Ewell 005B,Violence and sexual offences,Status update unavailable,
2889738de09e091991516a862015f86e0ed952347a7240be87968df767ed5f1f,2024-07,Surrey Police,Surrey Police,-0.274001,51.344378,On or near Tichmarsh,E01030384,Epsom and Ewell 005B,Violence and sexual offences,Awaiting court outcome,
3334a0128a3e9b51d0d9eea56730cdbf59efea484752b6b7cce3235d139cb5de,2024-07,Surrey Police,Surrey Police,-0.284258,51.343494,On or near Burnhams Grove,E01030384,Epsom and Ewell 005B,Violence and sexual offences,Unable to prosecute suspect,
92824054e778a52b27d2908f166c2fd8871ea7c2174be83f733870aa2bdb8a63,2024-07,Surrey Police,Surrey Police,-0.280572,51.344133,On or near Tobin Close,E01030384,Epsom and Ewell 005B,Violence and sexual offences,Unable to prosecute suspect,
d0fd394051dd505d8a17595d86127337997eed3d9f813111109ed928e2309132,2024-07,Surrey Police,Surrey Police,-0.272901,51.344245,On or near Marston,E01030384,Epsom and Ewell 005B,Violence and sexual offences,Investigation complete; no suspect identified,
2f6c6759329c6345abf35afbfb2f503b17db4031e6262f6363ac7fafc93e0209,2024-07,Surrey Police,Surrey Police,-0.280572,51.344133,On or near Tobin Close,E01030384,Epsom and Ewell 005B,Violence and sexual offences,Unable to prosecute suspect,
9e590b0d1ebd1bbce3aba4aa259246260ff53b88464ffbc80c3e64eef08d6b64,2024-07,Surrey Police,Surrey Police,-0.280572,51.344133,On or near Tobin Close,E01030384,Epsom and Ewell 005B,Violence and sexual offences,Investigation complete; no suspect identified,
e7b302b1307e8b1f603dbc9efb5460425e8d690ed12c93ba213e9168cd7890ca,2024-07,Surrey Police,Surrey Police,-0.280572,51.344133,On or near Tobin Close,E01030384,Epsom and Ewell 005B,Violence and sexual offences,Investigation complete; no suspect identified,
a83f0983ed371523fc3d6797e6248178e0fd74b52126f8c96d6d93ae322cc888,2024-07,Surrey Police,Surrey Police,-0.269041,51.340348,On or near Pound Lane,E01030384,Epsom and Ewell 005B,Violence and sexual offences,Investigation complete; no suspect identified,
d827f7e39e83446dd756e0129187a1dab3cc04faf444cfc85de6df724157601a,2024-07,Surrey Police,Surrey Police,-0.283487,51.342989,On or near Buxton Close,E01030384,Epsom and Ewell 005B,Violence and sexual offences,Investigation complete; no suspect identified,
2998af9032969e9a683dca37e9ddd1eaa89744dfe3f7024bb01ac63200f4fc71,2024-07,Surrey Police,Surrey Police,-0.281486,51.343895,On or near Saville Close,E01030384,Epsom and Ewell 005B,Violence and sexual offences,Unable to prosecute suspect,
b75fefc7f7be85a548523455394b22ce3788cd24851a88a3acec688d1ae4da07,2024-07,Surrey Police,Surrey Police,-0.282914,51.361010,On or near Carnforth Close,E01030401,Epsom and Ewell 005C,Burglary,Investigation complete; no suspect identified,
81ccd7df5abef94ed0d82491df5704792911945867c6aa060683823be310604f,2024-07,Surrey Police,Surrey Police,-0.284931,51.363144,On or near Derek Avenue,E01030401,Epsom and Ewell 005C,Other theft,Investigation complete; no suspect identified,
ab97756333cfe2ae302b6365090cc8200e89dbeaa0f1a72d795f1e325d55effc,2024-07,Surrey Police,Surrey Police,-0.284315,51.363099,On or near Devon Way,E01030401,Epsom and Ewell 005C,Vehicle crime,Investigation complete; no suspect identified,
b52748908dcfaf4986e70fb71f31539c7ccde5c0dbb79ec8f9cc032078354017,2024-07,Surrey Police,Surrey Police,-0.285550,51.360410,On or near Kelvin Close,E01030401,Epsom and Ewell 005C,Violence and sexual offences,Unable to prosecute suspect,
,2024-07,Surrey Police,Surrey Police,-0.298981,51.340238,On or near Peacock Close,E01030402,Epsom and Ewell 005D,Anti-social behaviour,,
,2024-07,Surrey Police,Surrey Police,-0.289658,51.339599,On or near Phoenix Close,E01030402,Epsom and Ewell 005D,Anti-social behaviour,,
,2024-07,Surrey Police,Surrey Police,-0.296714,51.339405,On or near West Park Road,E01030402,Epsom and Ewell 005D,Anti-social behaviour,,
7d7d606b098eb3d928212686ef420568865a0c03a08c9647ca6de8ff79db6e28,2024-07,Surrey Police,Surrey Police,-0.282534,51.340448,On or near Freshmount Gardens,E01030402,Epsom and Ewell 005D,Burglary,Investigation complete; no suspect identified,
58d711b8f52dd4e23afbc218ed757a8c39f22ff826f3bfb370970fc0d7d3e2f3,2024-07,Surrey Police,Surrey Police,-0.296714,51.339405,On or near West Park Road,E01030402,Epsom and Ewell 005D,Drugs,Further investigation is not in the public interest,
daad57df054b4239ac22581b47181d08be3bfc11aacc85be2ee50528a43071bf,2024-07,Surrey Police,Surrey Police,-0.288950,51.338572,On or near Helm Close,E01030402,Epsom and Ewell 005D,Drugs,Unable to prosecute suspect,
7f274db8dd3695bbab98c6ad3d751d98a40512a99524e68325c98c90bc388822,2024-07,Surrey Police,Surrey Police,-0.290280,51.341002,On or near Evelyn Way,E01030402,Epsom and Ewell 005D,Public order,Investigation complete; no suspect identified,
2de39f2dc67021d9fe161ce598d11932ce6a5c7cb82b08a06611195fd7ab34ed,2024-07,Surrey Police,Surrey Police,-0.290280,51.341002,On or near Evelyn Way,E01030402,Epsom and Ewell 005D,Public order,Investigation complete; no suspect identified,
75b80b2d170a1fcc95b2818839d7b74bd98cbb523e52b264ab57a4a52139e3fb,2024-07,Surrey Police,Surrey Police,-0.300480,51.338902,On or near Miller Place,E01030402,Epsom and Ewell 005D,Vehicle crime,Awaiting court outcome,
2a6dea923893b305a15fe97ccfb367239bdcb28b9ed1bdb3c2f6225719ebf655,2024-07,Surrey Police,Surrey Police,-0.299054,51.339421,On or near Farmside Place,E01030402,Epsom and Ewell 005D,Violence and sexual offences,Investigation complete; no suspect identified,
eb222de04640aa2348ac9b9656a74f49e53e997aef19a1f8f0af8cb702e8627b,2024-07,Surrey Police,Surrey Police,-0.289972,51.341959,On or near Galen Close,E01030402,Epsom and Ewell 005D,Violence and sexual offences,Unable to prosecute suspect,
424358d4c0e76af972d75edd11d732786910872c255f15b9897ab320c3e16a31,2024-07,Surrey Police,Surrey Police,-0.288950,51.338572,On or near Helm Close,E01030402,Epsom and Ewell 005D,Violence and sexual offences,Unable to prosecute suspect,
148f165fabdf2a86c5158fab0a28d7636987fee8e0b87f5eb91846a2bd21e7c3,2024-07,Surrey Police,Surrey Police,-0.296714,51.339405,On or near West Park Road,E01030402,Epsom and Ewell 005D,Violence and sexual offences,Unable to prosecute suspect,
49a282da9fd4d1dd03b75bd2d77c939401f3eeb3da69eaa7ab730f07b8de5973,2024-07,Surrey Police,Surrey Police,-0.288268,51.342600,On or near Ripley Way,E01030402,Epsom and Ewell 005D,Other crime,Court result unavailable,
,2024-07,Surrey Police,Surrey Police,-0.273371,51.348164,On or near Redwood Drive,E01034287,Epsom and Ewell 005E,Anti-social behaviour,,
,2024-07,Surrey Police,Surrey Police,-0.268169,51.346729,On or near Nimbus Road,E01034287,Epsom and Ewell 005E,Anti-social behaviour,,
,2024-07,Surrey Police,Surrey Police,-0.270886,51.354665,On or near Chessington Road,E01034287,Epsom and Ewell 005E,Anti-social behaviour,,
,2024-07,Surrey Police,Surrey Police,-0.270886,51.354665,On or near Chessington Road,E01034287,Epsom and Ewell 005E,Anti-social behaviour,,
5d9084105d2a383533f36abbc57c112f7e6ceee21b8a5df843148e9a834abeb5,2024-07,Surrey Police,Surrey Police,-0.274352,51.349194,On or near St Ebbas Way,E01034287,Epsom and Ewell 005E,Burglary,Unable to prosecute suspect,
38d8d1a2b44cbc13fbd50e9fc13c8d3f7858555c101bcc8558fb44d2dd009b0d,2024-07,Surrey Police,Surrey Police,-0.284384,51.345493,On or near Hospital,E01034287,Epsom and Ewell 005E,Criminal damage and arson,Unable to prosecute suspect,
741c9659e63616494fd09d8450c2dfd577ce020387f4473e8c7075f672ac43b3,2024-07,Surrey Police,Surrey Police,-0.285670,51.345664,On or near Horton Lane,E01034287,Epsom and Ewell 005E,Criminal damage and arson,Unable to prosecute suspect,
568ffb6953e2e6dc568d7f431d870e7017b2250a01e991d9764079410f66377e,2024-07,Surrey Police,Surrey Police,-0.273371,51.348164,On or near Redwood Drive,E01034287,Epsom and Ewell 005E,Drugs,Court result unavailable,
a50ad180c418ab2a37ad95919d078d512cddba8698e5dec872a455aa3049f787,2024-07,Surrey Police,Surrey Police,-0.268169,51.346729,On or near Nimbus Road,E01034287,Epsom and Ewell 005E,Drugs,Further investigation is not in the public interest,
d5a71adec3c89f6aa480523976461c7f5e62149a4d839a60c22a0528209b7334,2024-07,Surrey Police,Surrey Police,-0.270092,51.350966,On or near Holly Close,E01034287,Epsom and Ewell 005E,Other theft,Unable to prosecute suspect,
e381d41c93e3b4e0b208e614153d58e36090673fd41490220355e82c1f2fdf70,2024-07,Surrey Police,Surrey Police,-0.284384,51.345493,On or near Hospital,E01034287,Epsom and Ewell 005E,Public order,Unable to prosecute suspect,
c021017d3e018e2c2f668affe8e823307ca54fa1702e97879b629f6ed28c4ff1,2024-07,Surrey Police,Surrey Police,-0.279688,51.345523,On or near Chantilly Way,E01034287,Epsom and Ewell 005E,Shoplifting,Investigation complete; no suspect identified,
4da7a419bc1e18035918a2939d9e642141ac2dc36f2f981496bfb87d5aa0decc,2024-07,Surrey Police,Surrey Police,-0.269961,51.347942,On or near Middleton Road,E01034287,Epsom and Ewell 005E,Violence and sexual offences,Unable to prosecute suspect,
0c9f038b81dd511ab7c7eb79dcfd05d8e0f083105312ec95b6e6f294e95d39aa,2024-07,Surrey Police,Surrey Police,-0.284384,51.345493,On or near Hospital,E01034287,Epsom and Ewell 005E,Violence and sexual offences,Unable to prosecute suspect,
48b477c774cd5223b01f8f7d080870f8853a51e755648c7ce5fc0fcd0a35db89,2024-07,Surrey Police,Surrey Police,-0.269862,51.348669,On or near Hazel Close,E01034287,Epsom and Ewell 005E,Violence and sexual offences,Unable to prosecute suspect,
1650246c4e40aa12934f94769c8d992666b20035ce2229f83ab71d2b2081aaea,2024-07,Surrey Police,Surrey Police,-0.273371,51.348164,On or near Redwood Drive,E01034287,Epsom and Ewell 005E,Violence and sexual offences,Unable to prosecute suspect,
0b87eab69dc2eaa2186365da893ec76060e649c70f4e83cfd4f78d8a5c91748f,2024-07,Surrey Police,Surrey Police,-0.274352,51.349194,On or near St Ebbas Way,E01034287,Epsom and Ewell 005E,Violence and sexual offences,Unable to prosecute suspect,
,2024-07,Surrey Police,Surrey Police,-0.265924,51.348386,On or near Hollymoor Lane,E01034288,Epsom and Ewell 005F,Anti-social behaviour,,
,2024-07,Surrey Police,Surrey Police,-0.266583,51.349196,On or near Cremorne Gardens,E01034288,Epsom and Ewell 005F,Anti-social behaviour,,
,2024-07,Surrey Police,Surrey Police,-0.266583,51.349196,On or near Cremorne Gardens,E01034288,Epsom and Ewell 005F,Anti-social behaviour,,
ad15a05ce807ea0fd7f63334eda6277504daac81e44a4cd296e4fdde1af0efa1,2024-07,Surrey Police,Surrey Police,-0.266583,51.349196,On or near Cremorne Gardens,E01034288,Epsom and Ewell 005F,Drugs,Investigation complete; no suspect identified,
88e7bc66da5160fb672a5db64ff09cbe794ef887cb679e7c29a5d973c8a130a6,2024-07,Surrey Police,Surrey Police,-0.267235,51.348262,On or near Ormonde Avenue,E01034288,Epsom and Ewell 005F,Violence and sexual offences,Unable to prosecute suspect,
8df58a702aab7f3c07ba4bf939dc97512787af5015ea7b0d12a3a20eb35e70a8,2024-07,Surrey Police,Surrey Police,-0.267235,51.348262,On or near Ormonde Avenue,E01034288,Epsom and Ewell 005F,Violence and sexual offences,Unable to prosecute suspect,
238d46aca7b3eb1bc934a97939b71c50f1f471e13b377943b6b02d8677f8efaf,2024-07,Surrey Police,Surrey Police,-0.263926,51.348806,On or near Somerset Close,E01034288,Epsom and Ewell 005F,Violence and sexual offences,Further action is not in the public interest,
,2024-07,Surrey Police,Surrey Police,-0.264974,51.346915,On or near Sefton Road,E01030385,Epsom and Ewell 007A,Anti-social behaviour,,
,2024-07,Surrey Police,Surrey Police,-0.268788,51.343654,On or near Blakeney Close,E01030385,Epsom and Ewell 007A,Anti-social behaviour,,
,2024-07,Surrey Police,Surrey Police,-0.270221,51.346777,On or near Wren Close,E01030385,Epsom and Ewell 007A,Anti-social behaviour,,
,2024-07,Surrey Police,Surrey Police,-0.264016,51.346434,On or near Bishopsmead Close,E01030385,Epsom and Ewell 007A,Anti-social behaviour,,
,2024-07,Surrey Police,Surrey Police,-0.264016,51.346434,On or near Bishopsmead Close,E01030385,Epsom and Ewell 007A,Anti-social behaviour,,
606696d5118018ab41888f995ddd648972daf541245c1e62f954e3717ba2c2a4,2024-07,Surrey Police,Surrey Police,-0.269298,51.345352,On or near Bloomsbury Close,E01030385,Epsom and Ewell 007A,Burglary,Investigation complete; no suspect identified,
fed2d93cad82561e5736c23172860d6c3ecd0ee08cc2887cf4cc14a050bd7a72,2024-07,Surrey Police,Surrey Police,-0.268443,51.342884,On or near Almond Road,E01030385,Epsom and Ewell 007A,Drugs,Local resolution,
22be3980a36d7b9d3e619e6b454e5fa8150ef50b6a8b033c03a64d14d7b98af0,2024-07,Surrey Police,Surrey Police,-0.264016,51.346434,On or near Bishopsmead Close,E01030385,Epsom and Ewell 007A,Drugs,Local resolution,
fa36946c2f10e0189400ceca79e1f3ff375bd3c02fa1d6d484ee08dea60ac4ec,2024-07,Surrey Police,Surrey Police,-0.267482,51.343634,On or near Andover Close,E01030385,Epsom and Ewell 007A,Public order,Unable to prosecute suspect,
556b5e00a997712a62b1787683b60df5e0e36641d6b368e1868e474e162e1812,2024-07,Surrey Police,Surrey Police,-0.269405,51.346316,On or near Bahram Road,E01030385,Epsom and Ewell 007A,Public order,Investigation complete; no suspect identified,
812dfc895775175ad8f947175a77bb33ebac38b625dc1b5c58d238ad16378343,2024-07,Surrey Police,Surrey Police,-0.267482,51.343634,On or near Andover Close,E01030385,Epsom and Ewell 007A,Violence and sexual offences,Unable to prosecute suspect,
aa2d894efcd66733828b756f307cb318f0e8e1b743e54037ff750acf876ede0f,2024-07,Surrey Police,Surrey Police,-0.268443,51.342884,On or near Almond Road,E01030385,Epsom and Ewell 007A,Violence and sexual offences,Unable to prosecute suspect,
8a52b56f0b9759589837a6bf4b6e2dc580240d38d9f4602c1a84702034353acd,2024-07,Surrey Police,Surrey Police,-0.264016,51.346434,On or near Bishopsmead Close,E01030385,Epsom and Ewell 007A,Violence and sexual offences,Unable to prosecute suspect,
86977a4469a35e56b7149bf70d76bcdfd2c0dc40efab8eec3ef3434223911b5a,2024-07,Surrey Police,Surrey Police,-0.268443,51.342884,On or near Almond Road,E01030385,Epsom and Ewell 007A,Violence and sexual offences,Unable to prosecute suspect,
7aab144d827912044cb8411ef2ed76b7f36a33812375397ebb676643664e8a23,2024-07,Surrey Police,Surrey Police,-0.269981,51.341702,On or near Hurst Road,E01030385,Epsom and Ewell 007A,Violence and sexual offences,Unable to prosecute suspect,
835efbeed552ed0c47464b0bd0503ad57e1e212a88f8b73aaa5cca59fdec28a5,2024-07,Surrey Police,Surrey Police,-0.267482,51.343634,On or near Andover Close,E01030385,Epsom and Ewell 007A,Violence and sexual offences,Unable to prosecute suspect,
a2e3a9528c8094a097f755b5eb43cf3f68b3ec1b0fa4aa407c9c52452740454d,2024-07,Surrey Police,Surrey Police,-0.257537,51.336284,On or near Beaconsfield Place,E01030391,Epsom and Ewell 007B,Criminal damage and arson,Offender given a caution,
de17bbe92ad53ed0fd4333c0f48d8c62eaa536e6e50bfdb5a4ed3fd5d529ec3f,2024-07,Surrey Police,Surrey Police,-0.258547,51.336532,On or near Providence Place,E01030391,Epsom and Ewell 007B,Vehicle crime,Investigation complete; no suspect identified,
,2024-07,Surrey Police,Surrey Police,-0.270684,51.337905,On or near Sports/Recreation Area,E01030403,Epsom and Ewell 007C,Anti-social behaviour,,
,2024-07,Surrey Police,Surrey Police,-0.270684,51.337905,On or near Sports/Recreation Area,E01030403,Epsom and Ewell 007C,Anti-social behaviour,,
,2024-07,Surrey Police,Surrey Police,-0.275721,51.336823,On or near West Hill Avenue,E01030403,Epsom and Ewell 007C,Anti-social behaviour,,
9bfbdccf263a4eedd96c6ecfa7d6501d4e35892379e00f921ba907176a58e36d,2024-07,Surrey Police,Surrey Police,-0.278667,51.338646,On or near Manor Green Road,E01030403,Epsom and Ewell 007C,Burglary,Investigation complete; no suspect identified,
1493d42b2cd72cb4fdbbf542f8762fc9c1ac7ac2e137b7ddab9d25f3d06fcbf2,2024-07,Surrey Police,Surrey Police,-0.274710,51.340809,On or near Kendor Avenue,E01030403,Epsom and Ewell 007C,Criminal damage and arson,Awaiting court outcome,
4618a9648157fe658818a5a01b4268f043de34eaab666a0538ea388ee1d32ba3,2024-07,Surrey Police,Surrey Police,-0.272994,51.335272,On or near Sheraton Drive,E01030403,Epsom and Ewell 007C,Criminal damage and arson,Investigation complete; no suspect identified,
d3342adc00b3c5f6dbf6267a60b701e7fc82975f4c21a7b3f9d30304fcd15e86,2024-07,Surrey Police,Surrey Police,-0.270256,51.339350,On or near Parking Area,E01030403,Epsom and Ewell 007C,Criminal damage and arson,Unable to prosecute suspect,
7ad53ab15dd2ffb4863932fd292c5fc59c8e332d7df56da7e8c4977e61d7a9e9,2024-07,Surrey Police,Surrey Police,-0.270684,51.337905,On or near Sports/Recreation Area,E01030403,Epsom and Ewell 007C,Other theft,Investigation complete; no suspect identified,
57ecadc1494565039b44a81ded4f202a1eb88d154db11542ad84853b22b7ce39,2024-07,Surrey Police,Surrey Police,-0.272994,51.335272,On or near Sheraton Drive,E01030403,Epsom and Ewell 007C,Other theft,Investigation complete; no suspect identified,
7cef0c88f9e4446f9e5e882317b2aebad9892301ff24d871d62668e8c459afb0,2024-07,Surrey Police,Surrey Police,-0.274884,51.339229,On or near Hamilton Close,E01030403,Epsom and Ewell 007C,Other theft,Investigation complete; no suspect identified,
7058b8cf493c2eccdc0c7571f59710dbbc0c3ac80ed50f289d707192bc2d735b,2024-07,Surrey Police,Surrey Police,-0.272994,51.335272,On or near Sheraton Drive,E01030403,Epsom and Ewell 007C,Public order,Unable to prosecute suspect,
6945b8ebcb02a51bfd469dc635ef89ac0cc4e6bed384b98e92420e5c3400de94,2024-07,Surrey Police,Surrey Police,-0.273460,51.333957,On or near Hunters Close,E01030403,Epsom and Ewell 007C,Vehicle crime,Awaiting court outcome,
3f165aa18e5ea030f2b3e7d858f258bee73e78773cfc6a489837a00383f9d08b,2024-07,Surrey Police,Surrey Police,-0.270256,51.339350,On or near Parking Area,E01030403,Epsom and Ewell 007C,Vehicle crime,Investigation complete; no suspect identified,
a9aceff4f791670107bccc42a6c34e37aa26d7a13507c9eb2d9590410d923b79,2024-07,Surrey Police,Surrey Police,-0.273460,51.333957,On or near Hunters Close,E01030403,Epsom and Ewell 007C,Violence and sexual offences,Unable to prosecute suspect,
85f6b31f904280b3aeb3476780fa4233b1f5e0d4689d8e09b275815dfdcadec2,2024-07,Surrey Police,Surrey Police,-0.273460,51.333957,On or near Hunters Close,E01030403,Epsom and Ewell 007C,Violence and sexual offences,Unable to prosecute suspect,
1602b37a679f965d80141711cb0112e3f0e36e3e8d2b1cfd7983aa52b4e9c367,2024-07,Surrey Police,Surrey Police,-0.273460,51.333957,On or near Hunters Close,E01030403,Epsom and Ewell 007C,Violence and sexual offences,Unable to prosecute suspect,
13a14aac818f51981c6b057f227a965fd5e3e2a399cdc9d5855576f3e36888b4,2024-07,Surrey Police,Surrey Police,-0.270684,51.337905,On or near Sports/Recreation Area,E01030403,Epsom and Ewell 007C,Violence and sexual offences,Investigation complete; no suspect identified,
,2024-07,Surrey Police,Surrey Police,-0.275174,51.335331,On or near Parking Area,E01030404,Epsom and Ewell 007D,Anti-social behaviour,,
,2024-07,Surrey Police,Surrey Police,-0.277182,51.334227,On or near West Hill,E01030404,Epsom and Ewell 007D,Anti-social behaviour,,
d9cd394553bede5867936e0419444d6d99538a7be081ed82f0d4e483c441a2f9,2024-07,Surrey Police,Surrey Police,-0.276643,51.333293,On or near Hookfield,E01030404,Epsom and Ewell 007D,Burglary,Unable to prosecute suspect,
7dbea926686852e02e2376e15177d77c273b1febaba5b17a6b92df8ff1d4a8d4,2024-07,Surrey Police,Surrey Police,-0.275600,51.334689,On or near Court Lane,E01030404,Epsom and Ewell 007D,Criminal damage and arson,Unable to prosecute suspect,
4c80d28c0163bcad5a346abf7ebedb3cb755c16d642402a3c8ab1cf33f1cf4a6,2024-07,Surrey Police,Surrey Police,-0.275600,51.334689,On or near Court Lane,E01030404,Epsom and Ewell 007D,Drugs,Local resolution,
709ada72e3bfc35334f2bc58cb81f51e8a598770c52cd99f54af78f7a72b48f8,2024-07,Surrey Police,Surrey Police,-0.277008,51.336194,On or near Meadway,E01030404,Epsom and Ewell 007D,Drugs,Awaiting court outcome,
c31ce7f4b54edbc17cf119e600f2664a286576b51ea65b55f3109c59769a4759,2024-07,Surrey Police,Surrey Police,-0.275600,51.334689,On or near Court Lane,E01030404,Epsom and Ewell 007D,Drugs,Local resolution,
8a9c7af2faa7e578a67dd8be2732a375890614cf7c10461a89ea52ad16326f19,2024-07,Surrey Police,Surrey Police,-0.279845,51.329419,On or near Lane End,E01030404,Epsom and Ewell 007D,Public order,Unable to prosecute suspect,
327f7db3fd7da4549c54550e20d94f404855575a489353ac0446fd029b7d973e,2024-07,Surrey Police,Surrey Police,-0.275174,51.335331,On or near Parking Area,E01030404,Epsom and Ewell 007D,Public order,Investigation complete; no suspect identified,
d3efd2c5b9a4a38c41124d7ccdce292ec31c20b0cb758cbd38a7e61cc5fcc168,2024-07,Surrey Police,Surrey Police,-0.265768,51.336927,On or near Windsor Gardens,E01030409,Epsom and Ewell 007E,Drugs,Local resolution,
0fd7961b058a6c347a04483a43112fd1267c69efcb2437b8e86649dc372a95b9,2024-07,Surrey Police,Surrey Police,-0.268198,51.337593,On or near Temple Road,E01030409,Epsom and Ewell 007E,Other theft,Investigation complete; no suspect identified,
809cea026992a4a3a976e7a3afe444ef934d6066bc622a50829fc64239b95ec4,2024-07,Surrey Police,Surrey Police,-0.269371,51.336171,On or near Gosfield Road,E01030409,Epsom and Ewell 007E,Public order,Investigation complete; no suspect identified,
72bf1abdc5acd92142e3a3a689037ac7f069ac41c3f7fbc294fe68e78fe51b19,2024-07,Surrey Police,Surrey Police,-0.269371,51.336171,On or near Gosfield Road,E01030409,Epsom and Ewell 007E,Public order,Investigation complete; no suspect identified,
d7327af81e502220152883fcc9e93d257eaa293bb05bf5d3f1a670875ba6788e,2024-07,Surrey Police,Surrey Police,-0.270497,51.336017,On or near Maidenshaw Road,E01030409,Epsom and Ewell 007E,Violence and sexual offences,Investigation complete; no suspect identified,
ca8e5361a1536c7aa77f41ed6d23ce8dd86444bac7cee046325d04828f2ebfc5,2024-07,Surrey Police,Surrey Police,-0.268198,51.337593,On or near Temple Road,E01030409,Epsom and Ewell 007E,Violence and sexual offences,Unable to prosecute suspect,
79e34afc639b10bc497f62a4fcd63a64f58f7063ec871e7c9406144d186a3fb4,2024-07,Surrey Police,Surrey Police,-0.269884,51.334740,On or near Horsley Close,E01030409,Epsom and Ewell 007E,Violence and sexual offences,Unable to prosecute suspect,
6f44dd60cba26423fc681aed1eaad786f471ca3445420edb616e209f8be9069b,2024-07,Surrey Police,Surrey Police,-0.269631,51.336886,On or near Hazon Way,E01030409,Epsom and Ewell 007E,Violence and sexual offences,Investigation complete; no suspect identified,
19241c8eb160ea2a14389f676de9a3b83c36ff9705b1f5d0a4131f048fc8dbc5,2024-07,Surrey Police,Surrey Police,-0.269884,51.334740,On or near Horsley Close,E01030409,Epsom and Ewell 007E,Violence and sexual offences,Unable to prosecute suspect,
d020ae12ad06539f5cccc0c8f337ae863800bac1aad440ddf5ebabe3cf7beb11,2024-07,Surrey Police,Surrey Police,-0.268198,51.337593,On or near Temple Road,E01030409,Epsom and Ewell 007E,Violence and sexual offences,Court result unavailable,
6fc7dad4e2c1f546de3caf550002d4009a59ccb87f248ec0769aa864e15aa6b7,2024-07,Surrey Police,Surrey Police,-0.270497,51.336017,On or near Maidenshaw Road,E01030409,Epsom and Ewell 007E,Violence and sexual offences,Status update unavailable,
43060f74546ab77e0546dd0d0e17764306d9594055e3af4c613693499706c7f6,2024-07,Surrey Police,Surrey Police,-0.270497,51.336017,On or near Maidenshaw Road,E01030409,Epsom and Ewell 007E,Other crime,Unable to prosecute suspect,
,2024-07,Surrey Police,Surrey Police,-0.258738,51.338703,On or near Middle Lane,E01030410,Epsom and Ewell 007F,Anti-social behaviour,,
,2024-07,Surrey Police,Surrey Police,-0.259627,51.339858,On or near Farriers Road,E01030410,Epsom and Ewell 007F,Anti-social behaviour,,
4a4493afd02d498e18f2863c433880221f3ca3a2facd40f8d956b9ce3b98329a,2024-07,Surrey Police,Surrey Police,-0.259857,51.336822,On or near East Street,E01030410,Epsom and Ewell 007F,Criminal damage and arson,Unable to prosecute suspect,
72b5fce997906d3a6ddad670354e39ce142a7e82222a4fade4d71f135b317e09,2024-07,Surrey Police,Surrey Police,-0.257684,51.341511,On or near Supermarket,E01030410,Epsom and Ewell 007F,Other theft,Investigation complete; no suspect identified,
296b8823da9e60cc12e441e4dea9f894ed0d1043dd66630504891628716b4d4d,2024-07,Surrey Police,Surrey Police,-0.265771,51.339131,On or near Miles Road,E01030410,Epsom and Ewell 007F,Other theft,Investigation complete; no suspect identified,
9a039eed4f956ea7d7d94c5ef948b894d828d84a6429503af8b7d48546d6200d,2024-07,Surrey Police,Surrey Police,-0.265771,51.339131,On or near Miles Road,E01030410,Epsom and Ewell 007F,Violence and sexual offences,Unable to prosecute suspect,
c1250d960dbb76611c90d7aef75682fa042e747a0bba981f68ada440d4af93dd,2024-07,Surrey Police,Surrey Police,-0.265771,51.339131,On or near Miles Road,E01030410,Epsom and Ewell 007F,Violence and sexual offences,Unable to prosecute suspect,
c5a6cfdd15af89d101fde9fa790f924734f253692b9c8f6b6dba2702bfa5051e,2024-07,Surrey Police,Surrey Police,-0.265771,51.339131,On or near Miles Road,E01030410,Epsom and Ewell 007F,Violence and sexual offences,Unable to prosecute suspect,
61313fbc38e7d43cace13e4964dde24255c6442c5c3f384df1580e76829fc71f,2024-07,Surrey Police,Surrey Police,-0.257684,51.341511,On or near Supermarket,E01030410,Epsom and Ewell 007F,Violence and sexual offences,Unable to prosecute suspect,
0b7cb5940d7480d37934f2b41deb4a873bcec736abd797dcf86d4a1d7b7f08fc,2024-07,Surrey Police,Surrey Police,-0.265771,51.339131,On or near Miles Road,E01030410,Epsom and Ewell 007F,Violence and sexual offences,Unable to prosecute suspect,
d50df4922c8d643b102c6fe9ed2dda978286cbe0e4243f275b3e4a3a443e0245,2024-07,Surrey Police,Surrey Police,-0.265771,51.339131,On or near Miles Road,E01030410,Epsom and Ewell 007F,Violence and sexual offences,Status update unavailable,
7259b9637ba0032ac7fce8b638489883aaa42e12c41eb1204754996d6e5cdbfe,2024-07,Surrey Police,Surrey Police,-0.257684,51.341511,On or near Supermarket,E01030410,Epsom and Ewell 007F,Violence and sexual offences,Court result unavailable,
aba9f63f50862a73c82b189f5ebaee1cf351ce8fb4f3edcd1a2c604d0cf54ed6,2024-07,Surrey Police,Surrey Police,-0.265771,51.339131,On or near Miles Road,E01030410,Epsom and Ewell 007F,Violence and sexual offences,Unable to prosecute suspect,
,2024-07,Surrey Police,Surrey Police,-0.256878,51.329062,On or near Randolph Road,E01030381,Epsom and Ewell 008A,Anti-social behaviour,,
d852d07807e4b3932d535167f780ae488a061ef8ea2c3512bf3132317f4fd1f0,2024-07,Surrey Police,Surrey Police,-0.256878,51.329062,On or near Randolph Road,E01030381,Epsom and Ewell 008A,Other theft,Investigation complete; no suspect identified,
3e70927aa30cf410ae6aa694c51bd6c2b1c9fb0d6bae67c2f0246d42dc58f621,2024-07,Surrey Police,Surrey Police,-0.257527,51.329359,On or near Rosebery Avenue,E01030381,Epsom and Ewell 008A,Other theft,Investigation complete; no suspect identified,
cfbf4c1039c5ce41cc204a4705547ec15ee3ca579f70e611a8d8db4cca556810,2024-07,Surrey Police,Surrey Police,-0.257527,51.329359,On or near Rosebery Avenue,E01030381,Epsom and Ewell 008A,Public order,Investigation complete; no suspect identified,
269a62b0c66974b464dfdf766c838b3270101c8fa0a8589ee98fe355b91bfc91,2024-07,Surrey Police,Surrey Police,-0.259949,51.329467,On or near Downside,E01030381,Epsom and Ewell 008A,Public order,Unable to prosecute suspect,
63dffe1f8ab007cf0e1eb0e5d70187982ed1d4a13d5cb5f8e32b5d52c43f7f38,2024-07,Surrey Police,Surrey Police,-0.256878,51.329062,On or near Randolph Road,E01030381,Epsom and Ewell 008A,Robbery,Status update unavailable,
ba78fbbfd87ab2feeab148f8fc8396bad18ed128341f919036f3f541c283ca73,2024-07,Surrey Police,Surrey Police,-0.259949,51.329467,On or near Downside,E01030381,Epsom and Ewell 008A,Violence and sexual offences,Unable to prosecute suspect,
,2024-07,Surrey Police,Surrey Police,-0.257626,51.332058,On or near St Martin'S Close,E01030412,Epsom and Ewell 008C,Anti-social behaviour,,
,2024-07,Surrey Police,Surrey Police,-0.262636,51.336225,On or near Parking Area,E01030412,Epsom and Ewell 008C,Anti-social behaviour,,
8c8e23c276041cfa9da6fe37448d94478d2c822d516118bb771707f41c7a2008,2024-07,Surrey Police,Surrey Police,-0.258257,51.329802,On or near Pitt Road,E01030412,Epsom and Ewell 008C,Criminal damage and arson,Investigation complete; no suspect identified,
1c06de931af1624d6fb4b4b1c21ff9aa23cbb079b6f899ca98d0817c7fb96ebc,2024-07,Surrey Police,Surrey Police,-0.262185,51.334851,On or near Prospect Place,E01030412,Epsom and Ewell 008C,Criminal damage and arson,Unable to prosecute suspect,
7f8df32b34781a2741d274a3092e41284646f243272e18fbb8dabba5aeb614db,2024-07,Surrey Police,Surrey Police,-0.259503,51.334406,On or near Parking Area,E01030412,Epsom and Ewell 008C,Public order,Unable to prosecute suspect,
e646fac9c408f47972a24cdd57c39c534090b3c93314910f7a9f8177e9d8e40b,2024-07,Surrey Police,Surrey Police,-0.257507,51.333675,On or near Church Road,E01030412,Epsom and Ewell 008C,Public order,Unable to prosecute suspect,
b3f8b384c84d12d61666fb892f1da2f7273651f01348f7fb5a9b78aaed10ab0b,2024-07,Surrey Police,Surrey Police,-0.257626,51.332058,On or near St Martin'S Close,E01030412,Epsom and Ewell 008C,Theft from the person,Investigation complete; no suspect identified,
9d7b9188af508bbb1029d7de02c18088d4ee3dfe468e9abbe1a653608ace9aad,2024-07,Surrey Police,Surrey Police,-0.262636,51.336225,On or near Parking Area,E01030412,Epsom and Ewell 008C,Vehicle crime,Investigation complete; no suspect identified,
6e2b6e81a07300d5f5778fde7ed42779c47799deda1b69898d014265a3c1af07,2024-07,Surrey Police,Surrey Police,-0.257782,51.333985,On or near Pikes Hill,E01030412,Epsom and Ewell 008C,Violence and sexual offences,Unable to prosecute suspect,
827c8c9cc1b7e7f1d9401e243bb69d398dd26d31dc52e8c83bb49a3e44177e7b,2024-07,Surrey Police,Surrey Police,-0.262185,51.334851,On or near Prospect Place,E01030412,Epsom and Ewell 008C,Violence and sexual offences,Unable to prosecute suspect,
,2024-07,Surrey Police,Surrey Police,-0.272385,51.328554,On or near St Margaret Drive,E01030419,Epsom and Ewell 008D,Anti-social behaviour,,
,2024-07,Surrey Police,Surrey Police,-0.272428,51.325129,On or near Hospital,E01030419,Epsom and Ewell 008D,Anti-social behaviour,,
,2024-07,Surrey Police,Surrey Police,-0.272428,51.325129,On or near Hospital,E01030419,Epsom and Ewell 008D,Anti-social behaviour,,
,2024-07,Surrey Police,Surrey Police,-0.272428,51.325129,On or near Hospital,E01030419,Epsom and Ewell 008D,Anti-social behaviour,,
,2024-07,Surrey Police,Surrey Police,-0.265646,51.329507,On or near Malvern Court,E01030419,Epsom and Ewell 008D,Anti-social behaviour,,
,2024-07,Surrey Police,Surrey Police,-0.272385,51.328554,On or near St Margaret Drive,E01030419,Epsom and Ewell 008D,Anti-social behaviour,,
,2024-07,Surrey Police,Surrey Police,-0.274964,51.330966,On or near Dalmeny Way,E01030419,Epsom and Ewell 008D,Anti-social behaviour,,
adf074e7f16dd5ab6e3b9823ba2b457c74f3b59b66c3b033aaed9f3a2f356455,2024-07,Surrey Police,Surrey Police,-0.276579,51.328085,On or near Dudley Grove,E01030419,Epsom and Ewell 008D,Criminal damage and arson,Investigation complete; no suspect identified,
f37b41ba81319cd9a5f07818f9479e66d1eaa3395e37055ceeab2fce7720dceb,2024-07,Surrey Police,Surrey Police,-0.264691,51.328566,On or near Ladbroke Road,E01030419,Epsom and Ewell 008D,Other theft,Investigation complete; no suspect identified,
6b3c3ceae2158fafb39a5f22a93379589b8ba1272ec95fd107dfde595db7363a,2024-07,Surrey Police,Surrey Police,-0.272428,51.325129,On or near Hospital,E01030419,Epsom and Ewell 008D,Public order,Unable to prosecute suspect,
35bc4d0993ef228c08d8b752bea48d792a574333b4d4a07fabee1ef260748e2b,2024-07,Surrey Police,Surrey Police,-0.272428,51.325129,On or near Hospital,E01030419,Epsom and Ewell 008D,Public order,Unable to prosecute suspect,
eba1549e4c72601734c8edb11121f47e4840633e6d3cbb56c02ac04d2ab9e418,2024-07,Surrey Police,Surrey Police,-0.270904,51.328236,On or near Petrol Station,E01030419,Epsom and Ewell 008D,Public order,Unable to prosecute suspect,
eb40b29c191aff067394a237d673fd9f776088e46a58bd13f3755c5b2cf2197b,2024-07,Surrey Police,Surrey Police,-0.268068,51.326170,On or near Squirrel'S Way,E01030419,Epsom and Ewell 008D,Vehicle crime,Investigation complete; no suspect identified,
5f57b2e7cd65548a141be642d9c6aa105c3e982ce4d7099c5e32b3e77375bdbe,2024-07,Surrey Police,Surrey Police,-0.274964,51.330966,On or near Dalmeny Way,E01030419,Epsom and Ewell 008D,Vehicle crime,Unable to prosecute suspect,
bd20fb153df50d8ab0bbdc79cc5e722f9fe5e75bf336641e2ed305717e813176,2024-07,Surrey Police,Surrey Police,-0.272428,51.325129,On or near Hospital,E01030419,Epsom and Ewell 008D,Vehicle crime,Investigation complete; no suspect identified,
8d2e6aa3e4f9a60254bf7de27ed89b0122eed709f33bc670bfc9a8e0911deb3f,2024-07,Surrey Police,Surrey Police,-0.264715,51.327919,On or near Caithness Drive,E01030419,Epsom and Ewell 008D,Violence and sexual offences,Unable to prosecute suspect,
4c21b04ed151ef086008d6e53bc4811bef1c4e521d3aed545785f856c2416ce3,2024-07,Surrey Police,Surrey Police,-0.272428,51.325129,On or near Hospital,E01030419,Epsom and Ewell 008D,Violence and sexual offences,Unable to prosecute suspect,
6143e4c84a72e817ee22c0f71b0344a4df77a8d9da8cbeaeed8f3e649f510340,2024-07,Surrey Police,Surrey Police,-0.272385,51.328554,On or near St Margaret Drive,E01030419,Epsom and Ewell 008D,Violence and sexual offences,Unable to prosecute suspect,
d31531d8031f3078989ffd319b193ee298711fe0ee33a117cbe44dc550b3d65a,2024-07,Surrey Police,Surrey Police,-0.272428,51.325129,On or near Hospital,E01030419,Epsom and Ewell 008D,Violence and sexual offences,Unable to prosecute suspect,
cf3ccc9a537a3d215cb57cb6f20babda2d18cac64be77d60590b6b7b12c8156b,2024-07,Surrey Police,Surrey Police,-0.272428,51.325129,On or near Hospital,E01030419,Epsom and Ewell 008D,Violence and sexual offences,Unable to prosecute suspect,
3c3305a84aa23db82bfb7ddf6bf4161852731ae5f7e99c7c211a830887aac1ad,2024-07,Surrey Police,Surrey Police,-0.270904,51.328236,On or near Petrol Station,E01030419,Epsom and Ewell 008D,Violence and sexual offences,Unable to prosecute suspect,
0fb7b50720863adecedf78c7e0c3a59c1f39e2dd653d03619f4a870a8bf80dca,2024-07,Surrey Police,Surrey Police,-0.272428,51.325129,On or near Hospital,E01030419,Epsom and Ewell 008D,Violence and sexual offences,Unable to prosecute suspect,
,2024-07,Surrey Police,Surrey Police,-0.267727,51.334070,On or near Supermarket,E01034289,Epsom and Ewell 008E,Anti-social behaviour,,
,2024-07,Surrey Police,Surrey Police,-0.267727,51.334070,On or near Supermarket,E01034289,Epsom and Ewell 008E,Anti-social behaviour,,
,2024-07,Surrey Police,Surrey Police,-0.267345,51.333560,On or near Nightclub,E01034289,Epsom and Ewell 008E,Anti-social behaviour,,
,2024-07,Surrey Police,Surrey Police,-0.269907,51.333383,On or near Parking Area,E01034289,Epsom and Ewell 008E,Anti-social behaviour,,
,2024-07,Surrey Police,Surrey Police,-0.272833,51.332293,On or near Manor House Court,E01034289,Epsom and Ewell 008E,Anti-social behaviour,,
,2024-07,Surrey Police,Surrey Police,-0.268742,51.334193,On or near Parking Area,E01034289,Epsom and Ewell 008E,Anti-social behaviour,,
,2024-07,Surrey Police,Surrey Police,-0.269105,51.333694,On or near Parking Area,E01034289,Epsom and Ewell 008E,Anti-social behaviour,,
,2024-07,Surrey Police,Surrey Police,-0.269105,51.333694,On or near Parking Area,E01034289,Epsom and Ewell 008E,Anti-social behaviour,,
,2024-07,Surrey Police,Surrey Police,-0.273633,51.330875,On or near Rosebank,E01034289,Epsom and Ewell 008E,Anti-social behaviour,,
,2024-07,Surrey Police,Surrey Police,-0.269907,51.333383,On or near Parking Area,E01034289,Epsom and Ewell 008E,Anti-social behaviour,,
,2024-07,Surrey Police,Surrey Police,-0.268742,51.334193,On or near Parking Area,E01034289,Epsom and Ewell 008E,Anti-social behaviour,,
,2024-07,Surrey Police,Surrey Police,-0.268742,51.334193,On or near Parking Area,E01034289,Epsom and Ewell 008E,Anti-social behaviour,,
,2024-07,Surrey Police,Surrey Police,-0.269105,51.333694,On or near Parking Area,E01034289,Epsom and Ewell 008E,Anti-social behaviour,,
,2024-07,Surrey Police,Surrey Police,-0.267261,51.332342,On or near Shopping Area,E01034289,Epsom and Ewell 008E,Anti-social behaviour,,
b996d55b2a183f3c88e3a013414b7eb9311ddd82507cdcb11537a3ba4927a88f,2024-07,Surrey Police,Surrey Police,-0.267818,51.332039,On or near Shopping Area,E01034289,Epsom and Ewell 008E,Bicycle theft,Status update unavailable,
0725ae46afd86f7bd60c39c5ff3d61077d34c5a06971e3d73687e362fb5dbc14,2024-07,Surrey Police,Surrey Police,-0.267261,51.332342,On or near Shopping Area,E01034289,Epsom and Ewell 008E,Bicycle theft,Investigation complete; no suspect identified,
ec9aed688b03f7312a90fc90fa0aab9c69a03f95b11d47c0363b1b257945b2e0,2024-07,Surrey Police,Surrey Police,-0.267261,51.332342,On or near Shopping Area,E01034289,Epsom and Ewell 008E,Criminal damage and arson,Investigation complete; no suspect identified,
7acababa6bd27a18c744de917141e48a5fdb32daf437cb8cc0f665a40a895956,2024-07,Surrey Police,Surrey Police,-0.267727,51.334070,On or near Supermarket,E01034289,Epsom and Ewell 008E,Criminal damage and arson,Investigation complete; no suspect identified,
1e522d2cd89578f2afa7e62f91ecce7bdb269f8b302bd33ff20bdb25b827a87b,2024-07,Surrey Police,Surrey Police,-0.269907,51.333383,On or near Parking Area,E01034289,Epsom and Ewell 008E,Criminal damage and arson,Status update unavailable,
20e80df068ab47f0bdc84262ca14ca7c3e8cf83f40d863dc1fc7fe417a9772d3,2024-07,Surrey Police,Surrey Police,-0.267727,51.334070,On or near Supermarket,E01034289,Epsom and Ewell 008E,Criminal damage and arson,Unable to prosecute suspect,
db5f4726e593b40f58d5db5d214f6685705d783253169cb15903d5fb594553ef,2024-07,Surrey Police,Surrey Police,-0.268742,51.334193,On or near Parking Area,E01034289,Epsom and Ewell 008E,Drugs,Unable to prosecute suspect,
f606bd4750f842a814be73364e364c2865f440da54934965132bfd4a8dd107f3,2024-07,Surrey Police,Surrey Police,-0.272833,51.332293,On or near Manor House Court,E01034289,Epsom and Ewell 008E,Other theft,Local resolution,
4aa7cedba9b9e8dcec554735bac29995b190a6b3ef1edf38c5293705f9b0a481,2024-07,Surrey Police,Surrey Police,-0.267345,51.333560,On or near Nightclub,E01034289,Epsom and Ewell 008E,Other theft,Unable to prosecute suspect,
2be7356c678e795ccee553d0f054386661c68d163e150b337b861d53d4761cff,2024-07,Surrey Police,Surrey Police,-0.272749,51.331860,On or near Mathias Close,E01034289,Epsom and Ewell 008E,Other theft,Investigation complete; no suspect identified,
5e89b9b93a982970d18d00f6912b14e340cdbcf8394703a67892fc450fb739d5,2024-07,Surrey Police,Surrey Police,-0.270305,51.330808,On or near South Street,E01034289,Epsom and Ewell 008E,Other theft,Investigation complete; no suspect identified,
41154a69ecf1dd083084818043e8bd6e4195302c6d72362e326ab0687344022d,2024-07,Surrey Police,Surrey Police,-0.267727,51.334070,On or near Supermarket,E01034289,Epsom and Ewell 008E,Other theft,Investigation complete; no suspect identified,
147a7be1dfdce25c3a95812997bcaec6cb1dd433950404370979017de30b6b36,2024-07,Surrey Police,Surrey Police,-0.269907,51.333383,On or near Parking Area,E01034289,Epsom and Ewell 008E,Possession of weapons,Investigation complete; no suspect identified,
a8ff05b97086cafc41d6c2f9c5f9d0cd73a9215954600b4d1eeba532f6dd09ef,2024-07,Surrey Police,Surrey Police,-0.269105,51.333694,On or near Parking Area,E01034289,Epsom and Ewell 008E,Public order,Unable to prosecute suspect,
cd3592ac9dff8ff4d485e4382e79654a89d31813cb18860c3dce72d1d255cb9a,2024-07,Surrey Police,Surrey Police,-0.269907,51.333383,On or near Parking Area,E01034289,Epsom and Ewell 008E,Public order,Status update unavailable,
14224649e1ca1e936ca43bd1736187a708307b634c4c7fa88dc6f13e396f4666,2024-07,Surrey Police,Surrey Police,-0.267727,51.334070,On or near Supermarket,E01034289,Epsom and Ewell 008E,Public order,Investigation complete; no suspect identified,
e73156cd0a9011c22d05ef18761e3178a709d8aa1a0f601ce406e17ad854e946,2024-07,Surrey Police,Surrey Police,-0.268600,51.331475,On or near Ashley Avenue,E01034289,Epsom and Ewell 008E,Public order,Investigation complete; no suspect identified,
be5eb8097c718e721b9305e4bce9e4a649f41633c6b429384b4241b91166e70e,2024-07,Surrey Police,Surrey Police,-0.269249,51.331394,On or near A24,E01034289,Epsom and Ewell 008E,Public order,Unable to prosecute suspect,
5c67e8a5ede6591cbd858c275c81a45f0bafb001a26368e4f2a1c3115c69c040,2024-07,Surrey Police,Surrey Police,-0.269907,51.333383,On or near Parking Area,E01034289,Epsom and Ewell 008E,Public order,Investigation complete; no suspect identified,
82a4c746cf6d50a619eaadfdf6f2403bed39af4c0472c025bd278a5011d0e3f7,2024-07,Surrey Police,Surrey Police,-0.271814,51.333051,On or near West Street,E01034289,Epsom and Ewell 008E,Robbery,Unable to prosecute suspect,
8d0772a32fe08e7480e457c7cce97ad8c269f2e441c2c5b699e9ff9f442ef84d,2024-07,Surrey Police,Surrey Police,-0.267345,51.333560,On or near Nightclub,E01034289,Epsom and Ewell 008E,Shoplifting,Investigation complete; no suspect identified,
9fccc192e43ecd44e46b4f4d16da5521be923c4f1a11200ba4ba03ef598cb419,2024-07,Surrey Police,Surrey Police,-0.269907,51.333383,On or near Parking Area,E01034289,Epsom and Ewell 008E,Shoplifting,Investigation complete; no suspect identified,
1b5870dc3d89934290cc5912d25a2a77468ffa7477161ccf64b595d20e6f6bf3,2024-07,Surrey Police,Surrey Police,-0.267345,51.333560,On or near Nightclub,E01034289,Epsom and Ewell 008E,Shoplifting,Status update unavailable,
8368bd8e314d510f7d514cdae88f3c2ce2946b3ada8907a183f4ef3b4c4ab0d6,2024-07,Surrey Police,Surrey Police,-0.267727,51.334070,On or near Supermarket,E01034289,Epsom and Ewell 008E,Shoplifting,Status update unavailable,
246a27e59677ff612e603c6ba45819edcf7588d07ebb437dec584f481f6fb30a,2024-07,Surrey Police,Surrey Police,-0.267727,51.334070,On or near Supermarket,E01034289,Epsom and Ewell 008E,Shoplifting,Unable to prosecute suspect,
69a0c9502db68d99da13c5731ab061d2aaf14eb2a895f2242d04f58a7198803e,2024-07,Surrey Police,Surrey Police,-0.267727,51.334070,On or near Supermarket,E01034289,Epsom and Ewell 008E,Shoplifting,Court result unavailable,
f27ca8b12e5061e34758128fc4e193f312223569406e1341a183f9e231467244,2024-07,Surrey Police,Surrey Police,-0.267727,51.334070,On or near Supermarket,E01034289,Epsom and Ewell 008E,Shoplifting,Unable to prosecute suspect,
5f28402a2125110f20a40f6b3ba17c050f879f4a799ecb35caa6fbb99d655a3b,2024-07,Surrey Police,Surrey Police,-0.267818,51.332039,On or near Shopping Area,E01034289,Epsom and Ewell 008E,Shoplifting,Investigation complete; no suspect identified,
2b890950a75fb62e91d3a10892c44d18e193979cc0fe69c9df75a07225058f16,2024-07,Surrey Police,Surrey Police,-0.267818,51.332039,On or near Shopping Area,E01034289,Epsom and Ewell 008E,Shoplifting,Court result unavailable,
c5bb62b49d5f3530b4dbd765c184883521c595575f15df762fd2e245f1a99287,2024-07,Surrey Police,Surrey Police,-0.269907,51.333383,On or near Parking Area,E01034289,Epsom and Ewell 008E,Shoplifting,Court result unavailable,
6351e0f07af68d0d6957a918005280e67af6c5926b885d76adeb4b66a7c68d9f,2024-07,Surrey Police,Surrey Police,-0.267727,51.334070,On or near Supermarket,E01034289,Epsom and Ewell 008E,Shoplifting,Unable to prosecute suspect,
9125d24b4cf92ee1a3d84e7c15ee079d353280b8c8797269418dc8ef7255aaef,2024-07,Surrey Police,Surrey Police,-0.267818,51.332039,On or near Shopping Area,E01034289,Epsom and Ewell 008E,Shoplifting,Investigation complete; no suspect identified,
6f7df65999a191af9981437527daaadfa6623fcb32dd80abe5934fb638550aae,2024-07,Surrey Police,Surrey Police,-0.267345,51.333560,On or near Nightclub,E01034289,Epsom and Ewell 008E,Shoplifting,Investigation complete; no suspect identified,
aa6682bd95df693deba850dd84ea730c1f6b46dbd82e688e2d1441fadaaf7d03,2024-07,Surrey Police,Surrey Police,-0.267818,51.332039,On or near Shopping Area,E01034289,Epsom and Ewell 008E,Shoplifting,Investigation complete; no suspect identified,
f25ebb974a111eab98e1225ed1f2465a463dabfdb5586082e9ced89893772490,2024-07,Surrey Police,Surrey Police,-0.267345,51.333560,On or near Nightclub,E01034289,Epsom and Ewell 008E,Shoplifting,Unable to prosecute suspect,
05db508f8928f6d814211d3116da0d88e79b627e01f4670cf14ea68eab1fa801,2024-07,Surrey Police,Surrey Police,-0.267727,51.334070,On or near Supermarket,E01034289,Epsom and Ewell 008E,Shoplifting,Court result unavailable,
7be4adb6fdc509fd9e016919afb811543916582eec5e8e9d1793449de432004f,2024-07,Surrey Police,Surrey Police,-0.267818,51.332039,On or near Shopping Area,E01034289,Epsom and Ewell 008E,Theft from the person,Investigation complete; no suspect identified,
115f89ef9b1e817410c93a1115c712de4112003874e1949662c2489ebc109aef,2024-07,Surrey Police,Surrey Police,-0.267818,51.332039,On or near Shopping Area,E01034289,Epsom and Ewell 008E,Theft from the person,Investigation complete; no suspect identified,
ff3bd3591e477e9330bfe7fc22bfc57cca5dce32e6da3832d601ba1489460e55,2024-07,Surrey Police,Surrey Police,-0.270305,51.330808,On or near South Street,E01034289,Epsom and Ewell 008E,Theft from the person,Unable to prosecute suspect,
1d0dfcd7bd2c653b173c035724fe854c45915412dfd5c23f7d557f43ba3a862d,2024-07,Surrey Police,Surrey Police,-0.268580,51.334298,On or near Epsom,E01034289,Epsom and Ewell 008E,Vehicle crime,Investigation complete; no suspect identified,
d66233c9352e3053a40ec2cb02d02487b1f02ffb9283f44495d5ec7eb71b8a4d,2024-07,Surrey Police,Surrey Police,-0.267261,51.332342,On or near Shopping Area,E01034289,Epsom and Ewell 008E,Vehicle crime,Investigation complete; no suspect identified,
f7443334cb7bd0e605e5cf0f9fd94a05a9b70ed235b48d52077bfcdb13a79b18,2024-07,Surrey Police,Surrey Police,-0.269907,51.333383,On or near Parking Area,E01034289,Epsom and Ewell 008E,Violence and sexual offences,Investigation complete; no suspect identified,
1c13649a7f5eee25d2a8a8ddec15014394c941e8da5eb2a2f5555f9a760e2808,2024-07,Surrey Police,Surrey Police,-0.267345,51.333560,On or near Nightclub,E01034289,Epsom and Ewell 008E,Violence and sexual offences,Unable to prosecute suspect,
bfc84e1ca4e66c85739177f8c45f21186d0d3c78862e1286763eb73ba67dc5d6,2024-07,Surrey Police,Surrey Police,-0.267345,51.333560,On or near Nightclub,E01034289,Epsom and Ewell 008E,Violence and sexual offences,Investigation complete; no suspect identified,
5d2b50054786cf78d57ae1f611d224b00660c6981909ee2c93edaa2b3581fe8f,2024-07,Surrey Police,Surrey Police,-0.272833,51.332293,On or near Manor House Court,E01034289,Epsom and Ewell 008E,Violence and sexual offences,Investigation complete; no suspect identified,
f63b3ae0258e771c8856e72d99925c5ee61aa3eee1fe91fe721b67d88a893dab,2024-07,Surrey Police,Surrey Police,-0.269907,51.333383,On or near Parking Area,E01034289,Epsom and Ewell 008E,Violence and sexual offences,Unable to prosecute suspect,
f16c2aa6d003613834480d35dd9dccdfeec408ff045fcca698a8fb96dbb3df63,2024-07,Surrey Police,Surrey Police,-0.267345,51.333560,On or near Nightclub,E01034289,Epsom and Ewell 008E,Violence and sexual offences,Investigation complete; no suspect identified,
e63a3033667efd12b228200ea2cc16b95c7c3c839c36936c4415ee5d8b4d6e74,2024-07,Surrey Police,Surrey Police,-0.269105,51.333694,On or near Parking Area,E01034289,Epsom and Ewell 008E,Violence and sexual offences,Further action is not in the public interest,
d40333dfbed165bf6660e2948e5c459581a544f762215a855228d9a8e5d7eb98,2024-07,Surrey Police,Surrey Police,-0.267261,51.332342,On or near Shopping Area,E01034289,Epsom and Ewell 008E,Violence and sexual offences,Unable to prosecute suspect,
18844c1d03184ab36eb37347867caaef09a6fbbd5a6924aa219307e998684c56,2024-07,Surrey Police,Surrey Police,-0.267818,51.332039,On or near Shopping Area,E01034289,Epsom and Ewell 008E,Violence and sexual offences,Unable to prosecute suspect,
c7eded026e0bc2ffb3dafc80edf9c21a395fc179feb8f01e58f3afc440c673cf,2024-07,Surrey Police,Surrey Police,-0.269105,51.333694,On or near Parking Area,E01034289,Epsom and Ewell 008E,Violence and sexual offences,Investigation complete; no suspect identified,
3f9f08a58a50b9859b92c40d390478afffc06781f0782ad5dd9b5d912fe80749,2024-07,Surrey Police,Surrey Police,-0.269105,51.333694,On or near Parking Area,E01034289,Epsom and Ewell 008E,Violence and sexual offences,Court result unavailable,
75565b9e4badf70a3fee3060557d43ab98dd449b495970cd8da1289556f40c36,2024-07,Surrey Police,Surrey Police,-0.267345,51.333560,On or near Nightclub,E01034289,Epsom and Ewell 008E,Violence and sexual offences,Unable to prosecute suspect,
44a3a97ffff27d42950ff0934f0b702df27ba0335a63b450186feb1bbd689d42,2024-07,Surrey Police,Surrey Police,-0.267345,51.333560,On or near Nightclub,E01034289,Epsom and Ewell 008E,Violence and sexual offences,Unable to prosecute suspect,
,2024-07,Surrey Police,Surrey Police,-0.263804,51.330765,On or near Laburnum Road,E01034290,Epsom and Ewell 008F,Anti-social behaviour,,
,2024-07,Surrey Police,Surrey Police,-0.266419,51.334289,On or near Shopping Area,E01034290,Epsom and Ewell 008F,Anti-social behaviour,,
,2024-07,Surrey Police,Surrey Police,-0.262908,51.332811,On or near Parking Area,E01034290,Epsom and Ewell 008F,Anti-social behaviour,,
,2024-07,Surrey Police,Surrey Police,-0.266067,51.333173,On or near Nightclub,E01034290,Epsom and Ewell 008F,Anti-social behaviour,,
,2024-07,Surrey Police,Surrey Police,-0.265361,51.333750,On or near Theatre/Concert Hall,E01034290,Epsom and Ewell 008F,Anti-social behaviour,,
,2024-07,Surrey Police,Surrey Police,-0.263341,51.334284,On or near Supermarket,E01034290,Epsom and Ewell 008F,Anti-social behaviour,,
,2024-07,Surrey Police,Surrey Police,-0.265361,51.333750,On or near Theatre/Concert Hall,E01034290,Epsom and Ewell 008F,Anti-social behaviour,,
,2024-07,Surrey Police,Surrey Police,-0.265361,51.333750,On or near Theatre/Concert Hall,E01034290,Epsom and Ewell 008F,Anti-social behaviour,,
,2024-07,Surrey Police,Surrey Police,-0.266067,51.333173,On or near Nightclub,E01034290,Epsom and Ewell 008F,Anti-social behaviour,,
,2024-07,Surrey Police,Surrey Police,-0.265361,51.333750,On or near Theatre/Concert Hall,E01034290,Epsom and Ewell 008F,Anti-social behaviour,,
,2024-07,Surrey Police,Surrey Police,-0.265361,51.333750,On or near Theatre/Concert Hall,E01034290,Epsom and Ewell 008F,Anti-social behaviour,,
,2024-07,Surrey Police,Surrey Police,-0.265361,51.333750,On or near Theatre/Concert Hall,E01034290,Epsom and Ewell 008F,Anti-social behaviour,,
647db65fff3e308859e05b45d9f73750933dbc9afe1e001703793aaeed36f1b6,2024-07,Surrey Police,Surrey Police,-0.263804,51.330765,On or near Laburnum Road,E01034290,Epsom and Ewell 008F,Bicycle theft,Status update unavailable,
56359e7e8940c9eab54b6c0b9f612570d181b2db6cca560310ba0651b412f954,2024-07,Surrey Police,Surrey Police,-0.260858,51.331612,On or near Church Street,E01034290,Epsom and Ewell 008F,Burglary,Investigation complete; no suspect identified,
e15a4d84054cbb6c5c14031c9b243215aa539bada3d5114dd73fd6a6f81eeeb0,2024-07,Surrey Police,Surrey Police,-0.263341,51.334284,On or near Supermarket,E01034290,Epsom and Ewell 008F,Burglary,Unable to prosecute suspect,
9db51fb4a379f13f3a9558f1f9435ce6342874479f9ebb505bda4daafe72d988,2024-07,Surrey Police,Surrey Police,-0.266067,51.333173,On or near Nightclub,E01034290,Epsom and Ewell 008F,Criminal damage and arson,Investigation complete; no suspect identified,
de74d233204320e79d2eb5a685a6cc2062257f8c8a925d6421ce560bbf4c032d,2024-07,Surrey Police,Surrey Police,-0.266419,51.334289,On or near Shopping Area,E01034290,Epsom and Ewell 008F,Criminal damage and arson,Investigation complete; no suspect identified,
3364e13cd5f7ddd45cc30db2aecbc25acc2aad7ef45789941e3e3601ecf963cf,2024-07,Surrey Police,Surrey Police,-0.265361,51.333750,On or near Theatre/Concert Hall,E01034290,Epsom and Ewell 008F,Criminal damage and arson,Investigation complete; no suspect identified,
cd91e59b327a8f990681896a1bd6b157c469fc285cc30941cb92603da8e88652,2024-07,Surrey Police,Surrey Police,-0.265361,51.333750,On or near Theatre/Concert Hall,E01034290,Epsom and Ewell 008F,Criminal damage and arson,Investigation complete; no suspect identified,
c21b373526e0ec4e06c22726e4d3cf56520b7236660f3a58f7aca98d98ddd45f,2024-07,Surrey Police,Surrey Police,-0.265169,51.332629,On or near The Parade,E01034290,Epsom and Ewell 008F,Drugs,Local resolution,
c86a594e4cb1852b85824650a672fffd7cc06f4b60a6f9315a35c092bcd68d73,2024-07,Surrey Police,Surrey Police,-0.265169,51.332629,On or near The Parade,E01034290,Epsom and Ewell 008F,Drugs,Local resolution,
f7822f3cdd74c85803f1c33f0ec2698b570763920242e8efb572dc1a1568b042,2024-07,Surrey Police,Surrey Police,-0.266419,51.334289,On or near Shopping Area,E01034290,Epsom and Ewell 008F,Drugs,Status update unavailable,
0052fcfbb9ec6bd330d08de4a4f8b46783a453341682c8536d390c37f1983abc,2024-07,Surrey Police,Surrey Police,-0.262908,51.332811,On or near Parking Area,E01034290,Epsom and Ewell 008F,Other theft,Unable to prosecute suspect,
6e5d780cad45cc203adda585b197f0e92d9bd032c0159555e81bab3ebc7b8335,2024-07,Surrey Police,Surrey Police,-0.265361,51.333750,On or near Theatre/Concert Hall,E01034290,Epsom and Ewell 008F,Other theft,Investigation complete; no suspect identified,
bca90a014b965521a9588310c52024750a2b92a27979ce8464e1e591f19d8878,2024-07,Surrey Police,Surrey Police,-0.265361,51.333750,On or near Theatre/Concert Hall,E01034290,Epsom and Ewell 008F,Other theft,Investigation complete; no suspect identified,
3d6af598633d11246bb37127de2fc5312f041c60ca4057e41111f62ab22aaa3e,2024-07,Surrey Police,Surrey Police,-0.265361,51.333750,On or near Theatre/Concert Hall,E01034290,Epsom and Ewell 008F,Other theft,Investigation complete; no suspect identified,
d993bd9932d238303c0ab1fcd6bbcf0681c59b828ea256bfd8632a13d9da87e7,2024-07,Surrey Police,Surrey Police,-0.266067,51.333173,On or near Nightclub,E01034290,Epsom and Ewell 008F,Other theft,Investigation complete; no suspect identified,
24321159f07d9008a857121e7a96bf22540986e55fb5d428cfed9347b8ba155e,2024-07,Surrey Police,Surrey Police,-0.264727,51.334835,On or near Adelphi Road,E01034290,Epsom and Ewell 008F,Other theft,Investigation complete; no suspect identified,
d1622235a54404ebe838a429d4e8517d1cc7014eae5d7546d4827249d439cc46,2024-07,Surrey Police,Surrey Police,-0.265361,51.333750,On or near Theatre/Concert Hall,E01034290,Epsom and Ewell 008F,Public order,Investigation complete; no suspect identified,
368308dc01490aded8c85b0da323236343afaa3fed258f7836e2d1d98bf68b76,2024-07,Surrey Police,Surrey Police,-0.264727,51.334835,On or near Adelphi Road,E01034290,Epsom and Ewell 008F,Public order,Unable to prosecute suspect,
46002ee924f955742347fe04ded8500bad638ac512f48665f40d56c59259a55e,2024-07,Surrey Police,Surrey Police,-0.265361,51.333750,On or near Theatre/Concert Hall,E01034290,Epsom and Ewell 008F,Public order,Unable to prosecute suspect,
66547e58720c6773d7c28429d11a294e286387d47d69b9c7b04d8bdf4a7b4d91,2024-07,Surrey Police,Surrey Police,-0.266067,51.333173,On or near Nightclub,E01034290,Epsom and Ewell 008F,Public order,Unable to prosecute suspect,
ba4b4a9aac45972ea0e33a2948a344df2fbb0da65fc607c0061108f4db200c15,2024-07,Surrey Police,Surrey Police,-0.263341,51.334284,On or near Supermarket,E01034290,Epsom and Ewell 008F,Public order,Unable to prosecute suspect,
28ee3ba519db3e19accda1a74ad20359de420f7484f70489eac1a54d8c7c5451,2024-07,Surrey Police,Surrey Police,-0.266067,51.333173,On or near Nightclub,E01034290,Epsom and Ewell 008F,Public order,Unable to prosecute suspect,
752d5fc27b121aae42478863eccc8c00d178433f404c5f9008bb1fbd206f7506,2024-07,Surrey Police,Surrey Police,-0.266067,51.333173,On or near Nightclub,E01034290,Epsom and Ewell 008F,Theft from the person,Investigation complete; no suspect identified,
10ddac8f901830fb1ee76506591f0a91e6dc7d7081913a735a4d77ff6a6a6777,2024-07,Surrey Police,Surrey Police,-0.263729,51.333894,On or near B284,E01034290,Epsom and Ewell 008F,Violence and sexual offences,Local resolution,
71d2548706457cb078716b0931f0e45513fb093c49246c3c4259256851fc73c9,2024-07,Surrey Police,Surrey Police,-0.265361,51.333750,On or near Theatre/Concert Hall,E01034290,Epsom and Ewell 008F,Violence and sexual offences,Unable to prosecute suspect,
9c5d3d63cffc805eba6035180d8d01de37cb478b69aaf79c446af5753d7bb794,2024-07,Surrey Police,Surrey Police,-0.265361,51.333750,On or near Theatre/Concert Hall,E01034290,Epsom and Ewell 008F,Violence and sexual offences,Investigation complete; no suspect identified,
9471286e70165b35b938e9d09a790340557db47c61447cee82460eb2f0ea459f,2024-07,Surrey Police,Surrey Police,-0.266339,51.334337,On or near Parking Area,E01034290,Epsom and Ewell 008F,Violence and sexual offences,Unable to prosecute suspect,
70474e2bdaa78b8d79a4f5308c87a2cd7e04ab0d87679f0e45ba73b5f5020353,2024-07,Surrey Police,Surrey Police,-0.267707,51.334609,On or near Waterloo Road,E01034290,Epsom and Ewell 008F,Violence and sexual offences,Unable to prosecute suspect,
db1d338f98138549eacab8b3d32215b7cdfb940ae7278ede9e0a45070572ed89,2024-07,Surrey Police,Surrey Police,-0.263729,51.333894,On or near B284,E01034290,Epsom and Ewell 008F,Violence and sexual offences,Awaiting court outcome,
136e32b6544a54f370985af53b9ae590ea9ce55752ff5236f6c6f6f545f6b72b,2024-07,Surrey Police,Surrey Police,-0.266419,51.334289,On or near Shopping Area,E01034290,Epsom and Ewell 008F,Violence and sexual offences,Unable to prosecute suspect,
a2495943b8f5cbfa6418de7f567239ce51b71a052c07f17648c314cb67a5d3ba,2024-07,Surrey Police,Surrey Police,-0.266067,51.333173,On or near Nightclub,E01034290,Epsom and Ewell 008F,Violence and sexual offences,Investigation complete; no suspect identified,
f41c7585580638b7a68b56cd44a2e113cec6b3387c1e179d8c1bcc59811ada56,2024-07,Surrey Police,Surrey Police,-0.266419,51.334289,On or near Shopping Area,E01034290,Epsom and Ewell 008F,Violence and sexual offences,Status update unavailable,
b48f682fb78ed6df9785d73aec0231dee550d972994ac0187c5b8d6b2241ff61,2024-07,Surrey Police,Surrey Police,-0.265361,51.333750,On or near Theatre/Concert Hall,E01034290,Epsom and Ewell 008F,Violence and sexual offences,Unable to prosecute suspect,
75f4eb760f2bfc14d3f7a1de3c7770afac1fa906563b257864aee0c9dde84725,2024-07,Surrey Police,Surrey Police,-0.265361,51.333750,On or near Theatre/Concert Hall,E01034290,Epsom and Ewell 008F,Violence and sexual offences,Investigation complete; no suspect identified,
8d3d68e5e002733a3b074356e12fa5a871112994bd45b86532d1273e0c2eef89,2024-07,Surrey Police,Surrey Police,-0.263341,51.334284,On or near Supermarket,E01034290,Epsom and Ewell 008F,Violence and sexual offences,Investigation complete; no suspect identified,
aba6ab9ed7ead718cb584ff689dce6bd9690d9ae9bbcf0b33d057ee861b4db54,2024-07,Surrey Police,Surrey Police,-0.266067,51.333173,On or near Nightclub,E01034290,Epsom and Ewell 008F,Violence and sexual offences,Unable to prosecute suspect,
9916e7846ef3f33d62d247505a5e19d3cd4a3786b63b7548dcf8282aff8812b4,2024-07,Surrey Police,Surrey Police,-0.265361,51.333750,On or near Theatre/Concert Hall,E01034290,Epsom and Ewell 008F,Violence and sexual offences,Unable to prosecute suspect,
0ee020b37e9f277dd6e1cd26fac3da2a55b5564c8ba7813d78c6a06b8a7d0eb0,2024-07,Surrey Police,Surrey Police,-0.266419,51.334289,On or near Shopping Area,E01034290,Epsom and Ewell 008F,Violence and sexual offences,Investigation complete; no suspect identified,
607466fd87c77e5946258d24de63bf32874f9545bd106c0728605adcf4f1a09c,2024-07,Surrey Police,Surrey Police,-0.262908,51.332811,On or near Parking Area,E01034290,Epsom and Ewell 008F,Violence and sexual offences,Awaiting court outcome,
64af2b933672087125e0d596b354b9bf9767b90db8c908fb2e07b2c519f46e71,2024-07,Surrey Police,Surrey Police,-0.265361,51.333750,On or near Theatre/Concert Hall,E01034290,Epsom and Ewell 008F,Violence and sexual offences,Investigation complete; no suspect identified,
8dd41774273a340bcc99d83f4878b4337d085f03c22f258822f8e72bb8774332,2024-07,Surrey Police,Surrey Police,-0.265361,51.333750,On or near Theatre/Concert Hall,E01034290,Epsom and Ewell 008F,Other crime,Investigation complete; no suspect identified,
,2024-07,Surrey Police,Surrey Police,-0.254307,51.334401,On or near B288,E01030379,Epsom and Ewell 009A,Anti-social behaviour,,
,2024-07,Surrey Police,Surrey Police,-0.249041,51.331319,On or near Kingsdown Road,E01030379,Epsom and Ewell 009A,Anti-social behaviour,,
b08899810e1f3db3d2588b81cec1abf6e45fb63a199e7bb2839938945a61fba4,2024-07,Surrey Police,Surrey Police,-0.246476,51.328178,On or near College Road,E01030379,Epsom and Ewell 009A,Burglary,Investigation complete; no suspect identified,
4b6228e90eac15c4d89a2014e7458b313e31fa0ce38d6dc27b0e7e5dedbe884b,2024-07,Surrey Police,Surrey Police,-0.246476,51.328178,On or near College Road,E01030379,Epsom and Ewell 009A,Burglary,Investigation complete; no suspect identified,
fddba761986a1f147c34a47d54d985c02a2215322001a54e32b45bcd12ba7f32,2024-07,Surrey Police,Surrey Police,-0.246476,51.328178,On or near College Road,E01030379,Epsom and Ewell 009A,Burglary,Investigation complete; no suspect identified,
b3c3b4ed13dfd11c17214256d073388199778815c8ee00150fce2f92b93d2752,2024-07,Surrey Police,Surrey Police,-0.245621,51.323498,On or near Longdown Lane South,E01030379,Epsom and Ewell 009A,Vehicle crime,Status update unavailable,
9e25f135ca824d8f4a3749123c232d6778feb515e510668b376f985e3c10cb55,2024-07,Surrey Police,Surrey Police,-0.248498,51.330492,On or near Longdown Road,E01030379,Epsom and Ewell 009A,Vehicle crime,Investigation complete; no suspect identified,
6dfb502008cbdfb2ebe1e10eec7d074b57fc59af428a5a308f3472405591663b,2024-07,Surrey Police,Surrey Police,-0.254307,51.334401,On or near B288,E01030379,Epsom and Ewell 009A,Violence and sexual offences,Unable to prosecute suspect,
f1827acc64a9112d3528ff54ea10db888740985cfb364080ede76f5f2471f455,2024-07,Surrey Police,Surrey Police,-0.245621,51.323498,On or near Longdown Lane South,E01030379,Epsom and Ewell 009A,Other crime,Unable to prosecute suspect,
,2024-07,Surrey Police,Surrey Police,-0.258399,51.315056,On or near Derby Stables Road,E01030380,Epsom and Ewell 009B,Anti-social behaviour,,
,2024-07,Surrey Police,Surrey Police,-0.258399,51.315056,On or near Derby Stables Road,E01030380,Epsom and Ewell 009B,Anti-social behaviour,,
,2024-07,Surrey Police,Surrey Police,-0.250140,51.314510,On or near Parking Area,E01030380,Epsom and Ewell 009B,Anti-social behaviour,,
,2024-07,Surrey Police,Surrey Police,-0.250140,51.314510,On or near Parking Area,E01030380,Epsom and Ewell 009B,Anti-social behaviour,,
,2024-07,Surrey Police,Surrey Police,-0.250140,51.314510,On or near Parking Area,E01030380,Epsom and Ewell 009B,Anti-social behaviour,,
11ff4c8ba22be1dd585b9243f5d5e175c704a95f02a7b5f3d6bf19029e90b766,2024-07,Surrey Police,Surrey Police,-0.244958,51.311933,On or near Parking Area,E01030380,Epsom and Ewell 009B,Burglary,Investigation complete; no suspect identified,
c8b1c7f07b9d7b876c7a816ea5378cb0520fec70ffa5599ef1f52cfbbd00cbdf,2024-07,Surrey Police,Surrey Police,-0.258399,51.315056,On or near Derby Stables Road,E01030380,Epsom and Ewell 009B,Criminal damage and arson,Unable to prosecute suspect,
80017babc5f3625c4df8b498f9c43f19df59a79d336d7aefaba88afe06fc7c97,2024-07,Surrey Police,Surrey Police,-0.258399,51.315056,On or near Derby Stables Road,E01030380,Epsom and Ewell 009B,Drugs,Local resolution,
8cb5936db2aaffd23b70adb701fa1931aadf080c40554f4cec41f2005c1b5b82,2024-07,Surrey Police,Surrey Police,-0.258399,51.315056,On or near Derby Stables Road,E01030380,Epsom and Ewell 009B,Violence and sexual offences,Unable to prosecute suspect,
ddadc9cdc99897d4cad4dd8cf8da0fb5ac5b704ce581a1ab729189bde15ffb2d,2024-07,Surrey Police,Surrey Police,-0.258399,51.315056,On or near Derby Stables Road,E01030380,Epsom and Ewell 009B,Violence and sexual offences,Unable to prosecute suspect,
f67604b6fb96e2fdb19b504c1707a73d4b980a99c8c9f865b77dca2e38113639,2024-07,Surrey Police,Surrey Police,-0.256281,51.320195,On or near Downs Way,E01030380,Epsom and Ewell 009B,Violence and sexual offences,Unable to prosecute suspect,
deb9dc34341071c281b010906b02aade4d69b545f498433601d333a96dc5f7b0,2024-07,Surrey Police,Surrey Police,-0.258399,51.315056,On or near Derby Stables Road,E01030380,Epsom and Ewell 009B,Violence and sexual offences,Unable to prosecute suspect,
,2024-07,Surrey Police,Surrey Police,-0.302080,51.339501,On or near Osborne Way,E01030405,Epsom and Ewell 009C,Anti-social behaviour,,
,2024-07,Surrey Police,Surrey Police,-0.287063,51.326018,On or near Common Side,E01030405,Epsom and Ewell 009C,Anti-social behaviour,,
,2024-07,Surrey Police,Surrey Police,-0.302080,51.339501,On or near Osborne Way,E01030405,Epsom and Ewell 009C,Anti-social behaviour,,
ed40d5cef5fd9abd56ca2fc2fb94e2ce777fd0752d1ff2fcbf5d409a2266a941,2024-07,Surrey Police,Surrey Police,-0.302080,51.339501,On or near Osborne Way,E01030405,Epsom and Ewell 009C,Burglary,Investigation complete; no suspect identified,
5354d72839bd1fdbd1889c606f76491348860be59a4a590150ebca0726708f4d,2024-07,Surrey Police,Surrey Police,-0.299706,51.336939,On or near Richmond Crescent,E01030405,Epsom and Ewell 009C,Other theft,Unable to prosecute suspect,
b305e9395e022e753110dfd515a3b61412962d59b80981638de7ab9dfa2b0429,2024-07,Surrey Police,Surrey Police,-0.290124,51.324768,On or near Marneys Close,E01030405,Epsom and Ewell 009C,Violence and sexual offences,Unable to prosecute suspect,
1962233d42a748ac1e82b6df39bd84061173bf266a215acb563681f1d4911464,2024-07,Surrey Police,Surrey Police,-0.279054,51.315658,On or near Old Barn Road,E01030417,Epsom and Ewell 009D,Other theft,Investigation complete; no suspect identified,
eedadd6aa51096f342ba660f7e6305c7936f6fb971b9eb47b869264ab711e24c,2024-07,Surrey Police,Surrey Police,-0.267359,51.323273,On or near Chalk Paddock,E01030417,Epsom and Ewell 009D,Vehicle crime,Investigation complete; no suspect identified,
89602c77fa5820c2e639b7c5457aee892387b52794289747bb3edbd24367dc27,2024-07,Surrey Police,Surrey Police,-0.279054,51.315658,On or near Old Barn Road,E01030417,Epsom and Ewell 009D,Violence and sexual offences,Status update unavailable,
822e596e84b9c51981db3f7bc8166afba84254ea408d1ed7c2927fc16e57f425,2024-07,Surrey Police,Surrey Police,-0.273081,51.320336,On or near Hambledon Vale,E01030417,Epsom and Ewell 009D,Violence and sexual offences,Status update unavailable,
2d3b572d056a46a8d18e780a7a4ff8aaa5b030a39eacaa4a18f842a4dd31b40a,2024-07,Surrey Police,Surrey Police,-0.273081,51.320336,On or near Hambledon Vale,E01030417,Epsom and Ewell 009D,Violence and sexual offences,Status update unavailable,
,2024-07,Surrey Police,Surrey Police,-0.259543,51.304174,On or near Vale Close,E01030418,Epsom and Ewell 009E,Anti-social behaviour,,
33d55df6667196af275e62a1ae76a4612608a458124e67c229ccbf2bf37b4ecf,2024-07,Surrey Police,Surrey Police,-0.264358,51.304695,On or near Mannamead,E01030418,Epsom and Ewell 009E,Criminal damage and arson,Unable to prosecute suspect,
8c885ce40b8c5426ac7ccd2efcf158ef6846d78aedba819f631085ca8f8c72c6,2024-07,Surrey Police,Surrey Police,-0.268530,51.305521,On or near Langley Close,E01030418,Epsom and Ewell 009E,Public order,Investigation complete; no suspect identified,
fba90974ee6789b339d2feafb53fbb85cb57f2f0a2be86935108c4b82fda96ef,2024-07,Surrey Police,Surrey Police,-0.263144,51.304929,On or near Beaconsfield Road,E01030418,Epsom and Ewell 009E,Violence and sexual offences,Unable to prosecute suspect,
3d0256e5628ee9c881621200e6503b1293d6f374cff48bf0c8d5a1816f6c7def,2024-07,Surrey Police,Surrey Police,-0.263144,51.304929,On or near Beaconsfield Road,E01030418,Epsom and Ewell 009E,Violence and sexual offences,Unable to prosecute suspect,
b707f0f4cdf395e0738133dfc66fb7203e8bc24202f833669eaf9fb88db10266,2024-07,Surrey Police,Surrey Police,-0.277712,51.322769,On or near Woodcote Park Road,E01030420,Epsom and Ewell 009F,Vehicle crime,Investigation complete; no suspect identified,
62d580d4f9389c6bc2d20b2cf90451d04d991509f36585712a87d6789c92b392,2024-07,Surrey Police,Surrey Police,-0.274990,51.325679,On or near Hylands Mews,E01030420,Epsom and Ewell 009F,Violence and sexual offences,Status update unavailable,
a4aa603f05d6908abf0905f9d5a47990564d2aa1f8995286b3cc625d7e69af4e,2024-07,Surrey Police,Surrey Police,-0.249987,51.337754,On or near Dorling Drive,E01030382,Epsom and Ewell 010A,Other theft,Investigation complete; no suspect identified,
,2024-07,Surrey Police,Surrey Police,-0.249016,51.355707,On or near Primrose Walk,E01030390,Epsom and Ewell 010B,Anti-social behaviour,,
,2024-07,Surrey Police,Surrey Police,-0.250365,51.354234,On or near Mill View Close,E01030390,Epsom and Ewell 010B,Anti-social behaviour,,
,2024-07,Surrey Police,Surrey Police,-0.254783,51.350595,On or near The Ridings,E01030390,Epsom and Ewell 010B,Anti-social behaviour,,
,2024-07,Surrey Police,Surrey Police,-0.254783,51.350595,On or near The Ridings,E01030390,Epsom and Ewell 010B,Anti-social behaviour,,
,2024-07,Surrey Police,Surrey Police,-0.254783,51.350595,On or near The Ridings,E01030390,Epsom and Ewell 010B,Anti-social behaviour,,
77ce36d8e0fe786892a02370ae2023c05abae7bdb75215d0621215118a2217c0,2024-07,Surrey Police,Surrey Police,-0.250365,51.354234,On or near Mill View Close,E01030390,Epsom and Ewell 010B,Drugs,Awaiting court outcome,
03c958b0678d4915a090e15f0eba9674c5b06bb1bfb129dc47f64e143ca1352f,2024-07,Surrey Police,Surrey Police,-0.250826,51.357595,On or near Elm Road,E01030390,Epsom and Ewell 010B,Other theft,Court result unavailable,
cd8206e3ce79b8bbd86e36197da9455e52a84e694c0b246623f979bec2eda9d1,2024-07,Surrey Police,Surrey Police,-0.250365,51.354234,On or near Mill View Close,E01030390,Epsom and Ewell 010B,Vehicle crime,Further action is not in the public interest,
c7c43f1c3703f1f45eebb0eb5f3a6513bdab1397ab6ba5f6909a20a607bdf7a6,2024-07,Surrey Police,Surrey Police,-0.248254,51.353087,On or near London Road,E01030390,Epsom and Ewell 010B,Vehicle crime,Investigation complete; no suspect identified,
357cf46f2d322b03c33b55c73941327083711b20b1b4b3409b4daf2fae0bb3f3,2024-07,Surrey Police,Surrey Police,-0.254783,51.350595,On or near The Ridings,E01030390,Epsom and Ewell 010B,Violence and sexual offences,Unable to prosecute suspect,
c1cddf650a148f9a778cc3f6312cecc3140ca5aef08db0eaf643d3cd0536fd9d,2024-07,Surrey Police,Surrey Police,-0.251119,51.358553,On or near Colborne Close,E01030390,Epsom and Ewell 010B,Violence and sexual offences,Unable to prosecute suspect,
7edb5ca2985acd46b8c39413970b5d4a25b8703295d353dba8f3bc06790b0a23,2024-07,Surrey Police,Surrey Police,-0.249419,51.352682,On or near St Mary'S Close,E01030390,Epsom and Ewell 010B,Violence and sexual offences,Unable to prosecute suspect,
546ff1a8bae1e00fde0e0412dd232e35cfd9d4f7291b43f924bc79738e733fd8,2024-07,Surrey Police,Surrey Police,-0.254783,51.350595,On or near The Ridings,E01030390,Epsom and Ewell 010B,Violence and sexual offences,Unable to prosecute suspect,
425f8b960fbc09dbfa70d3f2f63cd8f0b4bbeab91e5647a6dd5ce62235264715,2024-07,Surrey Police,Surrey Police,-0.251119,51.358553,On or near Colborne Close,E01030390,Epsom and Ewell 010B,Violence and sexual offences,Unable to prosecute suspect,
6f64df3eda52bffc9124ee5d042b5ded0d896a2d2e36c737d1a3b5a670d32cbc,2024-07,Surrey Police,Surrey Police,-0.249106,51.357479,On or near The Hawthorns,E01030390,Epsom and Ewell 010B,Violence and sexual offences,Unable to prosecute suspect,
1996e2fe8167641a32a5a47c4cdca8f97c445ea1883a881586e5b3a90ad8c95a,2024-07,Surrey Police,Surrey Police,-0.251119,51.358553,On or near Colborne Close,E01030390,Epsom and Ewell 010B,Violence and sexual offences,Unable to prosecute suspect,
28a914c1db231662b7c6d718411db7e99719bb2b0d5f13d30932839c6248b8cf,2024-07,Surrey Police,Surrey Police,-0.252234,51.349280,On or near Lyncroft Gardens,E01030390,Epsom and Ewell 010B,Other crime,Unable to prosecute suspect,
,2024-07,Surrey Police,Surrey Police,-0.247517,51.349821,On or near Glyn Close,E01030392,Epsom and Ewell 010C,Anti-social behaviour,,
dfd15261f9e3459e1d1b85ed5cdbc2830ed7c4f9fc07bae65cefccf9b1eba40e,2024-07,Surrey Police,Surrey Police,-0.249939,51.346188,On or near Curvan Close,E01030392,Epsom and Ewell 010C,Burglary,Investigation complete; no suspect identified,
5fdde15f139e7ed108b0d0b972b3fa530031fbc72faeb06ee0a2e0d06a989529,2024-07,Surrey Police,Surrey Police,-0.249939,51.346188,On or near Curvan Close,E01030392,Epsom and Ewell 010C,Burglary,Investigation complete; no suspect identified,
e2c25f86647a9793175ee96b86cdcb3fb75ab1d75d72c0458da01425d0fc8618,2024-07,Surrey Police,Surrey Police,-0.249939,51.346188,On or near Curvan Close,E01030392,Epsom and Ewell 010C,Criminal damage and arson,Investigation complete; no suspect identified,
90804660351b6fa9b1014e100772fed6cdae12fe64674ff136b6acf3d490927b,2024-07,Surrey Police,Surrey Police,-0.256130,51.347252,On or near Cullerne Close,E01030392,Epsom and Ewell 010C,Criminal damage and arson,Investigation complete; no suspect identified,
2386dbe7c6d46ec23b359ffe18c638ec6ae2c25fe3988fbb8db56fb50f175176,2024-07,Surrey Police,Surrey Police,-0.247546,51.351314,On or near Church Street,E01030392,Epsom and Ewell 010C,Public order,Investigation complete; no suspect identified,
dc464ee9a309416f11aef0e745ccec98eb36178480b80f2312199246374f212f,2024-07,Surrey Police,Surrey Police,-0.249310,51.348751,On or near High Street,E01030392,Epsom and Ewell 010C,Public order,Investigation complete; no suspect identified,
bcba8ff205686180181b059ab9da1d45b0537997b2ab14a571884af2039ffd96,2024-07,Surrey Police,Surrey Police,-0.249310,51.348751,On or near High Street,E01030392,Epsom and Ewell 010C,Shoplifting,Awaiting court outcome,
4680ad8f2ed34886b719b84a60c13aa3c9eb11d7bdfeb86f95f70999cc3b79ec,2024-07,Surrey Police,Surrey Police,-0.249056,51.345617,On or near Persfield Close,E01030392,Epsom and Ewell 010C,Shoplifting,Court result unavailable,
d36342809cecabaf43097b527ae9adb2b925908bf8e14ee7a27a50f6a9451bb3,2024-07,Surrey Police,Surrey Police,-0.250926,51.342129,On or near Hampton Grove,E01030392,Epsom and Ewell 010C,Violence and sexual offences,Unable to prosecute suspect,
2f3489c040e567a4504a19d2e07c088868fd3e1b49c486710c7eb942573ca8eb,2024-07,Surrey Police,Surrey Police,-0.241373,51.345628,On or near Station Approach,E01030396,Epsom and Ewell 010D,Other theft,Investigation complete; no suspect identified,
76fb53a67fa0b58e69b3507bb0545e66f6ef4da7465d6c1b00ecd939b50c5136,2024-07,Surrey Police,Surrey Police,-0.232590,51.341395,On or near Fairview,E01030396,Epsom and Ewell 010D,Other theft,Investigation complete; no suspect identified,
b9b1eb93c2c920595548c10338dcb3529141aab5b941a66a79a2de846511ffd8,2024-07,Surrey Police,Surrey Police,-0.242510,51.345564,On or near St Normans Way,E01030396,Epsom and Ewell 010D,Public order,Investigation complete; no suspect identified,
259ad80b6898d83d575cd261497881aa28d2b6904df4ac502700671a476c4b78,2024-07,Surrey Police,Surrey Police,-0.244685,51.342565,On or near Further/Higher Educational Building,E01030396,Epsom and Ewell 010D,Violence and sexual offences,Investigation complete; no suspect identified,
,2024-07,Surrey Police,Surrey Police,-0.223997,51.352722,On or near Holmwood Close,E01030398,Epsom and Ewell 010E,Anti-social behaviour,,
0e3bc13c41fbf64cc76b8a5c37f617046f54938fc2b48919d810d6cc5523c0ac,2024-07,Surrey Police,Surrey Police,-0.224660,51.348209,On or near Nonsuch Walk,E01032624,Epsom and Ewell 010F,Vehicle crime,Investigation complete; no suspect identified,
14940ec53d799443a43031581b26d235435a38523b2555f711e04f6575ff530c,2024-07,Surrey Police,Surrey Police,-0.225618,51.349069,On or near Bramley Road,E01032624,Epsom and Ewell 010F,Violence and sexual offences,Unable to prosecute suspect,
,2024-07,Surrey Police,Surrey Police,-0.479623,51.252546,On or near Blake'S Lane,E01030440,Guildford 001A,Anti-social behaviour,,
,2024-07,Surrey Police,Surrey Police,-0.506613,51.251886,On or near Parking Area,E01030440,Guildford 001A,Anti-social behaviour,,
,2024-07,Surrey Police,Surrey Police,-0.506138,51.266978,On or near Felix Drive,E01030440,Guildford 001A,Anti-social behaviour,,
af94217cfc873afb348ef88f384cf9762e338bdcecf6e5f6c60d9487ce71348e,2024-07,Surrey Police,Surrey Police,-0.501270,51.260217,On or near Meadowlands,E01030440,Guildford 001A,Violence and sexual offences,Unable to prosecute suspect,
,2024-07,Surrey Police,Surrey Police,-0.464975,51.310275,On or near Elm Lane,E01030458,Guildford 001B,Anti-social behaviour,,
,2024-07,Surrey Police,Surrey Police,-0.463463,51.310453,On or near Elm Lane,E01030458,Guildford 001B,Anti-social behaviour,,
,2024-07,Surrey Police,Surrey Police,-0.437229,51.303452,On or near Old Lane,E01030458,Guildford 001B,Anti-social behaviour,,
,2024-07,Surrey Police,Surrey Police,-0.489886,51.293127,On or near Petrol Station,E01030458,Guildford 001B,Anti-social behaviour,,
,2024-07,Surrey Police,Surrey Police,-0.489886,51.293127,On or near Petrol Station,E01030458,Guildford 001B,Anti-social behaviour,,
,2024-07,Surrey Police,Surrey Police,-0.489886,51.293127,On or near Petrol Station,E01030458,Guildford 001B,Anti-social behaviour,,
249325f55b1411a52e9030b83fdd08fd3f603ebfed5d33bb232d39dce183e7a1,2024-07,Surrey Police,Surrey Police,-0.489886,51.293127,On or near Petrol Station,E01030458,Guildford 001B,Other theft,Status update unavailable,
7f766df4f3c01911022c66e8339127e130fd8843969b37203fd79cbf22930d83,2024-07,Surrey Police,Surrey Police,-0.415862,51.301968,On or near Horsley Road,E01030458,Guildford 001B,Other theft,Status update unavailable,
807f09a08b491fa63f27bfc8040e9f507f42ee16f32634d2115032969bdc954d,2024-07,Surrey Police,Surrey Police,-0.464975,51.310275,On or near Elm Lane,E01030458,Guildford 001B,Public order,Offender given a caution,
e34ed3e4623034b93d3545b958626686b7805c491ea10f3411287556a8a25fe7,2024-07,Surrey Police,Surrey Police,-0.489886,51.293127,On or near Petrol Station,E01030458,Guildford 001B,Shoplifting,Awaiting court outcome,
560bd38102c4c2fbbeb945fb85b7c830bdb1466714bc46015571971a93f385e5,2024-07,Surrey Police,Surrey Police,-0.489886,51.293127,On or near Petrol Station,E01030458,Guildford 001B,Shoplifting,Court result unavailable,
2b4e0a18d50de6066765314754d181bd0238dd1e9cad5e4f1577aee21bf25345,2024-07,Surrey Police,Surrey Police,-0.489886,51.293127,On or near Petrol Station,E01030458,Guildford 001B,Shoplifting,Awaiting court outcome,
2ac50b9fc09d752541e917990c7e607b2692e733fd0038bc0775b998c2c73c23,2024-07,Surrey Police,Surrey Police,-0.489886,51.293127,On or near Petrol Station,E01030458,Guildford 001B,Shoplifting,Further action is not in the public interest,
d01e469306dec889fd57d91ecec52c2da4583ad6d51342dd214fd523d3822d13,2024-07,Surrey Police,Surrey Police,-0.489886,51.293127,On or near Petrol Station,E01030458,Guildford 001B,Shoplifting,Investigation complete; no suspect identified,
c483bae35afb58a19f7012cf697c80076dacf30bd13b783a33b74edd2a8b6697,2024-07,Surrey Police,Surrey Police,-0.489886,51.293127,On or near Petrol Station,E01030458,Guildford 001B,Shoplifting,Status update unavailable,
1a7352fefff37a385ee491283852337c9aa55d7d783b51eea8ca75aae8666b42,2024-07,Surrey Police,Surrey Police,-0.489886,51.293127,On or near Petrol Station,E01030458,Guildford 001B,Shoplifting,Investigation complete; no suspect identified,
78936542bbfe9c89dea6034a536b0eb9702352153e37370e105d959feeaaba9e,2024-07,Surrey Police,Surrey Police,-0.489886,51.293127,On or near Petrol Station,E01030458,Guildford 001B,Shoplifting,Awaiting court outcome,
8f0eb00ea26a3c593215ab3ccbd6c01634e0b4352b2b7c79ce995b4066dfd768,2024-07,Surrey Police,Surrey Police,-0.489886,51.293127,On or near Petrol Station,E01030458,Guildford 001B,Shoplifting,Investigation complete; no suspect identified,
cc0d94140e93d3a42f2c21ccc3038649f11fec0cd31230ef11f4f2195284b105,2024-07,Surrey Police,Surrey Police,-0.489886,51.293127,On or near Petrol Station,E01030458,Guildford 001B,Shoplifting,Awaiting court outcome,
5fc8018384722dd4ce9a4f7362d81ce9596e4dcf4dbead0b0ab0024695e54661,2024-07,Surrey Police,Surrey Police,-0.489886,51.293127,On or near Petrol Station,E01030458,Guildford 001B,Shoplifting,Court result unavailable,
b8f8cbc67ba825d1be96878b78df47f5cb05659a6ee42020faca7be699f6f6ed,2024-07,Surrey Police,Surrey Police,-0.489886,51.293127,On or near Petrol Station,E01030458,Guildford 001B,Shoplifting,Investigation complete; no suspect identified,
ced9b272f226966776d077fd37f2af80969c1195e87180169e99d1729eccc024,2024-07,Surrey Police,Surrey Police,-0.415862,51.301968,On or near Horsley Road,E01030458,Guildford 001B,Vehicle crime,Investigation complete; no suspect identified,
f841a9e787a98e5ec9c9b6dc2740088a29659e0352003daaa4c5ae74c650b5ff,2024-07,Surrey Police,Surrey Police,-0.437229,51.303452,On or near Old Lane,E01030458,Guildford 001B,Violence and sexual offences,Status update unavailable,
2068cecc191bff2424a3c9e67d28406fc03d83ed5de56a56986b00d92a04a7f4,2024-07,Surrey Police,Surrey Police,-0.449904,51.326048,On or near Park/Open Space,E01030458,Guildford 001B,Other crime,Status update unavailable,
,2024-07,Surrey Police,Surrey Police,-0.499382,51.297943,On or near Haynes Close,E01030459,Guildford 001C,Anti-social behaviour,,
,2024-07,Surrey Police,Surrey Police,-0.499382,51.297943,On or near Haynes Close,E01030459,Guildford 001C,Anti-social behaviour,,
,2024-07,Surrey Police,Surrey Police,-0.499382,51.297943,On or near Haynes Close,E01030459,Guildford 001C,Anti-social behaviour,,
,2024-07,Surrey Police,Surrey Police,-0.490641,51.300735,On or near Walsham Mews,E01030459,Guildford 001C,Anti-social behaviour,,
,2024-07,Surrey Police,Surrey Police,-0.499948,51.297285,On or near Forbench Close,E01030459,Guildford 001C,Anti-social behaviour,,
6c550fe234e4b2e84000a9edbb8d6e6ac62142289579982ec3ad5c23ba4a050b,2024-07,Surrey Police,Surrey Police,-0.490833,51.299676,On or near White Hart Meadows,E01030459,Guildford 001C,Criminal damage and arson,Unable to prosecute suspect,
aa2b9cfc0c87e7a437fddd38c2c0094e523e2a2616d2e573c1c04556d70e8025,2024-07,Surrey Police,Surrey Police,-0.499382,51.297943,On or near Haynes Close,E01030459,Guildford 001C,Other theft,Investigation complete; no suspect identified,
571ff7a9e3a99c5ebed4ed99ce250334b33b09fdb184d651954c0fd4fd1bc2d8,2024-07,Surrey Police,Surrey Police,-0.494091,51.299619,On or near Supermarket,E01030459,Guildford 001C,Public order,Status update unavailable,
6f4754ac07c37c6045032de6d7c4985d8709ab6ee9a2f9646563c3a0206a1199,2024-07,Surrey Police,Surrey Police,-0.494091,51.299619,On or near Supermarket,E01030459,Guildford 001C,Shoplifting,Court result unavailable,
83a68d78a9a702199ca5b0fc78a2a34ad997cfe3c18c75d72ff6e71e5ac668ae,2024-07,Surrey Police,Surrey Police,-0.494091,51.299619,On or near Supermarket,E01030459,Guildford 001C,Shoplifting,Court result unavailable,
9fe2f7606b73490e8808d660b09b7a4e1c5c1b8fe65fad4e202eee7acbc7ae80,2024-07,Surrey Police,Surrey Police,-0.494091,51.299619,On or near Supermarket,E01030459,Guildford 001C,Shoplifting,Court result unavailable,
b23fe7ac9f59d81e0f801a2d8c8bf31397ce34e8a8453a0c5d5170031cb07520,2024-07,Surrey Police,Surrey Police,-0.494091,51.299619,On or near Supermarket,E01030459,Guildford 001C,Shoplifting,Court result unavailable,
33874cf8263f91d4eb395619398fd779be38426be5689cdd28a65fc95173632f,2024-07,Surrey Police,Surrey Police,-0.494091,51.299619,On or near Supermarket,E01030459,Guildford 001C,Shoplifting,Court result unavailable,
eb7f2ec66589ece6ca94173a02b8216fdd093dd3f9c726066140e8d79a945b95,2024-07,Surrey Police,Surrey Police,-0.494091,51.299619,On or near Supermarket,E01030459,Guildford 001C,Shoplifting,Court result unavailable,
62fda1fb3864a16401c49ca8163bf7a37f2930d5cc6e616290c98efac52fb20b,2024-07,Surrey Police,Surrey Police,-0.494091,51.299619,On or near Supermarket,E01030459,Guildford 001C,Shoplifting,Unable to prosecute suspect,
59052d45685db99b710dd3c5cea77761836228191bf284e71d62b73c0f6d927a,2024-07,Surrey Police,Surrey Police,-0.494091,51.299619,On or near Supermarket,E01030459,Guildford 001C,Shoplifting,Court result unavailable,
574fed7ec5fdffc418153c10d849ad45559346c482b2f9cd36bca3deb3682679,2024-07,Surrey Police,Surrey Police,-0.491555,51.272834,On or near The Spinney,E01030459,Guildford 001C,Vehicle crime,Investigation complete; no suspect identified,
481b7a575479f46827e5e43317c0b0932d3a07886a878025256e54c84f84dc56,2024-07,Surrey Police,Surrey Police,-0.494091,51.299619,On or near Supermarket,E01030459,Guildford 001C,Violence and sexual offences,Unable to prosecute suspect,
19301dd362bc4c3220ce9fd8f7c20475f88166aa71d0a0303eb2b0bfb8fb1fcb,2024-07,Surrey Police,Surrey Police,-0.491555,51.272834,On or near The Spinney,E01030459,Guildford 001C,Other crime,Unable to prosecute suspect,
,2024-07,Surrey Police,Surrey Police,-0.509977,51.282584,On or near Burntcommon Lane,E01030475,Guildford 001D,Anti-social behaviour,,
a0be895d7a9322ef421045af367ec4beb30c4ebde9046fbeee7e9df548eb11b2,2024-07,Surrey Police,Surrey Police,-0.530943,51.279819,On or near Vicarage Lane,E01030475,Guildford 001D,Burglary,Investigation complete; no suspect identified,
627aad0c22882f0f6c97b7ce01adb5560a5524b1c726317a145de973c27ea525,2024-07,Surrey Police,Surrey Police,-0.530943,51.279819,On or near Vicarage Lane,E01030475,Guildford 001D,Criminal damage and arson,Investigation complete; no suspect identified,
97ba376a3687a66a9d663943f6d2f916d512578f5b0a164ac56ed48ab56e66a8,2024-07,Surrey Police,Surrey Police,-0.530943,51.279819,On or near Vicarage Lane,E01030475,Guildford 001D,Criminal damage and arson,Investigation complete; no suspect identified,
62dd4a9c452420b8d6128b31933c4252ec24735f7a204cb632ba6021ca9eefbe,2024-07,Surrey Police,Surrey Police,-0.530943,51.279819,On or near Vicarage Lane,E01030475,Guildford 001D,Other theft,Unable to prosecute suspect,
94febaa3f77e8c95a43d2d2f88ff0f2b3fbac3e488cdf043c909d829d985b18e,2024-07,Surrey Police,Surrey Police,-0.510594,51.282565,On or near Burnt Common Close,E01030475,Guildford 001D,Public order,Unable to prosecute suspect,
762d5124f5ad1185c71ded4d6cf79d6c59f195f9a310f14c7877474a58a9c415,2024-07,Surrey Police,Surrey Police,-0.526116,51.277860,On or near Woodhill,E01030475,Guildford 001D,Violence and sexual offences,Investigation complete; no suspect identified,
e34f761ebf2c8ac99aeda0588853066f20b2aeff8ec88997f0b65c5d7e24276e,2024-07,Surrey Police,Surrey Police,-0.511271,51.281144,On or near Field Way,E01030475,Guildford 001D,Violence and sexual offences,Unable to prosecute suspect,
0569f4ed6d14c4c71e8eabd04aff26665c7d1d07a4ba5f5b04fcc0731492e7dc,2024-07,Surrey Police,Surrey Police,-0.508886,51.287057,On or near Hawthorn Road,E01030476,Guildford 001E,Burglary,Investigation complete; no suspect identified,
,2024-07,Surrey Police,Surrey Police,-0.528145,51.291537,On or near Tannery Lane,E01030477,Guildford 001F,Anti-social behaviour,,
e7c936bd80922b89228e6854983fd6c462e60fbfe652bbf3881be7b5d69c7ecf,2024-07,Surrey Police,Surrey Police,-0.532239,51.289996,On or near Sandy Lane,E01030477,Guildford 001F,Criminal damage and arson,Investigation complete; no suspect identified,
8a77d3367c4a18c749ea75cbef96919e60599854039ec6c7fdce2b06fbdb3298,2024-07,Surrey Police,Surrey Police,-0.538998,51.292563,On or near Park/Open Space,E01030477,Guildford 001F,Criminal damage and arson,Investigation complete; no suspect identified,
ac0cd1251fac1c84d4aa123f931ded0365fcf4038846ed153f9caf3d8e61cb2f,2024-07,Surrey Police,Surrey Police,-0.530037,51.288872,On or near Sandfields,E01030477,Guildford 001F,Drugs,Further investigation is not in the public interest,
4fe573bbb845a0c0aa59a59033fc52b41ffb82215faa7d2f30cb04590b8ecf33,2024-07,Surrey Police,Surrey Police,-0.530037,51.288872,On or near Sandfields,E01030477,Guildford 001F,Public order,Status update unavailable,
4085d87134013fc650ecf53a861d8c28ae1540d9ac09f401c469485d9f971499,2024-07,Surrey Police,Surrey Police,-0.538998,51.292563,On or near Park/Open Space,E01030477,Guildford 001F,Violence and sexual offences,Investigation complete; no suspect identified,
60adc729ce4eb5aaa330c3cf6a85a3d8d3abaa8a7510967d549d70373ae4e2d9,2024-07,Surrey Police,Surrey Police,-0.528145,51.291537,On or near Tannery Lane,E01030477,Guildford 001F,Other crime,Court result unavailable,
817b3e4eca250c840b46c5a7c70ffac54c5dae1f5dd3117f1afe145c9fa23ade,2024-07,Surrey Police,Surrey Police,-0.692895,51.239259,On or near Green Lane West,E01030465,Guildford 002A,Criminal damage and arson,Status update unavailable,
4c2cdc8648565fe45c50e60df69699f5d909cb989e62dd7d3717ee89ba997718,2024-07,Surrey Police,Surrey Police,-0.698722,51.253585,On or near Guildford Road,E01030465,Guildford 002A,Vehicle crime,Investigation complete; no suspect identified,
753b8bc2810a3d50ee8e1dc3406f7b0a6da89e1f3ada5884c6a9b009dcf3159e,2024-07,Surrey Police,Surrey Police,-0.680778,51.252207,On or near Walden Cottages,E01030465,Guildford 002A,Violence and sexual offences,Unable to prosecute suspect,
a878b2bb55328a23274ed46361b16a066e96a8e28c940f0b5845f227bb2f9e44,2024-07,Surrey Police,Surrey Police,-0.703961,51.254830,On or near Upper Pinewood Road,E01030465,Guildford 002A,Violence and sexual offences,Unable to prosecute suspect,
25e1c5c2990839c0c71dad86ccbc5ff35de05ceceff5befab55e66a8a0f67a5f,2024-07,Surrey Police,Surrey Police,-0.703428,51.253395,On or near Pinewood Road,E01030465,Guildford 002A,Violence and sexual offences,Investigation complete; no suspect identified,
f16844a5b984fc54613631d71d5b26c560b056009793007291154f3787991df0,2024-07,Surrey Police,Surrey Police,-0.671871,51.257987,On or near Normandy Common Lane,E01030465,Guildford 002A,Violence and sexual offences,Unable to prosecute suspect,
a4706f841a44c5bb0cae7d85c8adf8922688a71aa0faff591393bf44bc5f0e06,2024-07,Surrey Police,Surrey Police,-0.686644,51.257542,On or near School Lane,E01030465,Guildford 002A,Violence and sexual offences,Investigation complete; no suspect identified,
,2024-07,Surrey Police,Surrey Police,-0.654099,51.258018,On or near Homestead Drive,E01030466,Guildford 002B,Anti-social behaviour,,
,2024-07,Surrey Police,Surrey Police,-0.675461,51.263216,On or near Pirbright Road,E01030466,Guildford 002B,Anti-social behaviour,,
,2024-07,Surrey Police,Surrey Police,-0.671677,51.242320,On or near Christmaspie Avenue,E01030466,Guildford 002B,Anti-social behaviour,,
ba982bbe5801746b5ef7ff0469d31269f33b038ab211ffad4ceca2defa613712,2024-07,Surrey Police,Surrey Police,-0.666626,51.242586,On or near Crossways,E01030466,Guildford 002B,Criminal damage and arson,Investigation complete; no suspect identified,
814f8150b0a5bd777330353658768f80d8b9c36004ec16f53c59c6032cb78dd0,2024-07,Surrey Police,Surrey Police,-0.654099,51.258018,On or near Homestead Drive,E01030466,Guildford 002B,Violence and sexual offences,Unable to prosecute suspect,
29640d5f170d7ec49fbad911f195d504f7baf2e7bc03352d8cec12134403bfbd,2024-07,Surrey Police,Surrey Police,-0.648519,51.264050,On or near Whittles Drive,E01030466,Guildford 002B,Violence and sexual offences,Unable to prosecute suspect,
e2689f63d7211f0decc5dd8b14793103a65d9f123efb5fa7d7f2bfe4bc1f31fb,2024-07,Surrey Police,Surrey Police,-0.674012,51.243327,On or near Orchard Way,E01030466,Guildford 002B,Other crime,Further investigation is not in the public interest,
,2024-07,Surrey Police,Surrey Police,-0.667145,51.299460,On or near Newfoundland Road,E01030473,Guildford 002C,Anti-social behaviour,,
,2024-07,Surrey Police,Surrey Police,-0.667145,51.299460,On or near Newfoundland Road,E01030473,Guildford 002C,Anti-social behaviour,,
6843eb18978351115f2d9bc7149c94802a0735aad308a63d033b873a046bec1c,2024-07,Surrey Police,Surrey Police,-0.644502,51.292914,On or near Cowbridge Meadow,E01030473,Guildford 002C,Other theft,Unable to prosecute suspect,
51aad29499aa871f3e9db52c4390a8fe35e5d7dc23409dd634749ae16d8f608f,2024-07,Surrey Police,Surrey Police,-0.648179,51.299080,On or near Dawneys Road,E01030473,Guildford 002C,Vehicle crime,Investigation complete; no suspect identified,
ef3f16fa0957abd39cd2228772693d82ae4e468238990bb3f35c413089a1b006,2024-07,Surrey Police,Surrey Police,-0.646146,51.299947,On or near Dawney Hill,E01030473,Guildford 002C,Violence and sexual offences,Unable to prosecute suspect,
e417712d96b47e091dcc1b87902b35020d2a7ce890b47c54dc714fc3e9e9e4f6,2024-07,Surrey Police,Surrey Police,-0.643606,51.295575,On or near Avenue De Cagny,E01030473,Guildford 002C,Violence and sexual offences,Unable to prosecute suspect,
09658734f9f786d6bb44d2ae137512f4fb308edb071e1cd20af8b19290593e72,2024-07,Surrey Police,Surrey Police,-0.647112,51.290984,On or near Rapley'S Field,E01030473,Guildford 002C,Other crime,Unable to prosecute suspect,
5e999a2bb5cb4f7a74f63c4d88fda4a7c2c71012ca59a8c88b6055647925f5fa,2024-07,Surrey Police,Surrey Police,-0.651260,51.305060,On or near Plovers Rise,E01030474,Guildford 002D,Criminal damage and arson,Investigation complete; no suspect identified,
428db41c85a3fb76034e2382a0b8ffbb0f0dcd8f739fd1d21fdff783f8ccd861,2024-07,Surrey Police,Surrey Police,-0.658873,51.310642,On or near Elcho Road,E01030474,Guildford 002D,Violence and sexual offences,Investigation complete; no suspect identified,
6fafb2dfe40546b2078326836f05a04653b32501844302c44edabc780dd07405,2024-07,Surrey Police,Surrey Police,-0.653787,51.304487,On or near Heather Walk,E01030474,Guildford 002D,Violence and sexual offences,Unable to prosecute suspect,
7800be3ef41fbe597d35f095567cd955c2a15c971f9133d10a6b70d2e05a1865,2024-07,Surrey Police,Surrey Police,-0.653787,51.304487,On or near Heather Walk,E01030474,Guildford 002D,Violence and sexual offences,Unable to prosecute suspect,
,2024-07,Surrey Police,Surrey Police,-0.456350,51.266278,On or near Fairwell Lane,E01030441,Guildford 003A,Anti-social behaviour,,
,2024-07,Surrey Police,Surrey Police,-0.455042,51.263824,On or near Mount Pleasant,E01030441,Guildford 003A,Anti-social behaviour,,
744ce518757b60dddf7c6bf38a0cea6288a091ebf81e390e14cdebc3c7171945,2024-07,Surrey Police,Surrey Police,-0.463963,51.255929,On or near Blake'S Lane,E01030441,Guildford 003A,Criminal damage and arson,Investigation complete; no suspect identified,
bbcfeb7ca6e83c923fbb14bd4539c312b2fe44383d4c9e85de913823680be2ec,2024-07,Surrey Police,Surrey Police,-0.455106,51.259769,On or near Epsom Road,E01030441,Guildford 003A,Violence and sexual offences,Investigation complete; no suspect identified,
,2024-07,Surrey Police,Surrey Police,-0.427888,51.260225,On or near Rowbarns Way,E01030442,Guildford 003B,Anti-social behaviour,,
0648e829eb40bdba68752500449a376577be6aecbba24fc13e0fb8a1d71ffd0a,2024-07,Surrey Police,Surrey Police,-0.427549,51.273539,On or near Woodland Drive,E01030442,Guildford 003B,Criminal damage and arson,Action to be taken by another organisation,
b488487f10ee3b5c77f75ab361d94f186c4562780f6e251a65a7f701f2747611,2024-07,Surrey Police,Surrey Police,-0.427549,51.273539,On or near Woodland Drive,E01030442,Guildford 003B,Other theft,Action to be taken by another organisation,
644190f2dbbc15de07173abbb17c261afa733c31168598a84995c19774f64c7a,2024-07,Surrey Police,Surrey Police,-0.427549,51.273539,On or near Woodland Drive,E01030442,Guildford 003B,Violence and sexual offences,Action to be taken by another organisation,
f419f771aae6db7873e56d05fab2a297e07cb04a30dcdeb89eea56c99564afec,2024-07,Surrey Police,Surrey Police,-0.427549,51.273539,On or near Woodland Drive,E01030442,Guildford 003B,Violence and sexual offences,Action to be taken by another organisation,
644e942b6ef7ed51e379b606edc71c549660b82b8135307f983d28717322e42d,2024-07,Surrey Police,Surrey Police,-0.427549,51.273539,On or near Woodland Drive,E01030442,Guildford 003B,Violence and sexual offences,Action to be taken by another organisation,
,2024-07,Surrey Police,Surrey Police,-0.420347,51.293342,On or near Horsley Road,E01030443,Guildford 003C,Anti-social behaviour,,
,2024-07,Surrey Police,Surrey Police,-0.435455,51.278411,On or near Station Approach,E01030443,Guildford 003C,Anti-social behaviour,,
2eeb650dc12b0b7c073f0ca8e9fd7bf11831b98b38fa26165843474db0086862,2024-07,Surrey Police,Surrey Police,-0.420347,51.293342,On or near Horsley Road,E01030443,Guildford 003C,Other theft,Investigation complete; no suspect identified,
2562dfec32347354bc928935ba0923da128de2261cef6b83f3a69232f1c7ba95,2024-07,Surrey Police,Surrey Police,-0.420347,51.293342,On or near Horsley Road,E01030443,Guildford 003C,Public order,Awaiting court outcome,
d10ca22344966868bc9a7ff640d78aa16b37d4bea4f773ce6348d3eb75ddaa14,2024-07,Surrey Police,Surrey Police,-0.420347,51.293342,On or near Horsley Road,E01030443,Guildford 003C,Public order,Unable to prosecute suspect,
0db719dedd593526ca7e6d00f5c6b5080b1ea7c1dd9bf5c38e306382057145e5,2024-07,Surrey Police,Surrey Police,-0.445697,51.283358,On or near Nightingale Crescent,E01030444,Guildford 003D,Vehicle crime,Investigation complete; no suspect identified,
b59752de65cde80ccfe651f6582630e6801254ba7dcbf84e26b81f9cb3fbcbcd,2024-07,Surrey Police,Surrey Police,-0.449711,51.276991,On or near Greta Bank,E01030444,Guildford 003D,Violence and sexual offences,Unable to prosecute suspect,
80706a4f144cb336365af61c6108724002fac6d54e874e32d9875d445bffd8da,2024-07,Surrey Police,Surrey Police,-0.434614,51.263481,On or near Fearn Close,E01030445,Guildford 003E,Drugs,Offender given a caution,
eadc636656b6bbbc58098e0a59d968cf581cf016c4e44ab00bfc25a1315e54f9,2024-07,Surrey Police,Surrey Police,-0.436690,51.277078,On or near Kingston Avenue,E01030445,Guildford 003E,Robbery,Investigation complete; no suspect identified,
d9e2db1a46ff14b43c22a49e4bdd67254b4cc626cf3164144199fd650982b8bc,2024-07,Surrey Police,Surrey Police,-0.431630,51.264826,On or near Bishopsmead Drive,E01030445,Guildford 003E,Vehicle crime,Investigation complete; no suspect identified,
028a8d250cce19ec8a823b0b03894e9fc2763b5c9912297268675337abe1a913,2024-07,Surrey Police,Surrey Police,-0.424604,51.281260,On or near Heath View,E01030446,Guildford 003F,Possession of weapons,Unable to prosecute suspect,
3a8e755094e2ae9b06f033115c906fa7e3605b457322d498e3ed8f6ca8fa68cc,2024-07,Surrey Police,Surrey Police,-0.417371,51.261810,On or near Dirtham Lane,E01030446,Guildford 003F,Public order,Unable to prosecute suspect,
0f3c5ed50195325c370566947aa905ab6abcb134d74e0ed8d190ae78cc1023c5,2024-07,Surrey Police,Surrey Police,-0.397380,51.272851,On or near Effingham Place,E01030447,Guildford 003G,Violence and sexual offences,Action to be taken by another organisation,
ec0519d4ea7679250a2f79ad5713a80a276bd7a74b34d0888f7bebc23649bac3,2024-07,Surrey Police,Surrey Police,-0.397380,51.272851,On or near Effingham Place,E01030447,Guildford 003G,Violence and sexual offences,Investigation complete; no suspect identified,
2e0bea263a9ba60fae14f094d39eddd2a5cebaa589792d9fad884e5e99dc4ebf,2024-07,Surrey Police,Surrey Police,-0.393052,51.268295,On or near Mount Pleasant,E01030447,Guildford 003G,Violence and sexual offences,Status update unavailable,
,2024-07,Surrey Police,Surrey Police,-0.725959,51.259973,On or near North Road,E01030426,Guildford 004A,Anti-social behaviour,,
,2024-07,Surrey Police,Surrey Police,-0.729682,51.261659,On or near Old Farm Place,E01030426,Guildford 004A,Anti-social behaviour,,
,2024-07,Surrey Police,Surrey Police,-0.728756,51.259868,On or near Ashurst Road,E01030426,Guildford 004A,Anti-social behaviour,,
172315eb3676cc0277f75aa9ee0a3195ba9600a8873d81336bf5dba9151ad71c,2024-07,Surrey Police,Surrey Police,-0.725959,51.259973,On or near North Road,E01030426,Guildford 004A,Criminal damage and arson,Unable to prosecute suspect,
2ea03bc66363a2221c793ecb5a4681da6495a34cc971795ca4eea740335ad43e,2024-07,Surrey Police,Surrey Police,-0.726676,51.259432,On or near Derwent Avenue,E01030426,Guildford 004A,Criminal damage and arson,Investigation complete; no suspect identified,
b6f603b3636e93a4ab30e18248ec46067f39a19649198331995c53b155decaca,2024-07,Surrey Police,Surrey Police,-0.730637,51.259754,On or near Wellington Place,E01030426,Guildford 004A,Drugs,Unable to prosecute suspect,
4314e66f9545ac0b8049d3b8fb1c1552c95880011921d5f6a818103d12412389,2024-07,Surrey Police,Surrey Police,-0.726676,51.259432,On or near Derwent Avenue,E01030426,Guildford 004A,Public order,Unable to prosecute suspect,
11579cd2c87cc25a768663cd7fdcd3514af7849f081e1acdefb6ef93a4e2263c,2024-07,Surrey Police,Surrey Police,-0.730637,51.259754,On or near Wellington Place,E01030426,Guildford 004A,Violence and sexual offences,Unable to prosecute suspect,
df5ea17882926536ee05aae4e56774cfec2234a751cd10af83e36c14aa9bee07,2024-07,Surrey Police,Surrey Police,-0.725871,51.261078,On or near Lancaster Close,E01030426,Guildford 004A,Violence and sexual offences,Unable to prosecute suspect,
19c3173b7038a4f07b9a1b348728b10a8911409dd30418813582d898b7a86864,2024-07,Surrey Police,Surrey Police,-0.725959,51.259973,On or near North Road,E01030426,Guildford 004A,Violence and sexual offences,Unable to prosecute suspect,
,2024-07,Surrey Police,Surrey Police,-0.725531,51.267162,On or near Robin Close,E01030427,Guildford 004B,Anti-social behaviour,,
,2024-07,Surrey Police,Surrey Police,-0.719924,51.271894,On or near Chart House Road,E01030428,Guildford 004C,Anti-social behaviour,,
,2024-07,Surrey Police,Surrey Police,-0.720695,51.267856,On or near Rowcroft Close,E01030428,Guildford 004C,Anti-social behaviour,,
,2024-07,Surrey Police,Surrey Police,-0.721662,51.275366,On or near Rosemary Avenue,E01030428,Guildford 004C,Anti-social behaviour,,
f6c386f8cf18d7bd5582ccc67be3d368eae93327c6da52c3c3fa706d1f966121,2024-07,Surrey Police,Surrey Police,-0.722009,51.273724,On or near Station View,E01030428,Guildford 004C,Criminal damage and arson,Status update unavailable,
c65706880f1efddb3345e7b293b98ceded903c0bdf9f5be6a3eb4f03b254246c,2024-07,Surrey Police,Surrey Police,-0.721999,51.273040,On or near Furze Close,E01030428,Guildford 004C,Other theft,Investigation complete; no suspect identified,
7d781c8c92cd2a3fa35ebd61525291d1f3c67c9d44cca900c682901dd27d7ecb,2024-07,Surrey Police,Surrey Police,-0.722009,51.273724,On or near Station View,E01030428,Guildford 004C,Violence and sexual offences,Unable to prosecute suspect,
a59a06b56d848b1961d550bc6d0fb06ffc59dcef40a3339e381ff76b7974a362,2024-07,Surrey Police,Surrey Police,-0.728433,51.277840,On or near Stratford Road,E01030428,Guildford 004C,Violence and sexual offences,Investigation complete; no suspect identified,
7932424e2be188afdbdb7ec4dccbbf6531bf3638c39b73933357ad3681f29b77,2024-07,Surrey Police,Surrey Police,-0.727875,51.273104,On or near Station Road West,E01030429,Guildford 004D,Public order,Investigation complete; no suspect identified,
49b71864ea8e553de038a8c85f0badf607815e1e0a24ae80778f2a507d19dca4,2024-07,Surrey Police,Surrey Police,-0.727875,51.273104,On or near Station Road West,E01030429,Guildford 004D,Shoplifting,Investigation complete; no suspect identified,
c232d50c40d0d269066f3f0bfef4d8db186d61b960373ca219b0b0be6392d59a,2024-07,Surrey Police,Surrey Police,-0.725948,51.272814,On or near Cypress Grove,E01030429,Guildford 004D,Shoplifting,Investigation complete; no suspect identified,
920ce23cd87806440dfee8e1b776ac9fe0c60c7e613cd18cdda2767304559c03,2024-07,Surrey Police,Surrey Police,-0.727344,51.270014,On or near Avondale,E01030429,Guildford 004D,Vehicle crime,Investigation complete; no suspect identified,
078954325dc87df9e3d49d677e646d8d0713e7e9ab24c7decdd10f7b71138a8b,2024-07,Surrey Police,Surrey Police,-0.724645,51.271190,On or near Sycamore Drive,E01030429,Guildford 004D,Violence and sexual offences,Investigation complete; no suspect identified,
ae308e621b1694c25dae05ef1bcb79be5e66344070548537ef45969abe75db2b,2024-07,Surrey Police,Surrey Police,-0.725465,51.270039,On or near Maple Close,E01030429,Guildford 004D,Violence and sexual offences,Further action is not in the public interest,
122b4777b311cf70881a561c305bada33110b4301cab720eda134e2272f60206,2024-07,Surrey Police,Surrey Police,-0.724645,51.271190,On or near Sycamore Drive,E01030429,Guildford 004D,Violence and sexual offences,Unable to prosecute suspect,
9edfebdbbd7d84348eecc0df0333c9450af3a54ab5aa936681c684d0280df3a0,2024-07,Surrey Police,Surrey Police,-0.724645,51.271190,On or near Sycamore Drive,E01030429,Guildford 004D,Violence and sexual offences,Unable to prosecute suspect,
2d9db0ccbf62d7da6fe834cfa18fbd3f210a7958283bcf9df2708c9e16517e0e,2024-07,Surrey Police,Surrey Police,-0.724395,51.272473,On or near Alder Close,E01030429,Guildford 004D,Violence and sexual offences,Status update unavailable,
,2024-07,Surrey Police,Surrey Police,-0.718180,51.263476,On or near Dorset Road,E01030430,Guildford 004E,Anti-social behaviour,,
0b037c5a12039682a01659357faa8e4c04ef5f9377524077e97776977463f509,2024-07,Surrey Police,Surrey Police,-0.719680,51.257431,On or near Supermarket,E01030430,Guildford 004E,Public order,Status update unavailable,
a500f264e4db977ae8da1b61577e74b2d603401dddaa3df11af651c209c5d6cd,2024-07,Surrey Police,Surrey Police,-0.719680,51.257431,On or near Supermarket,E01030430,Guildford 004E,Public order,Unable to prosecute suspect,
c7b081782f6c1caef08f5c6298533a80a513cb5392a5d5cdd5ebd45680075f7b,2024-07,Surrey Police,Surrey Police,-0.719680,51.257431,On or near Supermarket,E01030430,Guildford 004E,Shoplifting,Investigation complete; no suspect identified,
3d6293aa9fede286ca712b12ab5db017b999c2aa50846793658c7ebf72887f95,2024-07,Surrey Police,Surrey Police,-0.719680,51.257431,On or near Supermarket,E01030430,Guildford 004E,Shoplifting,Investigation complete; no suspect identified,
783cdf771ce0c0d4589913217f8e0077808e1193e2cea18609273677d2f1db34,2024-07,Surrey Police,Surrey Police,-0.719680,51.257431,On or near Supermarket,E01030430,Guildford 004E,Shoplifting,Investigation complete; no suspect identified,
6855709eb917a584fd10317d02be51aebef660268e88ff16afa99f1972aadbf0,2024-07,Surrey Police,Surrey Police,-0.719680,51.257431,On or near Supermarket,E01030430,Guildford 004E,Shoplifting,Investigation complete; no suspect identified,
a377dea48ecb62430ef22a7ab62e6d027ea864bb2f4f158f9baf9f8b78bb43f1,2024-07,Surrey Police,Surrey Police,-0.719680,51.257431,On or near Supermarket,E01030430,Guildford 004E,Shoplifting,Investigation complete; no suspect identified,
20fee69f4411b961035dfd500c8a51f1a857381f9c97f7e3737446dac1e91aba,2024-07,Surrey Police,Surrey Police,-0.720522,51.260165,On or near Foxhurst Road,E01030430,Guildford 004E,Vehicle crime,Investigation complete; no suspect identified,
2f83fac258e12218774d240db7cd39bc5e28d2976a66857de2884a26b4ca2379,2024-07,Surrey Police,Surrey Police,-0.720598,51.256911,On or near Wharf Road,E01030430,Guildford 004E,Violence and sexual offences,Status update unavailable,
f2abeaa08331f3c4fca2da9ab07564af9f31f223cb0136e6d3c8b42ee1769a22,2024-07,Surrey Police,Surrey Police,-0.720598,51.256911,On or near Wharf Road,E01030430,Guildford 004E,Violence and sexual offences,Unable to prosecute suspect,
2cee18ed184311ef56c5715dc19b70a17637fab370846fbe90487d98f65c052a,2024-07,Surrey Police,Surrey Police,-0.619857,51.261504,On or near Brooke Forest,E01030499,Guildford 005A,Criminal damage and arson,Unable to prosecute suspect,
ca42baf4f55dede8a44cb4ae4b8d417ab2937b562cfa91e6234784c33ed6a373,2024-07,Surrey Police,Surrey Police,-0.614181,51.272488,On or near Coombe Lane,E01030499,Guildford 005A,Criminal damage and arson,Investigation complete; no suspect identified,
1e7f352d5ebdef540130751c79db7f2c18b304dce2e1e8cb7485c29fe8f8a71c,2024-07,Surrey Police,Surrey Police,-0.618416,51.259868,On or near Louis Fields,E01030499,Guildford 005A,Criminal damage and arson,Investigation complete; no suspect identified,
fb66af2e6f63a4dbb267d38049599538adf239c9ef4e85252911dfd8213087a2,2024-07,Surrey Police,Surrey Police,-0.614181,51.272488,On or near Coombe Lane,E01030499,Guildford 005A,Other theft,Investigation complete; no suspect identified,
38a75c8a7dd84db3d6e4c6ad4503723217bc028c84ad1a539ba92384884d5766,2024-07,Surrey Police,Surrey Police,-0.616684,51.263139,On or near Fairlands Road,E01030499,Guildford 005A,Violence and sexual offences,Unable to prosecute suspect,
923ec38134ec4240fb2f9936e1aa6ef07e81d51059de2753cb408ef6ee113b64,2024-07,Surrey Police,Surrey Police,-0.614181,51.272488,On or near Coombe Lane,E01030499,Guildford 005A,Violence and sexual offences,Status update unavailable,
7e68444092d58bcbaf9e96aea4327e152443cab26ea232fe59b12746559ccb7f,2024-07,Surrey Police,Surrey Police,-0.616684,51.263139,On or near Fairlands Road,E01030499,Guildford 005A,Violence and sexual offences,Unable to prosecute suspect,
,2024-07,Surrey Police,Surrey Police,-0.604070,51.251353,On or near Cater Gardens,E01030500,Guildford 005B,Anti-social behaviour,,
ffa1ae78e0617048bdb72447b39e6c3004766b0daaef76d3cec56d2f3e0bfa3f,2024-07,Surrey Police,Surrey Police,-0.605271,51.250000,On or near Ferndale,E01030500,Guildford 005B,Vehicle crime,Investigation complete; no suspect identified,
c81a8a5b599effd936ac2899a1ee141b04342d410a643ab8c0c761fb73a97960,2024-07,Surrey Police,Surrey Police,-0.605561,51.252252,On or near Broomfield Close,E01030500,Guildford 005B,Violence and sexual offences,Court result unavailable,
5d1cae733401653d3b8bda0cd3dd4469249d8bb64c0030a4feda27e50393fbef,2024-07,Surrey Police,Surrey Police,-0.605271,51.250000,On or near Ferndale,E01030500,Guildford 005B,Violence and sexual offences,Unable to prosecute suspect,
dfe9cac298341b0f142972d8e157c922f4b4838dab9f845cd0448abf4a715d8a,2024-07,Surrey Police,Surrey Police,-0.605271,51.250000,On or near Ferndale,E01030500,Guildford 005B,Violence and sexual offences,Unable to prosecute suspect,
a17e1971c379dd15d2bffc385f852259e7592dc13227aba278ceb68450732412,2024-07,Surrey Police,Surrey Police,-0.607200,51.250644,On or near Rye Close,E01030500,Guildford 005B,Violence and sexual offences,Status update unavailable,
5e42d5503c5d1c256c7dcd196efd4d9769fd94b7ca872e21e3b4819d89b242c5,2024-07,Surrey Police,Surrey Police,-0.606542,51.252524,On or near Broad Street,E01030500,Guildford 005B,Violence and sexual offences,Unable to prosecute suspect,
,2024-07,Surrey Police,Surrey Police,-0.599773,51.262587,On or near Deacon Way,E01030501,Guildford 005C,Anti-social behaviour,,
9454ad81b56e0c6a7d4fd35d3999a2ded9c07b2c3f6369c14b07e52e56bf25a1,2024-07,Surrey Police,Surrey Police,-0.595399,51.265053,On or near Shelton Close,E01030501,Guildford 005C,Criminal damage and arson,Unable to prosecute suspect,
c908eb70416f0356709385d6bec0ba0350ce572ae68d64b06509550d7ed5ea34,2024-07,Surrey Police,Surrey Police,-0.600867,51.259138,On or near Ryde'S Hill Crescent,E01030501,Guildford 005C,Other theft,Investigation complete; no suspect identified,
5425eb78d1d0d4b61c73b96de9be4ad390e9e1b21d77c5bfe12e9e0992fdec28,2024-07,Surrey Police,Surrey Police,-0.603456,51.262622,On or near Tangley Lane,E01030501,Guildford 005C,Vehicle crime,Unable to prosecute suspect,
91725d8beea95f7a0d3f0d0cce0e891c2dae79857f6cf9c67dc430ffca757f27,2024-07,Surrey Police,Surrey Police,-0.599773,51.262587,On or near Deacon Way,E01030501,Guildford 005C,Violence and sexual offences,Unable to prosecute suspect,
6cb56726aa76095756e5851563ed86eab0e5110b03e4d8489ff18837a1528bf8,2024-07,Surrey Police,Surrey Police,-0.601021,51.260678,On or near Hilltop Close,E01030501,Guildford 005C,Violence and sexual offences,Unable to prosecute suspect,
,2024-07,Surrey Police,Surrey Police,-0.628928,51.264788,On or near Park/Open Space,E01030502,Guildford 005D,Anti-social behaviour,,
,2024-07,Surrey Police,Surrey Police,-0.628928,51.264788,On or near Park/Open Space,E01030502,Guildford 005D,Anti-social behaviour,,
9f221dbb48c7455400e7519625b64594c7faf34a3128ddf3148fce875b823251,2024-07,Surrey Police,Surrey Police,-0.641968,51.257266,On or near Frog Grove Lane,E01030502,Guildford 005D,Burglary,Investigation complete; no suspect identified,
30ba3ce7bb197abf6ca5aaae241cfd42a4f26dcc150ee0a8c437fb72bf1e60fc,2024-07,Surrey Police,Surrey Police,-0.635334,51.264976,On or near Aldershot Road,E01030502,Guildford 005D,Drugs,Unable to prosecute suspect,
731d87f2bdf938e1c093061b9601cc33619868a99391e5081e837bb884b1a8cf,2024-07,Surrey Police,Surrey Police,-0.635334,51.264976,On or near Aldershot Road,E01030502,Guildford 005D,Drugs,Investigation complete; no suspect identified,
428558a97dd339b36e9f2637dbd70d619b1a6273d029358107a82bac8a6be080,2024-07,Surrey Police,Surrey Police,-0.635334,51.264976,On or near Aldershot Road,E01030502,Guildford 005D,Public order,Unable to prosecute suspect,
52f075a465cabb973d99d7d66eb3b3e4cfaaf85e75f248592a2fa0c1c2b05650,2024-07,Surrey Police,Surrey Police,-0.627631,51.250732,On or near Oak Hill,E01030502,Guildford 005D,Public order,Unable to prosecute suspect,
6037e660b9b40764d416aa59eab5995b85a151019d49774d338a2736112d8b1d,2024-07,Surrey Police,Surrey Police,-0.641968,51.257266,On or near Frog Grove Lane,E01030502,Guildford 005D,Violence and sexual offences,Status update unavailable,
8aab6c957ea38e7510406247c0ef1d0d3305f440fd1e2aeaa04e3a266a1ac468,2024-07,Surrey Police,Surrey Police,-0.627543,51.249355,On or near St Albans Close,E01030502,Guildford 005D,Violence and sexual offences,Status update unavailable,
23e601c70f6952d24642e96bfe0d7abb2a1ca17e107c8fc5df804fd41052124f,2024-07,Surrey Police,Surrey Police,-0.636235,51.251489,On or near Green Lane,E01030502,Guildford 005D,Violence and sexual offences,Unable to prosecute suspect,
93153e5fa0a448768ef11a72ba682bf413fa7ed52f0e36fc69633b202ec80adc,2024-07,Surrey Police,Surrey Police,-0.636235,51.251489,On or near Green Lane,E01030502,Guildford 005D,Violence and sexual offences,Unable to prosecute suspect,
c0187349ef50b76a5ce75504a00a35524a6cacf1b1891427f79181fc9197ddf0,2024-07,Surrey Police,Surrey Police,-0.627631,51.250732,On or near Oak Hill,E01030502,Guildford 005D,Violence and sexual offences,Action to be taken by another organisation,
89475df5d003f3e9aa2bd89aa74f0d43d963ada86c9ba0c00a29c5a6b9078eb4,2024-07,Surrey Police,Surrey Police,-0.635334,51.264976,On or near Aldershot Road,E01030502,Guildford 005D,Violence and sexual offences,Offender given a caution,
,2024-07,Surrey Police,Surrey Police,-0.629106,51.247881,On or near Wildfield Close,E01030503,Guildford 005E,Anti-social behaviour,,
,2024-07,Surrey Police,Surrey Police,-0.612302,51.249661,On or near Cook Way,E01030503,Guildford 005E,Anti-social behaviour,,
,2024-07,Surrey Police,Surrey Police,-0.607234,51.251418,On or near Wood Rise,E01030503,Guildford 005E,Anti-social behaviour,,
,2024-07,Surrey Police,Surrey Police,-0.631264,51.248068,On or near Pound Lane,E01030503,Guildford 005E,Anti-social behaviour,,
ce48bef3177695cd8614c43b7c955edb244b2896b1f04c26245176cd025210a5,2024-07,Surrey Police,Surrey Police,-0.610466,51.250206,On or near St Marys Way,E01030503,Guildford 005E,Vehicle crime,Investigation complete; no suspect identified,
c2ba0daefe9d0e73aecc47ab641f49fcfe8a30be18bdb48f5fae4d5040274064,2024-07,Surrey Police,Surrey Police,-0.629106,51.247881,On or near Wildfield Close,E01030503,Guildford 005E,Violence and sexual offences,Unable to prosecute suspect,
13af32d10b9f07be673af5d5d7ad2ba02c4d931dc9c0265263eaab0f17b4b248,2024-07,Surrey Police,Surrey Police,-0.620135,51.251759,On or near Broad Street,E01030503,Guildford 005E,Violence and sexual offences,Unable to prosecute suspect,
ac7bd5e830e73ded38c0f726bb5e18319ea90ee33228a79a9b9deef419bc84b7,2024-07,Surrey Police,Surrey Police,-0.620135,51.251759,On or near Broad Street,E01030503,Guildford 005E,Violence and sexual offences,Unable to prosecute suspect,
6ea03691913b03c43625f3cee12ea1a7ab5f0c96c01517a80b160c35e1c568e7,2024-07,Surrey Police,Surrey Police,-0.629106,51.247881,On or near Wildfield Close,E01030503,Guildford 005E,Violence and sexual offences,Investigation complete; no suspect identified,
3d799979e56327f1728e4ed82953b6456b8801c860de57f944283b5bc1a81982,2024-07,Surrey Police,Surrey Police,-0.608554,51.249464,On or near Clover Road,E01030503,Guildford 005E,Violence and sexual offences,Unable to prosecute suspect,
2ac94ea6e029bcc8547ca7da8cd4419a2556fca7d36e245115220d3d3bd18d38,2024-07,Surrey Police,Surrey Police,-0.608554,51.249464,On or near Clover Road,E01030503,Guildford 005E,Violence and sexual offences,Unable to prosecute suspect,
6babce1d2f5712c195e37ebf06fb11463514823bf9ce70cfc6b34bcb9a6a06d1,2024-07,Surrey Police,Surrey Police,-0.631264,51.248068,On or near Pound Lane,E01030503,Guildford 005E,Violence and sexual offences,Unable to prosecute suspect,
9c03b612e33376d69c06a202b354ec9cf564c2b427f3653efd3249a21c591816,2024-07,Surrey Police,Surrey Police,-0.629106,51.247881,On or near Wildfield Close,E01030503,Guildford 005E,Violence and sexual offences,Status update unavailable,
6a5a134cf6c37cf357b3c59b6153024db1723dd365290610a6926d7fe56d2e39,2024-07,Surrey Police,Surrey Police,-0.620135,51.251759,On or near Broad Street,E01030503,Guildford 005E,Violence and sexual offences,Unable to prosecute suspect,
ed87a6cd22399b81a2f634482f25992b4d4e76da0586802c3374b6a5eb220b21,2024-07,Surrey Police,Surrey Police,-0.608554,51.249464,On or near Clover Road,E01030503,Guildford 005E,Violence and sexual offences,Unable to prosecute suspect,
3a320862333a2d373af8d3f18452737ab7681cc80429effec44a34a1a08f7a15,2024-07,Surrey Police,Surrey Police,-0.631217,51.250118,On or near Stream Banks,E01030503,Guildford 005E,Violence and sexual offences,Investigation complete; no suspect identified,
,2024-07,Surrey Police,Surrey Police,-0.568154,51.267231,On or near Jacobs Well Road,E01030504,Guildford 005F,Anti-social behaviour,,
cc3fbc5545d5da55dfd1fab238d3fa28b75e70ffcf85bf66372e59c521977427,2024-07,Surrey Police,Surrey Police,-0.572464,51.263585,On or near Park/Open Space,E01030504,Guildford 005F,Shoplifting,Investigation complete; no suspect identified,
a7a79b72b100ae1455041290de2a200b3be42e446342513443be37f74d209eb1,2024-07,Surrey Police,Surrey Police,-0.573235,51.268418,On or near Stringer'S Avenue,E01030504,Guildford 005F,Violence and sexual offences,Unable to prosecute suspect,
3f6589896cf77bd7f948e9a145aba896f866cdf2c65ce7063057ae801c8150ab,2024-07,Surrey Police,Surrey Police,-0.569699,51.266900,On or near Barnett Row,E01030504,Guildford 005F,Violence and sexual offences,Action to be taken by another organisation,
,2024-07,Surrey Police,Surrey Police,-0.586715,51.251424,On or near Ardmore Avenue,E01030485,Guildford 006A,Anti-social behaviour,,
7370e848542940b36fb65dda43e29ff989c2f0636ceb1d9dd6b5c1788f5ddebe,2024-07,Surrey Police,Surrey Police,-0.586680,51.253500,On or near Regent Court,E01030485,Guildford 006A,Criminal damage and arson,Investigation complete; no suspect identified,
68593e1ca3be51e29a148cfa17b83f9f3b404937c27ab6297f698e6b68a55603,2024-07,Surrey Police,Surrey Police,-0.586715,51.251424,On or near Ardmore Avenue,E01030485,Guildford 006A,Criminal damage and arson,Court result unavailable,
20b5b50bdd3ca421c71d6965b857ab785f39d869104755097f87b67185208c1e,2024-07,Surrey Police,Surrey Police,-0.593949,51.256654,On or near Petrol Station,E01030485,Guildford 006A,Shoplifting,Investigation complete; no suspect identified,
20c4e6b1e8d9490fdd02f09045da810f48f4953d96eb46a1f2f26326a8b6dbec,2024-07,Surrey Police,Surrey Police,-0.593949,51.256654,On or near Petrol Station,E01030485,Guildford 006A,Shoplifting,Awaiting court outcome,
e853de95afcda7e65ca0b1a4d05331196085b5af51737640bec72bec91893f97,2024-07,Surrey Police,Surrey Police,-0.584417,51.255316,On or near Heron Close,E01030485,Guildford 006A,Vehicle crime,Investigation complete; no suspect identified,
8d3a0224e953ad784bae7d68f6bdeb1fe9a3b533ddecb88274b9a4f9a13d3839,2024-07,Surrey Police,Surrey Police,-0.593949,51.256654,On or near Petrol Station,E01030485,Guildford 006A,Vehicle crime,Investigation complete; no suspect identified,
bc6fdfab03ba10d71125267a15864adda497f04c1942eedcba64a4f114af940f,2024-07,Surrey Police,Surrey Police,-0.592968,51.255923,On or near Lynchmere Place,E01030485,Guildford 006A,Vehicle crime,Investigation complete; no suspect identified,
b7732779263c84c00c0cd1f6ae622e50f19cdd9ab378cce7fc4fb8293e8ff63f,2024-07,Surrey Police,Surrey Police,-0.584417,51.255316,On or near Heron Close,E01030485,Guildford 006A,Vehicle crime,Unable to prosecute suspect,
85bdb26e88825db7613d25a9164f67c079ee0025d4df2389fc33cfbe57b0ebf2,2024-07,Surrey Police,Surrey Police,-0.588154,51.255892,On or near North Road,E01030485,Guildford 006A,Violence and sexual offences,Unable to prosecute suspect,
14ff734295c7e8977d84ca095e38fa2cb5957d4896cffb4f9fdd3b668fc4ef06,2024-07,Surrey Police,Surrey Police,-0.588154,51.255892,On or near North Road,E01030485,Guildford 006A,Violence and sexual offences,Court result unavailable,
1de9d71bd70672e8f34f0a0d1c74f01aff0afa953b3845bc6b9562641e9094d4,2024-07,Surrey Police,Surrey Police,-0.592968,51.255923,On or near Lynchmere Place,E01030485,Guildford 006A,Violence and sexual offences,Status update unavailable,
,2024-07,Surrey Police,Surrey Police,-0.591138,51.253914,On or near Martin Road,E01030487,Guildford 006B,Anti-social behaviour,,
,2024-07,Surrey Police,Surrey Police,-0.588842,51.253068,On or near South Road,E01030487,Guildford 006B,Anti-social behaviour,,
,2024-07,Surrey Police,Surrey Police,-0.586415,51.249037,On or near Woodbridge Hill,E01030487,Guildford 006B,Anti-social behaviour,,
,2024-07,Surrey Police,Surrey Police,-0.586415,51.249037,On or near Woodbridge Hill,E01030487,Guildford 006B,Anti-social behaviour,,
,2024-07,Surrey Police,Surrey Police,-0.586415,51.249037,On or near Woodbridge Hill,E01030487,Guildford 006B,Anti-social behaviour,,
b52b82fa1b33c7dc3a0b8665fd13efcadb180aff80f8e5010cc8ecae29f89a3d,2024-07,Surrey Police,Surrey Police,-0.588651,51.251843,On or near Percy Road,E01030487,Guildford 006B,Criminal damage and arson,Unable to prosecute suspect,
3790283d90a51f88ae759426a922078af2db5da54088c870892e337a5a1345a3,2024-07,Surrey Police,Surrey Police,-0.586415,51.249037,On or near Woodbridge Hill,E01030487,Guildford 006B,Criminal damage and arson,Investigation complete; no suspect identified,
6ca51d74eca28bd353eccb0689fded18d4993654b047811feafdde8c7458b14f,2024-07,Surrey Police,Surrey Police,-0.585910,51.249624,On or near Heather Close,E01030487,Guildford 006B,Drugs,Local resolution,
39a01279bab7535cb557685419b3d7dc9ae4be240d0273d910d859e37984c52f,2024-07,Surrey Police,Surrey Police,-0.589514,51.251268,On or near A322,E01030487,Guildford 006B,Other theft,Investigation complete; no suspect identified,
4596f3670940d7092b3b4c8bcfe9de3ceec2f5cb947c0956aa9cd83aea006697,2024-07,Surrey Police,Surrey Police,-0.586415,51.249037,On or near Woodbridge Hill,E01030487,Guildford 006B,Other theft,Status update unavailable,
491e0bd85398400b1df52e6ac6c8e9ca21c60ae767023cb4becb449a63bf5453,2024-07,Surrey Police,Surrey Police,-0.586415,51.249037,On or near Woodbridge Hill,E01030487,Guildford 006B,Public order,Investigation complete; no suspect identified,
ba6217bf87a72524aef6dcdf54f12a9d7f89039bb7b1966be99745fda13e2e34,2024-07,Surrey Police,Surrey Police,-0.586415,51.249037,On or near Woodbridge Hill,E01030487,Guildford 006B,Public order,Unable to prosecute suspect,
39a1ae20b061631d22e58bc2d232ffd6156853d3293536dce563b70d49ea763a,2024-07,Surrey Police,Surrey Police,-0.586415,51.249037,On or near Woodbridge Hill,E01030487,Guildford 006B,Public order,Unable to prosecute suspect,
66dcd0dc6a44aeddd0a5169d052fad88d53f1e6a2a8ffa109032631a6a94e03c,2024-07,Surrey Police,Surrey Police,-0.586415,51.249037,On or near Woodbridge Hill,E01030487,Guildford 006B,Robbery,Unable to prosecute suspect,
43b70bbfab2ca1d15805b05ee270433e6523ae1d52e8e49ca7cc92568682242c,2024-07,Surrey Police,Surrey Police,-0.587165,51.249343,On or near Supermarket,E01030487,Guildford 006B,Shoplifting,Unable to prosecute suspect,
80061c6c54785c221bc513a8bf7169ac65c31b245faf8dc21ec01ecafc851e80,2024-07,Surrey Police,Surrey Police,-0.585910,51.249624,On or near Heather Close,E01030487,Guildford 006B,Shoplifting,Awaiting court outcome,
31185ce21eb4f7cdf5532fbc8ce4e45f1aab13495d916d12270ec3222995c0b4,2024-07,Surrey Police,Surrey Police,-0.587165,51.249343,On or near Supermarket,E01030487,Guildford 006B,Shoplifting,Unable to prosecute suspect,
cc27e180a791ca6c3e639ac26f881b02c57440564a78fb3a672a49a85ebbdd62,2024-07,Surrey Police,Surrey Police,-0.587165,51.249343,On or near Supermarket,E01030487,Guildford 006B,Shoplifting,Investigation complete; no suspect identified,
b8591d5e474b35a5ff1f84526d83f3f41abb00794b52fee31afe6d92a60911dc,2024-07,Surrey Police,Surrey Police,-0.588842,51.253068,On or near South Road,E01030487,Guildford 006B,Vehicle crime,Unable to prosecute suspect,
606bb63b7566ad62080a9cbd82660e9e9f3be794eaf082bc697a0d67de9d3bf1,2024-07,Surrey Police,Surrey Police,-0.585910,51.249624,On or near Heather Close,E01030487,Guildford 006B,Vehicle crime,Awaiting court outcome,
2e7abdad4f762a0eaa6432ed096ed3755f2252bdbbd556eb7893ed3ae5d5f7a3,2024-07,Surrey Police,Surrey Police,-0.586415,51.249037,On or near Woodbridge Hill,E01030487,Guildford 006B,Violence and sexual offences,Investigation complete; no suspect identified,
1dc997e0e35e18e688d575529478c75b6007dc586cdd8582a0fb72de887b124d,2024-07,Surrey Police,Surrey Police,-0.586415,51.249037,On or near Woodbridge Hill,E01030487,Guildford 006B,Violence and sexual offences,Unable to prosecute suspect,
2dad2186ed00d59c51a07ad5b5ddd0aaaac3148ba8e70ea9aa46ec5178e766b2,2024-07,Surrey Police,Surrey Police,-0.588842,51.253068,On or near South Road,E01030487,Guildford 006B,Violence and sexual offences,Unable to prosecute suspect,
6e64319376559bb3d546b0cbab4c9520263c9605108dfaa8dc44f90229e2ea1e,2024-07,Surrey Police,Surrey Police,-0.590120,51.252517,On or near Baden Road,E01030487,Guildford 006B,Violence and sexual offences,Investigation complete; no suspect identified,
1a505b9785f899ff1f22a9309289440dfdd253b3126fda3a207b3d6dcb47c210,2024-07,Surrey Police,Surrey Police,-0.586415,51.249037,On or near Woodbridge Hill,E01030487,Guildford 006B,Violence and sexual offences,Status update unavailable,
4feffddb828c494afb34e69fc01c1ecc68ab035cea7fb385149dad2dcadf5f5d,2024-07,Surrey Police,Surrey Police,-0.586415,51.249037,On or near Woodbridge Hill,E01030487,Guildford 006B,Violence and sexual offences,Unable to prosecute suspect,
e31305268678ff2d0c9e07b46422084876cddb6d3cbb30bc91b817a9e68187c1,2024-07,Surrey Police,Surrey Police,-0.586415,51.249037,On or near Woodbridge Hill,E01030487,Guildford 006B,Violence and sexual offences,Unable to prosecute suspect,
cfa6e7d844ed12956e014689f585080813b746adeea55d7c80b77ee731d990f3,2024-07,Surrey Police,Surrey Police,-0.588842,51.253068,On or near South Road,E01030487,Guildford 006B,Violence and sexual offences,Unable to prosecute suspect,
1fd5ad7953122474a7c201991157988bf5a20d904b58d7be0f670856461e7b7d,2024-07,Surrey Police,Surrey Police,-0.586415,51.249037,On or near Woodbridge Hill,E01030487,Guildford 006B,Other crime,Unable to prosecute suspect,
b797e874ae99b63671d0ef7ed034b7a222f88d40f540f86e7662c1b857713f9f,2024-07,Surrey Police,Surrey Police,-0.592186,51.263692,On or near Caraway Place,E01030488,Guildford 006C,Burglary,Investigation complete; no suspect identified,
b88881f0704bb7173ff6d0312fa887ac33e58fb1d15c2688a2f1223dd2f8d34c,2024-07,Surrey Police,Surrey Police,-0.592320,51.264935,On or near Hamilton Drive,E01030488,Guildford 006C,Criminal damage and arson,Unable to prosecute suspect,
45b7a4b229d665954f706c955a5585040bcb1c48ee10811cab283baac738133f,2024-07,Surrey Police,Surrey Police,-0.594349,51.264213,On or near Cinnamon Gardens,E01030488,Guildford 006C,Drugs,Unable to prosecute suspect,
1edbf824e2d30b31bb79ddc011bf57066f170c478b68db6f47733d38e15211a2,2024-07,Surrey Police,Surrey Police,-0.592320,51.264935,On or near Hamilton Drive,E01030488,Guildford 006C,Other theft,Investigation complete; no suspect identified,
c55a694ad7ddca3c5827111b0b1d3589a103ee595602fdeed1c6d7a977452332,2024-07,Surrey Police,Surrey Police,-0.592320,51.264935,On or near Hamilton Drive,E01030488,Guildford 006C,Other theft,Investigation complete; no suspect identified,
091e39a4ac9a6e76f20940028b6779f7b897c45fccf80ea9d2a2e71ed3b1ccb9,2024-07,Surrey Police,Surrey Police,-0.590989,51.266277,On or near Brittens Close,E01030488,Guildford 006C,Public order,Unable to prosecute suspect,
d14f5799ed1a3cb0be5f46fc1a6864c26ae1e28924e5217c0a40b95d3a5a5ce8,2024-07,Surrey Police,Surrey Police,-0.593209,51.264010,On or near Tamarind Close,E01030488,Guildford 006C,Vehicle crime,Investigation complete; no suspect identified,
b7190fc5214afeff79562805ca4090b60e16d4807fca9e68399c7c77c8350008,2024-07,Surrey Police,Surrey Police,-0.591600,51.264108,On or near Coriander Crescent,E01030488,Guildford 006C,Violence and sexual offences,Unable to prosecute suspect,
f3e56af43b3149650bcd02a3639e360bb2b0f56a683de6867f72ecb57526a0b5,2024-07,Surrey Police,Surrey Police,-0.592320,51.264935,On or near Hamilton Drive,E01030488,Guildford 006C,Violence and sexual offences,Unable to prosecute suspect,
,2024-07,Surrey Police,Surrey Police,-0.592384,51.260053,On or near Saffron Platt,E01030489,Guildford 006D,Anti-social behaviour,,
,2024-07,Surrey Police,Surrey Police,-0.591328,51.258008,On or near Whitfield Close,E01030489,Guildford 006D,Anti-social behaviour,,
,2024-07,Surrey Police,Surrey Police,-0.591328,51.258008,On or near Whitfield Close,E01030489,Guildford 006D,Anti-social behaviour,,
,2024-07,Surrey Police,Surrey Police,-0.592384,51.260053,On or near Saffron Platt,E01030489,Guildford 006D,Anti-social behaviour,,
,2024-07,Surrey Police,Surrey Police,-0.586936,51.259151,On or near Grange Close,E01030489,Guildford 006D,Anti-social behaviour,,
,2024-07,Surrey Police,Surrey Police,-0.592384,51.260053,On or near Saffron Platt,E01030489,Guildford 006D,Anti-social behaviour,,
2ec27a5da6eea4c1d6e71d332a6de88e8f5c6eff836c050da6e2fea2c2669a08,2024-07,Surrey Police,Surrey Police,-0.588622,51.259792,On or near Little Street,E01030489,Guildford 006D,Burglary,Unable to prosecute suspect,
c861273a51966fe808fd1776a13702de7b127cfed097fca2aff88bb8fe8f3fb4,2024-07,Surrey Police,Surrey Police,-0.588622,51.259792,On or near Little Street,E01030489,Guildford 006D,Criminal damage and arson,Investigation complete; no suspect identified,
e9291209983c3da5e54742a182634e103e4788ad368ca6c0b68e4846e02a86a3,2024-07,Surrey Police,Surrey Police,-0.588622,51.259792,On or near Little Street,E01030489,Guildford 006D,Criminal damage and arson,Investigation complete; no suspect identified,
2b8431f446c73c75279f3cef9b616378ba1424eb2385bb5732c3ae4894cf9429,2024-07,Surrey Police,Surrey Police,-0.586146,51.262037,On or near Crowcroft Close,E01030489,Guildford 006D,Criminal damage and arson,Investigation complete; no suspect identified,
4c3192b2419c823c9b3bd380e399ea62c37dd83a52b9e102e36885cf4851dff6,2024-07,Surrey Police,Surrey Police,-0.592384,51.260053,On or near Saffron Platt,E01030489,Guildford 006D,Criminal damage and arson,Status update unavailable,
4747e5866e9ba44cf14421fcc90d38d2f6bc396775d0d95fedf2daf616d0fa79,2024-07,Surrey Police,Surrey Police,-0.588622,51.259792,On or near Little Street,E01030489,Guildford 006D,Shoplifting,Investigation complete; no suspect identified,
aa007fbab9d57c83eee213dbb67c7936e946e553b70ad96b7e10bfa75505ca7c,2024-07,Surrey Police,Surrey Police,-0.588622,51.259792,On or near Little Street,E01030489,Guildford 006D,Vehicle crime,Unable to prosecute suspect,
8084b155d394652370144bcecd21ff25ca22a0d2b0e95160085001c135613d86,2024-07,Surrey Police,Surrey Police,-0.586936,51.259151,On or near Grange Close,E01030489,Guildford 006D,Vehicle crime,Investigation complete; no suspect identified,
aaa0eb18041e666283815ae7f92d0996ad0ae85ff56592433bb8b3e6dbe8b228,2024-07,Surrey Police,Surrey Police,-0.588622,51.259792,On or near Little Street,E01030489,Guildford 006D,Vehicle crime,Unable to prosecute suspect,
5c7747e864635b5a5dc0df60a0fd9b44416c540f8982efad54f36ad03e57f8a8,2024-07,Surrey Police,Surrey Police,-0.586309,51.260438,On or near Grange Road,E01030489,Guildford 006D,Vehicle crime,Investigation complete; no suspect identified,
f0f62dcc32c29867010ee1e473941a758a277bc70eba71ea1eb0d40c84c497a3,2024-07,Surrey Police,Surrey Police,-0.584823,51.262174,On or near Robin Way,E01030489,Guildford 006D,Violence and sexual offences,Unable to prosecute suspect,
6829eb2e18e5102641399b61a4ddb5fe4c3021a0b7e3c6b315a6a706fcac7c11,2024-07,Surrey Police,Surrey Police,-0.586309,51.260438,On or near Grange Road,E01030489,Guildford 006D,Violence and sexual offences,Unable to prosecute suspect,
9de5b7944755780bfc78a4769ceb45a64491ffcf6f06e3f60427f7f4a439bff0,2024-07,Surrey Police,Surrey Police,-0.591328,51.258008,On or near Whitfield Close,E01030489,Guildford 006D,Violence and sexual offences,Unable to prosecute suspect,
c8225ab8ee0e85cc5af04315bf2b1db125f4ac851fabd840cf26284576a05681,2024-07,Surrey Police,Surrey Police,-0.588622,51.259792,On or near Little Street,E01030489,Guildford 006D,Violence and sexual offences,Court result unavailable,
,2024-07,Surrey Police,Surrey Police,-0.575188,51.260411,On or near Hazel Avenue,E01030481,Guildford 007A,Anti-social behaviour,,
,2024-07,Surrey Police,Surrey Police,-0.577895,51.260957,On or near Oak Tree Drive,E01030481,Guildford 007A,Anti-social behaviour,,
1cfbab811248a4a624dad997d6bf9ef65a46d45d7d063df625feb17e0a0a8a10,2024-07,Surrey Police,Surrey Police,-0.578189,51.262552,On or near Palm Grove,E01030481,Guildford 007A,Burglary,Investigation complete; no suspect identified,
834b26fe02d2eb9d766e4d0fdeb2c1fdabebc94dacb7590dad0156d6d07e4247,2024-07,Surrey Police,Surrey Police,-0.580991,51.264186,On or near Juniper Close,E01030481,Guildford 007A,Drugs,Court result unavailable,
c235083c716bb5f10473937290f59e066ee0bca57a674844c0babfdaefbfeb00,2024-07,Surrey Police,Surrey Police,-0.581785,51.259808,On or near Lime Grove,E01030481,Guildford 007A,Vehicle crime,Unable to prosecute suspect,
90762e7e1a27304acee408a2752e384b2a96e68c5a2e576165d3a4009e65481a,2024-07,Surrey Police,Surrey Police,-0.581469,51.257996,On or near Rowan Close,E01030481,Guildford 007A,Vehicle crime,Investigation complete; no suspect identified,
e558555683c622fb866c73c63d69324899de1790019590e243da2f347fc16466,2024-07,Surrey Police,Surrey Police,-0.581785,51.259808,On or near Lime Grove,E01030481,Guildford 007A,Violence and sexual offences,Further action is not in the public interest,
,2024-07,Surrey Police,Surrey Police,-0.574842,51.253986,On or near Cedar Way,E01030482,Guildford 007B,Anti-social behaviour,,
,2024-07,Surrey Police,Surrey Police,-0.574842,51.253986,On or near Cedar Way,E01030482,Guildford 007B,Anti-social behaviour,,
39d409fc0053baa3c0ac6daecc370c0b00f47b0629f4d67acf2dd8729bc0e866,2024-07,Surrey Police,Surrey Police,-0.574842,51.253986,On or near Cedar Way,E01030482,Guildford 007B,Criminal damage and arson,Investigation complete; no suspect identified,
19ce05dd7524d5c8fdec4d38caf9c9d77d5dc7d9a296213a7e768e134f5b4edf,2024-07,Surrey Police,Surrey Police,-0.570308,51.260181,On or near Woodlands Road,E01030482,Guildford 007B,Criminal damage and arson,Investigation complete; no suspect identified,
3abac7f01db970bccfb37084e3088ce62b68a31712ed2eacb9347b43fd970b63,2024-07,Surrey Police,Surrey Police,-0.570308,51.260181,On or near Woodlands Road,E01030482,Guildford 007B,Other theft,Investigation complete; no suspect identified,
3846cdffae584f10f9db3bd1becd46c46672f852529f223b7d410fce6b30f05f,2024-07,Surrey Police,Surrey Police,-0.574658,51.259020,On or near Almond Close,E01030482,Guildford 007B,Public order,Unable to prosecute suspect,
4218681ba238d1d3cd76abc86e3193955cc906149abcb0779fc93f2f0ef010d5,2024-07,Surrey Police,Surrey Police,-0.567329,51.261035,On or near Moorfield Road,E01030482,Guildford 007B,Vehicle crime,Investigation complete; no suspect identified,
d2adecb82c37eaa01c5994e66fa07b5f0b21bc9d00246c7f25ab350dbd6884b7,2024-07,Surrey Police,Surrey Police,-0.574713,51.256790,On or near Fir Tree Road,E01030482,Guildford 007B,Violence and sexual offences,Investigation complete; no suspect identified,
44adfa549579a3df5db0dec222a1e3cb75e1dc3130f541d560df5f83a216b1b3,2024-07,Surrey Police,Surrey Police,-0.574658,51.259020,On or near Almond Close,E01030482,Guildford 007B,Violence and sexual offences,Unable to prosecute suspect,
,2024-07,Surrey Police,Surrey Police,-0.578892,51.252795,On or near Berberis Close,E01030483,Guildford 007C,Anti-social behaviour,,
,2024-07,Surrey Police,Surrey Police,-0.578892,51.252795,On or near Berberis Close,E01030483,Guildford 007C,Anti-social behaviour,,
833f4aade530736c85e4d59d42c0c4975bcba05f40bb1523b6a9086bd1192766,2024-07,Surrey Police,Surrey Police,-0.575627,51.253187,On or near Hornbeam Road,E01030483,Guildford 007C,Criminal damage and arson,Unable to prosecute suspect,
5c4b3e1f361c3402896cb91f97d6dff713eec4b6fa1c23ad2fce7da6ddb0ecf7,2024-07,Surrey Police,Surrey Police,-0.583396,51.257777,On or near Blackberry Close,E01030483,Guildford 007C,Other theft,Investigation complete; no suspect identified,
e988fe653187e09a130bfc2797b2591a0314d6a63ee194e13018b4ac95337b90,2024-07,Surrey Police,Surrey Police,-0.576361,51.253061,On or near Medlar Close,E01030483,Guildford 007C,Public order,Investigation complete; no suspect identified,
66bd4163a77783364ce86cc39d83ba504838676d4ab935a35067981b20c8b02f,2024-07,Surrey Police,Surrey Police,-0.578762,51.255617,On or near Larch Avenue,E01030483,Guildford 007C,Public order,Unable to prosecute suspect,
6ca8d3b38fb47ce025a1caac06ec4cb112447e4829b259969fa2cd72194b4133,2024-07,Surrey Police,Surrey Police,-0.583396,51.257777,On or near Blackberry Close,E01030483,Guildford 007C,Violence and sexual offences,Unable to prosecute suspect,
783434ab3fa7950a4f9837b9c59400b78cd0a948b979978bf4520ffd122c3e35,2024-07,Surrey Police,Surrey Police,-0.578762,51.255617,On or near Larch Avenue,E01030483,Guildford 007C,Violence and sexual offences,Status update unavailable,
586ef04b1b41751a7babad43df7e9a5132e74bce8d3063c2598c3da541570160,2024-07,Surrey Police,Surrey Police,-0.578892,51.252795,On or near Berberis Close,E01030483,Guildford 007C,Violence and sexual offences,Investigation complete; no suspect identified,
906288df7a725a83d625fb3b2e5f41d045cc8974961ba5ba2962fa9a7d14f272,2024-07,Surrey Police,Surrey Police,-0.577569,51.254802,On or near Cypress Road,E01030483,Guildford 007C,Violence and sexual offences,Offender given a caution,
f8d1472e3c5c999545089950c08a46b3f7936f85afee868fcff7253786de89a1,2024-07,Surrey Police,Surrey Police,-0.578892,51.252795,On or near Berberis Close,E01030483,Guildford 007C,Violence and sexual offences,Unable to prosecute suspect,
e814100e6c85478c676a41fc2e3653d08258de908ba1f0cff64e25827519b77a,2024-07,Surrey Police,Surrey Police,-0.583396,51.257777,On or near Blackberry Close,E01030483,Guildford 007C,Violence and sexual offences,Status update unavailable,
714606c750b56a968e67db2145e363efd4298a66d6683dee1ddca23f59f27239,2024-07,Surrey Police,Surrey Police,-0.578892,51.252795,On or near Berberis Close,E01030483,Guildford 007C,Violence and sexual offences,Status update unavailable,
3e7dc66d15e1c3a2e3bba0b15b49cc03991d2cebca67898bc86fade8bdd9cefb,2024-07,Surrey Police,Surrey Police,-0.575627,51.253187,On or near Hornbeam Road,E01030483,Guildford 007C,Other crime,Unable to prosecute suspect,
620b89f130d0eabc143157efc29fecc7474f73c904724c2792b19f04fd3ae9eb,2024-07,Surrey Police,Surrey Police,-0.578762,51.255617,On or near Larch Avenue,E01030483,Guildford 007C,Other crime,Unable to prosecute suspect,
,2024-07,Surrey Police,Surrey Police,-0.570828,51.251743,On or near Stoke Mill Close,E01030484,Guildford 007D,Anti-social behaviour,,
,2024-07,Surrey Police,Surrey Police,-0.570696,51.252758,On or near Mangles Road,E01030484,Guildford 007D,Anti-social behaviour,,
41ba36a87bfbd7a12c62c38d83bae1bdf4ce5e764f5f9213966f278e6feffe6c,2024-07,Surrey Police,Surrey Police,-0.573414,51.252449,On or near Parking Area,E01030484,Guildford 007D,Burglary,Court result unavailable,
6fe698f1de8ad28014aff5c280667232b2b4855f89e93a8d7219862bbc1dd40e,2024-07,Surrey Police,Surrey Police,-0.573414,51.252449,On or near Parking Area,E01030484,Guildford 007D,Criminal damage and arson,Investigation complete; no suspect identified,
621a242848cb9430bda89bb7c1156df1787ee213b0f142a45ba5d7ce7c018b83,2024-07,Surrey Police,Surrey Police,-0.573414,51.252449,On or near Parking Area,E01030484,Guildford 007D,Criminal damage and arson,Investigation complete; no suspect identified,
e5478075ff92e9f662aa239351eb09eabc5c82d0ab4a810d0b6b55ba10d4ebe9,2024-07,Surrey Police,Surrey Police,-0.573414,51.252449,On or near Parking Area,E01030484,Guildford 007D,Criminal damage and arson,Unable to prosecute suspect,
503b14499096217cd0ba74bbc47f37c095ae0dd3f91ea4e974ddaa3e25cede89,2024-07,Surrey Police,Surrey Police,-0.573414,51.252449,On or near Parking Area,E01030484,Guildford 007D,Criminal damage and arson,Status update unavailable,
113658f2750bc1dad184cf11f70aece58a413cb275b4198530d5919105bf2b43,2024-07,Surrey Police,Surrey Police,-0.564710,51.262306,On or near Westfield Road,E01030484,Guildford 007D,Other theft,Investigation complete; no suspect identified,
ecae1cf7570cce9072630c8a88a127c5f7b379195c2063f01d91d4eef0fe9733,2024-07,Surrey Police,Surrey Police,-0.566748,51.258546,On or near Slyfield Green,E01030484,Guildford 007D,Other theft,Unable to prosecute suspect,
a1ae84b42bfe84d2f3a4d08fa79e8b1fb5913be995ad739ac044e13b97316d63,2024-07,Surrey Police,Surrey Police,-0.573350,51.254984,On or near Woking Road,E01030484,Guildford 007D,Public order,Unable to prosecute suspect,
6e69a2bb98ccd0f1e6cf8ee8d5292170d9b43f0b0d2abd95e14ca82648902cdc,2024-07,Surrey Police,Surrey Police,-0.575996,51.251429,On or near Waterside Mews,E01030484,Guildford 007D,Vehicle crime,Unable to prosecute suspect,
266f8e3edc4787bd6c39ac73934682851c311357cc36d504a9cea0e78726516b,2024-07,Surrey Police,Surrey Police,-0.575996,51.251429,On or near Waterside Mews,E01030484,Guildford 007D,Violence and sexual offences,Unable to prosecute suspect,
a6ddd39e9a9738c67293dd0fad8ae55751954b73cc4de8237a2b873834c9a1bb,2024-07,Surrey Police,Surrey Police,-0.566748,51.258546,On or near Slyfield Green,E01030484,Guildford 007D,Violence and sexual offences,Unable to prosecute suspect,
7786fa5b4ff835790cf957bf983958cfdbab4aed345edd80fa18b385799f3643,2024-07,Surrey Police,Surrey Police,-0.573350,51.254984,On or near Woking Road,E01030484,Guildford 007D,Violence and sexual offences,Unable to prosecute suspect,
0449a599c509bdd37c07694149ee554459aa5381ab7336d3f3b28e4dffd99ae7,2024-07,Surrey Police,Surrey Police,-0.575996,51.251429,On or near Waterside Mews,E01030484,Guildford 007D,Violence and sexual offences,Unable to prosecute suspect,
e58e79a017d717ac8bc9a8bd013026c4ae6c4d322c1b2a43967338a51901da4c,2024-07,Surrey Police,Surrey Police,-0.573350,51.254984,On or near Woking Road,E01030484,Guildford 007D,Violence and sexual offences,Unable to prosecute suspect,
aa4bbb52dd34386486bfc9d34433c3a1739a77bd8d4249dbf1e090f2220f3f32,2024-07,Surrey Police,Surrey Police,-0.573517,51.250967,On or near Riverside,E01030484,Guildford 007D,Violence and sexual offences,Unable to prosecute suspect,
5ea29a7dcd6ad77beab1e493db10746ff0b1b4e0d973bd3da07b67acfb945044,2024-07,Surrey Police,Surrey Police,-0.570696,51.252758,On or near Mangles Road,E01030484,Guildford 007D,Violence and sexual offences,Further action is not in the public interest,
d883c55eab9ef6c5bf5c3f3ee8791526bae036fc3222d9077aa13d0b6a5e0bf1,2024-07,Surrey Police,Surrey Police,-0.573350,51.254984,On or near Woking Road,E01030484,Guildford 007D,Violence and sexual offences,Unable to prosecute suspect,
7794dca9d9c46ea64c5470f8ee6e04dbaa6af64c016ca03f322a3fd992c91cc1,2024-07,Surrey Police,Surrey Police,-0.575996,51.251429,On or near Waterside Mews,E01030484,Guildford 007D,Violence and sexual offences,Unable to prosecute suspect,
9b724a3c9ef1c556e95ccabcff169da033d7b5f898f6685ec524d5b57daf57a0,2024-07,Surrey Police,Surrey Police,-0.573350,51.254984,On or near Woking Road,E01030484,Guildford 007D,Violence and sexual offences,Unable to prosecute suspect,
0aa4fe535134240b1c8798eade7edd0571b9f23c7a61e260bf256a56892451a8,2024-07,Surrey Police,Surrey Police,-0.573350,51.254984,On or near Woking Road,E01030484,Guildford 007D,Violence and sexual offences,Investigation complete; no suspect identified,
f7ededc7a623c0f0c5c41c703fa12fae7922e536f8a260bf85511c860257b00e,2024-07,Surrey Police,Surrey Police,-0.566748,51.258546,On or near Slyfield Green,E01030484,Guildford 007D,Other crime,Unable to prosecute suspect,
fdf8ffb02db9431c84f4e360d7063dcd997a0b7ac44a51f4b1db919f642565ae,2024-07,Surrey Police,Surrey Police,-0.573350,51.254984,On or near Woking Road,E01030484,Guildford 007D,Other crime,Unable to prosecute suspect,
,2024-07,Surrey Police,Surrey Police,-0.549131,51.262753,On or near Churchfields,E01030434,Guildford 008A,Anti-social behaviour,,
a1b3d6237e3a4d029ca749034efffb36eee2373bfd10c6e659972f9fdb26b2dc,2024-07,Surrey Police,Surrey Police,-0.544137,51.261135,On or near Supermarket,E01030434,Guildford 008A,Other theft,Investigation complete; no suspect identified,
8d762e98b7890216ef972c966a3cbfd6574076528af8bdb19ad817a9b2e65d15,2024-07,Surrey Police,Surrey Police,-0.537459,51.264721,On or near Sutton Hill,E01030434,Guildford 008A,Violence and sexual offences,Unable to prosecute suspect,
,2024-07,Surrey Police,Surrey Police,-0.543073,51.254881,On or near Charlock Way,E01030435,Guildford 008B,Anti-social behaviour,,
,2024-07,Surrey Police,Surrey Police,-0.544581,51.256132,On or near Bryony Road,E01030435,Guildford 008B,Anti-social behaviour,,
d1da1cd89724817b56f8f79e23ec8fd11860ab5cd3b99a48a015dec348b1196f,2024-07,Surrey Police,Surrey Police,-0.545741,51.256632,On or near Coltsfoot Drive,E01030435,Guildford 008B,Criminal damage and arson,Status update unavailable,
220a0583dd7ae3bebca509df31f4f995a61172eda58411bc82c73f6690a7edd9,2024-07,Surrey Police,Surrey Police,-0.544581,51.256132,On or near Bryony Road,E01030435,Guildford 008B,Criminal damage and arson,Investigation complete; no suspect identified,
72e2ed923c58b4e1976eb6409376f33c3596bb45045bb53edacaa7b68938b6ce,2024-07,Surrey Police,Surrey Police,-0.544475,51.258999,On or near Petrol Station,E01030435,Guildford 008B,Drugs,Local resolution,
82345419550ae8313612397e7f7e84719fce83cb8e3b0c0325e1b49261b0ff48,2024-07,Surrey Police,Surrey Police,-0.545486,51.255622,On or near Oak Tree Gardens,E01030435,Guildford 008B,Vehicle crime,Investigation complete; no suspect identified,
1ece7294afe388336f98cba61c6e2e3dbc4e3a027a246410f8faa1d8a96ee3a6,2024-07,Surrey Police,Surrey Police,-0.530338,51.246197,On or near Petrol Station,E01030462,Guildford 008C,Criminal damage and arson,Investigation complete; no suspect identified,
fadad4a12f3210bf34579e387644308c579a0419b9e21e69085d6e8478bd9965,2024-07,Surrey Police,Surrey Police,-0.528736,51.250592,On or near Dunlin Rise,E01030462,Guildford 008C,Other theft,Investigation complete; no suspect identified,
e8d5a0af4d2f1ef6bb070c72a3cfee604f92ae8b56308ab2509d74f77bdf3039,2024-07,Surrey Police,Surrey Police,-0.530279,51.248939,On or near Merrow Street,E01030462,Guildford 008C,Other theft,Investigation complete; no suspect identified,
,2024-07,Surrey Police,Surrey Police,-0.539572,51.253219,On or near Sturt Court,E01030463,Guildford 008D,Anti-social behaviour,,
,2024-07,Surrey Police,Surrey Police,-0.534367,51.248361,On or near Martins Close,E01030464,Guildford 008E,Anti-social behaviour,,
,2024-07,Surrey Police,Surrey Police,-0.540837,51.252183,On or near Ledger Close,E01030464,Guildford 008E,Anti-social behaviour,,
5046f2adef1fb0028f9e45810d8ebd4c3cf0b4d9649eb7d5af0d8d0768b08d72,2024-07,Surrey Police,Surrey Police,-0.536700,51.248435,On or near Bushy Hill Drive,E01030464,Guildford 008E,Violence and sexual offences,Unable to prosecute suspect,
62db3447e11c49c50b5b423fbcbd63d6b6af45fb0e472540176f539f34c05c4f,2024-07,Surrey Police,Surrey Police,-0.594794,51.261273,On or near Sports/Recreation Area,E01030486,Guildford 009A,Public order,Action to be taken by another organisation,
e3afd74b04292e67993487ba98ce62198090212eec68faaaf4aae803ff4891e9,2024-07,Surrey Police,Surrey Police,-0.595138,51.261830,On or near Marjoram Close,E01030486,Guildford 009A,Vehicle crime,Unable to prosecute suspect,
2f72f79c87e15f0c955b73bf80ac40adf473bea22f8510a4aa1ae97e2c21ac7f,2024-07,Surrey Police,Surrey Police,-0.593453,51.260695,On or near Johnston Walk,E01030486,Guildford 009A,Violence and sexual offences,Unable to prosecute suspect,
bc7b1949ca9aee9cbedf6b2ec5cdfb077d9fbf7f7d56511f6434a9bf5713a779,2024-07,Surrey Police,Surrey Police,-0.596859,51.261797,On or near Regalfield Close,E01030486,Guildford 009A,Violence and sexual offences,Unable to prosecute suspect,
6c3d821498cda1c28794bf46c0aac9d8eecbca2e1d1219c7d2febe05aba32b01,2024-07,Surrey Police,Surrey Police,-0.596891,51.260772,On or near Rosemary Crescent,E01030486,Guildford 009A,Violence and sexual offences,Unable to prosecute suspect,
27bf594d01d996372f706306955bd00f2859fd09890b7daff342fec51120135c,2024-07,Surrey Police,Surrey Police,-0.596891,51.260772,On or near Rosemary Crescent,E01030486,Guildford 009A,Violence and sexual offences,Action to be taken by another organisation,
112c217127b450a42a9bcb70e48da9f1acf28d4f0a4c10d3b6f9b530d3c23dd8,2024-07,Surrey Police,Surrey Police,-0.594811,51.258931,On or near Langley Place,E01030486,Guildford 009A,Violence and sexual offences,Unable to prosecute suspect,
,2024-07,Surrey Police,Surrey Police,-0.598560,51.251575,On or near Hill View Crescent,E01030493,Guildford 009B,Anti-social behaviour,,
,2024-07,Surrey Police,Surrey Police,-0.600131,51.246567,On or near Woodside Road,E01030493,Guildford 009B,Anti-social behaviour,,
,2024-07,Surrey Police,Surrey Police,-0.597852,51.246117,On or near Linkway,E01030493,Guildford 009B,Anti-social behaviour,,
7ee1f40b5097e09eca69f428e99d77232c5d5893cbec76ea3f59281959a02678,2024-07,Surrey Police,Surrey Police,-0.598998,51.249449,On or near Hillspur Road,E01030493,Guildford 009B,Other theft,Unable to prosecute suspect,
fa3fd1c67fd635db9b7a66a2dc65459cd37794fc3b21ec5ba7fe5262f88fce98,2024-07,Surrey Police,Surrey Police,-0.597642,51.250206,On or near Supermarket,E01030493,Guildford 009B,Possession of weapons,Unable to prosecute suspect,
36f8c22fbfef8efedac4eade0ce956b3351a246b9cd2774b941b6c17305974f9,2024-07,Surrey Police,Surrey Police,-0.597852,51.246117,On or near Linkway,E01030493,Guildford 009B,Public order,Unable to prosecute suspect,
c9f477b668bcc3875b0b5836a4d63cba88ee06b914dd1a96d3cf144609f2e42e,2024-07,Surrey Police,Surrey Police,-0.600131,51.246567,On or near Woodside Road,E01030493,Guildford 009B,Public order,Investigation complete; no suspect identified,
800ac2c99bedb9f28b7b53cb1832411aac78bca441239d337cf288f4deec3f67,2024-07,Surrey Police,Surrey Police,-0.597642,51.250206,On or near Supermarket,E01030493,Guildford 009B,Shoplifting,Unable to prosecute suspect,
05b23dc4f3a922e1ecedd805079fff45b8d15bb299c9cb741686ec7d1bd8d5f6,2024-07,Surrey Police,Surrey Police,-0.597642,51.250206,On or near Supermarket,E01030493,Guildford 009B,Vehicle crime,Status update unavailable,
f5e2a99890403067f92ffdf9730bab6bb8def62c8dd3601ad638ea60c23a1fff,2024-07,Surrey Police,Surrey Police,-0.595898,51.254304,On or near Galvins Close,E01030493,Guildford 009B,Vehicle crime,Investigation complete; no suspect identified,
b6a8d4177a4c6f020617adc446c13eb6718a90dc92015c187978dba0c1e95967,2024-07,Surrey Police,Surrey Police,-0.597875,51.247268,On or near Vernon Way,E01030493,Guildford 009B,Violence and sexual offences,Action to be taken by another organisation,
465f4debf0aa203fe619c06357ab7b2f6a14b4d1722fb190d8f1a2a54c200f00,2024-07,Surrey Police,Surrey Police,-0.597296,51.246497,On or near Fairfield Close,E01030493,Guildford 009B,Violence and sexual offences,Status update unavailable,
a839a6f70023a4f6ee43e745abedb69ed63dfe4ad7885cda9d2ba74c86e08ad1,2024-07,Surrey Police,Surrey Police,-0.597852,51.246117,On or near Linkway,E01030493,Guildford 009B,Violence and sexual offences,Unable to prosecute suspect,
18e14f26d84e022ce0a1584199465d4d34356569ca16c3a4a1e7cab3846c833f,2024-07,Surrey Police,Surrey Police,-0.597642,51.250206,On or near Supermarket,E01030493,Guildford 009B,Violence and sexual offences,Status update unavailable,
4a0c275f37154ca508ddc3fc5d47a1dad910430b86defbc64ba8db61017bed7a,2024-07,Surrey Police,Surrey Police,-0.600131,51.246567,On or near Woodside Road,E01030493,Guildford 009B,Violence and sexual offences,Unable to prosecute suspect,
273de892104f5a84bf110c4e9aa67e69c3784fc7217bdab57a18ff001ea33437,2024-07,Surrey Police,Surrey Police,-0.597296,51.246497,On or near Fairfield Close,E01030493,Guildford 009B,Violence and sexual offences,Further investigation is not in the public interest,
43aaed41406a687a30ad299d3cd7ff7ad7ce881c9e047b4967195c2ea70dc288,2024-07,Surrey Police,Surrey Police,-0.596468,51.252530,On or near Northway,E01030493,Guildford 009B,Violence and sexual offences,Unable to prosecute suspect,
2b704663cdd863552ef881e45e96ca97764a80a749301e4e135a10449249da0b,2024-07,Surrey Police,Surrey Police,-0.597642,51.250206,On or near Supermarket,E01030493,Guildford 009B,Violence and sexual offences,Status update unavailable,
8b4604cc47d8fadb56e80a1f360a9287b5915583202496b2d5d74f905caab53e,2024-07,Surrey Police,Surrey Police,-0.597296,51.246497,On or near Fairfield Close,E01030493,Guildford 009B,Violence and sexual offences,Unable to prosecute suspect,
,2024-07,Surrey Police,Surrey Police,-0.593988,51.253040,On or near Fentum Road,E01030495,Guildford 009C,Anti-social behaviour,,
7ad5ea1b926df808f6c8b522783ce428ff10b24833ce4f1ab304b7f5d1974cef,2024-07,Surrey Police,Surrey Police,-0.593988,51.253040,On or near Fentum Road,E01030495,Guildford 009C,Vehicle crime,Investigation complete; no suspect identified,
f0b232bca33a8a1a3ccbb988451ed845d521b3f14122b1a77101841c252be257,2024-07,Surrey Police,Surrey Police,-0.593632,51.249663,On or near The Crescent,E01030495,Guildford 009C,Vehicle crime,Investigation complete; no suspect identified,
66edc4f0dee9af58607e14e0456710a1e76c410e2842a98303703f9b125e021e,2024-07,Surrey Police,Surrey Police,-0.592092,51.249879,On or near Bridgehill Close,E01030495,Guildford 009C,Violence and sexual offences,Unable to prosecute suspect,
5aeeed3ba2fc542aa8295c79f771fed62a6b2cd6482c59b1d61abb2c24ceb12c,2024-07,Surrey Police,Surrey Police,-0.592092,51.249879,On or near Bridgehill Close,E01030495,Guildford 009C,Violence and sexual offences,Unable to prosecute suspect,
593d91521b1213be70ed6d53eb81f73ce6d74fb213908a89f0a15e086572f257,2024-07,Surrey Police,Surrey Police,-0.593632,51.249663,On or near The Crescent,E01030495,Guildford 009C,Violence and sexual offences,Unable to prosecute suspect,
4d80cb5500525fea637197f39fb3acbe46c130247d38d40a091a9f6dcec959ed,2024-07,Surrey Police,Surrey Police,-0.592092,51.249879,On or near Bridgehill Close,E01030495,Guildford 009C,Violence and sexual offences,Investigation complete; no suspect identified,
bada690be9fdabdcda72f29870b5ce80bb649230fbfcaf0d5bd06478206dc24c,2024-07,Surrey Police,Surrey Police,-0.592092,51.249879,On or near Bridgehill Close,E01030495,Guildford 009C,Violence and sexual offences,Unable to prosecute suspect,
,2024-07,Surrey Police,Surrey Police,-0.600266,51.256280,On or near Ryde'S Hill Road,E01030498,Guildford 009D,Anti-social behaviour,,
,2024-07,Surrey Police,Surrey Police,-0.600266,51.256280,On or near Ryde'S Hill Road,E01030498,Guildford 009D,Anti-social behaviour,,
35d98194cd76cd40bb79275b858e4e144ff8562a363ff9a90cdd4db9648f3def,2024-07,Surrey Police,Surrey Police,-0.600217,51.253177,On or near Worcester Road,E01030498,Guildford 009D,Burglary,Investigation complete; no suspect identified,
5d37fb5ad753d0e73ea430b17e4d9b342323ae4e524c184027e62ad8bd3a99a2,2024-07,Surrey Police,Surrey Police,-0.600217,51.253177,On or near Worcester Road,E01030498,Guildford 009D,Burglary,Investigation complete; no suspect identified,
59ca3e1e6e278794161173bae263ceb5506e48d664b82e0e0b527aa3b513aae6,2024-07,Surrey Police,Surrey Police,-0.600217,51.253177,On or near Worcester Road,E01030498,Guildford 009D,Burglary,Investigation complete; no suspect identified,
3c91a9989110a60a8882cf6bf5bd8c9718ebd4edab4f5687a4644ed76296e8e2,2024-07,Surrey Police,Surrey Police,-0.600266,51.256280,On or near Ryde'S Hill Road,E01030498,Guildford 009D,Vehicle crime,Investigation complete; no suspect identified,
30955372885cf31ce0ec6435f50a91c9e4d4b689a23be65914dcd0ff3768d381,2024-07,Surrey Police,Surrey Police,-0.599753,51.253819,On or near Ripon Close,E01030498,Guildford 009D,Vehicle crime,Investigation complete; no suspect identified,
a144728f61cf0d2c2e4655deff4605b348b365f97fa34b41fc6c4bd82f39eb63,2024-07,Surrey Police,Surrey Police,-0.600266,51.256280,On or near Ryde'S Hill Road,E01030498,Guildford 009D,Vehicle crime,Investigation complete; no suspect identified,
2f78b2cc7e76d9564a4af137b0739b0d8c06de4d68f2038586af7fb7e4a83bc7,2024-07,Surrey Police,Surrey Police,-0.602862,51.253371,On or near Pennings Avenue,E01030498,Guildford 009D,Violence and sexual offences,Unable to prosecute suspect,
,2024-07,Surrey Police,Surrey Police,-0.730755,51.241950,On or near Moore Close,E01030424,Guildford 010A,Anti-social behaviour,,
73226708312eda8ca1ee24a939788cb2173e2fd2917b606a475578f09540c686,2024-07,Surrey Police,Surrey Police,-0.729192,51.248228,On or near Wychwood Close,E01030424,Guildford 010A,Criminal damage and arson,Unable to prosecute suspect,
0548f039a7b3741016fbab0ba74b1f047f0c966dc635a389e45303019305a411,2024-07,Surrey Police,Surrey Police,-0.730531,51.245904,On or near Attfield Close,E01030424,Guildford 010A,Other theft,Unable to prosecute suspect,
6aaf5af1341a31067ed57ac21225c999c38f745e2edba372eb091bb4f22faf4a,2024-07,Surrey Police,Surrey Police,-0.733925,51.245438,On or near Rosemary Hall Close,E01030424,Guildford 010A,Public order,Status update unavailable,
ca9a7f577d3180cb517cc138a23799d3ad1634a7da796fe44e1114f894d343b7,2024-07,Surrey Police,Surrey Police,-0.726257,51.247108,On or near Star Lane,E01030424,Guildford 010A,Vehicle crime,Investigation complete; no suspect identified,
57e1dcc45f31622758b4d71ba2fd359c0e3c3a0afbdea11ee94cc336c4960206,2024-07,Surrey Police,Surrey Police,-0.730531,51.245904,On or near Attfield Close,E01030424,Guildford 010A,Vehicle crime,Investigation complete; no suspect identified,
ac3d4b1a98c70b7dd27f57384d55dec39e2d8cd712f3dbe3499fc69cd9fd431c,2024-07,Surrey Police,Surrey Police,-0.733925,51.245438,On or near Rosemary Hall Close,E01030424,Guildford 010A,Violence and sexual offences,Unable to prosecute suspect,
8ca4173cffbaaa145a62d667c5f9e63ca4336b8184fce3e6e547a09cb5730f29,2024-07,Surrey Police,Surrey Police,-0.730531,51.245904,On or near Attfield Close,E01030424,Guildford 010A,Violence and sexual offences,Unable to prosecute suspect,
8ebb1766ac7c0a746f8daee1c67c9a98cb5444b46da79918b781edf8aded0ce6,2024-07,Surrey Police,Surrey Police,-0.733925,51.245438,On or near Rosemary Hall Close,E01030424,Guildford 010A,Violence and sexual offences,Unable to prosecute suspect,
,2024-07,Surrey Police,Surrey Police,-0.718883,51.254140,On or near Old School Close,E01030431,Guildford 010B,Anti-social behaviour,,
,2024-07,Surrey Police,Surrey Police,-0.717138,51.255578,On or near Parking Area,E01030431,Guildford 010B,Anti-social behaviour,,
832c19ed9586d962d82b860437239d987f4aaf602309bfad78fbdd2eb0d662c7,2024-07,Surrey Police,Surrey Police,-0.705715,51.251037,On or near Parking Area,E01030431,Guildford 010B,Burglary,Court result unavailable,
6fac2cf3d7a4f646ca10d8b0eda75fa04cc308360a771e41e4ecd4c3b79f05f7,2024-07,Surrey Police,Surrey Police,-0.715557,51.254733,On or near Ash Hill Road,E01030431,Guildford 010B,Criminal damage and arson,Investigation complete; no suspect identified,
1de924e724ed7fec2144cbed1cee72c0c688d29913693763de1bc9c1c04af4f9,2024-07,Surrey Police,Surrey Police,-0.705715,51.251037,On or near Parking Area,E01030431,Guildford 010B,Criminal damage and arson,Court result unavailable,
8119e58a875c25f6e29ed284bedfbfc747681224dae83516abfa0d533bd8d27f,2024-07,Surrey Police,Surrey Police,-0.705715,51.251037,On or near Parking Area,E01030431,Guildford 010B,Vehicle crime,Investigation complete; no suspect identified,
ef8e02b002ead7f9b1d8db9e1291bf3a567e86500997ea29f3e998cde3e18e02,2024-07,Surrey Police,Surrey Police,-0.705715,51.251037,On or near Parking Area,E01030431,Guildford 010B,Vehicle crime,Investigation complete; no suspect identified,
8516a83937464a1dea21928bf7889c65377ebe40ebf5d858fa9714b8508b1564,2024-07,Surrey Police,Surrey Police,-0.715557,51.254733,On or near Ash Hill Road,E01030431,Guildford 010B,Violence and sexual offences,Status update unavailable,
,2024-07,Surrey Police,Surrey Police,-0.712279,51.251011,On or near Denby Dene,E01030432,Guildford 010C,Anti-social behaviour,,
,2024-07,Surrey Police,Surrey Police,-0.719240,51.252121,On or near Murrell Road,E01030432,Guildford 010C,Anti-social behaviour,,
,2024-07,Surrey Police,Surrey Police,-0.713301,51.252883,On or near Miles Road,E01030432,Guildford 010C,Anti-social behaviour,,
79e719cbf8012420d7f3ca395e22888c34f73474e4851098bbc05c35f83dff1c,2024-07,Surrey Police,Surrey Police,-0.712279,51.251011,On or near Denby Dene,E01030432,Guildford 010C,Other theft,Investigation complete; no suspect identified,
f0bc0b0909c1c181776123daddffb03acd9de695164fdbc62158e77d15ee8ba5,2024-07,Surrey Police,Surrey Police,-0.712175,51.249589,On or near Parking Area,E01030432,Guildford 010C,Public order,Investigation complete; no suspect identified,
0647be72846750b236cb98d2d46bf5f5ef4d768a1d7b56af6d62ff79acc0444c,2024-07,Surrey Police,Surrey Police,-0.714280,51.252220,On or near Parking Area,E01030432,Guildford 010C,Public order,Unable to prosecute suspect,
3692e5eef539fb7319300d2562fd4f8e60904b6dd64198be5386327c2358787e,2024-07,Surrey Police,Surrey Police,-0.713446,51.251284,On or near Chester Road,E01030432,Guildford 010C,Vehicle crime,Investigation complete; no suspect identified,
93fde48a78ddba3cbd80945db1737b97a7a28d57ae3eb77f4763526c5056a74a,2024-07,Surrey Police,Surrey Police,-0.709218,51.251310,On or near Dean Close,E01030432,Guildford 010C,Vehicle crime,Investigation complete; no suspect identified,
a7896e65e7c6f98d3e5aafb72661a6e5b537e78d339e30f82c1613250b744e28,2024-07,Surrey Police,Surrey Police,-0.709218,51.251310,On or near Dean Close,E01030432,Guildford 010C,Violence and sexual offences,Unable to prosecute suspect,
aad070eb507ba3df2b3c3846112cfa637b84f1fd6a9caff5b9e76d3db0a6206e,2024-07,Surrey Police,Surrey Police,-0.715780,51.251355,On or near Tolley Close,E01030432,Guildford 010C,Violence and sexual offences,Action to be taken by another organisation,
,2024-07,Surrey Police,Surrey Police,-0.720476,51.249940,On or near Ewins Close,E01030433,Guildford 010D,Anti-social behaviour,,
,2024-07,Surrey Police,Surrey Police,-0.725776,51.251050,On or near Shawfield Road,E01030433,Guildford 010D,Anti-social behaviour,,
,2024-07,Surrey Police,Surrey Police,-0.725776,51.251050,On or near Shawfield Road,E01030433,Guildford 010D,Anti-social behaviour,,
,2024-07,Surrey Police,Surrey Police,-0.724532,51.249391,On or near Longacre,E01030433,Guildford 010D,Anti-social behaviour,,
88d77b9df06a0cdc28d3b65a6e3bb1e7a73cdc7aabecdc088d64c7808291af89,2024-07,Surrey Police,Surrey Police,-0.720554,51.249186,On or near Church View,E01030433,Guildford 010D,Criminal damage and arson,Unable to prosecute suspect,
367c5b7952dabfe60f67fd02988816435f2984c1d192c887fb91fc06a9c3f46b,2024-07,Surrey Police,Surrey Police,-0.722034,51.246981,On or near Tumber Close,E01030433,Guildford 010D,Drugs,Investigation complete; no suspect identified,
311b06bd34fc2fd67e0122f58a29ac9331b941c463e5261f780a217123b08c50,2024-07,Surrey Police,Surrey Police,-0.722477,51.248038,On or near Deedman Close,E01030433,Guildford 010D,Drugs,Local resolution,
9b09eec3c4c8eb77956054e984f8b11193af61d4d7176756c3c3c3e810637aa2,2024-07,Surrey Police,Surrey Police,-0.724532,51.249391,On or near Longacre,E01030433,Guildford 010D,Other theft,Investigation complete; no suspect identified,
6210540545c42e1a50305d812e686ca0a624b02d23608e91d8f3265fdd0cbeca,2024-07,Surrey Police,Surrey Police,-0.725776,51.251050,On or near Shawfield Road,E01030433,Guildford 010D,Other theft,Investigation complete; no suspect identified,
ebf0a5279af61cb2608e89a38ff2eb113eaf62d81a17055ebdcf58df0020bc7b,2024-07,Surrey Police,Surrey Police,-0.723923,51.246543,On or near Old Chapel Lane,E01030433,Guildford 010D,Other theft,Investigation complete; no suspect identified,
030f7fbceae84f093abbf0eac7c59f0858f5393dee6a780347b88bca26185198,2024-07,Surrey Police,Surrey Police,-0.724303,51.246268,On or near Supermarket,E01030433,Guildford 010D,Public order,Local resolution,
6e054484332541869360e07696a1bb169d9e0406813e2d8ff138f557ef8094fe,2024-07,Surrey Police,Surrey Police,-0.724303,51.246268,On or near Supermarket,E01030433,Guildford 010D,Vehicle crime,Investigation complete; no suspect identified,
80f7c4df4e4ce6241f99f5fe5822ab90be20b37fc98e6c21d9a18e608c30e7cf,2024-07,Surrey Police,Surrey Police,-0.722477,51.248038,On or near Deedman Close,E01030433,Guildford 010D,Vehicle crime,Investigation complete; no suspect identified,
5d034eba573fa9fc1ccf71b9637e66e1c7d829987e8cbbfd97da809fce279284,2024-07,Surrey Police,Surrey Police,-0.722477,51.248038,On or near Deedman Close,E01030433,Guildford 010D,Violence and sexual offences,Investigation complete; no suspect identified,
71793a7594619f17ca5a2be63ccde3c3cf77e4d66882ae1578fb731164216f58,2024-07,Surrey Police,Surrey Police,-0.722034,51.246981,On or near Tumber Close,E01030433,Guildford 010D,Violence and sexual offences,Unable to prosecute suspect,
d9e0b6b83f0836e412b1ef76553639ca0f8eb0c5a36f11d9f57d9e758783f3a5,2024-07,Surrey Police,Surrey Police,-0.724532,51.249391,On or near Longacre,E01030433,Guildford 010D,Violence and sexual offences,Investigation complete; no suspect identified,
8f8eb75e27d9fa0b91ab212c9c229144a33cb3997577fb03f81be2935577f057,2024-07,Surrey Police,Surrey Police,-0.725776,51.251050,On or near Shawfield Road,E01030433,Guildford 010D,Violence and sexual offences,Unable to prosecute suspect,
41f12329e4dfc1325df25abbf78d0dead0c98a154232a4dec7de5096515fbb60,2024-07,Surrey Police,Surrey Police,-0.724532,51.249391,On or near Longacre,E01030433,Guildford 010D,Violence and sexual offences,Investigation complete; no suspect identified,
31f9c5978b7593db9bf4c875e7a6701b97aa0e8f59de8cbef8f055dac0a5d847,2024-07,Surrey Police,Surrey Police,-0.547475,51.257517,On or near The Cedars,E01030436,Guildford 011A,Burglary,Investigation complete; no suspect identified,
a7b61d094457e4b94c6d57f8354211a10e027ff50a6f3d562551806204b4e551,2024-07,Surrey Police,Surrey Police,-0.547475,51.257517,On or near The Cedars,E01030436,Guildford 011A,Burglary,Investigation complete; no suspect identified,
ba7d596545c21500ccd04c7647b139939a8011436e8926cec7ffda21ad97fcd1,2024-07,Surrey Police,Surrey Police,-0.547475,51.257517,On or near The Cedars,E01030436,Guildford 011A,Criminal damage and arson,Further action is not in the public interest,
4ee9c7dbd514316b5c78da6cefdd3d99bf4f1acbbe63fc1f0cd2959d67cef639,2024-07,Surrey Police,Surrey Police,-0.548913,51.259639,On or near Meadow Road,E01030436,Guildford 011A,Criminal damage and arson,Investigation complete; no suspect identified,
dea6bf3ba83c94f7fafa1b8657069bdb8b39a9390794ab1008b3c9a516e84b35,2024-07,Surrey Police,Surrey Police,-0.546562,51.254205,On or near Woodruff Avenue,E01030436,Guildford 011A,Public order,Action to be taken by another organisation,
977cc66f00ae6eecbd05521d251736ff0fabebf1f6e8826f9d7d7fe4e6a7709a,2024-07,Surrey Police,Surrey Police,-0.545643,51.258677,On or near Supermarket,E01030436,Guildford 011A,Shoplifting,Local resolution,
617ecdc314ee2b1e8f7ea8ad5292f374dfd01e98dc50ccb4071084dbbe74f86c,2024-07,Surrey Police,Surrey Police,-0.545643,51.258677,On or near Supermarket,E01030436,Guildford 011A,Shoplifting,Investigation complete; no suspect identified,
a9d62b20031f61195f8de99c447bc7c4c1114378e29e84fe3ca2b6594735149f,2024-07,Surrey Police,Surrey Police,-0.546562,51.254205,On or near Woodruff Avenue,E01030436,Guildford 011A,Violence and sexual offences,Further action is not in the public interest,
0eadde5cce15028ca6291c50d31324c39c1318d6e170dc18a4b8463362d6ae94,2024-07,Surrey Police,Surrey Police,-0.546562,51.254205,On or near Woodruff Avenue,E01030436,Guildford 011A,Violence and sexual offences,Action to be taken by another organisation,
e2e2655885a0539ea85dbd8a2ced4dd77e04d38c97a68db3ae6a9769af1d2027,2024-07,Surrey Police,Surrey Police,-0.554011,51.257490,On or near Alford Close,E01030436,Guildford 011A,Violence and sexual offences,Investigation complete; no suspect identified,
fc66c413df53c929e6c660bc2386f373ed528407b0bea49690d99903b4f8d87e,2024-07,Surrey Police,Surrey Police,-0.546562,51.254205,On or near Woodruff Avenue,E01030436,Guildford 011A,Other crime,Further action is not in the public interest,
,2024-07,Surrey Police,Surrey Police,-0.552442,51.238550,On or near St Omer Road,E01030437,Guildford 011B,Anti-social behaviour,,
b73562b28739628ad03ddea12c51965a0b5fcdbe7a953a395abe3e785e39eeb5,2024-07,Surrey Police,Surrey Police,-0.552442,51.238550,On or near St Omer Road,E01030437,Guildford 011B,Criminal damage and arson,Unable to prosecute suspect,
8998a05e7432bb9d5d389e2309ee19ca346c2537e7321b96fa9d46ef683c1c6d,2024-07,Surrey Police,Surrey Police,-0.544432,51.239539,On or near Pitt River Close,E01030437,Guildford 011B,Criminal damage and arson,Investigation complete; no suspect identified,
dc20879f93733e51eb6701a60be2ec8fa78f54e05e5c4eeed28c14f095cb2746,2024-07,Surrey Police,Surrey Police,-0.547277,51.240159,On or near Gateways,E01030437,Guildford 011B,Criminal damage and arson,Investigation complete; no suspect identified,
c7ec9179dcab406016c2470b0ee9813c7e43229db8c8951e9136880c47cbb3ad,2024-07,Surrey Police,Surrey Police,-0.545546,51.246459,On or near Napier Gardens,E01030437,Guildford 011B,Possession of weapons,Awaiting court outcome,
9e96f05640bc574f2e93d524cd37ef903901a5c36d9b4a0a70b56073906b623c,2024-07,Surrey Police,Surrey Police,-0.552442,51.238550,On or near St Omer Road,E01030437,Guildford 011B,Violence and sexual offences,Unable to prosecute suspect,
b9e2b463e533e3912151ba3f28601771267ed13e302538629e611f6ad5a95fbd,2024-07,Surrey Police,Surrey Police,-0.552442,51.238550,On or near St Omer Road,E01030437,Guildford 011B,Violence and sexual offences,Unable to prosecute suspect,
fadedbfe61988d10a15ff3380666f804b7cb34a99d29bd0aa98ef925bc1e4bd2,2024-07,Surrey Police,Surrey Police,-0.552442,51.238550,On or near St Omer Road,E01030437,Guildford 011B,Violence and sexual offences,Unable to prosecute suspect,
74445c402d46f251a37d61e726931c160215b0db89a8656bda85a6bbf560d595,2024-07,Surrey Police,Surrey Police,-0.547522,51.236925,On or near Kyngeshene Gardens,E01030437,Guildford 011B,Violence and sexual offences,Status update unavailable,
56a828a60b0d7020c01f03c35fb21dd1fdcbbf659f4ae9c0f76ad00173b71032,2024-07,Surrey Police,Surrey Police,-0.545546,51.246459,On or near Napier Gardens,E01030437,Guildford 011B,Violence and sexual offences,Unable to prosecute suspect,
b36479e4d85102a1453dd43fce4f4a960c6b3bb551a7f9284bbc5f5985f3f1b3,2024-07,Surrey Police,Surrey Police,-0.552442,51.238550,On or near St Omer Road,E01030437,Guildford 011B,Violence and sexual offences,Unable to prosecute suspect,
3ab82a0d30f0af394036adf1bfb38dd4a192c20a8e299c5136fe420888382e29,2024-07,Surrey Police,Surrey Police,-0.544760,51.240919,On or near Weatherill Close,E01030437,Guildford 011B,Violence and sexual offences,Unable to prosecute suspect,
c8b78b6a39e77eda9dd7d55f7ac3e2167d1ae71e644aed613c2d827b74ab379b,2024-07,Surrey Police,Surrey Police,-0.544720,51.241755,On or near Epsom Road,E01030437,Guildford 011B,Violence and sexual offences,Court result unavailable,
6e306991ffd1815a3cdd27262dde3a3d7b946828a6fc3bb3dbb82e8d88e002a2,2024-07,Surrey Police,Surrey Police,-0.549465,51.242092,On or near Lansdown,E01030437,Guildford 011B,Violence and sexual offences,Unable to prosecute suspect,
37b21edb6980160b72ac93fd49643f854aa11f915408a87a8ad6aadd341065f0,2024-07,Surrey Police,Surrey Police,-0.552442,51.238550,On or near St Omer Road,E01030437,Guildford 011B,Violence and sexual offences,Unable to prosecute suspect,
5cf075782a0b243a824ae86b505343de8f326a28e6a576d114fb1ac2cf20275c,2024-07,Surrey Police,Surrey Police,-0.552442,51.238550,On or near St Omer Road,E01030437,Guildford 011B,Other crime,Unable to prosecute suspect,
,2024-07,Surrey Police,Surrey Police,-0.547191,51.246075,On or near Cunningham Avenue,E01030439,Guildford 011C,Anti-social behaviour,,
5957a05efe5a95ecc4d7d52f965625394c21ee8751366f0c12e36f5a1a801497,2024-07,Surrey Police,Surrey Police,-0.550931,51.250177,On or near Boxgrove Avenue,E01030439,Guildford 011C,Violence and sexual offences,Unable to prosecute suspect,
f778335133fd0a55d36f54226594c0d63f41772feddf22009f4568342c37b704,2024-07,Surrey Police,Surrey Police,-0.543732,51.248999,On or near Brockway Close,E01030460,Guildford 011D,Criminal damage and arson,Unable to prosecute suspect,
e5fd3df30e0609e01c461eca2397335a4c21a7f260d787849ad7bd8715debba5,2024-07,Surrey Police,Surrey Police,-0.543247,51.252087,On or near Great Goodwin Drive,E01030460,Guildford 011D,Vehicle crime,Investigation complete; no suspect identified,
aa8995fb59680fe8bd3d52b9d67688ddb762b0207ad334660e7bba6f53119fe9,2024-07,Surrey Police,Surrey Police,-0.541018,51.247814,On or near Woodlands Park,E01030460,Guildford 011D,Vehicle crime,Investigation complete; no suspect identified,
310eb279846d4e68f710f57a4e237b8764cc7f5eba0b3f9600d63ec589501d01,2024-07,Surrey Police,Surrey Police,-0.543247,51.252087,On or near Great Goodwin Drive,E01030460,Guildford 011D,Vehicle crime,Investigation complete; no suspect identified,
1f8260c0bf861302091403677cc7d1c74a1c43e957d749ffcc0f97fae137fbec,2024-07,Surrey Police,Surrey Police,-0.542628,51.244489,On or near Horseshoe Lane West,E01030460,Guildford 011D,Violence and sexual offences,Investigation complete; no suspect identified,
82355d8eece3c8c02f8290b32797505250e8e3409a9ad35fde74d29842f9ad43,2024-07,Surrey Police,Surrey Police,-0.542826,51.242738,On or near Parklands Place,E01030460,Guildford 011D,Violence and sexual offences,Action to be taken by another organisation,
,2024-07,Surrey Police,Surrey Police,-0.533185,51.245432,On or near Redwood Close,E01030461,Guildford 011E,Anti-social behaviour,,
25d7418faa25431a207d1ae4b1a55b247bd8b8227bcab5f4cdbe31e8482c2dc5,2024-07,Surrey Police,Surrey Police,-0.536358,51.247487,On or near Hall Dene Close,E01030461,Guildford 011E,Other theft,Investigation complete; no suspect identified,
b5c3a7b786b826399e9369cf34cfce02e9109347d6ea98f6a309b3ff7f1cd4fe,2024-07,Surrey Police,Surrey Police,-0.533007,51.241563,On or near Merrow Chase,E01030461,Guildford 011E,Other theft,Investigation complete; no suspect identified,
94c4f426387b8dc2efdde7e7c04059795afb44ffe75fc99a63ee73b20eb9afa4,2024-07,Surrey Police,Surrey Police,-0.536358,51.247487,On or near Hall Dene Close,E01030461,Guildford 011E,Violence and sexual offences,Action to be taken by another organisation,
ae93ffe0f66e2137988a49ca9939cd4a342af86e04f2842c23aa8c92dae1deef,2024-07,Surrey Police,Surrey Police,-0.536358,51.247487,On or near Hall Dene Close,E01030461,Guildford 011E,Violence and sexual offences,Action to be taken by another organisation,
f03f0c15e23eea20ee693879ff74eff2ddd7da8282f77417b609a5352db350f4,2024-07,Surrey Police,Surrey Police,-0.536358,51.247487,On or near Hall Dene Close,E01030461,Guildford 011E,Violence and sexual offences,Action to be taken by another organisation,
6b73f76c856497bdef6099957590bd6db780eeb7806d3c8c84767c123c374ea0,2024-07,Surrey Police,Surrey Police,-0.535999,51.244793,On or near Merrow Croft,E01030461,Guildford 011E,Violence and sexual offences,Unable to prosecute suspect,
b92437631e317247c6e8721e492a438489c7af4a9fd2cc73b3fa4bf1c225cd1c,2024-07,Surrey Police,Surrey Police,-0.535999,51.244793,On or near Merrow Croft,E01030461,Guildford 011E,Violence and sexual offences,Status update unavailable,
07d3e47985871d7dea336b4b2df19b7515f06e1216abbbbae33706ad89afadc4,2024-07,Surrey Police,Surrey Police,-0.536358,51.247487,On or near Hall Dene Close,E01030461,Guildford 011E,Violence and sexual offences,Action to be taken by another organisation,
,2024-07,Surrey Police,Surrey Police,-0.592689,51.238771,On or near The Chase,E01030470,Guildford 012A,Anti-social behaviour,,
22105172aeeb4d0ed7656d3fab1c1962f999b8645f4774629685625997793350,2024-07,Surrey Police,Surrey Police,-0.599689,51.238954,On or near Downing Avenue,E01030470,Guildford 012A,Bicycle theft,Investigation complete; no suspect identified,
f550bd4facd7555cfb91e324fe76e83c6263cc2ad944fa07eb164f136e96a159,2024-07,Surrey Police,Surrey Police,-0.597550,51.239099,On or near Raymond Crescent,E01030470,Guildford 012A,Burglary,Awaiting court outcome,
ef1e25de0b4ac0911b731e123e034ecf5bc11d2759e302abeec511b7053733d1,2024-07,Surrey Police,Surrey Police,-0.607391,51.237370,On or near Sports/Recreation Area,E01030470,Guildford 012A,Criminal damage and arson,Investigation complete; no suspect identified,
0c5539de2aa474c9d7d02e68f82f29433778fed962bad388ce061ad137050d60,2024-07,Surrey Police,Surrey Police,-0.607463,51.241016,On or near Hospital,E01030470,Guildford 012A,Criminal damage and arson,Investigation complete; no suspect identified,
bd8adfaf49b05c04d0dfcd4d69e0a90d0a8012a59a19dba758349b5c7d25c7d8,2024-07,Surrey Police,Surrey Police,-0.604734,51.242198,On or near Supermarket,E01030470,Guildford 012A,Other theft,Local resolution,
be79fd64c5a9768ad6fd9fedfa4a044019143241bebcfffaf6f09394d60533da,2024-07,Surrey Police,Surrey Police,-0.607463,51.241016,On or near Hospital,E01030470,Guildford 012A,Public order,Court result unavailable,
549b0688da86d3a890f395ebbc44abe7b32b512d8b31246ab28c7b1eb40bddde,2024-07,Surrey Police,Surrey Police,-0.607391,51.237370,On or near Sports/Recreation Area,E01030470,Guildford 012A,Public order,Unable to prosecute suspect,
25f62b88b91bd0e1509cf66865add7f3aac60389c5b156598c1551bf626d8dd7,2024-07,Surrey Police,Surrey Police,-0.604734,51.242198,On or near Supermarket,E01030470,Guildford 012A,Public order,Unable to prosecute suspect,
a8edcec95ccb9efecda53e764a27456fd20e6806cc8de6e8590240d69cb96a03,2024-07,Surrey Police,Surrey Police,-0.604734,51.242198,On or near Supermarket,E01030470,Guildford 012A,Violence and sexual offences,Unable to prosecute suspect,
4261f7238a4d80cb98de4d5035bf3ad11d02f78318979456e1f8b053c6d595f5,2024-07,Surrey Police,Surrey Police,-0.607463,51.241016,On or near Hospital,E01030470,Guildford 012A,Violence and sexual offences,Unable to prosecute suspect,
cc172da805b2bd07c967f0c2646f71abae9af4e5496b0d47c19fedfc4d29af5b,2024-07,Surrey Police,Surrey Police,-0.607463,51.241016,On or near Hospital,E01030470,Guildford 012A,Violence and sexual offences,Unable to prosecute suspect,
5f4cb0d95abe78c13a12fab1efad2d66bf11c0891680af837b70205f0fa64cbc,2024-07,Surrey Police,Surrey Police,-0.608060,51.238308,On or near Daphne Jackson Road,E01030470,Guildford 012A,Violence and sexual offences,Unable to prosecute suspect,
08c2e2f4139b223d906733cd7eefffca13e0e98653849dd519f144cf75ea2bd5,2024-07,Surrey Police,Surrey Police,-0.612089,51.237726,On or near James Black Road,E01030470,Guildford 012A,Violence and sexual offences,Unable to prosecute suspect,
921083019dbab44662b3ea04bfd8df3db32fa6494e7bf5f84f95e9988b8029cf,2024-07,Surrey Police,Surrey Police,-0.607463,51.241016,On or near Hospital,E01030470,Guildford 012A,Violence and sexual offences,Unable to prosecute suspect,
9f47f5cdcd9f8c887f204e924c6a2cdff15be5d4199a83ac7a885b30940be97f,2024-07,Surrey Police,Surrey Police,-0.607463,51.241016,On or near Hospital,E01030470,Guildford 012A,Violence and sexual offences,Unable to prosecute suspect,
1c86789569dad561bfa5f078c3c51ff8dbf513cb978f456ef3ff64658788d88d,2024-07,Surrey Police,Surrey Police,-0.607463,51.241016,On or near Hospital,E01030470,Guildford 012A,Violence and sexual offences,Status update unavailable,
2bda276283eb7cd0371f354a519591b39d7b11f2d2e7c20a42541c85fdf3875a,2024-07,Surrey Police,Surrey Police,-0.607463,51.241016,On or near Hospital,E01030470,Guildford 012A,Violence and sexual offences,Unable to prosecute suspect,
699ccdae1bc1af7a681f2d688ed7071892f69e8bf830b25615281d37342c72e3,2024-07,Surrey Police,Surrey Police,-0.601493,51.241350,On or near Ashenden Road,E01030470,Guildford 012A,Violence and sexual offences,Investigation complete; no suspect identified,
5a27f1c74694a75607753e5b177e2cee218c677a759b8b613a40674665da5918,2024-07,Surrey Police,Surrey Police,-0.607463,51.241016,On or near Hospital,E01030470,Guildford 012A,Violence and sexual offences,Unable to prosecute suspect,
caaf4f614913bd568494104280b5048d18b18cc8f2dc58696a814bef4c21b057,2024-07,Surrey Police,Surrey Police,-0.608548,51.239716,On or near Gill Avenue,E01030470,Guildford 012A,Violence and sexual offences,Unable to prosecute suspect,
0210f2e7f262d6b6b385b7550eefb343cd2165d157fc12c06d9da2ed53f5dbb8,2024-07,Surrey Police,Surrey Police,-0.607463,51.241016,On or near Hospital,E01030470,Guildford 012A,Violence and sexual offences,Unable to prosecute suspect,
b792508293b898afd2c3e2dafc9c56ea9e2b134a4ce3dd532e07ce716bf3e85f,2024-07,Surrey Police,Surrey Police,-0.601493,51.241350,On or near Ashenden Road,E01030470,Guildford 012A,Violence and sexual offences,Investigation complete; no suspect identified,
835abe305c2a4705dd19f68e3a62ef805732179d7ee9328e681749ca5b4f0aa0,2024-07,Surrey Police,Surrey Police,-0.608121,51.240547,On or near Hospital,E01030470,Guildford 012A,Violence and sexual offences,Court result unavailable,
421da2309baf49942f04f887c11786d06fe3397a135d2ae48d6032fc832c1d3f,2024-07,Surrey Police,Surrey Police,-0.607463,51.241016,On or near Hospital,E01030470,Guildford 012A,Violence and sexual offences,Unable to prosecute suspect,
0c3cd06ba44d2507582859dbd1235593a9d21882bce5a73c4196b8f550b3b718,2024-07,Surrey Police,Surrey Police,-0.607463,51.241016,On or near Hospital,E01030470,Guildford 012A,Violence and sexual offences,Unable to prosecute suspect,
21475b6b9a776de86b1a63e4c738f8d2da135b7665daccc038b5ed74936bb345,2024-07,Surrey Police,Surrey Police,-0.607463,51.241016,On or near Hospital,E01030470,Guildford 012A,Violence and sexual offences,Investigation complete; no suspect identified,
0fbb6fd876156e9fdec133acd7716348bb02bd77a55c29ab27b964a9c40ef51c,2024-07,Surrey Police,Surrey Police,-0.607463,51.241016,On or near Hospital,E01030470,Guildford 012A,Violence and sexual offences,Unable to prosecute suspect,
76b1513f9e8864e79f8334973dfc00db0179fbde6dc3c5486d7ac1505a32cdd0,2024-07,Surrey Police,Surrey Police,-0.607463,51.241016,On or near Hospital,E01030470,Guildford 012A,Violence and sexual offences,Unable to prosecute suspect,
37a9c05c238f50025fddb472d2881736fb9b4480f0907ab668f7a64e3f4b90c5,2024-07,Surrey Police,Surrey Police,-0.601493,51.241350,On or near Ashenden Road,E01030470,Guildford 012A,Violence and sexual offences,Investigation complete; no suspect identified,
39e4610651f36dca18ea756ce4a49776753ccdd289f86511c29301e30d1f159d,2024-07,Surrey Police,Surrey Police,-0.601493,51.241350,On or near Ashenden Road,E01030470,Guildford 012A,Violence and sexual offences,Unable to prosecute suspect,
,2024-07,Surrey Police,Surrey Police,-0.612965,51.245272,On or near Rickyard,E01030494,Guildford 012B,Anti-social behaviour,,
3b4cfddf13cbfa591ddc04921bb571a3d300d686bd8dfa8cffe61bc9d02a3e13,2024-07,Surrey Police,Surrey Police,-0.612325,51.247018,On or near Coppice Close,E01030494,Guildford 012B,Violence and sexual offences,Awaiting court outcome,
234987eed9b193c0c7b03a7ff5cb973507ed1a9de78a42994250af37d6c61d8a,2024-07,Surrey Police,Surrey Police,-0.612965,51.245272,On or near Rickyard,E01030494,Guildford 012B,Violence and sexual offences,Investigation complete; no suspect identified,
56d44cab1c2485fcf0105429cb25cbd08ff6bee27d0cd28eb4bef9599c72faf3,2024-07,Surrey Police,Surrey Police,-0.615018,51.245584,On or near Oak Leaf Close,E01030494,Guildford 012B,Violence and sexual offences,Unable to prosecute suspect,
fd947f978b36aad9534630952c37d1c5f128d4b4f4873c28162a0077081770e3,2024-07,Surrey Police,Surrey Police,-0.613652,51.247663,On or near Dunmore,E01030494,Guildford 012B,Violence and sexual offences,Unable to prosecute suspect,
,2024-07,Surrey Police,Surrey Police,-0.605144,51.244738,On or near Chapelhouse Close,E01030496,Guildford 012C,Anti-social behaviour,,
05343694414931d858433e5800b3a264141786c2eccf0e7d76a96fa800cad9e8,2024-07,Surrey Police,Surrey Police,-0.605644,51.248090,On or near Waggon Close,E01030496,Guildford 012C,Criminal damage and arson,Investigation complete; no suspect identified,
5798999a4a2ea8f5f47c18de1e4184efc80b3bbaf6508845320de6ba94bd263b,2024-07,Surrey Police,Surrey Police,-0.604086,51.245616,On or near Cobbett Road,E01030496,Guildford 012C,Criminal damage and arson,Unable to prosecute suspect,
4c594d9990cf1da6a7888ab140cb1603b96a69c43d3063f23d9f49a2d9c3faff,2024-07,Surrey Police,Surrey Police,-0.604086,51.245616,On or near Cobbett Road,E01030496,Guildford 012C,Other theft,Unable to prosecute suspect,
15e104cab58826e3710c7f2bab61c7b0e71bc48b7e97d04d0e8e5f6981e26a38,2024-07,Surrey Police,Surrey Police,-0.604086,51.245616,On or near Cobbett Road,E01030496,Guildford 012C,Possession of weapons,Status update unavailable,
e52ae99eba1af18c7ec8ec54bed632b8b89e8bb435085f34ee75ccfb435770f4,2024-07,Surrey Police,Surrey Police,-0.605568,51.246812,On or near Cabell Road,E01030496,Guildford 012C,Possession of weapons,Status update unavailable,
3ed90504d5c96d6d69ecbe9ffa2af2a8b6dbcbc4c8c5c0c7a7ba12467095eaaf,2024-07,Surrey Police,Surrey Police,-0.608746,51.247866,On or near Broomfield,E01030496,Guildford 012C,Possession of weapons,Unable to prosecute suspect,
3cc8c0f8f5056baba73e9c75d4b88ff570ffc3063dd61558a49640e249ea7f17,2024-07,Surrey Police,Surrey Police,-0.605665,51.244079,On or near Southway,E01030496,Guildford 012C,Public order,Unable to prosecute suspect,
52e76652024aea3fd714a76dfc9b892f3dfea4fcf3a717435bdade254461693f,2024-07,Surrey Police,Surrey Police,-0.608746,51.247866,On or near Broomfield,E01030496,Guildford 012C,Vehicle crime,Investigation complete; no suspect identified,
f2e66b91a05aa66fe9a3936794f87cd3178473e7f2d3d4c542171d56178637df,2024-07,Surrey Police,Surrey Police,-0.603577,51.243955,On or near Humbolt Close,E01030496,Guildford 012C,Violence and sexual offences,Further action is not in the public interest,
48447a5b919d06c820e0b7bcc44be21f8d00178026edf2605700dd9c02d6b877,2024-07,Surrey Police,Surrey Police,-0.603577,51.243955,On or near Humbolt Close,E01030496,Guildford 012C,Violence and sexual offences,Unable to prosecute suspect,
257527fa9d46562a6a201f6521f04e1527ba7eda00ef808c1e52b1323c3deb90,2024-07,Surrey Police,Surrey Police,-0.604086,51.245616,On or near Cobbett Road,E01030496,Guildford 012C,Violence and sexual offences,Investigation complete; no suspect identified,
d11e0f41bae0f797128deea004b68d8ce52d4ea21d5a7603bfac634e4da65e72,2024-07,Surrey Police,Surrey Police,-0.605568,51.246812,On or near Cabell Road,E01030496,Guildford 012C,Violence and sexual offences,Unable to prosecute suspect,
8a26ebf662ba6cb173c5f9422fdbb33d7db3760e13bdf034282bab0f18a23d0d,2024-07,Surrey Police,Surrey Police,-0.603577,51.243955,On or near Humbolt Close,E01030496,Guildford 012C,Violence and sexual offences,Further action is not in the public interest,
fc7782bccc28b1bb40b7549b4fa6aebe392bb8c59882825f458d1e60c9d92751,2024-07,Surrey Police,Surrey Police,-0.605644,51.248090,On or near Waggon Close,E01030496,Guildford 012C,Violence and sexual offences,Status update unavailable,
71c6dc853b059ba15979ff4286fc0ccce2913b4521eedb3b56046071e162dd18,2024-07,Surrey Police,Surrey Police,-0.603577,51.243955,On or near Humbolt Close,E01030496,Guildford 012C,Violence and sexual offences,Further action is not in the public interest,
010805cbe24d2d34ae1f447f465085158bafcdefd12540f400843feb10cb85e7,2024-07,Surrey Police,Surrey Police,-0.603577,51.243955,On or near Humbolt Close,E01030496,Guildford 012C,Violence and sexual offences,Further action is not in the public interest,
b66a910189e39aa0178360772050b64ed8371b6f79ab1a699746873b60a0a5e2,2024-07,Surrey Police,Surrey Police,-0.603577,51.243955,On or near Humbolt Close,E01030496,Guildford 012C,Violence and sexual offences,Further action is not in the public interest,
54050414fd440407135231074487896f87234e1a92dd675ea58c6c4f6de67057,2024-07,Surrey Police,Surrey Police,-0.604081,51.246731,On or near Park Barn East,E01030496,Guildford 012C,Violence and sexual offences,Further action is not in the public interest,
,2024-07,Surrey Police,Surrey Police,-0.598473,51.244542,On or near Eastway,E01030497,Guildford 012D,Anti-social behaviour,,
,2024-07,Surrey Police,Surrey Police,-0.600233,51.244167,On or near Coachlads Avenue,E01030497,Guildford 012D,Anti-social behaviour,,
184e2969bfd43be090dcec5193ded816cd2851994184c9330b5b74bc348a3d7c,2024-07,Surrey Police,Surrey Police,-0.601186,51.245797,On or near Hillcrest Road,E01030497,Guildford 012D,Criminal damage and arson,Unable to prosecute suspect,
394e17848689d9bb13eb62d05ca1f4dc4ede9da7a4c836b592fc8e02ea8ada03,2024-07,Surrey Police,Surrey Police,-0.598473,51.244542,On or near Eastway,E01030497,Guildford 012D,Other theft,Status update unavailable,
7a590ab139f846dd477f484b30b1dc0f48630df0ec7d472f1db708ad1f9ec8e1,2024-07,Surrey Police,Surrey Police,-0.598473,51.244542,On or near Eastway,E01030497,Guildford 012D,Vehicle crime,Investigation complete; no suspect identified,
86df082b2383a815a6669ad5d20a4437a797191efe751b98d8c4030aa8dc1eb5,2024-07,Surrey Police,Surrey Police,-0.602576,51.245328,On or near Foxburrows Avenue,E01030497,Guildford 012D,Vehicle crime,Investigation complete; no suspect identified,
6e1d3315a6c09dda2374a966a9b7ffcc67f6ac45515680a5293c4d2485c55ef9,2024-07,Surrey Police,Surrey Police,-0.598473,51.244542,On or near Eastway,E01030497,Guildford 012D,Vehicle crime,Investigation complete; no suspect identified,
5ce8081f8e5a02e05d93975715b25a2a7dbd265748179caefd9a05004d214fed,2024-07,Surrey Police,Surrey Police,-0.600233,51.244167,On or near Coachlads Avenue,E01030497,Guildford 012D,Violence and sexual offences,Investigation complete; no suspect identified,
74f8bc3c448ded48423a5a63a8b9e00c24545c534999e6b9d5c098132a18aeac,2024-07,Surrey Police,Surrey Police,-0.599955,51.245297,On or near Roundhill Way,E01030497,Guildford 012D,Violence and sexual offences,Investigation complete; no suspect identified,
9681af21b3e67675990ff5c315a8c17b7e0721223e8379cae5c1228180be57e4,2024-07,Surrey Police,Surrey Police,-0.600233,51.244167,On or near Coachlads Avenue,E01030497,Guildford 012D,Violence and sexual offences,Status update unavailable,
6ae2188b5583ac82787f92058c3ea4ddb58c9f4f5aa47a72a180995763a97c6b,2024-07,Surrey Police,Surrey Police,-0.600233,51.244167,On or near Coachlads Avenue,E01030497,Guildford 012D,Violence and sexual offences,Unable to prosecute suspect,
,2024-07,Surrey Police,Surrey Police,-0.569862,51.246866,On or near Parking Area,E01030438,Guildford 013A,Anti-social behaviour,,
,2024-07,Surrey Police,Surrey Police,-0.569482,51.246628,On or near Lido Road,E01030438,Guildford 013A,Anti-social behaviour,,
,2024-07,Surrey Police,Surrey Police,-0.556753,51.245914,On or near Avonmore Avenue,E01030438,Guildford 013A,Anti-social behaviour,,
,2024-07,Surrey Police,Surrey Police,-0.553686,51.247747,On or near Elgin Gardens,E01030438,Guildford 013A,Anti-social behaviour,,
a99efa6434e935017f7945461fa2a148808411e60daeee161af5ed36ab69b0bd,2024-07,Surrey Police,Surrey Police,-0.569482,51.246628,On or near Lido Road,E01030438,Guildford 013A,Public order,Investigation complete; no suspect identified,
d3f43407e7804f92bcd5a6d181f4f9e225976b8414ba1118004c228c2023aa9c,2024-07,Surrey Police,Surrey Police,-0.553686,51.247747,On or near Elgin Gardens,E01030438,Guildford 013A,Public order,Unable to prosecute suspect,
d715822a6d68b7187edabce4a2b522a428ff1a1a77b63a69561323c48adbd723,2024-07,Surrey Police,Surrey Police,-0.569482,51.246628,On or near Lido Road,E01030438,Guildford 013A,Public order,Unable to prosecute suspect,
a65df0ae90be2fdbfbbf05cde1ff89c6a1e80373009956563466de0456c6c86d,2024-07,Surrey Police,Surrey Police,-0.569482,51.246628,On or near Lido Road,E01030438,Guildford 013A,Public order,Investigation complete; no suspect identified,
a43b3cf6d7c8b18304b83ce28ab7321467b42604ebd2357459536c0cda7e1fce,2024-07,Surrey Police,Surrey Police,-0.569872,51.246075,On or near Further/Higher Educational Building,E01030438,Guildford 013A,Violence and sexual offences,Investigation complete; no suspect identified,
71ae489a5440f06ac227ff36252834fb9adb98011ca9b729436f88095fb1a1a4,2024-07,Surrey Police,Surrey Police,-0.557570,51.244504,On or near St Margaret'S,E01030438,Guildford 013A,Violence and sexual offences,Unable to prosecute suspect,
3dc4634ee3c04c039fd24c21d3056b14a71c56551312b71b38b343c776fa3ebd,2024-07,Surrey Police,Surrey Police,-0.569862,51.246866,On or near Parking Area,E01030438,Guildford 013A,Violence and sexual offences,Unable to prosecute suspect,
9ad749f54c95657519221a2e201cb6e8d06cadbb1d309047c3644e6ceb3803f3,2024-07,Surrey Police,Surrey Police,-0.569482,51.246628,On or near Lido Road,E01030438,Guildford 013A,Violence and sexual offences,Investigation complete; no suspect identified,
399d3917c8aeca8f17eba4304add4262bd5a7682f5a8b5ede2e26e0ac25438ec,2024-07,Surrey Police,Surrey Police,-0.569862,51.246866,On or near Parking Area,E01030438,Guildford 013A,Violence and sexual offences,Unable to prosecute suspect,
1f705238686d6848f7c4aea2123716cff0e851cbee0fab8ffbed792992364c0c,2024-07,Surrey Police,Surrey Police,-0.569482,51.246628,On or near Lido Road,E01030438,Guildford 013A,Violence and sexual offences,Investigation complete; no suspect identified,
a78955e9891053bc6bb41772b8f13476ff9844b4616202d1b9644134893f3a1c,2024-07,Surrey Police,Surrey Police,-0.569482,51.246628,On or near Lido Road,E01030438,Guildford 013A,Violence and sexual offences,Status update unavailable,
f78655708bc8f5ff417c3bdf9c8949f557956915cfc2457ee1214a504362962c,2024-07,Surrey Police,Surrey Police,-0.569862,51.246866,On or near Parking Area,E01030438,Guildford 013A,Violence and sexual offences,Investigation complete; no suspect identified,
36c2f558ccf60f37277e81eb6a4fc34f5126e2c269fbdbceb9c39ff51acd1fe7,2024-07,Surrey Police,Surrey Police,-0.569482,51.246628,On or near Lido Road,E01030438,Guildford 013A,Violence and sexual offences,Investigation complete; no suspect identified,
,2024-07,Surrey Police,Surrey Police,-0.578516,51.246396,On or near Petrol Station,E01030450,Guildford 013B,Anti-social behaviour,,
,2024-07,Surrey Police,Surrey Police,-0.573203,51.244902,On or near Pound Field,E01030450,Guildford 013B,Anti-social behaviour,,
,2024-07,Surrey Police,Surrey Police,-0.571743,51.249030,On or near A320,E01030450,Guildford 013B,Anti-social behaviour,,
6274b66bf4f31d8ee84c1675a115012458f5fa845f35ee9bab05ee372b1eac6f,2024-07,Surrey Police,Surrey Police,-0.575064,51.242182,On or near Dapdune Road,E01030450,Guildford 013B,Bicycle theft,Investigation complete; no suspect identified,
2251d0949456f5cc036cf4d830f89aa251b44f54c61903ce2d15acfe48fb85ca,2024-07,Surrey Police,Surrey Police,-0.572923,51.244251,On or near Acacia Road,E01030450,Guildford 013B,Criminal damage and arson,Investigation complete; no suspect identified,
1fe1413530377a62cdcefa1bb69f7b79b80c97238bf58e0ff3d7f4b547a96b51,2024-07,Surrey Police,Surrey Police,-0.574280,51.247136,On or near Joseph'S Road,E01030450,Guildford 013B,Criminal damage and arson,Investigation complete; no suspect identified,
e10b96a0116ee47c938f49ad8c419a9ed499a3eb90ca3bc698991c13efc23f4c,2024-07,Surrey Police,Surrey Police,-0.574280,51.247136,On or near Joseph'S Road,E01030450,Guildford 013B,Criminal damage and arson,Investigation complete; no suspect identified,
1ecfe6ca6618248079df33e3ef2407fa3cbf8add9e5d01d8b9b6c0a6d6eaec9a,2024-07,Surrey Police,Surrey Police,-0.578867,51.248496,On or near Europa Park Road,E01030450,Guildford 013B,Drugs,Court result unavailable,
0b01d96878a9787d1784c74021b2960a566ac9cc322768d19269a5bb81e44898,2024-07,Surrey Police,Surrey Police,-0.575683,51.244411,On or near Linden Road,E01030450,Guildford 013B,Drugs,Court result unavailable,
aaec97328230bcb52f343207615c2224cb144301a33aba6a5fec155f8d06d0a1,2024-07,Surrey Police,Surrey Police,-0.574970,51.241048,On or near George Road,E01030450,Guildford 013B,Other theft,Investigation complete; no suspect identified,
552746513dda409b0382229821b3a2c49020887d9a44380f38f5c931d644a2c8,2024-07,Surrey Police,Surrey Police,-0.578516,51.246396,On or near Petrol Station,E01030450,Guildford 013B,Other theft,Court result unavailable,
1396abcf918c6e0b39e31fd102d08c376b636a4a447da0cc08c543098c5af523,2024-07,Surrey Police,Surrey Police,-0.571743,51.249030,On or near A320,E01030450,Guildford 013B,Other theft,Investigation complete; no suspect identified,
3a7b6756225a190a1f0df5821d8c9a3670704cd8be61623195cfcc37e69efaae,2024-07,Surrey Police,Surrey Police,-0.575505,51.246926,On or near Langley Close,E01030450,Guildford 013B,Public order,Unable to prosecute suspect,
4ba7a1fd455a6fd445ec6e4c50c0cf0bf7e36e5d6d04ab4a7822df0e80fdea03,2024-07,Surrey Police,Surrey Police,-0.577129,51.246308,On or near Stocton Close,E01030450,Guildford 013B,Public order,Unable to prosecute suspect,
c4b2713e33d6718b4050d9509ad4332d780ba9342496f24dba2a363d95512ddc,2024-07,Surrey Police,Surrey Police,-0.575730,51.248467,On or near Petrol Station,E01030450,Guildford 013B,Public order,Unable to prosecute suspect,
298463e5bd932eb4dcd140b9aa2fb4684c11a9df7f135fb64e066df9091e6fa4,2024-07,Surrey Police,Surrey Police,-0.580187,51.244708,On or near Parking Area,E01030450,Guildford 013B,Robbery,Investigation complete; no suspect identified,
30601ac03b08030ecec21d86d284ab89a835fbd26eb05b1ba9892ea4a8a360eb,2024-07,Surrey Police,Surrey Police,-0.578867,51.248496,On or near Europa Park Road,E01030450,Guildford 013B,Shoplifting,Investigation complete; no suspect identified,
eb31d92bb4ee2a2e5590a3c5e913c87d9323a3c13c004666871666e77afbbd38,2024-07,Surrey Police,Surrey Police,-0.578867,51.248496,On or near Europa Park Road,E01030450,Guildford 013B,Shoplifting,Investigation complete; no suspect identified,
71835b2c562999376a13f2bce1ae7417317406759a8d57b0000502cf15e92307,2024-07,Surrey Police,Surrey Police,-0.578867,51.248496,On or near Europa Park Road,E01030450,Guildford 013B,Shoplifting,Investigation complete; no suspect identified,
5e0e5de6bbf983443477cd5a1958d2797bd6443adff74b604a895c9ec9c68b47,2024-07,Surrey Police,Surrey Police,-0.578832,51.246187,On or near Shopping Area,E01030450,Guildford 013B,Shoplifting,Investigation complete; no suspect identified,
1efeaf4f0107936e3ce44bb4e6a94dbcd3ea0489fd3a9d9f3ab2071831c7f511,2024-07,Surrey Police,Surrey Police,-0.578867,51.248496,On or near Europa Park Road,E01030450,Guildford 013B,Shoplifting,Awaiting court outcome,
9b2c2b7b27e64de44ffd1680f19e1eff2affed133bca71e4a06ca177649b1b21,2024-07,Surrey Police,Surrey Police,-0.578867,51.248496,On or near Europa Park Road,E01030450,Guildford 013B,Shoplifting,Investigation complete; no suspect identified,
3fce31fd723b09a238491d98d506dfa89808b2ec137c173c678e7d94d798a74a,2024-07,Surrey Police,Surrey Police,-0.573861,51.244487,On or near Sycamore Road,E01030450,Guildford 013B,Shoplifting,Status update unavailable,
9690846e561b229ee8b98cb9901ef4366760137f5af591539401b15b299f0df9,2024-07,Surrey Police,Surrey Police,-0.578832,51.246187,On or near Shopping Area,E01030450,Guildford 013B,Shoplifting,Investigation complete; no suspect identified,
8ca9a3a464a7def6310b0f1dcda17ca9f370033d49d1d64bc1a217bd7cfc7cd8,2024-07,Surrey Police,Surrey Police,-0.578867,51.248496,On or near Europa Park Road,E01030450,Guildford 013B,Shoplifting,Unable to prosecute suspect,
b08743af2ab1ae26b78d024d0396777b365f838af84e9b0ca3fc8355e170b327,2024-07,Surrey Police,Surrey Police,-0.577213,51.249627,On or near A3,E01030450,Guildford 013B,Shoplifting,Investigation complete; no suspect identified,
d4b35f7ad5624f85b74d92ba87742fb14593ba8e59dad4d39b2b79534ed3845a,2024-07,Surrey Police,Surrey Police,-0.578867,51.248496,On or near Europa Park Road,E01030450,Guildford 013B,Shoplifting,Awaiting court outcome,
3ea3469607297a9bc09b7295b10d1b728813af44b23eb4be2a0637e4f6538523,2024-07,Surrey Police,Surrey Police,-0.578867,51.248496,On or near Europa Park Road,E01030450,Guildford 013B,Shoplifting,Status update unavailable,
4350abd7f8d99c4878f94dea9c157a4237ea7dd424b2875c29f4bcfd31434e1c,2024-07,Surrey Police,Surrey Police,-0.578516,51.246396,On or near Petrol Station,E01030450,Guildford 013B,Shoplifting,Investigation complete; no suspect identified,
6585213f8a6041a46f363a4565e7e63ea0c2d1606e063ec37c0b44ea1a521a77,2024-07,Surrey Police,Surrey Police,-0.578867,51.248496,On or near Europa Park Road,E01030450,Guildford 013B,Shoplifting,Court result unavailable,
6eb757f771fe18fdde2f28562e12ae256d44a71667a6c30da2e8d44355b11935,2024-07,Surrey Police,Surrey Police,-0.578516,51.246396,On or near Petrol Station,E01030450,Guildford 013B,Shoplifting,Unable to prosecute suspect,
ac0947c54995cf73395d1781fb2160d62b9f992639184421bbadbbe164f1d265,2024-07,Surrey Police,Surrey Police,-0.578867,51.248496,On or near Europa Park Road,E01030450,Guildford 013B,Shoplifting,Court result unavailable,
ebb028f7160c3360d4ac509f65c09b5a639c41e13ae6d150775dc40df69eb2a1,2024-07,Surrey Police,Surrey Police,-0.578867,51.248496,On or near Europa Park Road,E01030450,Guildford 013B,Shoplifting,Court result unavailable,
f03ffad05c19f5436672f1803ae31bf1679574a496979bbe155cd5a42fcfdeb8,2024-07,Surrey Police,Surrey Police,-0.573595,51.242892,On or near Nettles Terrace,E01030450,Guildford 013B,Vehicle crime,Investigation complete; no suspect identified,
f34ff5a2d534f37f49987c1c5c4cd60964aa0000610316539ba8d25cee0bcf98,2024-07,Surrey Police,Surrey Police,-0.577922,51.245193,On or near Power Close,E01030450,Guildford 013B,Violence and sexual offences,Investigation complete; no suspect identified,
ef8b2b83aff6bec1a3e949822f7a945f7a247bff67a9c5bddb02096cb31b8af8,2024-07,Surrey Police,Surrey Police,-0.580187,51.244708,On or near Parking Area,E01030450,Guildford 013B,Violence and sexual offences,Unable to prosecute suspect,
41b828158ae0ac40c3033a5b6108b3e12dea5f38018efc306ce6ca5935cb2716,2024-07,Surrey Police,Surrey Police,-0.573595,51.242892,On or near Nettles Terrace,E01030450,Guildford 013B,Violence and sexual offences,Investigation complete; no suspect identified,
e785c3832a2d5a87a57d9157e3757087c347583b57e7a08cfb10651f6b1e3bd8,2024-07,Surrey Police,Surrey Police,-0.580187,51.244708,On or near Parking Area,E01030450,Guildford 013B,Violence and sexual offences,Unable to prosecute suspect,
e398fab958c44a4083546fbb9c388a28dc417b9345ea44b53388ae1fda0eca65,2024-07,Surrey Police,Surrey Police,-0.575683,51.244411,On or near Linden Road,E01030450,Guildford 013B,Violence and sexual offences,Investigation complete; no suspect identified,
82f63a13aecf953a17523b34b21cea8d6ecd927cce63b0377926f73f9b11d58d,2024-07,Surrey Police,Surrey Police,-0.577922,51.245193,On or near Power Close,E01030450,Guildford 013B,Violence and sexual offences,Investigation complete; no suspect identified,
1565d2a240affd1555bf1e7320a974aa0dffe30dea4584c382359a964e5a6076,2024-07,Surrey Police,Surrey Police,-0.578716,51.248278,On or near Parking Area,E01030450,Guildford 013B,Violence and sexual offences,Court result unavailable,
684cc9f4cc771839a3d8ce8c47e22f580653a05f251f919eab57fb99ec9fd3da,2024-07,Surrey Police,Surrey Police,-0.580187,51.244708,On or near Parking Area,E01030450,Guildford 013B,Violence and sexual offences,Unable to prosecute suspect,
05c5ce7350f1600461dbbecb3f4942794f741e7cfa52adbaee0bd81bd3bde5ef,2024-07,Surrey Police,Surrey Police,-0.578716,51.248278,On or near Parking Area,E01030450,Guildford 013B,Violence and sexual offences,Unable to prosecute suspect,
34893612249b7396b94abecd1f5615be3cdded4c486f92db4a4f59dc6fa39d91,2024-07,Surrey Police,Surrey Police,-0.571563,51.243290,On or near Stoke Road,E01030450,Guildford 013B,Violence and sexual offences,Investigation complete; no suspect identified,
1a9d3e53fc51f7a4a48959fbcbfb4fa770492248e1e0a89a3ded3f92d9181f61,2024-07,Surrey Police,Surrey Police,-0.578363,51.245315,On or near Faraday Road,E01030450,Guildford 013B,Violence and sexual offences,Unable to prosecute suspect,
504c2f378d6a8bb35279045fd4854bdfecef1ba1cef62bb8a86a4f4582888e5f,2024-07,Surrey Police,Surrey Police,-0.572427,51.242662,On or near Old School Close,E01030450,Guildford 013B,Violence and sexual offences,Unable to prosecute suspect,
763da07584a47f63c8c0974ada948cfc1a535332acfea37fba674e2dee1a8027,2024-07,Surrey Police,Surrey Police,-0.580187,51.244708,On or near Parking Area,E01030450,Guildford 013B,Violence and sexual offences,Unable to prosecute suspect,
200f4272bbb03f8aecc55fafcf756de01bc255da7d688f2fb075508bb57dc0c9,2024-07,Surrey Police,Surrey Police,-0.571563,51.243290,On or near Stoke Road,E01030450,Guildford 013B,Violence and sexual offences,Investigation complete; no suspect identified,
1db3689f2da41e98396dab01286210a2f5d8475eee6ef4adafe4f8cdff12462f,2024-07,Surrey Police,Surrey Police,-0.571563,51.243290,On or near Stoke Road,E01030450,Guildford 013B,Violence and sexual offences,Investigation complete; no suspect identified,
cba839a50598f358764c7277847cc62edf132fb897b4721ddc81406488db8eac,2024-07,Surrey Police,Surrey Police,-0.578516,51.246396,On or near Petrol Station,E01030450,Guildford 013B,Violence and sexual offences,Investigation complete; no suspect identified,
e3c3cd1973b9e5be318595ebaa50876b04e2e6ef01246e56fd083e89e75696da,2024-07,Surrey Police,Surrey Police,-0.574751,51.244426,On or near Chestnut Road,E01030450,Guildford 013B,Violence and sexual offences,Unable to prosecute suspect,
,2024-07,Surrey Police,Surrey Police,-0.570634,51.237659,On or near Chertsey Street,E01030451,Guildford 013C,Anti-social behaviour,,
,2024-07,Surrey Police,Surrey Police,-0.577824,51.238169,On or near Parking Area,E01030451,Guildford 013C,Anti-social behaviour,,
,2024-07,Surrey Police,Surrey Police,-0.572673,51.238907,On or near Sandfield Terrace,E01030451,Guildford 013C,Anti-social behaviour,,
,2024-07,Surrey Police,Surrey Police,-0.577824,51.238169,On or near Parking Area,E01030451,Guildford 013C,Anti-social behaviour,,
,2024-07,Surrey Police,Surrey Police,-0.571371,51.237928,On or near Martyr Road,E01030451,Guildford 013C,Anti-social behaviour,,
,2024-07,Surrey Police,Surrey Police,-0.570634,51.237659,On or near Chertsey Street,E01030451,Guildford 013C,Anti-social behaviour,,
,2024-07,Surrey Police,Surrey Police,-0.572324,51.237221,On or near Ward Street,E01030451,Guildford 013C,Anti-social behaviour,,
cce3232ebdf61ef1439eb0d082b9117c09e0eb0c1536ccb427e14195793f7950,2024-07,Surrey Police,Surrey Police,-0.573091,51.240665,On or near Artillery Terrace,E01030451,Guildford 013C,Burglary,Investigation complete; no suspect identified,
a30adf122c3b8bf365e8ca5204aa88dbe447d5e49f16bad47dc63095e18a8d8f,2024-07,Surrey Police,Surrey Police,-0.576622,51.239503,On or near Police Station,E01030451,Guildford 013C,Criminal damage and arson,Court result unavailable,
f84212ecf09caaa2fed92582bce1d1b8b54c0a3ebecae7c720f87919e9891c0e,2024-07,Surrey Police,Surrey Police,-0.572324,51.237221,On or near Ward Street,E01030451,Guildford 013C,Criminal damage and arson,Unable to prosecute suspect,
ad398d163f3350c2605be896b411f062b8e6a7fa1123c35adf40c6ddcaf18482,2024-07,Surrey Police,Surrey Police,-0.572324,51.237221,On or near Ward Street,E01030451,Guildford 013C,Criminal damage and arson,Investigation complete; no suspect identified,
324eddba667b7fba46fa2fd7f8407f9171d71f027bc0d56ed4d0f0bf554f641e,2024-07,Surrey Police,Surrey Police,-0.572324,51.237221,On or near Ward Street,E01030451,Guildford 013C,Criminal damage and arson,Investigation complete; no suspect identified,
f3d6655fa63a0eda5c5ab13f654b81834dd705905134b22797a45eaea2b20a45,2024-07,Surrey Police,Surrey Police,-0.574658,51.238625,On or near College Road,E01030451,Guildford 013C,Criminal damage and arson,Investigation complete; no suspect identified,
d4632914717ea401fa15e85a8c4153193d3f21fc20c7a8ca8dc3725e9ba55001,2024-07,Surrey Police,Surrey Police,-0.576622,51.239503,On or near Police Station,E01030451,Guildford 013C,Drugs,Unable to prosecute suspect,
33747717b87b03070e182ca9d4705660bf97e6878ba47268d662c414b33ecf56,2024-07,Surrey Police,Surrey Police,-0.576622,51.239503,On or near Police Station,E01030451,Guildford 013C,Drugs,Unable to prosecute suspect,
d7a5ae8cdf4db8f87d357a1f69a05315d1857584c466cd6e1bb489ea29ecf0c7,2024-07,Surrey Police,Surrey Police,-0.577824,51.238169,On or near Parking Area,E01030451,Guildford 013C,Drugs,Court result unavailable,
d95944884f2bc6367acd61f6d629b51638f537af7cc53b623204013a3c3ca140,2024-07,Surrey Police,Surrey Police,-0.576622,51.239503,On or near Police Station,E01030451,Guildford 013C,Drugs,Status update unavailable,
427e73b631f0ca9f08fac414ee52a96ec62bd685241b6b9c6265b6a15a37cdd5,2024-07,Surrey Police,Surrey Police,-0.576622,51.239503,On or near Police Station,E01030451,Guildford 013C,Other theft,Unable to prosecute suspect,
ddc2972bfabe06cafa6739893d8a978a52b3bdec878acb10094c80cf6551e2aa,2024-07,Surrey Police,Surrey Police,-0.574230,51.238575,On or near Parking Area,E01030451,Guildford 013C,Possession of weapons,Unable to prosecute suspect,
fcd6179052f42700b090ac407890c7ce6d618160d26461804da9e05e4107d773,2024-07,Surrey Police,Surrey Police,-0.572324,51.237221,On or near Ward Street,E01030451,Guildford 013C,Possession of weapons,Unable to prosecute suspect,
c4244b9d305d2b875c4f24d7295a0cc3b1ac840fcd39594b255feaa29e67c9ac,2024-07,Surrey Police,Surrey Police,-0.577702,51.238419,On or near Parking Area,E01030451,Guildford 013C,Public order,Investigation complete; no suspect identified,
4ea28e63e97f32fcb52f18fd190ac30bc8a6745d30cb8dbfd50fb1949b32a308,2024-07,Surrey Police,Surrey Police,-0.576622,51.239503,On or near Police Station,E01030451,Guildford 013C,Public order,Unable to prosecute suspect,
1a42be6cb01db334e0f8c9f44ccc93349feaeeab59844e21c86d8f0efc4b56ac,2024-07,Surrey Police,Surrey Police,-0.574658,51.238625,On or near College Road,E01030451,Guildford 013C,Public order,Unable to prosecute suspect,
8f144cea0b8983b50135521abbf8d9fd5e8f84b7d1a7880e5fcd2d47b3cc2098,2024-07,Surrey Police,Surrey Police,-0.576622,51.239503,On or near Police Station,E01030451,Guildford 013C,Public order,Court result unavailable,
c8a1da963b9e928e584cac033b9db2e4f2e430f802017691c704e17d5f684f06,2024-07,Surrey Police,Surrey Police,-0.573939,51.238309,On or near Supermarket,E01030451,Guildford 013C,Public order,Unable to prosecute suspect,
28cb7730ee6681d1739bbb22692d2ba48968aebccf6184aa3ddae9ac6fc89533,2024-07,Surrey Police,Surrey Police,-0.570634,51.237659,On or near Chertsey Street,E01030451,Guildford 013C,Public order,Status update unavailable,
597e5dd5b335a6c2e22f6165d9c7dabfd4ee042147eca2b6a3df0c124c94851b,2024-07,Surrey Police,Surrey Police,-0.572250,51.241464,On or near Stoke Grove,E01030451,Guildford 013C,Public order,Unable to prosecute suspect,
d37fa7df135995bb91e6523e1a2832cf9578458f2b580238b35aad61092b1be6,2024-07,Surrey Police,Surrey Police,-0.570634,51.237659,On or near Chertsey Street,E01030451,Guildford 013C,Public order,Investigation complete; no suspect identified,
c932d492d6e195872acb2c6a53f1f3d5155e9367a7d9389bc9ef06b94b9f14e8,2024-07,Surrey Police,Surrey Police,-0.574658,51.238625,On or near College Road,E01030451,Guildford 013C,Public order,Further investigation is not in the public interest,
f2d95fee77375948cd254c274f94aee089d0a552815cf183abf7c517ff11dbbe,2024-07,Surrey Police,Surrey Police,-0.576622,51.239503,On or near Police Station,E01030451,Guildford 013C,Public order,Formal action is not in the public interest,
92c1cc4c94adbecc094635db4aa75d1eac6bfc5cf4ad4b08111be4e34a8e753d,2024-07,Surrey Police,Surrey Police,-0.574658,51.238625,On or near College Road,E01030451,Guildford 013C,Shoplifting,Investigation complete; no suspect identified,
26644286b32911530a7eb0f77e728803aa22ab2d7c6a35003164f3ad8bc90c61,2024-07,Surrey Police,Surrey Police,-0.574658,51.238625,On or near College Road,E01030451,Guildford 013C,Shoplifting,Unable to prosecute suspect,
4a65f820171e477a05d949e3c271029fa73928f6ffe096a918fe93c44e826a66,2024-07,Surrey Police,Surrey Police,-0.574658,51.238625,On or near College Road,E01030451,Guildford 013C,Shoplifting,Court result unavailable,
b4abc7ede6e15f77aaf7fb2c4e87c88fbd7c073e0181d6512dafffc6b05cb9e6,2024-07,Surrey Police,Surrey Police,-0.574658,51.238625,On or near College Road,E01030451,Guildford 013C,Shoplifting,Unable to prosecute suspect,
16c6f06e1d980ddebbcd347730321a4a61affae16e8fb37c2b34d17e951972e3,2024-07,Surrey Police,Surrey Police,-0.574658,51.238625,On or near College Road,E01030451,Guildford 013C,Shoplifting,Court result unavailable,
c992b57848911e6bea5a26b54d0bbc8bd3888ec5649df9de76f34ff10da49507,2024-07,Surrey Police,Surrey Police,-0.574658,51.238625,On or near College Road,E01030451,Guildford 013C,Shoplifting,Investigation complete; no suspect identified,
57ed6330e027e96377463a83f168921b5e0286158b63733e6b9bd379300b4c54,2024-07,Surrey Police,Surrey Police,-0.574658,51.238625,On or near College Road,E01030451,Guildford 013C,Shoplifting,Unable to prosecute suspect,
e910b4bb8748d906fc9a93a4a5419764989e9c36e91f2d360a8333161a9c31e6,2024-07,Surrey Police,Surrey Police,-0.574658,51.238625,On or near College Road,E01030451,Guildford 013C,Shoplifting,Awaiting court outcome,
3a6e4bc85cb67d4fb95078427c4b1d9091c6f98de6c1c54e4427d1474f0e7d49,2024-07,Surrey Police,Surrey Police,-0.574658,51.238625,On or near College Road,E01030451,Guildford 013C,Shoplifting,Investigation complete; no suspect identified,
991f15e4a997660265aaaf7190bf2c0783615d5f72a695d9fec0b3895a9a79f8,2024-07,Surrey Police,Surrey Police,-0.574658,51.238625,On or near College Road,E01030451,Guildford 013C,Shoplifting,Investigation complete; no suspect identified,
20d7cf484b64c5e5a6855de07d7365bfbb3e92f949ad203258365cb5c69fc58b,2024-07,Surrey Police,Surrey Police,-0.574658,51.238625,On or near College Road,E01030451,Guildford 013C,Shoplifting,Investigation complete; no suspect identified,
df3703372ba627f0beb8605ec80347a01653762ca04bbc8947388577f4f89351,2024-07,Surrey Police,Surrey Police,-0.574658,51.238625,On or near College Road,E01030451,Guildford 013C,Shoplifting,Unable to prosecute suspect,
004547728c4e0a4912013f4f1d86f986cc23b5462d17f8d4ea18e0b73b5b5194,2024-07,Surrey Police,Surrey Police,-0.574658,51.238625,On or near College Road,E01030451,Guildford 013C,Shoplifting,Investigation complete; no suspect identified,
a2123734bc9da6329f0ab9af6102791bb03d532c4e349ef3ded4e6455db50e76,2024-07,Surrey Police,Surrey Police,-0.574658,51.238625,On or near College Road,E01030451,Guildford 013C,Shoplifting,Court result unavailable,
9c51c6f615b8bfb2a96f3b36d6d09dead04c57ca72de8be31956444b734872fb,2024-07,Surrey Police,Surrey Police,-0.574658,51.238625,On or near College Road,E01030451,Guildford 013C,Shoplifting,Unable to prosecute suspect,
7956795243e5a44762d1294bc9c19f5d25739099296233306c23d8858a268447,2024-07,Surrey Police,Surrey Police,-0.574658,51.238625,On or near College Road,E01030451,Guildford 013C,Shoplifting,Unable to prosecute suspect,
c4acf33091db1023ebd5e2bd74c0343954093e75f0e44709b1faec5efd608863,2024-07,Surrey Police,Surrey Police,-0.574658,51.238625,On or near College Road,E01030451,Guildford 013C,Shoplifting,Unable to prosecute suspect,
41e66db28c7ca216c119a238dd296fe88c075b34993fd42abf75c13fc70b2bb0,2024-07,Surrey Police,Surrey Police,-0.572324,51.237221,On or near Ward Street,E01030451,Guildford 013C,Shoplifting,Unable to prosecute suspect,
47e25ccf783485d5d81e36f3753680eb2d33ae593143c25c6ac62ef99816df84,2024-07,Surrey Police,Surrey Police,-0.572324,51.237221,On or near Ward Street,E01030451,Guildford 013C,Shoplifting,Investigation complete; no suspect identified,
3a48671899d911019d22eea03d6f5a6a81d6c794e6e7903cf715c8b40c9a2986,2024-07,Surrey Police,Surrey Police,-0.574658,51.238625,On or near College Road,E01030451,Guildford 013C,Shoplifting,Unable to prosecute suspect,
cd604b96f1668789a6af786af349dc285ecdadc780df3abef18b9723cd8ed7f6,2024-07,Surrey Police,Surrey Police,-0.572324,51.237221,On or near Ward Street,E01030451,Guildford 013C,Shoplifting,Investigation complete; no suspect identified,
ef5497a8efb91014e4dc62c80b559b0428054801250737ebc0d8b30ba725eb5e,2024-07,Surrey Police,Surrey Police,-0.574658,51.238625,On or near College Road,E01030451,Guildford 013C,Shoplifting,Investigation complete; no suspect identified,
afc39a2f73d8b7388a5e9a4aab24df72fcc1bb9eae93c61b2a8adbdab36888de,2024-07,Surrey Police,Surrey Police,-0.574658,51.238625,On or near College Road,E01030451,Guildford 013C,Shoplifting,Investigation complete; no suspect identified,
6aa952b01ea1a9377a7d4b85194cf523676602598a862f879e749a5b0ede2b20,2024-07,Surrey Police,Surrey Police,-0.572324,51.237221,On or near Ward Street,E01030451,Guildford 013C,Shoplifting,Investigation complete; no suspect identified,
76b29ac005e687dfb5768026e21d6048c0109e5e7cd4a309115d492311e23780,2024-07,Surrey Police,Surrey Police,-0.574658,51.238625,On or near College Road,E01030451,Guildford 013C,Shoplifting,Unable to prosecute suspect,
581ed1f66574ef4715f2043bc180b4ae7645be3e6491a7888e1b586d868a46fa,2024-07,Surrey Police,Surrey Police,-0.573939,51.238309,On or near Supermarket,E01030451,Guildford 013C,Shoplifting,Unable to prosecute suspect,
142a4bf8ed1501db656f890b2f7f43e5a96d97e29c27c89432d652862523dae4,2024-07,Surrey Police,Surrey Police,-0.574658,51.238625,On or near College Road,E01030451,Guildford 013C,Shoplifting,Court result unavailable,
1661c73711e46aa429842d3f685fc39e0fc192a3772912f425318aa772e61e59,2024-07,Surrey Police,Surrey Police,-0.576622,51.239503,On or near Police Station,E01030451,Guildford 013C,Theft from the person,Unable to prosecute suspect,
1085d44a5e5164e2344a6cc3e79bd719bd88f0e501a909c0279e44eaff41a9e8,2024-07,Surrey Police,Surrey Police,-0.572324,51.237221,On or near Ward Street,E01030451,Guildford 013C,Theft from the person,Unable to prosecute suspect,
611335352dc23a7bf13e0265b04638a97bcadf7b7e82e7992e65fc68fd77d1d4,2024-07,Surrey Police,Surrey Police,-0.577379,51.240502,On or near Leas Road,E01030451,Guildford 013C,Vehicle crime,Investigation complete; no suspect identified,
99d5db7abd739635b212b3c79760a047cf99571ce1abdc66396eefdcbcf54164,2024-07,Surrey Police,Surrey Police,-0.572324,51.237221,On or near Ward Street,E01030451,Guildford 013C,Vehicle crime,Court result unavailable,
b68609f3665f495ce97518e5e95ea46844ec525a26bb921785027cfd8640a9fa,2024-07,Surrey Police,Surrey Police,-0.576622,51.239503,On or near Police Station,E01030451,Guildford 013C,Violence and sexual offences,Unable to prosecute suspect,
7423c2b69f636e98aa138a59e9c2b29fe65d28a2eef959643bf3f0f3cf9969b0,2024-07,Surrey Police,Surrey Police,-0.576622,51.239503,On or near Police Station,E01030451,Guildford 013C,Violence and sexual offences,Awaiting court outcome,
515691714b8e45809a83e73162fcecf381444eabc24ae57b2389f003d79394c0,2024-07,Surrey Police,Surrey Police,-0.572673,51.238907,On or near Sandfield Terrace,E01030451,Guildford 013C,Violence and sexual offences,Unable to prosecute suspect,
de4b0906396939f32cc7d372cada3c71a08bef9ffe7d6d97c37435bf59eeb921,2024-07,Surrey Police,Surrey Police,-0.572692,51.238295,On or near The Bars,E01030451,Guildford 013C,Violence and sexual offences,Unable to prosecute suspect,
f8fc79e9cfb96254783b47e7ed846bbe1f6ab2e362dfe9d61c12cf1de4f22e7c,2024-07,Surrey Police,Surrey Police,-0.572692,51.238295,On or near The Bars,E01030451,Guildford 013C,Violence and sexual offences,Unable to prosecute suspect,
1bb7d2bfa10e3d8dfc79292fcdab40fe0b1a637819822c9723b13cb069d7952a,2024-07,Surrey Police,Surrey Police,-0.572324,51.237221,On or near Ward Street,E01030451,Guildford 013C,Violence and sexual offences,Unable to prosecute suspect,
0d7e18e31fc75a6290553c72864259ad30ccd82ef5bf259a5ef554e75f948aa8,2024-07,Surrey Police,Surrey Police,-0.572692,51.238295,On or near The Bars,E01030451,Guildford 013C,Violence and sexual offences,Status update unavailable,
818a32a61f4903623b45428f112d574b29a2a1639b5f0c87dfb982a400569307,2024-07,Surrey Police,Surrey Police,-0.576622,51.239503,On or near Police Station,E01030451,Guildford 013C,Violence and sexual offences,Awaiting court outcome,
3e5f6291d4bce7927c2e9f9f3b7406d6448f86f0f80a4128296f0b9a70b4af03,2024-07,Surrey Police,Surrey Police,-0.577824,51.238169,On or near Parking Area,E01030451,Guildford 013C,Violence and sexual offences,Investigation complete; no suspect identified,
3e4d845b2ac184c2f80213d35bab74714a35fd8a41e74621fbd37da957882826,2024-07,Surrey Police,Surrey Police,-0.576622,51.239503,On or near Police Station,E01030451,Guildford 013C,Violence and sexual offences,Offender given a caution,
d097c9d244a193eb5c3e2a59d81cf56cf19e23f275396157b798dae9e9c353e3,2024-07,Surrey Police,Surrey Police,-0.576622,51.239503,On or near Police Station,E01030451,Guildford 013C,Violence and sexual offences,Awaiting court outcome,
9e5a22b9acb648127dabe8f0703ca0c04732e2c098c0b1ce7abbb94c42ee742a,2024-07,Surrey Police,Surrey Police,-0.572324,51.237221,On or near Ward Street,E01030451,Guildford 013C,Violence and sexual offences,Investigation complete; no suspect identified,
ada3baca2bf81ef406fbfe4cf595f9302515d90f0b81aa9e7725932159cedd1f,2024-07,Surrey Police,Surrey Police,-0.573939,51.238309,On or near Supermarket,E01030451,Guildford 013C,Violence and sexual offences,Unable to prosecute suspect,
9186772ab77d24a94efde1b44e0317bf4e469dd908da58e3796635b626f1e4fa,2024-07,Surrey Police,Surrey Police,-0.576622,51.239503,On or near Police Station,E01030451,Guildford 013C,Violence and sexual offences,Awaiting court outcome,
ef827c1343046a2f056878bc1962060045dc27df2a626d25ee86463ce4b23372,2024-07,Surrey Police,Surrey Police,-0.576622,51.239503,On or near Police Station,E01030451,Guildford 013C,Violence and sexual offences,Court result unavailable,
901b662a3a86a3a374a80eed237b6ec3c01333ca2569282b9277a8c55d6a5111,2024-07,Surrey Police,Surrey Police,-0.576622,51.239503,On or near Police Station,E01030451,Guildford 013C,Violence and sexual offences,Status update unavailable,
616ef70833e67a8b1caaaf79102d05895cb56b4b6194e029bab664ffe89959c5,2024-07,Surrey Police,Surrey Police,-0.570634,51.237659,On or near Chertsey Street,E01030451,Guildford 013C,Violence and sexual offences,Unable to prosecute suspect,
346e8f925ccb12807654a28cca737fee39e262734f1be4b94459cf1dfb1fa190,2024-07,Surrey Police,Surrey Police,-0.576622,51.239503,On or near Police Station,E01030451,Guildford 013C,Violence and sexual offences,Unable to prosecute suspect,
59e36a0717107f0a1aa5f215218f232ad2e421eb991a725f301c1e63db6784e0,2024-07,Surrey Police,Surrey Police,-0.570634,51.237659,On or near Chertsey Street,E01030451,Guildford 013C,Violence and sexual offences,Unable to prosecute suspect,
446ea7f4ddba6a153286a920a9fb7cc6e1ef4ce2cf9beae0e2da8d2e9d2967fe,2024-07,Surrey Police,Surrey Police,-0.576622,51.239503,On or near Police Station,E01030451,Guildford 013C,Violence and sexual offences,Court result unavailable,
ba05fcab476d524cd19e50d21ffe353cb7083eda96708ee75451ee05975286f9,2024-07,Surrey Police,Surrey Police,-0.576622,51.239503,On or near Police Station,E01030451,Guildford 013C,Violence and sexual offences,Court result unavailable,
c10e971b6d4582c17d76bc374bedb2a5c1eb2b8aeb724fc8239e13d693a649d6,2024-07,Surrey Police,Surrey Police,-0.576622,51.239503,On or near Police Station,E01030451,Guildford 013C,Violence and sexual offences,Status update unavailable,
a33f18a4a6b18508f779c0283fe4f372cbaba41cf53acbf92e3e8e7268684e0e,2024-07,Surrey Police,Surrey Police,-0.572324,51.237221,On or near Ward Street,E01030451,Guildford 013C,Other crime,Unable to prosecute suspect,
ceb10c10ae233a6749066acc792428f1bcdb54c0b3271168b8da13c0d8832efe,2024-07,Surrey Police,Surrey Police,-0.572324,51.237221,On or near Ward Street,E01030451,Guildford 013C,Other crime,Investigation complete; no suspect identified,
d303d723006f35a644519fd1096ed119dcdad10e23e4d8e87e751dacc2874e1f,2024-07,Surrey Police,Surrey Police,-0.576622,51.239503,On or near Police Station,E01030451,Guildford 013C,Other crime,Status update unavailable,
f6d9cd381614895e7fc7ab53891f158bc3e17cffa99ec092673f916844ceeff5,2024-07,Surrey Police,Surrey Police,-0.562517,51.238881,On or near West Road,E01030453,Guildford 013D,Vehicle crime,Investigation complete; no suspect identified,
f54f6317e960d609f59c4297733b0f7462a4b6b57ddb4ee86734d79b1ed6c109,2024-07,Surrey Police,Surrey Police,-0.562517,51.238881,On or near West Road,E01030453,Guildford 013D,Violence and sexual offences,Unable to prosecute suspect,
,2024-07,Surrey Police,Surrey Police,-0.566982,51.236247,On or near Brodie Road,E01030455,Guildford 013E,Anti-social behaviour,,
,2024-07,Surrey Police,Surrey Police,-0.577656,51.236171,On or near Theatre/Concert Hall,E01030455,Guildford 013E,Anti-social behaviour,,
,2024-07,Surrey Police,Surrey Police,-0.573538,51.235014,On or near Chapel Street,E01030455,Guildford 013E,Anti-social behaviour,,
,2024-07,Surrey Police,Surrey Police,-0.573993,51.235110,On or near The Shambles,E01030455,Guildford 013E,Anti-social behaviour,,
,2024-07,Surrey Police,Surrey Police,-0.577656,51.236171,On or near Theatre/Concert Hall,E01030455,Guildford 013E,Anti-social behaviour,,
,2024-07,Surrey Police,Surrey Police,-0.570188,51.233571,On or near South Hill,E01030455,Guildford 013E,Anti-social behaviour,,
,2024-07,Surrey Police,Surrey Police,-0.571883,51.235273,On or near Tunsgate,E01030455,Guildford 013E,Anti-social behaviour,,
,2024-07,Surrey Police,Surrey Police,-0.577656,51.236171,On or near Theatre/Concert Hall,E01030455,Guildford 013E,Anti-social behaviour,,
b6c57285e7a8954532c19f7d7871317608dc5c2f54d44bcdab6bc058deb97fcc,2024-07,Surrey Police,Surrey Police,-0.567811,51.237678,On or near Parking Area,E01030455,Guildford 013E,Burglary,Investigation complete; no suspect identified,
75864c77545f8d9be21f9c0c4c9d883aedfc76958f1176285d41f1cdd8192326,2024-07,Surrey Police,Surrey Police,-0.567811,51.237678,On or near Parking Area,E01030455,Guildford 013E,Criminal damage and arson,Investigation complete; no suspect identified,
447f18dcc6acc1d8129406c0e7503533acad3c3789e06cb9f3bf41e1e69f091f,2024-07,Surrey Police,Surrey Police,-0.564833,51.240402,On or near Parking Area,E01030455,Guildford 013E,Criminal damage and arson,Unable to prosecute suspect,
d17d7a08be29c6cbf156a956689e168959198b2d67f2c6bfb158a92fbf4c541e,2024-07,Surrey Police,Surrey Police,-0.566982,51.236247,On or near Brodie Road,E01030455,Guildford 013E,Criminal damage and arson,Investigation complete; no suspect identified,
de44ef602fd0d493f7a507bb123e59b1ad5a3c8ffe3bace77c2ab2665a87fa4d,2024-07,Surrey Police,Surrey Police,-0.577656,51.236171,On or near Theatre/Concert Hall,E01030455,Guildford 013E,Criminal damage and arson,Offender given a caution,
a484bc4e3dcc4f1bbf5f48893c96eb72b176a68ac3b7467881e68790b2a09138,2024-07,Surrey Police,Surrey Police,-0.566982,51.236247,On or near Brodie Road,E01030455,Guildford 013E,Drugs,Investigation complete; no suspect identified,
6ab25302c4babe63e99d29437b83b05c2b58ce285975f2162f0ef07c110a09fd,2024-07,Surrey Police,Surrey Police,-0.574926,51.234600,On or near Mill Lane,E01030455,Guildford 013E,Other theft,Unable to prosecute suspect,
cf8acbc12f4aef23113bfa86170c8b7aaec81a1661429ee0c68edf41a77710ec,2024-07,Surrey Police,Surrey Police,-0.574926,51.234600,On or near Mill Lane,E01030455,Guildford 013E,Other theft,Investigation complete; no suspect identified,
68bc38c027da882b2ce128a49c110c0ee8f75fd68ca897669f0726223cdcdcde,2024-07,Surrey Police,Surrey Police,-0.567811,51.237678,On or near Parking Area,E01030455,Guildford 013E,Other theft,Investigation complete; no suspect identified,
2c5638a2560851b1e2ce3017d0a88bab63a41cf65ff1fb9e69177f245fc1f2a6,2024-07,Surrey Police,Surrey Police,-0.577656,51.236171,On or near Theatre/Concert Hall,E01030455,Guildford 013E,Other theft,Unable to prosecute suspect,
dba43eb8aea8d96a12d971e5fd6567bd245e4638e51559197cf9cc167eb2b717,2024-07,Surrey Police,Surrey Police,-0.577656,51.236171,On or near Theatre/Concert Hall,E01030455,Guildford 013E,Possession of weapons,Unable to prosecute suspect,
af257d0093783c1d3aae6dceed9d2a5c45d4c6e0396f07866314f96deba6bf24,2024-07,Surrey Police,Surrey Police,-0.577656,51.236171,On or near Theatre/Concert Hall,E01030455,Guildford 013E,Public order,Offender given a caution,
14997d0ac751e37b801a12fb21b151ccea2e62a0b384992ac42d45a567e1e820,2024-07,Surrey Police,Surrey Police,-0.575006,51.233405,On or near Theatre/Concert Hall,E01030455,Guildford 013E,Public order,Unable to prosecute suspect,
e6e684c5032b87390be3f5feeb170d42edce06ecb14134a54ebf2235e716d0f8,2024-07,Surrey Police,Surrey Police,-0.574926,51.234600,On or near Mill Lane,E01030455,Guildford 013E,Public order,Investigation complete; no suspect identified,
e6a6348c307557231f326296d83cae4e482e6655574e12af5bd5cb306e7d1a9f,2024-07,Surrey Police,Surrey Police,-0.573993,51.235110,On or near The Shambles,E01030455,Guildford 013E,Shoplifting,Investigation complete; no suspect identified,
fc083f8e59d23414251beb184bcc92eec55b646a05c949d814ec9d92a26a48f9,2024-07,Surrey Police,Surrey Police,-0.573993,51.235110,On or near The Shambles,E01030455,Guildford 013E,Shoplifting,Unable to prosecute suspect,
f0b13318329811e276b677a343d265e9e23efc4e200875f9755deb5b7a7cb623,2024-07,Surrey Police,Surrey Police,-0.569944,51.236814,On or near Pannells Court,E01030455,Guildford 013E,Shoplifting,Court result unavailable,
cebcd2d31d8b0a30d4ce48899c8313243554d8246df7daf7a41c72340351ce70,2024-07,Surrey Police,Surrey Police,-0.573993,51.235110,On or near The Shambles,E01030455,Guildford 013E,Shoplifting,Investigation complete; no suspect identified,
2adb97140e718015371f214c2e0e0316123b037f8fe48ef745ebd513b475dbe8,2024-07,Surrey Police,Surrey Police,-0.573993,51.235110,On or near The Shambles,E01030455,Guildford 013E,Shoplifting,Court result unavailable,
cce9c172bf508ba8ffe833c91ff4e0de8e5ebe1de2858820bcf61d10b8755fa0,2024-07,Surrey Police,Surrey Police,-0.573993,51.235110,On or near The Shambles,E01030455,Guildford 013E,Shoplifting,Investigation complete; no suspect identified,
f949be9f001383cbdcffaffffa690f7634d9ce2aa3e61476100b7567623ed632,2024-07,Surrey Police,Surrey Police,-0.577656,51.236171,On or near Theatre/Concert Hall,E01030455,Guildford 013E,Shoplifting,Investigation complete; no suspect identified,
aec6d0c936221aaaba87f21adc0ecb60fd3561e81a48d0b1e8b9a3cdc6ddcfa3,2024-07,Surrey Police,Surrey Police,-0.573993,51.235110,On or near The Shambles,E01030455,Guildford 013E,Shoplifting,Investigation complete; no suspect identified,
5699634bf0b5eb29f311dd48e9473a173fec1e4973e4902d7fe9bfe33af54b99,2024-07,Surrey Police,Surrey Police,-0.573993,51.235110,On or near The Shambles,E01030455,Guildford 013E,Shoplifting,Investigation complete; no suspect identified,
453ebe0e55e38ba4351bfbba64999ce5dba83e4fce9894886d1360241a2a24d1,2024-07,Surrey Police,Surrey Police,-0.577656,51.236171,On or near Theatre/Concert Hall,E01030455,Guildford 013E,Shoplifting,Court result unavailable,
afa4632798c9f0922692362ab19113228cf5fbe45ca48863216257b54d4372fa,2024-07,Surrey Police,Surrey Police,-0.571478,51.235843,On or near Supermarket,E01030455,Guildford 013E,Shoplifting,Unable to prosecute suspect,
ca836352e42773d548d1ec97b3385a9954cbde14a5f02d9cff99569dcc7d9f16,2024-07,Surrey Police,Surrey Police,-0.571478,51.235843,On or near Supermarket,E01030455,Guildford 013E,Shoplifting,Investigation complete; no suspect identified,
d31de514c9913380156a28719ce03a1e0a3f43f19cc08563c2290cb2c1c98a0f,2024-07,Surrey Police,Surrey Police,-0.577656,51.236171,On or near Theatre/Concert Hall,E01030455,Guildford 013E,Shoplifting,Unable to prosecute suspect,
c71c64c74855bf111ef02e8723dea7f39cd65e38a5696e277783b3d80daac666,2024-07,Surrey Police,Surrey Police,-0.571478,51.235843,On or near Supermarket,E01030455,Guildford 013E,Shoplifting,Status update unavailable,
d182613905d8b4bcf94b8c68dd5de8c327c2e896e8628c7aadd720724370972d,2024-07,Surrey Police,Surrey Police,-0.577656,51.236171,On or near Theatre/Concert Hall,E01030455,Guildford 013E,Shoplifting,Court result unavailable,
79cafb6290ccb80d1e6251583bd5544966744109db5338a10e5f4ab13635beaf,2024-07,Surrey Police,Surrey Police,-0.577656,51.236171,On or near Theatre/Concert Hall,E01030455,Guildford 013E,Shoplifting,Local resolution,
0e03b7a4e28f1784db85294c206005dc552c0651a504767e20ead81e6959b239,2024-07,Surrey Police,Surrey Police,-0.571478,51.235843,On or near Supermarket,E01030455,Guildford 013E,Shoplifting,Unable to prosecute suspect,
dbe4a34149a8862e7843713d1179e1188e7a2c82315c0479d7aa494a961a4a96,2024-07,Surrey Police,Surrey Police,-0.577656,51.236171,On or near Theatre/Concert Hall,E01030455,Guildford 013E,Shoplifting,Investigation complete; no suspect identified,
4ab26a44bfaab07a448fab0bcca52405a1432b961a8da2e4da7a3f9497c94448,2024-07,Surrey Police,Surrey Police,-0.573993,51.235110,On or near The Shambles,E01030455,Guildford 013E,Shoplifting,Unable to prosecute suspect,
032976bb4f4e6b3e35c62fac9ef64b814e343b5620d38e538230f75cea29f8b3,2024-07,Surrey Police,Surrey Police,-0.573993,51.235110,On or near The Shambles,E01030455,Guildford 013E,Violence and sexual offences,Status update unavailable,
8c1e5108fb47065956fe05e404bb53e207fe205b24ed55413564c6eb55ca5d40,2024-07,Surrey Police,Surrey Police,-0.577656,51.236171,On or near Theatre/Concert Hall,E01030455,Guildford 013E,Violence and sexual offences,Unable to prosecute suspect,
a602cee85c7971d3083735cd7f7aa50424161f9db1cb6ddb02996bf1ab023272,2024-07,Surrey Police,Surrey Police,-0.571740,51.233392,On or near Castle Hill,E01030455,Guildford 013E,Violence and sexual offences,Unable to prosecute suspect,
c6514e5bb0a476a5bf8d6475a2e78654bd6aa3b94e23fb4f9db4b0df0cea6216,2024-07,Surrey Police,Surrey Police,-0.577656,51.236171,On or near Theatre/Concert Hall,E01030455,Guildford 013E,Violence and sexual offences,Unable to prosecute suspect,
2d66a7ce424bb3066c1af9847bbb790cf0716e06a6f08870951a8a0f8554bb44,2024-07,Surrey Police,Surrey Police,-0.577656,51.236171,On or near Theatre/Concert Hall,E01030455,Guildford 013E,Violence and sexual offences,Action to be taken by another organisation,
90dbebe4c5d53ed3fe80c8c3a91a7229afbc8769ddc22d8da4afbf90132fee46,2024-07,Surrey Police,Surrey Police,-0.574853,51.234185,On or near Millbrook,E01030455,Guildford 013E,Violence and sexual offences,Unable to prosecute suspect,
d972ab8bf89933451b04bdfab7140efda23d0ef291932db8e846b983e3ed1071,2024-07,Surrey Police,Surrey Police,-0.577656,51.236171,On or near Theatre/Concert Hall,E01030455,Guildford 013E,Violence and sexual offences,Action to be taken by another organisation,
f954a5b3b97e06728c20de2d97d1d4964688a1196ec4b9b90ca971a54d0ee68e,2024-07,Surrey Police,Surrey Police,-0.574853,51.234185,On or near Millbrook,E01030455,Guildford 013E,Violence and sexual offences,Unable to prosecute suspect,
744859331c55540c1fcd537a25b8db5b4a07f9bb422657c3eb19ade7f730d1ce,2024-07,Surrey Police,Surrey Police,-0.571214,51.230508,On or near Great Quarry,E01030455,Guildford 013E,Violence and sexual offences,Investigation complete; no suspect identified,
627922befb81aa3405ef2ee46e0775c24460e41548d45895cae757515f851a57,2024-07,Surrey Police,Surrey Police,-0.571883,51.235273,On or near Tunsgate,E01030455,Guildford 013E,Violence and sexual offences,Unable to prosecute suspect,
5d6be91e8da875f4e6dd71b701ec687be6c9e85e9f166ad7a36720548bd0ab72,2024-07,Surrey Police,Surrey Police,-0.577656,51.236171,On or near Theatre/Concert Hall,E01030455,Guildford 013E,Violence and sexual offences,Unable to prosecute suspect,
d6020d388cfdab2a85096a8d902598d39e7faf65b5652818a0abb30381fe9fa0,2024-07,Surrey Police,Surrey Police,-0.567811,51.237678,On or near Parking Area,E01030455,Guildford 013E,Violence and sexual offences,Investigation complete; no suspect identified,
7cfa989d1bbd5eb00c054c78adfbe9fc5497fe181f3b3e54dad25dc887a02099,2024-07,Surrey Police,Surrey Police,-0.571740,51.233392,On or near Castle Hill,E01030455,Guildford 013E,Violence and sexual offences,Unable to prosecute suspect,
81de0a2ed33336062769bca831088d71d5912e87e6d3e42dff74e8018c331045,2024-07,Surrey Police,Surrey Police,-0.571214,51.230508,On or near Great Quarry,E01030455,Guildford 013E,Violence and sexual offences,Investigation complete; no suspect identified,
5fdbcaa6afdf28918bc48b53827cafe3ba6336a4c1c306a6ad4470d8b35aa456,2024-07,Surrey Police,Surrey Police,-0.571214,51.230508,On or near Great Quarry,E01030455,Guildford 013E,Violence and sexual offences,Investigation complete; no suspect identified,
87b8e3887be19fea9a1b7ce4e4fda464e9eeaa28771797401525c7c9f6460b27,2024-07,Surrey Police,Surrey Police,-0.577656,51.236171,On or near Theatre/Concert Hall,E01030455,Guildford 013E,Violence and sexual offences,Investigation complete; no suspect identified,
917211f86e24cdf1a8c766f0f4254ad88aa50941518420432840faf1a0838a66,2024-07,Surrey Police,Surrey Police,-0.574926,51.234600,On or near Mill Lane,E01030455,Guildford 013E,Violence and sexual offences,Unable to prosecute suspect,
41fd4f9694b2f907025234000397935701013e01ed99e7eb92240e24cf4c15b3,2024-07,Surrey Police,Surrey Police,-0.574926,51.234600,On or near Mill Lane,E01030455,Guildford 013E,Other crime,Status update unavailable,
a3368a646ec23513ac632a0e6c7e55520e9729790a0612944da320089e8f7f62,2024-07,Surrey Police,Surrey Police,-0.577656,51.236171,On or near Theatre/Concert Hall,E01030455,Guildford 013E,Other crime,Unable to prosecute suspect,
55285dce1c328786e3bf0dd48dbefe2312f7a3733f9948663922c323407e4443,2024-07,Surrey Police,Surrey Police,-0.571883,51.235273,On or near Tunsgate,E01030455,Guildford 013E,Other crime,Investigation complete; no suspect identified,
,2024-07,Surrey Police,Surrey Police,-0.567680,51.239619,On or near Denmark Road,E01030457,Guildford 013F,Anti-social behaviour,,
,2024-07,Surrey Police,Surrey Police,-0.569740,51.239239,On or near Parking Area,E01030457,Guildford 013F,Anti-social behaviour,,
,2024-07,Surrey Police,Surrey Police,-0.565946,51.239175,On or near Dene Road,E01030457,Guildford 013F,Anti-social behaviour,,
5b4113bfbf568bc26983ef0e0d7f677c5ed3136fd3ee6e625f6699ce56241a98,2024-07,Surrey Police,Surrey Police,-0.571226,51.242603,On or near King'S Road,E01030457,Guildford 013F,Burglary,Unable to prosecute suspect,
bef642702f935ec756a1ed4c6a71656b316300ba93140019f2687848945fc1bc,2024-07,Surrey Police,Surrey Police,-0.570366,51.239832,On or near York Road,E01030457,Guildford 013F,Burglary,Unable to prosecute suspect,
3f14ad43be2ccbfc964be949b45b61c9daa16ef8eb2bc423c1d1bf228e569ec2,2024-07,Surrey Police,Surrey Police,-0.571226,51.242603,On or near King'S Road,E01030457,Guildford 013F,Burglary,Investigation complete; no suspect identified,
3881891aa3987353e0f244620a3ebcdf0d712d152b82ee201f7d8f73390903cd,2024-07,Surrey Police,Surrey Police,-0.569740,51.239239,On or near Parking Area,E01030457,Guildford 013F,Criminal damage and arson,Unable to prosecute suspect,
9612ee3451a0c4f93bc021780bc0c2ee7b4e9c6cc631613341431321d3d8a05c,2024-07,Surrey Police,Surrey Police,-0.567322,51.238670,On or near Parking Area,E01030457,Guildford 013F,Criminal damage and arson,Unable to prosecute suspect,
328ca1365b6125dc8d3b9e8f182d66b41a0d516c9fb4d54a0c90e35fdeee6cbb,2024-07,Surrey Police,Surrey Police,-0.567322,51.238670,On or near Parking Area,E01030457,Guildford 013F,Criminal damage and arson,Investigation complete; no suspect identified,
72772cfc6f8d135b4db19924cba8b7fa66dc7b28ac32d2cc2bd3a97b395e7ecc,2024-07,Surrey Police,Surrey Police,-0.567727,51.240411,On or near Foxenden Road,E01030457,Guildford 013F,Criminal damage and arson,Investigation complete; no suspect identified,
4b45624253447a29fe54ee85029c2e2b7eb0d3e5dad4260af6c3750f269537f4,2024-07,Surrey Police,Surrey Police,-0.566360,51.238372,On or near Sports/Recreation Area,E01030457,Guildford 013F,Shoplifting,Investigation complete; no suspect identified,
965ae79ab85320bd4b57b2d7ff85195286f158e382d573b9beec9883ae2a4116,2024-07,Surrey Police,Surrey Police,-0.566360,51.238372,On or near Sports/Recreation Area,E01030457,Guildford 013F,Shoplifting,Investigation complete; no suspect identified,
6d4c43472c69e92511815069f07160390f166ac33bd08f3de399ef0630b69085,2024-07,Surrey Police,Surrey Police,-0.566360,51.238372,On or near Sports/Recreation Area,E01030457,Guildford 013F,Shoplifting,Unable to prosecute suspect,
c38560b12ea2337758cb0bb29c3d5dcd335a3e9e3b1acc159f1d6230f6274fc1,2024-07,Surrey Police,Surrey Police,-0.565484,51.240212,On or near Station Approach,E01030457,Guildford 013F,Violence and sexual offences,Unable to prosecute suspect,
42de3fa54ea4ed0e0edcf0fbccac1e737511f9c6fcf93c20965e4353f46de4b4,2024-07,Surrey Police,Surrey Police,-0.567322,51.238670,On or near Parking Area,E01030457,Guildford 013F,Violence and sexual offences,Investigation complete; no suspect identified,
8d7fbbb4c148093f624fa62cf1f1de3d31a40e622c7bc48f101444b64f117606,2024-07,Surrey Police,Surrey Police,-0.571226,51.242603,On or near King'S Road,E01030457,Guildford 013F,Violence and sexual offences,Investigation complete; no suspect identified,
25cbc540d142edc427b9371c48241313a0c90fe0d5a5266446fcd838bcccc98e,2024-07,Surrey Police,Surrey Police,-0.707398,51.243142,On or near Drovers Way,E01030421,Guildford 014A,Burglary,Unable to prosecute suspect,
5c04d41b6e0248c0f6a10f57a1ffb06ee14abc3362e878238259e152ceb50731,2024-07,Surrey Police,Surrey Police,-0.717757,51.243643,On or near South Lane,E01030421,Guildford 014A,Criminal damage and arson,Investigation complete; no suspect identified,
fab438ee0ce78c42e6ec74f962667ff93fd2735e2f7deb34be0b11fc68140122,2024-07,Surrey Police,Surrey Police,-0.715550,51.248816,On or near Ash Church Road,E01030421,Guildford 014A,Drugs,Court result unavailable,
8631d745f720183ef0d8c48b702ffcfa88b5e4fd3ec6e158b4613f04cd476c4b,2024-07,Surrey Police,Surrey Police,-0.715781,51.246175,On or near Townsend Close,E01030421,Guildford 014A,Public order,Unable to prosecute suspect,
8de11459807642249959e20c178f1f270344e7fba22eddab288e77e96435856c,2024-07,Surrey Police,Surrey Police,-0.719086,51.239620,On or near Ash Green Lane West,E01030421,Guildford 014A,Vehicle crime,Investigation complete; no suspect identified,
112877b2484e65c6a3bebaa8ec2c14dd5a255e372fb6be10b2f281d38c0d1e12,2024-07,Surrey Police,Surrey Police,-0.714639,51.249598,On or near Britten Close,E01030421,Guildford 014A,Vehicle crime,Investigation complete; no suspect identified,
6943f9c2263585c3e52193b6fbba9ef9b2b0a364d5972103ad93ba2be7f0d1aa,2024-07,Surrey Police,Surrey Police,-0.712935,51.247016,On or near Woodroffe Close,E01030421,Guildford 014A,Violence and sexual offences,Offender given a caution,
13e5a0c6b61bd7c417a4241c0d4a0f8d315505cefcc968ff9500e5208b741dfb,2024-07,Surrey Police,Surrey Police,-0.707183,51.244678,On or near Ash Green Road,E01030421,Guildford 014A,Violence and sexual offences,Unable to prosecute suspect,
c67c693214d3c7d7eb829a40ce5127feb5ea1079eb4093688abc313d48ce703b,2024-07,Surrey Police,Surrey Police,-0.707194,51.238662,On or near Farm Walk,E01030421,Guildford 014A,Violence and sexual offences,Unable to prosecute suspect,
62b50880a6de8c6cf0e0fa7c0ac2b8d22aef53422ac9214926adff93dbf2dae4,2024-07,Surrey Police,Surrey Police,-0.728894,51.238774,On or near Howard Cole Gardens,E01030422,Guildford 014B,Vehicle crime,Investigation complete; no suspect identified,
,2024-07,Surrey Police,Surrey Police,-0.730847,51.234937,On or near Pawley Close,E01030423,Guildford 014C,Anti-social behaviour,,
,2024-07,Surrey Police,Surrey Police,-0.744145,51.227914,On or near Tongham Road,E01030423,Guildford 014C,Anti-social behaviour,,
,2024-07,Surrey Police,Surrey Police,-0.744145,51.227914,On or near Tongham Road,E01030423,Guildford 014C,Anti-social behaviour,,
,2024-07,Surrey Police,Surrey Police,-0.744145,51.227914,On or near Tongham Road,E01030423,Guildford 014C,Anti-social behaviour,,
8fb580fb622fab5363ea98bc635158568b7afcce74cdc03d8575bd24c29fc6bc,2024-07,Surrey Police,Surrey Police,-0.725502,51.235536,On or near East Ring,E01030423,Guildford 014C,Criminal damage and arson,Investigation complete; no suspect identified,
3231d6e8a8645f57c266bf799bddba37c5deb6c72dffe2bdb84f1ad7138c701f,2024-07,Surrey Police,Surrey Police,-0.725502,51.235536,On or near East Ring,E01030423,Guildford 014C,Criminal damage and arson,Investigation complete; no suspect identified,
5ac6a6ddcfcf98e6fe18787dcee1edafa70210df48c4c6c3e2b3897baab13d04,2024-07,Surrey Police,Surrey Police,-0.725502,51.235536,On or near East Ring,E01030423,Guildford 014C,Drugs,Status update unavailable,
4085fb416f9165c1526fa8c6b7a4ce4df2fe8f82f6422926c72bd396e1741919,2024-07,Surrey Police,Surrey Police,-0.735846,51.230234,On or near Grange Road,E01030423,Guildford 014C,Public order,Further investigation is not in the public interest,
2caf3f9a2fd212b24f8fe446abfff6e644a7bd63f81ecbb946a32e81e8f0f7b7,2024-07,Surrey Police,Surrey Police,-0.731025,51.236792,On or near Manor Road,E01030423,Guildford 014C,Vehicle crime,Investigation complete; no suspect identified,
6034e1980bd5ca61265728a043d4c04074c9c3f563fc8ab69e3af4de63e882f0,2024-07,Surrey Police,Surrey Police,-0.730556,51.233549,On or near St Pauls Close,E01030423,Guildford 014C,Vehicle crime,Investigation complete; no suspect identified,
9b56b8ad12abfe42bc75162b501f1f051a69d8ccfb458aa22d5bcfe97bf17dbd,2024-07,Surrey Police,Surrey Police,-0.733398,51.232798,On or near Garbetts Way,E01030423,Guildford 014C,Violence and sexual offences,Unable to prosecute suspect,
6a80e04564656eda4bffd8bc871f02c181343a3a675cd3455c08a09839f0907d,2024-07,Surrey Police,Surrey Police,-0.735846,51.230234,On or near Grange Road,E01030423,Guildford 014C,Violence and sexual offences,Unable to prosecute suspect,
cf7ce6a3d53cb3d4846b5206fbef7f1f40bc95bb7ff413ae136957b8e6836731,2024-07,Surrey Police,Surrey Police,-0.735846,51.230234,On or near Grange Road,E01030423,Guildford 014C,Violence and sexual offences,Court result unavailable,
,2024-07,Surrey Police,Surrey Police,-0.721122,51.245748,On or near Blackwater Close,E01030425,Guildford 014D,Anti-social behaviour,,
,2024-07,Surrey Police,Surrey Police,-0.728897,51.243845,On or near Merryworth Close,E01030425,Guildford 014D,Anti-social behaviour,,
,2024-07,Surrey Police,Surrey Police,-0.729656,51.240742,On or near Manor Road,E01030425,Guildford 014D,Anti-social behaviour,,
,2024-07,Surrey Police,Surrey Police,-0.721122,51.245748,On or near Blackwater Close,E01030425,Guildford 014D,Anti-social behaviour,,
743aa4dececb90fa28c023654a6dd803c5624ea2cf7fb99f441636a96aab5670,2024-07,Surrey Police,Surrey Police,-0.723598,51.243770,On or near Kennet Close,E01030425,Guildford 014D,Public order,Unable to prosecute suspect,
791f818daaffca685c8ea2da2706ac9569eaa69f65dbb7a9f5687441eb0b164f,2024-07,Surrey Police,Surrey Police,-0.725211,51.242951,On or near Ash Lodge Drive,E01030425,Guildford 014D,Vehicle crime,Investigation complete; no suspect identified,
5c231089164fd0dcfcdc47de73546649032c5ec8ed739f7392211daa283c639f,2024-07,Surrey Police,Surrey Police,-0.728509,51.243392,On or near Oaktrees,E01030425,Guildford 014D,Vehicle crime,Investigation complete; no suspect identified,
2e36c4503d9e3d33513ec4829d32d0311a9ce5fa5033e0088acb004ac786a42d,2024-07,Surrey Police,Surrey Police,-0.721818,51.244443,On or near Colne Way,E01030425,Guildford 014D,Violence and sexual offences,Unable to prosecute suspect,
72bcf69c017d8418c589e10a0c89c39f4e202b95c1f756d23effa72ebe66f755,2024-07,Surrey Police,Surrey Police,-0.724667,51.240868,On or near The Wooldridges,E01030425,Guildford 014D,Violence and sexual offences,Unable to prosecute suspect,
dae2d69fcaabfdff605dc16b20c1ced2a65924969cd077de006b6529aad97eb5,2024-07,Surrey Police,Surrey Police,-0.724348,51.241026,On or near Hop Garden Way,E01030425,Guildford 014D,Violence and sexual offences,Further investigation is not in the public interest,
5f8d74d69de073fa1b5c44b172c1c4915829adcec9a7e58dd1f13c8631bcc670,2024-07,Surrey Police,Surrey Police,-0.715584,51.247081,On or near Old Rectory Drive,E01030425,Guildford 014D,Violence and sexual offences,Unable to prosecute suspect,
0feca1b39ea54fc4fe7132d7a8d9a85ebf9c526ad493253ab2477a153e9efa4b,2024-07,Surrey Police,Surrey Police,-0.723831,51.242091,On or near George Myers Close,E01030425,Guildford 014D,Violence and sexual offences,Unable to prosecute suspect,
,2024-07,Surrey Police,Surrey Police,-0.575893,51.237509,On or near Bus/Coach Station,E01030452,Guildford 015A,Anti-social behaviour,,
,2024-07,Surrey Police,Surrey Police,-0.576662,51.236833,On or near Shopping Area,E01030452,Guildford 015A,Anti-social behaviour,,
,2024-07,Surrey Police,Surrey Police,-0.578416,51.238482,On or near Bedford Road,E01030452,Guildford 015A,Anti-social behaviour,,
,2024-07,Surrey Police,Surrey Police,-0.582968,51.237197,On or near Guildford Park Road,E01030452,Guildford 015A,Anti-social behaviour,,
,2024-07,Surrey Police,Surrey Police,-0.577752,51.237242,On or near Fays Passage,E01030452,Guildford 015A,Anti-social behaviour,,
,2024-07,Surrey Police,Surrey Police,-0.575665,51.237117,On or near Commercial Road,E01030452,Guildford 015A,Anti-social behaviour,,
,2024-07,Surrey Police,Surrey Police,-0.578416,51.238482,On or near Bedford Road,E01030452,Guildford 015A,Anti-social behaviour,,
,2024-07,Surrey Police,Surrey Police,-0.578416,51.238482,On or near Bedford Road,E01030452,Guildford 015A,Anti-social behaviour,,
,2024-07,Surrey Police,Surrey Police,-0.578416,51.238482,On or near Bedford Road,E01030452,Guildford 015A,Anti-social behaviour,,
,2024-07,Surrey Police,Surrey Police,-0.580130,51.236794,On or near Station Approach,E01030452,Guildford 015A,Anti-social behaviour,,
,2024-07,Surrey Police,Surrey Police,-0.577752,51.237242,On or near Fays Passage,E01030452,Guildford 015A,Anti-social behaviour,,
,2024-07,Surrey Police,Surrey Police,-0.578593,51.236461,On or near Bridge Street,E01030452,Guildford 015A,Anti-social behaviour,,
,2024-07,Surrey Police,Surrey Police,-0.576662,51.236833,On or near Shopping Area,E01030452,Guildford 015A,Anti-social behaviour,,
,2024-07,Surrey Police,Surrey Police,-0.578568,51.237270,On or near Parking Area,E01030452,Guildford 015A,Anti-social behaviour,,
515478be083f51b4d608b41d1ded5d747dfdf6ecb67d0705eca351a011789cdd,2024-07,Surrey Police,Surrey Police,-0.575928,51.237390,On or near Guildford Friary Bus Station,E01030452,Guildford 015A,Bicycle theft,Investigation complete; no suspect identified,
71d1c26cbcacad4c236cb2cc6ebdb898fb8ca436c7188fc77f006aeb05c5dd56,2024-07,Surrey Police,Surrey Police,-0.584088,51.236186,On or near Genyn Road,E01030452,Guildford 015A,Criminal damage and arson,Unable to prosecute suspect,
212c2bd0bff3a5c38dbc9cc573786f8dfa400e82674db357f7d42b16b79c746e,2024-07,Surrey Police,Surrey Police,-0.578416,51.238482,On or near Bedford Road,E01030452,Guildford 015A,Criminal damage and arson,Investigation complete; no suspect identified,
7fcf219c57d02e576d5ea03881dccb959360a23442b17927373536b37cbfc02b,2024-07,Surrey Police,Surrey Police,-0.584088,51.236186,On or near Genyn Road,E01030452,Guildford 015A,Criminal damage and arson,Unable to prosecute suspect,
b872ae4d38b8c284525b253f759a1b26381b703349abcf063ab6732defb6751b,2024-07,Surrey Police,Surrey Police,-0.580184,51.237352,On or near Parking Area,E01030452,Guildford 015A,Criminal damage and arson,Investigation complete; no suspect identified,
1f5115bbabd3c35b50e9ef9d1f31259beebba02eb80e02790ee45b9601499a96,2024-07,Surrey Police,Surrey Police,-0.576937,51.237646,On or near Onslow Street,E01030452,Guildford 015A,Criminal damage and arson,Further action is not in the public interest,
23c75dfb261b19b58570d774a891e6cbd72a144520476a128bcc152f46049f64,2024-07,Surrey Police,Surrey Police,-0.576662,51.236833,On or near Shopping Area,E01030452,Guildford 015A,Criminal damage and arson,Investigation complete; no suspect identified,
5d03b815c62c307b2605de6f87a25c71d6d7d6927eb4a6d42b2c990fb6300718,2024-07,Surrey Police,Surrey Police,-0.576662,51.236833,On or near Shopping Area,E01030452,Guildford 015A,Criminal damage and arson,Status update unavailable,
a1052afca6005e415352fa4849570a24c5d067e60593211fe7525326615fa408,2024-07,Surrey Police,Surrey Police,-0.584088,51.236186,On or near Genyn Road,E01030452,Guildford 015A,Criminal damage and arson,Unable to prosecute suspect,
6135a9d2925a40cefe7df41e517f2f222093d3dd362d44d54ac313e1c564af47,2024-07,Surrey Police,Surrey Police,-0.584088,51.236186,On or near Genyn Road,E01030452,Guildford 015A,Criminal damage and arson,Unable to prosecute suspect,
487ec6787a2c8910e1242b1f9ef7a69a45c673c1e00354aed0a1e7a6fa2d131a,2024-07,Surrey Police,Surrey Police,-0.577752,51.237242,On or near Fays Passage,E01030452,Guildford 015A,Drugs,Local resolution,
06e8825ebc0d9b69e0fbd8aa88caead22e212d75b900b24372d63b2afb5045d8,2024-07,Surrey Police,Surrey Police,-0.576662,51.236833,On or near Shopping Area,E01030452,Guildford 015A,Drugs,Unable to prosecute suspect,
1ef1ab0cb953c61e3ed7a8a44fcfe3596d5b3e7e935aef28cefcb6010df28ef5,2024-07,Surrey Police,Surrey Police,-0.577670,51.237270,On or near Nightclub,E01030452,Guildford 015A,Other theft,Unable to prosecute suspect,
c813f3319db38542fd56825b577ac81ef3be05eb4cb6c599dbe277614867d7ce,2024-07,Surrey Police,Surrey Police,-0.578416,51.238482,On or near Bedford Road,E01030452,Guildford 015A,Other theft,Investigation complete; no suspect identified,
c2556a32251463eb5ac54a64ab792d8bd9b04a9149d76e6a5080c6dfb9f20794,2024-07,Surrey Police,Surrey Police,-0.576662,51.236833,On or near Shopping Area,E01030452,Guildford 015A,Other theft,Investigation complete; no suspect identified,
91f80df2f0a9b73ba64a7f4ce0a641819cfba030a8f72a100563602615eb17de,2024-07,Surrey Police,Surrey Police,-0.584088,51.236186,On or near Genyn Road,E01030452,Guildford 015A,Other theft,Status update unavailable,
1debc24b86b461cbe38eecc2e20fdb80ad2039f2190161de5448ac8314a7ba20,2024-07,Surrey Police,Surrey Police,-0.584088,51.236186,On or near Genyn Road,E01030452,Guildford 015A,Public order,Unable to prosecute suspect,
65bb6f3ab215b1b17b5823a33b649567921071c2044a2a12ef8295c95b349d2b,2024-07,Surrey Police,Surrey Police,-0.577752,51.237242,On or near Fays Passage,E01030452,Guildford 015A,Public order,Unable to prosecute suspect,
f2aaf1aefae20ef25b690094df07ff349e7940ebd7fdfc944c73a18f2ad45551,2024-07,Surrey Police,Surrey Police,-0.584088,51.236186,On or near Genyn Road,E01030452,Guildford 015A,Public order,Unable to prosecute suspect,
cff0bb850773799dbb5f3aee2207bbbc26f2f0059a68c6d28520fcbceb020c06,2024-07,Surrey Police,Surrey Police,-0.576662,51.236833,On or near Shopping Area,E01030452,Guildford 015A,Public order,Status update unavailable,
25f00ffed2c650d3e1f16a0df881c9e20fd128fe9f03f363b51ed26b1747a413,2024-07,Surrey Police,Surrey Police,-0.578593,51.236461,On or near Bridge Street,E01030452,Guildford 015A,Public order,Further action is not in the public interest,
690dbe370a95a36b8df4444289d5e32b32ff7fdb76feb4ad9241d53272e5595a,2024-07,Surrey Police,Surrey Police,-0.584088,51.236186,On or near Genyn Road,E01030452,Guildford 015A,Public order,Court result unavailable,
edba80567282c613c361b2a5277826f10faf19a508aff738f31ba9a93c3c7560,2024-07,Surrey Police,Surrey Police,-0.576662,51.236833,On or near Shopping Area,E01030452,Guildford 015A,Public order,Investigation complete; no suspect identified,
9443fb42a608ac39ab71ea6efe151af349bc3ffd4c4411c3ffe478d3923db491,2024-07,Surrey Police,Surrey Police,-0.577752,51.237242,On or near Fays Passage,E01030452,Guildford 015A,Public order,Unable to prosecute suspect,
44e4b0d6601b6f491af15ad189ade48ef912c180ceae30b2791c9f7fc1b57aef,2024-07,Surrey Police,Surrey Police,-0.584088,51.236186,On or near Genyn Road,E01030452,Guildford 015A,Public order,Unable to prosecute suspect,
d97c9c1bba6cd000af1096bed0376cbc3f7a4b3fd49f4908b993c86f504865b1,2024-07,Surrey Police,Surrey Police,-0.584088,51.236186,On or near Genyn Road,E01030452,Guildford 015A,Public order,Unable to prosecute suspect,
30f632b49e6b6649345bffc1c58b7a95913b8782f494d2f359b9bb8041551632,2024-07,Surrey Police,Surrey Police,-0.577752,51.237242,On or near Fays Passage,E01030452,Guildford 015A,Shoplifting,Unable to prosecute suspect,
ef1e2c9e81b74fc6e41dc2e033b5cc4ee46b163c209d98dcadd5a027e9e0b286,2024-07,Surrey Police,Surrey Police,-0.576662,51.236833,On or near Shopping Area,E01030452,Guildford 015A,Shoplifting,Investigation complete; no suspect identified,
64616adc84811cc7563a2af825c9a6b19b3d7417fd1b3d3723d912e72919a5a5,2024-07,Surrey Police,Surrey Police,-0.577752,51.237242,On or near Fays Passage,E01030452,Guildford 015A,Shoplifting,Investigation complete; no suspect identified,
e9608ff2fcfdbab0c0836d115bbf4cf9409f8a88cf0c0440c26408714632bdc1,2024-07,Surrey Police,Surrey Police,-0.576662,51.236833,On or near Shopping Area,E01030452,Guildford 015A,Shoplifting,Unable to prosecute suspect,
0cb7194657763ad8ae523b9035ffc015ef3d7e757c5394e8a50b626a16ccc703,2024-07,Surrey Police,Surrey Police,-0.575928,51.237390,On or near Guildford Friary Bus Station,E01030452,Guildford 015A,Shoplifting,Investigation complete; no suspect identified,
f4420c94f1921adb9de4d101d8fba0f7db02acad0b37a4d85037467957fe4cd3,2024-07,Surrey Police,Surrey Police,-0.577752,51.237242,On or near Fays Passage,E01030452,Guildford 015A,Shoplifting,Unable to prosecute suspect,
85e7046728e9d8071a4bd87368e46534404f505b18ba8ccbd19fdaa877daf616,2024-07,Surrey Police,Surrey Police,-0.577752,51.237242,On or near Fays Passage,E01030452,Guildford 015A,Shoplifting,Unable to prosecute suspect,
bbb6e2f737eb3cc7b90f5d950b933c8ab1663ce94fd45cb33961c8b30ee0dd1b,2024-07,Surrey Police,Surrey Police,-0.575928,51.237390,On or near Guildford Friary Bus Station,E01030452,Guildford 015A,Shoplifting,Unable to prosecute suspect,
2f1c379f5635a894de1f56bc12ab61ab2df35eab188d117fe5683182a9043a3d,2024-07,Surrey Police,Surrey Police,-0.576662,51.236833,On or near Shopping Area,E01030452,Guildford 015A,Shoplifting,Investigation complete; no suspect identified,
89b238837eabb8c6e53d5e117d06d04507bf4042d717fb2f076e184e5b60c2bd,2024-07,Surrey Police,Surrey Police,-0.576662,51.236833,On or near Shopping Area,E01030452,Guildford 015A,Shoplifting,Unable to prosecute suspect,
04dea902fbc4373118429345bc1aa5c95c41d720f2233a99dfec7efd09056629,2024-07,Surrey Police,Surrey Police,-0.576662,51.236833,On or near Shopping Area,E01030452,Guildford 015A,Shoplifting,Unable to prosecute suspect,
fa930cd9e2a115a517e297562558c5ea1221fcda894c5fd6a97b5d4ab8ad3dcb,2024-07,Surrey Police,Surrey Police,-0.576662,51.236833,On or near Shopping Area,E01030452,Guildford 015A,Shoplifting,Unable to prosecute suspect,
efb45fdff128e573b5c16d4112755840d22236038c29cec18cb3e0946a8f25cc,2024-07,Surrey Police,Surrey Police,-0.576662,51.236833,On or near Shopping Area,E01030452,Guildford 015A,Shoplifting,Unable to prosecute suspect,
789ac8fb8b566fa2e71c18f38af3f27ee59b0afec481e7d00ef8842763c69090,2024-07,Surrey Police,Surrey Police,-0.577752,51.237242,On or near Fays Passage,E01030452,Guildford 015A,Shoplifting,Unable to prosecute suspect,
1e3fc13a057c8621c314a5c03fff74a4bfd00c0740127598787210a61b360f1a,2024-07,Surrey Police,Surrey Police,-0.584088,51.236186,On or near Genyn Road,E01030452,Guildford 015A,Violence and sexual offences,Unable to prosecute suspect,
6cb464951ff3f1f5f05fb37b0cc72d1a41f214ec657ecf1a5f2b7ea7cdb4f5a5,2024-07,Surrey Police,Surrey Police,-0.584088,51.236186,On or near Genyn Road,E01030452,Guildford 015A,Violence and sexual offences,Unable to prosecute suspect,
5dc4dd49f45590d5d559a83a743b0aaabc1560a96f5d665d432de761d82161a7,2024-07,Surrey Police,Surrey Police,-0.584088,51.236186,On or near Genyn Road,E01030452,Guildford 015A,Violence and sexual offences,Local resolution,
8bf8ab8c4602b6feb7e8466c6a87a0efbd668dbd77dd767e59c6b2182d28b3cd,2024-07,Surrey Police,Surrey Police,-0.584088,51.236186,On or near Genyn Road,E01030452,Guildford 015A,Violence and sexual offences,Unable to prosecute suspect,
e1b0f13447a9ea1d664eb6a1228b6fd863f9ad132cb935839e6212d40733c4a7,2024-07,Surrey Police,Surrey Police,-0.584088,51.236186,On or near Genyn Road,E01030452,Guildford 015A,Violence and sexual offences,Unable to prosecute suspect,
cac2fc4a975ce2d2f3581b3124fa5b00bca1fd6e38fc6d1ea8a581bfb2fe5649,2024-07,Surrey Police,Surrey Police,-0.584088,51.236186,On or near Genyn Road,E01030452,Guildford 015A,Violence and sexual offences,Unable to prosecute suspect,
41d2272d9dd6a7ec973ebdf14c215ccf8ebcc8a8aee2337825369a9454bd16bb,2024-07,Surrey Police,Surrey Police,-0.578416,51.238482,On or near Bedford Road,E01030452,Guildford 015A,Violence and sexual offences,Unable to prosecute suspect,
ef2a4b39c55160312f00ab196e8fcf9058181e47f14e0f7301552b78a78f1775,2024-07,Surrey Police,Surrey Police,-0.577752,51.237242,On or near Fays Passage,E01030452,Guildford 015A,Violence and sexual offences,Unable to prosecute suspect,
25108ef9bb2d4f3f690ecadae5fd70c4fd4f17551c2b1d550b6179ee1aa6a2c3,2024-07,Surrey Police,Surrey Police,-0.584088,51.236186,On or near Genyn Road,E01030452,Guildford 015A,Violence and sexual offences,Unable to prosecute suspect,
072abfb1af617e33bc7ff0e46c6c1273f7a69bcedb02b765448812ba08042174,2024-07,Surrey Police,Surrey Police,-0.578416,51.238482,On or near Bedford Road,E01030452,Guildford 015A,Violence and sexual offences,Unable to prosecute suspect,
61e0d269711eb62435b4c1b117ed78c445634d565e30eac63f82b84f65949e63,2024-07,Surrey Police,Surrey Police,-0.581081,51.237984,On or near Guildford,E01030452,Guildford 015A,Violence and sexual offences,Status update unavailable,
a4ee7af45a9a8ee560db9104ec36bb5cc5117b112c204632f106b8caf71aca86,2024-07,Surrey Police,Surrey Police,-0.584088,51.236186,On or near Genyn Road,E01030452,Guildford 015A,Violence and sexual offences,Unable to prosecute suspect,
d869daa8c8dc5f0f8bd5493ddf88669484e90d94273c743a4a6d1a4cd07d741e,2024-07,Surrey Police,Surrey Police,-0.576662,51.236833,On or near Shopping Area,E01030452,Guildford 015A,Violence and sexual offences,Further action is not in the public interest,
1f61fe4c0649079084588e1ed56ff702a8636c3b4094deab5fe9b671d4cb05bd,2024-07,Surrey Police,Surrey Police,-0.578416,51.238482,On or near Bedford Road,E01030452,Guildford 015A,Violence and sexual offences,Investigation complete; no suspect identified,
7408165dcd182b1562d76b1b713b7499bc58e327deae2a67ae097618acd5c6e7,2024-07,Surrey Police,Surrey Police,-0.584088,51.236186,On or near Genyn Road,E01030452,Guildford 015A,Violence and sexual offences,Unable to prosecute suspect,
0c2416e98c96b85f2f36d07e401398578c38cf5915903995bcc8edc527fda0f9,2024-07,Surrey Police,Surrey Police,-0.584088,51.236186,On or near Genyn Road,E01030452,Guildford 015A,Violence and sexual offences,Unable to prosecute suspect,
9cf25b451cfa18c6ca4d760ecbe5f907e91c98aa53ae3fc30636d7a55d2ab4f3,2024-07,Surrey Police,Surrey Police,-0.575665,51.237117,On or near Commercial Road,E01030452,Guildford 015A,Violence and sexual offences,Unable to prosecute suspect,
0cbbb5032de0b7688a4b2e989caf1ff7f360231b5514f65c0a1f7e0d5ab63af8,2024-07,Surrey Police,Surrey Police,-0.584088,51.236186,On or near Genyn Road,E01030452,Guildford 015A,Violence and sexual offences,Unable to prosecute suspect,
dbe7b5d6243807dc540c93ddefd71ef2ff1147c1a8c9e168bd0eb023cbf9d2ec,2024-07,Surrey Police,Surrey Police,-0.584088,51.236186,On or near Genyn Road,E01030452,Guildford 015A,Violence and sexual offences,Unable to prosecute suspect,
132a4c66ec0ac22ab17fb2b761105d29790b44c85a7fa2b65a2266e79a626ee9,2024-07,Surrey Police,Surrey Police,-0.584088,51.236186,On or near Genyn Road,E01030452,Guildford 015A,Violence and sexual offences,Unable to prosecute suspect,
e852c25aed2de3ca1fa18decef19611ca3580f545a69c5b2389f7a6d47c8bf0c,2024-07,Surrey Police,Surrey Police,-0.584088,51.236186,On or near Genyn Road,E01030452,Guildford 015A,Violence and sexual offences,Investigation complete; no suspect identified,
b0f6feab9a583c3bbb2dd3dbaf1d61c35dedd8083a00acd9c4021a771eec16aa,2024-07,Surrey Police,Surrey Police,-0.584088,51.236186,On or near Genyn Road,E01030452,Guildford 015A,Violence and sexual offences,Unable to prosecute suspect,
4bca9f0f491167cfa1d710a54bc7f355c39ad0c6acd94ef356a11ce17332aff7,2024-07,Surrey Police,Surrey Police,-0.584088,51.236186,On or near Genyn Road,E01030452,Guildford 015A,Violence and sexual offences,Unable to prosecute suspect,
7de6969b7ab7bfd5a434c2017413238b3f1838ec5af8c80987de6d543a540a41,2024-07,Surrey Police,Surrey Police,-0.584088,51.236186,On or near Genyn Road,E01030452,Guildford 015A,Violence and sexual offences,Unable to prosecute suspect,
ede81a6bb294dbef127bd4c8c07aed705ebeead5a5f977ec1d5b0c8b210a43bd,2024-07,Surrey Police,Surrey Police,-0.576662,51.236833,On or near Shopping Area,E01030452,Guildford 015A,Violence and sexual offences,Investigation complete; no suspect identified,
c392c82d0c95969d857a1da2c0b4565a47e097358717b3f00a664fc9a41a129c,2024-07,Surrey Police,Surrey Police,-0.584088,51.236186,On or near Genyn Road,E01030452,Guildford 015A,Violence and sexual offences,Unable to prosecute suspect,
ec01481ee615f130b68616b0bde376b16882c975140d7f59951fe5385021a34f,2024-07,Surrey Police,Surrey Police,-0.582472,51.236094,On or near Upperton Road,E01030452,Guildford 015A,Violence and sexual offences,Unable to prosecute suspect,
2b4b59e4f1ecb1d67e23b02a2e708015c86e6945cf351053521f9b1d0129710b,2024-07,Surrey Police,Surrey Police,-0.584088,51.236186,On or near Genyn Road,E01030452,Guildford 015A,Violence and sexual offences,Unable to prosecute suspect,
3ec66448c9ec550da1681e36e38f74fac322f359f346fdc2eb833927133927e2,2024-07,Surrey Police,Surrey Police,-0.578593,51.236461,On or near Bridge Street,E01030452,Guildford 015A,Violence and sexual offences,Offender given a caution,
5cd12d94a02169e8df490e9ee641673b4a2c5e778b4f55f768a926d815f84157,2024-07,Surrey Police,Surrey Police,-0.578593,51.236461,On or near Bridge Street,E01030452,Guildford 015A,Violence and sexual offences,Investigation complete; no suspect identified,
14b193f147ce4d815f26de1de12ad2d493b39cee8826bf14ccf090eb255691e3,2024-07,Surrey Police,Surrey Police,-0.584088,51.236186,On or near Genyn Road,E01030452,Guildford 015A,Violence and sexual offences,Unable to prosecute suspect,
7bc1aa9827a2d52a5e6251d60bffd32df1ea829a45696c2b75427e6b2423fc42,2024-07,Surrey Police,Surrey Police,-0.584088,51.236186,On or near Genyn Road,E01030452,Guildford 015A,Violence and sexual offences,Investigation complete; no suspect identified,
6632e6ff1b236569a72825775a2f44d634d6fdcaadab0dd40b55eb1f141baa1b,2024-07,Surrey Police,Surrey Police,-0.585241,51.237333,On or near Ludlow Road,E01030452,Guildford 015A,Violence and sexual offences,Unable to prosecute suspect,
0c7bd43e5ae499acdb8f6a3ba950cf16e6e589caac06a938fa7f4f457ac35050,2024-07,Surrey Police,Surrey Police,-0.584088,51.236186,On or near Genyn Road,E01030452,Guildford 015A,Violence and sexual offences,Unable to prosecute suspect,
b4fe907a081c4aa8dd531a7fb4e56de2fa063f323823586229386de4fad9fad6,2024-07,Surrey Police,Surrey Police,-0.584088,51.236186,On or near Genyn Road,E01030452,Guildford 015A,Violence and sexual offences,Unable to prosecute suspect,
9299edcb665d7da074f5fc0cab03740ab62d95b721e2c09e9797148ef1d6bf65,2024-07,Surrey Police,Surrey Police,-0.584088,51.236186,On or near Genyn Road,E01030452,Guildford 015A,Violence and sexual offences,Unable to prosecute suspect,
92dd37d82e9939e229a81c75d72db1976bda448a57b722995a88611acbe3bff9,2024-07,Surrey Police,Surrey Police,-0.578593,51.236461,On or near Bridge Street,E01030452,Guildford 015A,Violence and sexual offences,Unable to prosecute suspect,
bbfed8ff7987836af26f130f9c35c6c78e31fb38ff1d19ab24d6d274aef72a9e,2024-07,Surrey Police,Surrey Police,-0.578593,51.236461,On or near Bridge Street,E01030452,Guildford 015A,Violence and sexual offences,Status update unavailable,
68ee1605a3cbc8613cac9eb34253c734457b4c64d2b7731e1fe40fddbec6eecc,2024-07,Surrey Police,Surrey Police,-0.584088,51.236186,On or near Genyn Road,E01030452,Guildford 015A,Violence and sexual offences,Unable to prosecute suspect,
570216473b33a5065041e4f2a19bbbe4ba8f9fb59370ea900993a2e0cf36770e,2024-07,Surrey Police,Surrey Police,-0.578593,51.236461,On or near Bridge Street,E01030452,Guildford 015A,Violence and sexual offences,Unable to prosecute suspect,
9be12578422b8b0afe52e6eab865db80d221ce9d061f51e333733e9a359f5c31,2024-07,Surrey Police,Surrey Police,-0.584088,51.236186,On or near Genyn Road,E01030452,Guildford 015A,Violence and sexual offences,Unable to prosecute suspect,
e1a5a64ff6f7c07139de6685070dbafa352568bbda0ace627994e6b8e613a687,2024-07,Surrey Police,Surrey Police,-0.584088,51.236186,On or near Genyn Road,E01030452,Guildford 015A,Violence and sexual offences,Investigation complete; no suspect identified,
427f5497aaa1fa29705c0e456ec1edeb3a539581ede233e086a685c395a6abb8,2024-07,Surrey Police,Surrey Police,-0.584088,51.236186,On or near Genyn Road,E01030452,Guildford 015A,Violence and sexual offences,Investigation complete; no suspect identified,
d310e702fe7f7e6ff2a76186d9b6bef5b1499d80c7c15a19364cca01a753a311,2024-07,Surrey Police,Surrey Police,-0.578593,51.236461,On or near Bridge Street,E01030452,Guildford 015A,Violence and sexual offences,Unable to prosecute suspect,
43b6e2be27298131a93a34c76384b71f74a4224db85e5c1fb1085060edaca8a6,2024-07,Surrey Police,Surrey Police,-0.575665,51.237117,On or near Commercial Road,E01030452,Guildford 015A,Violence and sexual offences,Status update unavailable,
2acd1a9f5b2d9424e24e03ef39eeed0a4dc84d11e209c05a85314461882f42c1,2024-07,Surrey Police,Surrey Police,-0.584088,51.236186,On or near Genyn Road,E01030452,Guildford 015A,Violence and sexual offences,Unable to prosecute suspect,
f970c2418ba0ccfc37e7216ae30196a2f8d4f3a8ae8b0bb8dd395ce4a76651a8,2024-07,Surrey Police,Surrey Police,-0.584088,51.236186,On or near Genyn Road,E01030452,Guildford 015A,Violence and sexual offences,Unable to prosecute suspect,
7edafb8ae5f351466e016dd48e934ea86244e77289097442a80f1ef3eca84c7d,2024-07,Surrey Police,Surrey Police,-0.578593,51.236461,On or near Bridge Street,E01030452,Guildford 015A,Violence and sexual offences,Unable to prosecute suspect,
7f68f139d9188bbd4117788a412db2cd655d8826d62400af561df2a3ad9f710e,2024-07,Surrey Police,Surrey Police,-0.585241,51.237333,On or near Ludlow Road,E01030452,Guildford 015A,Violence and sexual offences,Unable to prosecute suspect,
a1639b585a9a435750ccf7be7a5c1a5c5eb0eb9124fe9bc4ce53ef425fa3b58c,2024-07,Surrey Police,Surrey Police,-0.585241,51.237333,On or near Ludlow Road,E01030452,Guildford 015A,Violence and sexual offences,Status update unavailable,
1aa7c3e4455f5442611fbb42c480dae244e93f946af773f02c6285628d57ca72,2024-07,Surrey Police,Surrey Police,-0.582017,51.242959,On or near Kernal Court,E01030452,Guildford 015A,Violence and sexual offences,Unable to prosecute suspect,
86fe32545a65dcbf951caf2143e1f37d93210a08831567354175a037af64753e,2024-07,Surrey Police,Surrey Police,-0.584088,51.236186,On or near Genyn Road,E01030452,Guildford 015A,Violence and sexual offences,Unable to prosecute suspect,
a21711da30db354509f9c6854a649ea3db0a1adbcb17d1bd70cf15ea23c761d0,2024-07,Surrey Police,Surrey Police,-0.578593,51.236461,On or near Bridge Street,E01030452,Guildford 015A,Violence and sexual offences,Unable to prosecute suspect,
70271beb6c1a0bd2dbc6fd2825fca41b1def18fc2dbcd384552be2466c8f57d5,2024-07,Surrey Police,Surrey Police,-0.575928,51.237390,On or near Guildford Friary Bus Station,E01030452,Guildford 015A,Violence and sexual offences,Unable to prosecute suspect,
e078f5833a87a36b1822cb78f3e76beac85bee0e4bc50174dd72a83fdcfc6230,2024-07,Surrey Police,Surrey Police,-0.584088,51.236186,On or near Genyn Road,E01030452,Guildford 015A,Violence and sexual offences,Unable to prosecute suspect,
76f270639dc99359ef31dd7fd462d2f040e100ad3d9fb32dbf0e374d6ad4ba26,2024-07,Surrey Police,Surrey Police,-0.576662,51.236833,On or near Shopping Area,E01030452,Guildford 015A,Violence and sexual offences,Unable to prosecute suspect,
4e8a959579875ca9f06ce9aa34df161177d040ab1c9815e0ef137b61689ad288,2024-07,Surrey Police,Surrey Police,-0.578593,51.236461,On or near Bridge Street,E01030452,Guildford 015A,Violence and sexual offences,Unable to prosecute suspect,
bef22c268cb2e70c716858016ae7818cf541669c923e2efa98303b6ef5a420ab,2024-07,Surrey Police,Surrey Police,-0.578593,51.236461,On or near Bridge Street,E01030452,Guildford 015A,Violence and sexual offences,Unable to prosecute suspect,
ac560fa0386b2e94c09221f8a2cbe3fc79ddf31abab53ba999b454a8db89035e,2024-07,Surrey Police,Surrey Police,-0.582017,51.242959,On or near Kernal Court,E01030452,Guildford 015A,Violence and sexual offences,Status update unavailable,
36ab7da5c3c372eaf83e8929796a1e51a53182a1dfa5f17d09796db86efb4a3c,2024-07,Surrey Police,Surrey Police,-0.584088,51.236186,On or near Genyn Road,E01030452,Guildford 015A,Violence and sexual offences,Unable to prosecute suspect,
20df6b758d4e9cb8702679b6c2feebb620507572e8578596f4a6119ef4ce7137,2024-07,Surrey Police,Surrey Police,-0.578593,51.236461,On or near Bridge Street,E01030452,Guildford 015A,Violence and sexual offences,Unable to prosecute suspect,
aaf7e81e47de8e9f908b28dcb524cc92e3abdba69828a49afc6f615d068b34d2,2024-07,Surrey Police,Surrey Police,-0.584088,51.236186,On or near Genyn Road,E01030452,Guildford 015A,Other crime,Investigation complete; no suspect identified,
93d42d92f2435dcbd9d4c050570f1a83bc81c2afea79b412e3bf27a75f1e90c6,2024-07,Surrey Police,Surrey Police,-0.577752,51.237242,On or near Fays Passage,E01030452,Guildford 015A,Other crime,Status update unavailable,
d95069aa4021a96c082ef7d02d0eb1cc0cc7b13aaef84e955b5dede97e89359e,2024-07,Surrey Police,Surrey Police,-0.611465,51.230381,On or near High View Road,E01030467,Guildford 015B,Other theft,Unable to prosecute suspect,
98bbae7abfd37b10e62d28d2cfd938078b028fc79964a9600ffe02183883afff,2024-07,Surrey Police,Surrey Police,-0.613361,51.231132,On or near Beechcroft Drive,E01030467,Guildford 015B,Violence and sexual offences,Unable to prosecute suspect,
a7bf7d116f7d2e9fcdfb50905afadfe383d03c3927806799890eda2e7ecb3f42,2024-07,Surrey Police,Surrey Police,-0.600099,51.234400,On or near Wilderness Road,E01030467,Guildford 015B,Violence and sexual offences,Status update unavailable,
74fc85e3b2a79646c6e8597691bac268b844ab36a315ba7467d396653fc21625,2024-07,Surrey Police,Surrey Police,-0.597394,51.231993,On or near The Drive,E01030467,Guildford 015B,Violence and sexual offences,Unable to prosecute suspect,
4e419d9215445af5fc9ce2a3066553991ccffd45cd13f039aa4899134e828829,2024-07,Surrey Police,Surrey Police,-0.601405,51.235261,On or near Windsor Close,E01030467,Guildford 015B,Violence and sexual offences,Court result unavailable,
ef987d3844789df9bbf4df6e70e9fc952a6727a40bfc654b6c26da99abe30ca9,2024-07,Surrey Police,Surrey Police,-0.595428,51.245728,On or near Ash Grove,E01030468,Guildford 015C,Drugs,Formal action is not in the public interest,
ce3902e41d567454c96a985b7a108ffc66de69b63249f736ee6a7560cc1d8e3a,2024-07,Surrey Police,Surrey Police,-0.587940,51.242570,On or near Further/Higher Educational Building,E01030468,Guildford 015C,Other theft,Status update unavailable,
e1dea777061a1fde305b1a71005db5412a92877954c20be0ab3429af7ebe5c4c,2024-07,Surrey Police,Surrey Police,-0.586599,51.237906,On or near Supermarket,E01030468,Guildford 015C,Shoplifting,Unable to prosecute suspect,
a132a01b5e35c963b69ff16389810ce134a508f74d04a3da11e6e0717243859e,2024-07,Surrey Police,Surrey Police,-0.586599,51.237906,On or near Supermarket,E01030468,Guildford 015C,Shoplifting,Investigation complete; no suspect identified,
b36671a12475f1b8f0b74c8690d52362fe31cd07d81dacb21ddd62902064d504,2024-07,Surrey Police,Surrey Police,-0.586599,51.237906,On or near Supermarket,E01030468,Guildford 015C,Shoplifting,Unable to prosecute suspect,
4d991afc92290b5aefd99feec5f58d8d3d523281359e67abf5fd84c856706ff3,2024-07,Surrey Police,Surrey Police,-0.592361,51.241546,On or near Parking Area,E01030468,Guildford 015C,Violence and sexual offences,Unable to prosecute suspect,
b9da367771148f0f5bbccec0edfa6ad17e36f32df9606c8a970ee5c3eb6e4260,2024-07,Surrey Police,Surrey Police,-0.586599,51.237906,On or near Supermarket,E01030468,Guildford 015C,Violence and sexual offences,Investigation complete; no suspect identified,
58ba4cbc50d49516fe77c7ba85674a7c6a428e8d9107347bb9765fe3b629f7b5,2024-07,Surrey Police,Surrey Police,-0.592361,51.241546,On or near Parking Area,E01030468,Guildford 015C,Violence and sexual offences,Investigation complete; no suspect identified,
14fe93e8e0135ecad2de0adf5c2bb65b2331585d3e75f15dde4d0255e59980e6,2024-07,Surrey Police,Surrey Police,-0.595886,51.243423,On or near Parking Area,E01030468,Guildford 015C,Violence and sexual offences,Investigation complete; no suspect identified,
cbae733826448bfeeebbfb4abd2022129ce8b50992760ee7cabecd51c24194f1,2024-07,Surrey Police,Surrey Police,-0.586599,51.237906,On or near Supermarket,E01030468,Guildford 015C,Violence and sexual offences,Investigation complete; no suspect identified,
208ce2b9fbb7e17fd24905122444be63730e0145bb1b7d7f16e4148ffcd878e7,2024-07,Surrey Police,Surrey Police,-0.589090,51.243584,On or near Further/Higher Educational Building,E01030468,Guildford 015C,Violence and sexual offences,Unable to prosecute suspect,
368825938bc7219af6e8024124f78bd12d0b424a192e95856ec66ee666165aee,2024-07,Surrey Police,Surrey Police,-0.596112,51.244918,On or near Midleton Road,E01030468,Guildford 015C,Violence and sexual offences,Unable to prosecute suspect,
d2c1f040f91d3bde9ed682933546c889a7177a85d2213a7a7f4778855e5a425a,2024-07,Surrey Police,Surrey Police,-0.587940,51.242570,On or near Further/Higher Educational Building,E01030468,Guildford 015C,Violence and sexual offences,Investigation complete; no suspect identified,
8ae3f1730bc990b99eaa7fac31a6c1de3553703cf0eae8be1644c06c3c4d54b6,2024-07,Surrey Police,Surrey Police,-0.593027,51.237085,On or near The Quadrangle,E01030469,Guildford 015D,Vehicle crime,Status update unavailable,
af44663a2d63dd39cb49555ac6859a3ebe624200cf4e783ece10250362cc8bd2,2024-07,Surrey Police,Surrey Police,-0.592339,51.238983,On or near The Oval,E01030469,Guildford 015D,Violence and sexual offences,Unable to prosecute suspect,
19585b18f392aa29686853a6d380cf4adc97da60849fd662a84dd5c3a490bc30,2024-07,Surrey Police,Surrey Police,-0.589288,51.236176,On or near Iveagh Road,E01030469,Guildford 015D,Violence and sexual offences,Unable to prosecute suspect,
549576fdda730e551805829104ad61fe854c3cacebf975f4a5a50a9c7b02178b,2024-07,Surrey Police,Surrey Police,-0.591065,51.239426,On or near Reindorp Close,E01030469,Guildford 015D,Violence and sexual offences,Status update unavailable,
cf9ca4341f5beb0357cf9607b56be356f204abd13c10e7d96988e6205cbc4b58,2024-07,Surrey Police,Surrey Police,-0.586063,51.229213,On or near Guildown Avenue,E01030448,Guildford 016A,Burglary,Investigation complete; no suspect identified,
67aa0db70c3e834b6d97c11758cfb4bb0bc6cf97d13f02a21537f4fdb8b5d3a5,2024-07,Surrey Police,Surrey Police,-0.579428,51.233521,On or near Mount Pleasant,E01030448,Guildford 016A,Burglary,Investigation complete; no suspect identified,
e2b4ced9c9de02357131c8d80e870c3c803b88ba2043f9fee779a23165dd99aa,2024-07,Surrey Police,Surrey Police,-0.579428,51.233521,On or near Mount Pleasant,E01030448,Guildford 016A,Criminal damage and arson,Investigation complete; no suspect identified,
26dd08cc22d7ed463093906c26198362d460e1ce178e54b51a320b66c9fd3a03,2024-07,Surrey Police,Surrey Police,-0.579428,51.233521,On or near Mount Pleasant,E01030448,Guildford 016A,Other theft,Investigation complete; no suspect identified,
73b2c542169089b24a62628dacd86d3a55239b23704cb07069ac279957272382,2024-07,Surrey Police,Surrey Police,-0.586426,51.233741,On or near Annandale Road,E01030448,Guildford 016A,Vehicle crime,Investigation complete; no suspect identified,
da313365ba83536b9f35865c8723ce140da2392805bc920e03b2a2fb051c8da4,2024-07,Surrey Police,Surrey Police,-0.581354,51.233769,On or near Mareschal Road,E01030448,Guildford 016A,Violence and sexual offences,Further action is not in the public interest,
7598d58c99be340ed31e5d74a183e68c74c83b8c14a1051aa13c05a250bc2a39,2024-07,Surrey Police,Surrey Police,-0.582588,51.234630,On or near Wherwell Road,E01030448,Guildford 016A,Violence and sexual offences,Court result unavailable,
,2024-07,Surrey Police,Surrey Police,-0.578173,51.235206,On or near Park Street,E01030449,Guildford 016B,Anti-social behaviour,,
,2024-07,Surrey Police,Surrey Police,-0.578173,51.235206,On or near Park Street,E01030449,Guildford 016B,Anti-social behaviour,,
,2024-07,Surrey Police,Surrey Police,-0.577949,51.235509,On or near Friary Bridge,E01030449,Guildford 016B,Anti-social behaviour,,
,2024-07,Surrey Police,Surrey Police,-0.578173,51.235206,On or near Park Street,E01030449,Guildford 016B,Anti-social behaviour,,
,2024-07,Surrey Police,Surrey Police,-0.578107,51.231320,On or near Lawn Road,E01030449,Guildford 016B,Anti-social behaviour,,
f4a0584260a9e493057b0c8564ab62ffa186d1dc073e4a3933308698e638ec23,2024-07,Surrey Police,Surrey Police,-0.578057,51.232929,On or near Millmead Terrace,E01030449,Guildford 016B,Criminal damage and arson,Unable to prosecute suspect,
13631dc38aa7f898ceaade7fd6c3e3c28b86bb4ac8efba75833111e106e2153e,2024-07,Surrey Police,Surrey Police,-0.578173,51.235206,On or near Park Street,E01030449,Guildford 016B,Criminal damage and arson,Unable to prosecute suspect,
4c302906365d388605310f0e29ddd84ba7998e3695afa158ca1caffa05083c63,2024-07,Surrey Police,Surrey Police,-0.578173,51.235206,On or near Park Street,E01030449,Guildford 016B,Drugs,Court result unavailable,
d173bcb0ca1c9bc56017eced2c7ccdd6b3ebd1757d44b5f60222e76ffc2801ce,2024-07,Surrey Police,Surrey Police,-0.576283,51.233789,On or near Millmead,E01030449,Guildford 016B,Drugs,Local resolution,
cbe59402d5af87d1c0eb0ca3abdfe228a1403f7038a27e9fa729f9106eaf0b8d,2024-07,Surrey Police,Surrey Police,-0.577949,51.235509,On or near Friary Bridge,E01030449,Guildford 016B,Drugs,Local resolution,
effe50679bf45b4d58e3d65f742af09b363f09ad7f52d1bc042fe0402c3f6971,2024-07,Surrey Police,Surrey Police,-0.579358,51.226488,On or near Turnham Close,E01030449,Guildford 016B,Other theft,Investigation complete; no suspect identified,
fe90b8dcc45b83184b2b11e4a1865d51e93ffa94d61de3c9522e0bbd5789d6e2,2024-07,Surrey Police,Surrey Police,-0.577949,51.235509,On or near Friary Bridge,E01030449,Guildford 016B,Other theft,Unable to prosecute suspect,
5f3f745db754887c24f982a9a2e7c7c40ee39e4d4e6e1ff7c578be50fbd82cc2,2024-07,Surrey Police,Surrey Police,-0.579358,51.226488,On or near Turnham Close,E01030449,Guildford 016B,Other theft,Unable to prosecute suspect,
47c84eff05a6fad3edb6036abaeaf35eaf485315045178081c6019b83ce35e67,2024-07,Surrey Police,Surrey Police,-0.577949,51.235509,On or near Friary Bridge,E01030449,Guildford 016B,Public order,Investigation complete; no suspect identified,
dfef9ae43ebcb90d3ebd99b81ab87973c5734e05e6b68ffd9a30fdc767c69e6d,2024-07,Surrey Police,Surrey Police,-0.579448,51.225896,On or near The Valley,E01030449,Guildford 016B,Public order,Court result unavailable,
12b4b30d4823659c0af7221eebf0a4e48b5e8f913b6c4176d3051f558d0913a2,2024-07,Surrey Police,Surrey Police,-0.578173,51.235206,On or near Park Street,E01030449,Guildford 016B,Robbery,Unable to prosecute suspect,
0887b387641cbba375a3eabfe28ddf258a2fbffbc7c2455961ee1c1e07f4c401,2024-07,Surrey Police,Surrey Police,-0.576235,51.232556,On or near Porridge Pot Alley,E01030449,Guildford 016B,Vehicle crime,Investigation complete; no suspect identified,
9c4c062db5d7e413cdacf2d5e5ba520c86c414cbcc776171e84a01452970eba4,2024-07,Surrey Police,Surrey Police,-0.578173,51.235206,On or near Park Street,E01030449,Guildford 016B,Violence and sexual offences,Unable to prosecute suspect,
94f718993371a22fb9e700c658e6ef15a1e7360b5504dc6adc5f7d38574adccc,2024-07,Surrey Police,Surrey Police,-0.577949,51.235509,On or near Friary Bridge,E01030449,Guildford 016B,Violence and sexual offences,Status update unavailable,
510252261b67ef4e1a2b7291978e4943ed4e51e4b2bcb6ed3c0db23fc8d49feb,2024-07,Surrey Police,Surrey Police,-0.576235,51.232556,On or near Porridge Pot Alley,E01030449,Guildford 016B,Violence and sexual offences,Investigation complete; no suspect identified,
f46307e2d26235d1e8859559240ca827fe066a443ec3d8e7b424cb97ccd9ef4f,2024-07,Surrey Police,Surrey Police,-0.578057,51.232929,On or near Millmead Terrace,E01030449,Guildford 016B,Other crime,Unable to prosecute suspect,
51936bea7dda122adf8e9c2fee9390d51a53319d241ca6b54002791f3b297dfd,2024-07,Surrey Police,Surrey Police,-0.534843,51.232009,On or near White Lane,E01030454,Guildford 016C,Burglary,Court result unavailable,
35a9f46c595b1f06650b970ae6cbdf4e1e754606baabf9e8005319199a67a491,2024-07,Surrey Police,Surrey Police,-0.555548,51.234983,On or near Lancaster Avenue,E01030454,Guildford 016C,Drugs,Investigation complete; no suspect identified,
5d2d53eade16c66da57b6c8a325f6df83444fd9d3cd022390c40d7aeccd085c4,2024-07,Surrey Police,Surrey Police,-0.560308,51.234385,On or near Addison Road,E01030454,Guildford 016C,Other theft,Investigation complete; no suspect identified,
c167c96225b2c8bd73fe933ae000d9d1e1c38393e3dbe6731931ecf61798dc25,2024-07,Surrey Police,Surrey Police,-0.552733,51.236126,On or near Warren Road,E01030454,Guildford 016C,Violence and sexual offences,Unable to prosecute suspect,
448ce8ba1c8865d506e993c65201155f50df0f9f1bf3383a6aa08f2be2e86b51,2024-07,Surrey Police,Surrey Police,-0.552733,51.236126,On or near Warren Road,E01030454,Guildford 016C,Violence and sexual offences,Unable to prosecute suspect,
ae457534d3667966cef66c186f83c7c78a9e6f71593428cdc5a0f05d81359594,2024-07,Surrey Police,Surrey Police,-0.564937,51.231069,On or near Fort Road,E01030456,Guildford 016D,Vehicle crime,Status update unavailable,
43ed473572d3169c539e1ed36e079c60def0c071317f318bf8a3ea953654f8c0,2024-07,Surrey Police,Surrey Police,-0.570920,51.229362,On or near Chantry Quarry,E01030456,Guildford 016D,Violence and sexual offences,Unable to prosecute suspect,
a9685ff8adcb8b3d8359e154ca49d7ca842b9a99eb10d258c2edabfc1bc096bb,2024-07,Surrey Police,Surrey Police,-0.696093,51.222434,On or near Totford Lane,E01030471,Guildford 017A,Violence and sexual offences,Unable to prosecute suspect,
,2024-07,Surrey Police,Surrey Police,-0.677941,51.221717,On or near Munday'S Boro,E01030472,Guildford 017B,Anti-social behaviour,,
ee579542abf19df100118397344fde9116244264ab033d546d8b7beecd872d33,2024-07,Surrey Police,Surrey Police,-0.696250,51.204172,On or near Parking Area,E01030472,Guildford 017B,Other theft,Investigation complete; no suspect identified,
3da8ac8dff46e4f94f039aaf124ff0cffcf718b491ea37aa2f1edabd943ed97d,2024-07,Surrey Police,Surrey Police,-0.674605,51.222183,On or near Dark Lane,E01030472,Guildford 017B,Other theft,Investigation complete; no suspect identified,
261a0373c0d2d12fbe5fa73b8ac5b4c0bce46a5b284bc622bb0799f268d946e2,2024-07,Surrey Police,Surrey Police,-0.639882,51.198261,On or near Quarry Road,E01030472,Guildford 017B,Other theft,Investigation complete; no suspect identified,
c0bca28b32423079457c6e44f90e8e1d01be88a9f598945026f001b44e54b8bd,2024-07,Surrey Police,Surrey Police,-0.677941,51.221717,On or near Munday'S Boro,E01030472,Guildford 017B,Public order,Unable to prosecute suspect,
9d6dbc195c54a63e537c1d59c1d923c9ad8263366dce471ea93adb7492c7cc0c,2024-07,Surrey Police,Surrey Police,-0.645973,51.197495,On or near Elstead Road,E01030472,Guildford 017B,Vehicle crime,Investigation complete; no suspect identified,
91c671809cb1fa0772d15de78ed9814a2cce771547ed7ea1afa7f9ac2bf48c4d,2024-07,Surrey Police,Surrey Police,-0.645973,51.197495,On or near Elstead Road,E01030472,Guildford 017B,Violence and sexual offences,Unable to prosecute suspect,
,2024-07,Surrey Police,Surrey Police,-0.585748,51.222672,On or near Police Station,E01030478,Guildford 017C,Anti-social behaviour,,
,2024-07,Surrey Police,Surrey Police,-0.627138,51.213849,On or near Spiceall,E01030478,Guildford 017C,Anti-social behaviour,,
,2024-07,Surrey Police,Surrey Police,-0.585748,51.222672,On or near Police Station,E01030478,Guildford 017C,Anti-social behaviour,,
,2024-07,Surrey Police,Surrey Police,-0.585748,51.222672,On or near Police Station,E01030478,Guildford 017C,Anti-social behaviour,,
,2024-07,Surrey Police,Surrey Police,-0.585748,51.222672,On or near Police Station,E01030478,Guildford 017C,Anti-social behaviour,,
,2024-07,Surrey Police,Surrey Police,-0.645750,51.212438,On or near Priorswood,E01030478,Guildford 017C,Anti-social behaviour,,
,2024-07,Surrey Police,Surrey Police,-0.587104,51.200828,On or near Tilthams Green,E01030478,Guildford 017C,Anti-social behaviour,,
,2024-07,Surrey Police,Surrey Police,-0.585748,51.222672,On or near Police Station,E01030478,Guildford 017C,Anti-social behaviour,,
,2024-07,Surrey Police,Surrey Police,-0.627138,51.213849,On or near Spiceall,E01030478,Guildford 017C,Anti-social behaviour,,
,2024-07,Surrey Police,Surrey Police,-0.585748,51.222672,On or near Police Station,E01030478,Guildford 017C,Anti-social behaviour,,
,2024-07,Surrey Police,Surrey Police,-0.580723,51.218897,On or near Old Portsmouth Road,E01030478,Guildford 017C,Anti-social behaviour,,
,2024-07,Surrey Police,Surrey Police,-0.585748,51.222672,On or near Police Station,E01030478,Guildford 017C,Anti-social behaviour,,
,2024-07,Surrey Police,Surrey Police,-0.585748,51.222672,On or near Police Station,E01030478,Guildford 017C,Anti-social behaviour,,
,2024-07,Surrey Police,Surrey Police,-0.583009,51.206947,On or near Mill Lane,E01030478,Guildford 017C,Anti-social behaviour,,
,2024-07,Surrey Police,Surrey Police,-0.585748,51.222672,On or near Police Station,E01030478,Guildford 017C,Anti-social behaviour,,
,2024-07,Surrey Police,Surrey Police,-0.580723,51.218897,On or near Old Portsmouth Road,E01030478,Guildford 017C,Anti-social behaviour,,
,2024-07,Surrey Police,Surrey Police,-0.635678,51.215073,On or near Eastbury Lane,E01030478,Guildford 017C,Anti-social behaviour,,
,2024-07,Surrey Police,Surrey Police,-0.585748,51.222672,On or near Police Station,E01030478,Guildford 017C,Anti-social behaviour,,
8197aeb53e1091ec03f82897fb9dd830f723234221fc15fdcd4043bf61c716dc,2024-07,Surrey Police,Surrey Police,-0.621862,51.212654,On or near Withies Lane,E01030478,Guildford 017C,Criminal damage and arson,Investigation complete; no suspect identified,
9dd97559607fb4f54e27b23c03ec19f92c87192eeee23d8f898a07377d70b9a0,2024-07,Surrey Police,Surrey Police,-0.583009,51.206947,On or near Mill Lane,E01030478,Guildford 017C,Other theft,Investigation complete; no suspect identified,
5da6bbc091d4cdc1c5013a66a9b7850f9ea3966ad53808c0edc83dd9555b318d,2024-07,Surrey Police,Surrey Police,-0.586773,51.223341,On or near The Firs,E01030478,Guildford 017C,Other theft,Investigation complete; no suspect identified,
d356f03530bb2457244f2cbf7b26376e399791d5fc9d80679d249b97b6a92a67,2024-07,Surrey Police,Surrey Police,-0.581932,51.220108,On or near The Ridges,E01030478,Guildford 017C,Public order,Unable to prosecute suspect,
da987ca6aa38f76cd2ed4f6def7fa0aeeadb8f330545058e63a09394602059d3,2024-07,Surrey Police,Surrey Police,-0.585748,51.222672,On or near Police Station,E01030478,Guildford 017C,Public order,Investigation complete; no suspect identified,
b39d9546562c68e56cdd7a7bde1b839fe4b5a4a8ed7a297d0eef0ef64630b42b,2024-07,Surrey Police,Surrey Police,-0.627138,51.213849,On or near Spiceall,E01030478,Guildford 017C,Public order,Unable to prosecute suspect,
96bee02f35f40fa7056e46643cbdc695fb28b7c09a41acda89e2ae14b7db17c3,2024-07,Surrey Police,Surrey Police,-0.587104,51.200828,On or near Tilthams Green,E01030478,Guildford 017C,Public order,Investigation complete; no suspect identified,
b643a0e0aa8eae474d6d86c44f878200942c3a31c49174d00deaa7a69dd1ef27,2024-07,Surrey Police,Surrey Police,-0.583374,51.207158,On or near Oakdene Place,E01030478,Guildford 017C,Violence and sexual offences,Unable to prosecute suspect,
e91b59335a8dceb236e9db5b044ce916d356e8248655aedf311be51622aaf348,2024-07,Surrey Police,Surrey Police,-0.585748,51.222672,On or near Police Station,E01030478,Guildford 017C,Violence and sexual offences,Investigation complete; no suspect identified,
5f123fcefb6753314967f58b74b7964aeac9c678cb78f7903771a5571875f214,2024-07,Surrey Police,Surrey Police,-0.585748,51.222672,On or near Police Station,E01030478,Guildford 017C,Violence and sexual offences,Action to be taken by another organisation,
b17f477bc47d6336b4c66565d6ce32e4d86dd207be0aebc3bd8f960b97ba075f,2024-07,Surrey Police,Surrey Police,-0.585748,51.222672,On or near Police Station,E01030478,Guildford 017C,Violence and sexual offences,Further action is not in the public interest,
e6aad69a7efc27d73d717d485bab5db7faeb133bd28afe6ac0935d9ec1585480,2024-07,Surrey Police,Surrey Police,-0.585748,51.222672,On or near Police Station,E01030478,Guildford 017C,Violence and sexual offences,Further action is not in the public interest,
67a7e362b8e6d45b0a40eea9bef0d265ba581261a15b38442a99baa653a5568e,2024-07,Surrey Police,Surrey Police,-0.585748,51.222672,On or near Police Station,E01030478,Guildford 017C,Violence and sexual offences,Further action is not in the public interest,
be6eaf730b9925c043be8aae9fa6cf79b9780253b2fd3fc7fceb50318e4f5620,2024-07,Surrey Police,Surrey Police,-0.628338,51.224078,On or near Down Lane,E01030478,Guildford 017C,Violence and sexual offences,Unable to prosecute suspect,
6c07f55fe63821f955367ac2df868936330983dd6b29ca011609a609d13ee7bb,2024-07,Surrey Police,Surrey Police,-0.585748,51.222672,On or near Police Station,E01030478,Guildford 017C,Violence and sexual offences,Unable to prosecute suspect,
6a5ea5a48272e6225ac43c52bababbd83961201e582e1e99b6a3988b37b3656d,2024-07,Surrey Police,Surrey Police,-0.585748,51.222672,On or near Police Station,E01030478,Guildford 017C,Violence and sexual offences,Further action is not in the public interest,
,2024-07,Surrey Police,Surrey Police,-0.546780,51.214560,On or near Hornhatch Close,E01030479,Guildford 017D,Anti-social behaviour,,
,2024-07,Surrey Police,Surrey Police,-0.561290,51.213453,On or near Pound Place,E01030479,Guildford 017D,Anti-social behaviour,,
13a8f6388f388ab72692fd463f8dce555189b5d0b3e4a5517b29dde30a9c7edd,2024-07,Surrey Police,Surrey Police,-0.564828,51.212948,On or near Kings Road,E01030479,Guildford 017D,Shoplifting,Investigation complete; no suspect identified,
faebc6d258a0de7f617944b93c85ed934c2a2ec29c73ee9d2073890cef381046,2024-07,Surrey Police,Surrey Police,-0.559511,51.213345,On or near Park/Open Space,E01030479,Guildford 017D,Violence and sexual offences,Unable to prosecute suspect,
6a5d8eae7b69d071043af9463478be6296b51b8aee34b8cfa0c01106f5be1229,2024-07,Surrey Police,Surrey Police,-0.564597,51.206084,On or near Tannersfield,E01030480,Guildford 017E,Burglary,Investigation complete; no suspect identified,
402ca36ecd04a0d6ca5f55870c4220587fbf50d968bc9586a671ca90556bdb51,2024-07,Surrey Police,Surrey Police,-0.564457,51.206433,On or near Summersbury Drive,E01030480,Guildford 017E,Criminal damage and arson,Investigation complete; no suspect identified,
92f8907f133ab9808ce202dc37aa071ce29ae2038977b3c05312f7c5c1693b35,2024-07,Surrey Police,Surrey Police,-0.567914,51.217284,On or near The Street,E01030480,Guildford 017E,Other theft,Status update unavailable,
b9c3713ddfe9fcfd15d2a7799962014f577bf8b3a139dcc2e293898fbdbc9f99,2024-07,Surrey Police,Surrey Police,-0.548011,51.213190,On or near Hornhatch Lane,E01030480,Guildford 017E,Violence and sexual offences,Unable to prosecute suspect,
4ccbf591342874da92ed449ba58e2c17e78f78edc2a40b2d6e1288301d09723f,2024-07,Surrey Police,Surrey Police,-0.564457,51.206433,On or near Summersbury Drive,E01030480,Guildford 017E,Violence and sexual offences,Unable to prosecute suspect,
,2024-07,Surrey Police,Surrey Police,-0.534466,51.217725,On or near Halfpenny Lane,E01030490,Guildford 018A,Anti-social behaviour,,
ca9cb10a50e2c2bdc5d816c464d0ddf5898be3333e4f0f15cb46073bbfbea5ef,2024-07,Surrey Police,Surrey Police,-0.508044,51.232912,On or near Parking Area,E01030490,Guildford 018A,Violence and sexual offences,Unable to prosecute suspect,
,2024-07,Surrey Police,Surrey Police,-0.476120,51.223688,On or near Parking Area,E01030491,Guildford 018B,Anti-social behaviour,,
b86a71ac57999aac2619160274b0c2af95c75361b7c6433b4a4480db3f24fb81,2024-07,Surrey Police,Surrey Police,-0.467966,51.209616,On or near Parklands,E01030491,Guildford 018B,Drugs,Investigation complete; no suspect identified,
9923767ce064db27894f201c6a246683b951f8f6f111d79de95836e20adc3608,2024-07,Surrey Police,Surrey Police,-0.464989,51.214775,On or near Sandy Lane,E01030491,Guildford 018B,Drugs,Investigation complete; no suspect identified,
291e856cbb579f7ca4fae1a8f5691cfd955a8877a081a083be0fa213edc482fd,2024-07,Surrey Police,Surrey Police,-0.463433,51.218927,On or near Church Lane,E01030491,Guildford 018B,Public order,Investigation complete; no suspect identified,
8f257802bf7db13d9b95a37b4790bda92811fb65438dce082cdef6138f3a31b9,2024-07,Surrey Police,Surrey Police,-0.449783,51.221166,On or near Petrol Station,E01030491,Guildford 018B,Public order,Unable to prosecute suspect,
48207508599440831510fddb55cb0fea6f23bd7f8864576f0d91b5d59503c56a,2024-07,Surrey Police,Surrey Police,-0.458369,51.211495,On or near Hook Lane,E01030491,Guildford 018B,Vehicle crime,Investigation complete; no suspect identified,
ca3c157b1cc3fdb3c7552bb0f38dad1dffc5ca34ceaf89c7c5a583950242d6c7,2024-07,Surrey Police,Surrey Police,-0.458369,51.211495,On or near Hook Lane,E01030491,Guildford 018B,Vehicle crime,Investigation complete; no suspect identified,
e8937d856b08f9c32b47529f09a4f1545a750438e37d39c31f726f0452b77cb9,2024-07,Surrey Police,Surrey Police,-0.466478,51.216925,On or near Pathfields,E01030491,Guildford 018B,Violence and sexual offences,Unable to prosecute suspect,
89a72b48d4b8286526ba02ffc6587c30883620e4651d69c0780456a5d0a8a9e6,2024-07,Surrey Police,Surrey Police,-0.464989,51.214775,On or near Sandy Lane,E01030491,Guildford 018B,Violence and sexual offences,Unable to prosecute suspect,
15f42e62b4005b02bef21065bd61fda82dae125f8ab3cb8c3e6bbeb95049cd8a,2024-07,Surrey Police,Surrey Police,-0.453477,51.217753,On or near Gravelpits Close,E01030491,Guildford 018B,Violence and sexual offences,Unable to prosecute suspect,
e0c82803c1a43dc2f1974ba7fb24485989969d764accc31d380008d81222463b,2024-07,Surrey Police,Surrey Police,-0.449783,51.221166,On or near Petrol Station,E01030491,Guildford 018B,Violence and sexual offences,Unable to prosecute suspect,
690eb48ed4ab6d954ce238ea61c95e8027879259a597805294948c0d6ac2bdde,2024-07,Surrey Police,Surrey Police,-0.458369,51.211495,On or near Hook Lane,E01030491,Guildford 018B,Violence and sexual offences,Investigation complete; no suspect identified,
4ceed73450f7ae82fe8e7bdad92752655b46156ba3c23df209735ce36fa64145,2024-07,Surrey Police,Surrey Police,-0.449783,51.221166,On or near Petrol Station,E01030491,Guildford 018B,Violence and sexual offences,Unable to prosecute suspect,
4f5ed5ef049168f59fc6185cf6e1418faa089862b2ce4d85bf0811c6777a7619,2024-07,Surrey Police,Surrey Police,-0.461299,51.220230,On or near Gomshall Lane,E01030491,Guildford 018B,Violence and sexual offences,Unable to prosecute suspect,
c803c943be72b5ad87d38a83c88cd8c12c35e69df0dd515dacc3bc2cbbe39f14,2024-07,Surrey Police,Surrey Police,-0.449783,51.221166,On or near Petrol Station,E01030491,Guildford 018B,Other crime,Action to be taken by another organisation,
cebf9c2cfe95b0fbcc343f575fd3f2c72ed12ff5a9b216ba9ec336e627e37d53,2024-07,Surrey Police,Surrey Police,-0.448262,51.191002,On or near Walking Bottom,E01030492,Guildford 018C,Criminal damage and arson,Investigation complete; no suspect identified,
f5d0778546eac4d6ca2166cc879b4c14c041952c041624dc27076bc4f9c036e8,2024-07,Surrey Police,Surrey Police,-0.414883,51.180339,On or near Holmbury Hill Road,E01030492,Guildford 018C,Criminal damage and arson,Investigation complete; no suspect identified,
e847f1f6f92936afea49fefd3af4895e42cc28b64ac09bc3dfbe8c07ee66cad1,2024-07,Surrey Police,Surrey Police,-0.440925,51.205293,On or near Rad Lane,E01030492,Guildford 018C,Vehicle crime,Investigation complete; no suspect identified,
04e6da8178d243d75c68e020f8aeb832b2132a798bbd3a977f94f725292db44e,2024-07,Surrey Police,Surrey Police,-0.451467,51.216629,On or near Heathrow,E01030492,Guildford 018C,Vehicle crime,Investigation complete; no suspect identified,
da7fa7fcb5aaac1ddd3f17d68e587ce4602f041364b9bcef826cb11f124692be,2024-07,Surrey Police,Surrey Police,-0.443490,51.198007,On or near Pursers Lea,E01030492,Guildford 018C,Violence and sexual offences,Unable to prosecute suspect,
7dfeb6c38e40809fcff70be746ad3c0d7c06312c1c6d71ce4ddb212d3708e49e,2024-07,Surrey Police,Surrey Police,-0.412513,51.193526,On or near Horsham Road,E01030492,Guildford 018C,Violence and sexual offences,Unable to prosecute suspect,
3cac8df4b46abbb94a8be868b52bb1cc930f83ae71cb0ef4fea112aa62ec787a,2024-07,Surrey Police,Surrey Police,-0.422054,51.199546,On or near Woodhouse Lane,E01030492,Guildford 018C,Violence and sexual offences,Status update unavailable,
4329f7fe0b810e007963f38bbe94b8600560be79ae429e57583323ce38f6989f,2024-07,Surrey Police,Surrey Police,-0.820324,51.317424,On or near Minley Road,E01022846,Hart 003A,Violence and sexual offences,Status update unavailable,
,2024-07,Surrey Police,Surrey Police,-0.772783,51.329299,On or near Admiralty Way,E01022847,Hart 003B,Anti-social behaviour,,
f7e116b7ec097604c9487986f79ce487158e37e8151db82a7c7368bbe028f6ef,2024-07,Surrey Police,Surrey Police,-0.772783,51.329299,On or near Admiralty Way,E01022847,Hart 003B,Violence and sexual offences,Offender given a caution,
6080b33fde76fac47008936633c498af66f77c0e322b2553e817a93c20caed50,2024-07,Surrey Police,Surrey Police,-0.840279,51.215103,On or near Doras Green Lane,E01022856,Hart 010D,Other theft,Investigation complete; no suspect identified,
211a961db4aba2cd34f9e00d14a5702e789d483856ae8dec29c0db7164257e28,2024-07,Surrey Police,Surrey Police,-0.279171,51.127045,On or near Newdigate Road,E01035330,Horsham 001E,Public order,Status update unavailable,
0e4e3230e0b2f79ee282ca6ebbb482a5280c4589a39410d42f41bf6d58a874a1,2024-07,Surrey Police,Surrey Police,-0.316304,51.388976,On or near Balaclava Road,E01002988,Kingston upon Thames 011C,Public order,Investigation complete; no suspect identified,
3fc7588e57bfa6812dc96335b3bd73fd6057702efd23c0b80337cec7a33af38a,2024-07,Surrey Police,Surrey Police,-0.038477,51.466551,On or near Endwell Road,E01003344,Lewisham 010D,Violence and sexual offences,Unable to prosecute suspect,
5e9e7d9459c8694f6cd5e4d6de84e1463fc00fcb615da5048b6e7cc0f81c685a,2024-07,Surrey Police,Surrey Police,-0.294368,51.319848,On or near Bagot Close,E01030506,Mole Valley 001A,Violence and sexual offences,Unable to prosecute suspect,
463db713e2e040bc52e3b106a5e8af687a49f62f4af5b80a4e746927e517b4f3,2024-07,Surrey Police,Surrey Police,-0.285549,51.315034,On or near The Hilders,E01030508,Mole Valley 001B,Criminal damage and arson,Unable to prosecute suspect,
51e80984b646ac5daca4cac759b2d56e5ec15d96ad08f5fef022c1758e1cee98,2024-07,Surrey Police,Surrey Police,-0.285549,51.315034,On or near The Hilders,E01030508,Mole Valley 001B,Public order,Unable to prosecute suspect,
b446b73945e75c6139002e4aa91d68f43ca48f525d9fe214ac2477e1a1fdddd9,2024-07,Surrey Police,Surrey Police,-0.285852,51.312304,On or near Farm Lane,E01030508,Mole Valley 001B,Shoplifting,Investigation complete; no suspect identified,
,2024-07,Surrey Police,Surrey Police,-0.299342,51.309525,On or near The Street,E01030509,Mole Valley 001C,Anti-social behaviour,,
,2024-07,Surrey Police,Surrey Police,-0.295020,51.309615,On or near Howard Close,E01030509,Mole Valley 001C,Anti-social behaviour,,
abb182600e58a106120bd28738f58e1b74fec83036a02d1a820c701c5532ceb2,2024-07,Surrey Police,Surrey Police,-0.296594,51.309727,On or near Purcell'S Close,E01030509,Mole Valley 001C,Drugs,Court result unavailable,
baf081d23fe07050397bb74f594870cdbdd03145944445db9010458b33d4c2ee,2024-07,Surrey Police,Surrey Police,-0.295020,51.309615,On or near Howard Close,E01030509,Mole Valley 001C,Vehicle crime,Investigation complete; no suspect identified,
569a6d311fdac797b2074fe36684936d24da23887dcc08ef4c7dc5e5500c36ed,2024-07,Surrey Police,Surrey Police,-0.295020,51.309615,On or near Howard Close,E01030509,Mole Valley 001C,Violence and sexual offences,Investigation complete; no suspect identified,
dc1119a6085d9f72d4062dbebf89f373dc88a8fe13bdb2cfbfcaf5ae5349d0be,2024-07,Surrey Police,Surrey Police,-0.298864,51.308870,On or near Parking Area,E01030509,Mole Valley 001C,Violence and sexual offences,Unable to prosecute suspect,
1dfb27f8de5674d5b02cf18d77d4c265305c49f676dc3c4e922a6cd84b13ca36,2024-07,Surrey Police,Surrey Police,-0.298864,51.308870,On or near Parking Area,E01030509,Mole Valley 001C,Violence and sexual offences,Status update unavailable,
,2024-07,Surrey Police,Surrey Police,-0.294441,51.315155,On or near Stonny Croft,E01030513,Mole Valley 001D,Anti-social behaviour,,
cd0dd9304bd0739ef09f97b5c8d4cc6826fe7a2d5dcd7fc1c14474c6e2a14b4c,2024-07,Surrey Police,Surrey Police,-0.294441,51.315155,On or near Stonny Croft,E01030513,Mole Valley 001D,Public order,Unable to prosecute suspect,
92fb4a5a4be1543057d23fe1fae3eda87658aaa0ce7dba8edec0ea5eee8f6e7b,2024-07,Surrey Police,Surrey Police,-0.294403,51.316197,On or near Old Stede Close,E01030513,Mole Valley 001D,Vehicle crime,Investigation complete; no suspect identified,
c0a7e1f0685ab1645ad2eeffc44640f89ed9630482fde3d8226ff5a244ca2124,2024-07,Surrey Police,Surrey Police,-0.297064,51.318727,On or near Petters Road,E01030513,Mole Valley 001D,Vehicle crime,Investigation complete; no suspect identified,
ea6c211b11d9b4e5916c4ba8c81028aab5cabe5b47ddaf31c59e9c1b8fd6a031,2024-07,Surrey Police,Surrey Police,-0.293632,51.318030,On or near Forest Way,E01030513,Mole Valley 001D,Vehicle crime,Investigation complete; no suspect identified,
019c85fd640550356a7f65e05f11d0a8100a4d9a3f9c3faf9fb451a44c19b7b4,2024-07,Surrey Police,Surrey Police,-0.296455,51.316965,On or near Bramley Way,E01030513,Mole Valley 001D,Vehicle crime,Investigation complete; no suspect identified,
c087345dd1adac31d93864a9e93de94ac79d0c94b12a314d4b1cf634ff383c73,2024-07,Surrey Police,Surrey Police,-0.296188,51.315639,On or near Darcy Place,E01030513,Mole Valley 001D,Violence and sexual offences,Unable to prosecute suspect,
49ca6c58915bc136542751750f63e034bc2babf4f88923f1939afdc7495864e3,2024-07,Surrey Police,Surrey Police,-0.298451,51.310193,On or near Shopping Area,E01030514,Mole Valley 001E,Public order,Unable to prosecute suspect,
b6315200ce6a7db93ceb05c00bed5b3c4984548e2e92bbdf45825e8d25e42164,2024-07,Surrey Police,Surrey Police,-0.298451,51.310193,On or near Shopping Area,E01030514,Mole Valley 001E,Public order,Unable to prosecute suspect,
9db5eac3e90135b62b3082e730c5b526afd3e6b8ddd12ca29f59c818f9e93df8,2024-07,Surrey Police,Surrey Police,-0.298451,51.310193,On or near Shopping Area,E01030514,Mole Valley 001E,Shoplifting,Unable to prosecute suspect,
8bd5be028df20ed400ec693f6809e9593fbec621fa65968d7197498ad846b45f,2024-07,Surrey Police,Surrey Police,-0.298451,51.310193,On or near Shopping Area,E01030514,Mole Valley 001E,Shoplifting,Unable to prosecute suspect,
412831aa8a097979824109b24386d05499d06bdc1e91cc012109f77de2591693,2024-07,Surrey Police,Surrey Police,-0.298451,51.310193,On or near Shopping Area,E01030514,Mole Valley 001E,Shoplifting,Investigation complete; no suspect identified,
4bb7f48dff1a5a43f811ac94c3655890b040379182799788ecab6d3b09c071ee,2024-07,Surrey Police,Surrey Police,-0.303511,51.316680,On or near Rutland Close,E01030514,Mole Valley 001E,Shoplifting,Unable to prosecute suspect,
0aba6fd9e08865b4eabbbc83e5d3908d9778ebe2a25eea1e962e6aec21a20f39,2024-07,Surrey Police,Surrey Police,-0.300708,51.317611,On or near Cray Avenue,E01030514,Mole Valley 001E,Vehicle crime,Investigation complete; no suspect identified,
2631e3c234c9766bed1d20798099f5b30982c30c2f9cab63a14cf5093752df2e,2024-07,Surrey Police,Surrey Police,-0.299877,51.313282,On or near Broadmead,E01030514,Mole Valley 001E,Vehicle crime,Investigation complete; no suspect identified,
15b32cabaac70bafa9396f9fcdd05ca373bba0ea2d52dd8ba1dc12db71de3597,2024-07,Surrey Police,Surrey Police,-0.300708,51.317611,On or near Cray Avenue,E01030514,Mole Valley 001E,Vehicle crime,Investigation complete; no suspect identified,
8b76084491f6ba595c5c8fc6dff4411845e6f142a51d4ec4ffaee70bc5ee692c,2024-07,Surrey Police,Surrey Police,-0.298451,51.310193,On or near Shopping Area,E01030514,Mole Valley 001E,Violence and sexual offences,Investigation complete; no suspect identified,
a6bb50bbfabfc0a975e910e3a32021ab8c6fdef6e5f0bee081d4633fcdb60d5e,2024-07,Surrey Police,Surrey Police,-0.317604,51.312351,On or near Floral Court,E01030505,Mole Valley 002A,Violence and sexual offences,Unable to prosecute suspect,
fe64e2b2db587166ba35ee8c84875c9d0e52acf1ac2e695f5919f2ad684a1fd8,2024-07,Surrey Police,Surrey Police,-0.306079,51.321385,On or near Broadhurst,E01030507,Mole Valley 002B,Criminal damage and arson,Investigation complete; no suspect identified,
686da5c20ffd94e7f8de671fd6c578b974aabd3a0a176246737d7193c7f85de3,2024-07,Surrey Police,Surrey Police,-0.306079,51.321385,On or near Broadhurst,E01030507,Mole Valley 002B,Criminal damage and arson,Investigation complete; no suspect identified,
,2024-07,Surrey Police,Surrey Police,-0.312056,51.306345,On or near West Farm Drive,E01030511,Mole Valley 002C,Anti-social behaviour,,
bc0d0cd6e80e5a6e0c0648148857e0e9faed373b81a2d084a5bf1a70ade85f65,2024-07,Surrey Police,Surrey Police,-0.315114,51.303539,On or near Duckworth Drive,E01030511,Mole Valley 002C,Public order,Local resolution,
3ab66732ff25346a92619695b535b9d4123b819fc9fac92e56dd90789c4b830c,2024-07,Surrey Police,Surrey Police,-0.315150,51.309618,On or near The Murreys,E01030511,Mole Valley 002C,Violence and sexual offences,Status update unavailable,
,2024-07,Surrey Police,Surrey Police,-0.306462,51.314092,On or near Sports/Recreation Area,E01030512,Mole Valley 002D,Anti-social behaviour,,
,2024-07,Surrey Police,Surrey Police,-0.306462,51.314092,On or near Sports/Recreation Area,E01030512,Mole Valley 002D,Anti-social behaviour,,
f1381404872bf15ccce1a59d8c25ec0e7336577e969c766906fe7a26c662bf8e,2024-07,Surrey Police,Surrey Police,-0.301109,51.309083,On or near Petrol Station,E01030512,Mole Valley 002D,Public order,Unable to prosecute suspect,
4b6c6abbf75f69869ea6618ab4778089db41bad025e3fdb5c23156e70275851f,2024-07,Surrey Police,Surrey Police,-0.301109,51.309083,On or near Petrol Station,E01030512,Mole Valley 002D,Violence and sexual offences,Unable to prosecute suspect,
,2024-07,Surrey Police,Surrey Police,-0.342801,51.301964,On or near Randalls Road,E01030548,Mole Valley 003A,Anti-social behaviour,,
,2024-07,Surrey Police,Surrey Police,-0.332842,51.307201,On or near Fairs Road,E01030548,Mole Valley 003A,Anti-social behaviour,,
,2024-07,Surrey Police,Surrey Police,-0.332842,51.307201,On or near Fairs Road,E01030548,Mole Valley 003A,Anti-social behaviour,,
,2024-07,Surrey Police,Surrey Police,-0.333284,51.309248,On or near Oak Road,E01030548,Mole Valley 003A,Anti-social behaviour,,
,2024-07,Surrey Police,Surrey Police,-0.333617,51.306807,On or near Albany Park Road,E01030548,Mole Valley 003A,Anti-social behaviour,,
c627584996f363665045afd487f5ea02aa6381067a0fc5c5630351abc32d6879,2024-07,Surrey Police,Surrey Police,-0.333284,51.309248,On or near Oak Road,E01030548,Mole Valley 003A,Burglary,Investigation complete; no suspect identified,
6a2c3a857a8de24c2d712846ca78c356828b41d93f9b42fcbccd23aae940cffe,2024-07,Surrey Police,Surrey Police,-0.333617,51.306807,On or near Albany Park Road,E01030548,Mole Valley 003A,Criminal damage and arson,Status update unavailable,
63dc4f0f5e620c643b43189a6b6d5f2055c0a8debfbe0398833f6f30387c4471,2024-07,Surrey Police,Surrey Police,-0.336758,51.299289,On or near Randalls Road,E01030548,Mole Valley 003A,Criminal damage and arson,Investigation complete; no suspect identified,
a29ed421aedef1b3c7d1e3a88b93d842dfb7a1a440b48ee25dacb97a0221a196,2024-07,Surrey Police,Surrey Police,-0.354353,51.314690,On or near Consort Drive,E01030548,Mole Valley 003A,Other theft,Unable to prosecute suspect,
ef82fde2ad5a66129155b95125d9d7aa92411d0198f241a3a534a9ea53373782,2024-07,Surrey Police,Surrey Police,-0.333690,51.313885,On or near Teazlewood Park,E01030548,Mole Valley 003A,Other theft,Status update unavailable,
7c07f4073fc03aed9cdf322773ad88e8d2e7be460b1654529b528c91b28576fc,2024-07,Surrey Police,Surrey Police,-0.354353,51.314690,On or near Consort Drive,E01030548,Mole Valley 003A,Other theft,Investigation complete; no suspect identified,
b36028d7bd8327bf2deb9e58f7c9647eac96bc960fc3f03338d6b4181396f8de,2024-07,Surrey Police,Surrey Police,-0.336063,51.312156,On or near Supermarket,E01030548,Mole Valley 003A,Public order,Unable to prosecute suspect,
d523bea6ee1dd1202e2c8c896e6f3a37d2ce36c78b1de1b8b1e22867afe169d6,2024-07,Surrey Police,Surrey Police,-0.333617,51.306807,On or near Albany Park Road,E01030548,Mole Valley 003A,Public order,Unable to prosecute suspect,
8755773a7e282bb08b2812d9ac033a652f1f7e152314e53006454de331fb89ef,2024-07,Surrey Police,Surrey Police,-0.335708,51.304526,On or near Thornton Close,E01030548,Mole Valley 003A,Public order,Unable to prosecute suspect,
c2e552107a5ccf0cc916f28a589313b62c37b2d83743d9fcbb338bc64805e6d2,2024-07,Surrey Police,Surrey Police,-0.335708,51.304526,On or near Thornton Close,E01030548,Mole Valley 003A,Public order,Unable to prosecute suspect,
f7edde715bd9e5458d443736579760534dbef830e3fd0a59e2e61a1cc376d534,2024-07,Surrey Police,Surrey Police,-0.327157,51.325851,On or near Epsom Gap,E01030548,Mole Valley 003A,Robbery,Investigation complete; no suspect identified,
8b552ad8a86fa7b2fc8b1a79eadf037f13139398e649eb0cebc843f5a39e7b15,2024-07,Surrey Police,Surrey Police,-0.327157,51.325851,On or near Epsom Gap,E01030548,Mole Valley 003A,Robbery,Investigation complete; no suspect identified,
98c77a8c527c81217ab5e24206d3906557e471219f07623cdceefd141c61096c,2024-07,Surrey Police,Surrey Police,-0.333284,51.309248,On or near Oak Road,E01030548,Mole Valley 003A,Shoplifting,Investigation complete; no suspect identified,
f4edffccd27910ecbc6e9687d94a69cb490f8e8b902255293f30091867b50b5e,2024-07,Surrey Police,Surrey Police,-0.336063,51.312156,On or near Supermarket,E01030548,Mole Valley 003A,Theft from the person,Investigation complete; no suspect identified,
99d9dfda2c806a652ee89ba90f6c60307ea3f1ec1e001a3db68996e02b9cafb0,2024-07,Surrey Police,Surrey Police,-0.336563,51.303081,On or near Cleeve Road,E01030548,Mole Valley 003A,Vehicle crime,Investigation complete; no suspect identified,
b4fcebbebe5109b94fc2cf4b909173e3c5a35cd6e63decb9a7f2a9f83f7a1ece,2024-07,Surrey Police,Surrey Police,-0.338915,51.303897,On or near Park View Road,E01030548,Mole Valley 003A,Violence and sexual offences,Unable to prosecute suspect,
b0ce563f7614dcc99f3abaafb40deba1ec2350bcb6491e39e22d60f4bcd3b620,2024-07,Surrey Police,Surrey Police,-0.338815,51.301899,On or near Falcon Wood,E01030548,Mole Valley 003A,Violence and sexual offences,Unable to prosecute suspect,
dd47203c9755b439a73439333ec8bd8b8838a281a5f06ef00fa4ac53a402b1ea,2024-07,Surrey Police,Surrey Police,-0.327157,51.325851,On or near Epsom Gap,E01030548,Mole Valley 003A,Violence and sexual offences,Unable to prosecute suspect,
76dec444c66f4f77e17a1c3e72dfc389811ea3ed298b051baa72a9943a30cc3a,2024-07,Surrey Police,Surrey Police,-0.333617,51.306807,On or near Albany Park Road,E01030548,Mole Valley 003A,Violence and sexual offences,Unable to prosecute suspect,
e9548659f59a6f6086e40e570a694c1a571b21f2d0887c4bd0a6f96316cc7f4a,2024-07,Surrey Police,Surrey Police,-0.333617,51.306807,On or near Albany Park Road,E01030548,Mole Valley 003A,Violence and sexual offences,Unable to prosecute suspect,
0d792f23e29558bb5b85054a4971bd1e274d9c5e719870d9657e9fd2a4f48b7a,2024-07,Surrey Police,Surrey Police,-0.333617,51.306807,On or near Albany Park Road,E01030548,Mole Valley 003A,Violence and sexual offences,Unable to prosecute suspect,
3c025d1b080ea1202a8febec24a16ea169fbfc0792f28bea5fcea96254dff722,2024-07,Surrey Police,Surrey Police,-0.334683,51.302317,On or near Randalls Crescent,E01030548,Mole Valley 003A,Violence and sexual offences,Investigation complete; no suspect identified,
0cfda029952fe927c8960a39f6edd3d67c0882706b3c5d8971607cb1abe2c824,2024-07,Surrey Police,Surrey Police,-0.333617,51.306807,On or near Albany Park Road,E01030548,Mole Valley 003A,Other crime,Unable to prosecute suspect,
,2024-07,Surrey Police,Surrey Police,-0.335861,51.299492,On or near Highbury Drive,E01030549,Mole Valley 003B,Anti-social behaviour,,
,2024-07,Surrey Police,Surrey Police,-0.330575,51.298104,On or near Petrol Station,E01030549,Mole Valley 003B,Anti-social behaviour,,
,2024-07,Surrey Police,Surrey Police,-0.333691,51.304353,On or near Long Shaw,E01030549,Mole Valley 003B,Anti-social behaviour,,
,2024-07,Surrey Police,Surrey Police,-0.330829,51.306129,On or near Buffers Lane,E01030549,Mole Valley 003B,Anti-social behaviour,,
d4901af0c4555b7357b6fe9441e1bdce1265c6a31d740057bf792340c31f3921,2024-07,Surrey Police,Surrey Police,-0.333691,51.304353,On or near Long Shaw,E01030549,Mole Valley 003B,Burglary,Awaiting court outcome,
bc0797c9e7e02566406f9010680886f2d29a8c306015cd2da65f57259aa3480f,2024-07,Surrey Police,Surrey Police,-0.330335,51.299584,On or near A245,E01030549,Mole Valley 003B,Criminal damage and arson,Action to be taken by another organisation,
94939db48c8d0a46107395843c3ac2c276ac5534dcac62009fbab4e5b82f37f5,2024-07,Surrey Police,Surrey Police,-0.330335,51.299584,On or near A245,E01030549,Mole Valley 003B,Criminal damage and arson,Unable to prosecute suspect,
c52d68aae54a710af3a8bcf31e3987ef698ddf6bfedefb3539ee003430aa00a0,2024-07,Surrey Police,Surrey Police,-0.330575,51.298104,On or near Petrol Station,E01030549,Mole Valley 003B,Other theft,Unable to prosecute suspect,
06d5e93ed51b6af9b8cd70e0a611366477fdd68238ca65e404b1b61573ae74d2,2024-07,Surrey Police,Surrey Police,-0.330335,51.299584,On or near A245,E01030549,Mole Valley 003B,Public order,Unable to prosecute suspect,
389fb9db94571693637fec149de577d61b73d349c6c5adb81ecdfc9f5fa3372c,2024-07,Surrey Police,Surrey Police,-0.330335,51.299584,On or near A245,E01030549,Mole Valley 003B,Public order,Investigation complete; no suspect identified,
a53d242cd2fdaca38ead6a17fbc24f2750ca3f0b2e8fe7ce1e6623c88127ed2a,2024-07,Surrey Police,Surrey Police,-0.330575,51.298104,On or near Petrol Station,E01030549,Mole Valley 003B,Shoplifting,Court result unavailable,
da837fa43c8ffda0146cd392bac128debb1ecfd4b9d6506fe9cc527d3c5e9e79,2024-07,Surrey Police,Surrey Police,-0.330575,51.298104,On or near Petrol Station,E01030549,Mole Valley 003B,Shoplifting,Investigation complete; no suspect identified,
cb5c6ef4ba549e0c8845edcf95a11fcf42499f2061e87e2f3fe1c527804a8257,2024-07,Surrey Police,Surrey Police,-0.330575,51.298104,On or near Petrol Station,E01030549,Mole Valley 003B,Shoplifting,Investigation complete; no suspect identified,
530fc9ec67b5f6cd3d4d6b118ce327bd2f5b56b4be447c0a48276723a4ee24e2,2024-07,Surrey Police,Surrey Police,-0.330575,51.298104,On or near Petrol Station,E01030549,Mole Valley 003B,Shoplifting,Unable to prosecute suspect,
9cee25a807415a339af594ebfd4d1d876d87f9e3b83671946f38c0366eef0e8c,2024-07,Surrey Police,Surrey Police,-0.330575,51.298104,On or near Petrol Station,E01030549,Mole Valley 003B,Shoplifting,Status update unavailable,
df903f62a866dd864f3e49946b70c846b4cdf69a22f0a49df7a26905fcb04313,2024-07,Surrey Police,Surrey Police,-0.331439,51.305922,On or near Kingston Road,E01030549,Mole Valley 003B,Violence and sexual offences,Unable to prosecute suspect,
9ab3160ce5355c5a8fe1e86a512694ddee6d97a4f095095e942797bf3316d36e,2024-07,Surrey Police,Surrey Police,-0.330829,51.306129,On or near Buffers Lane,E01030549,Mole Valley 003B,Violence and sexual offences,Unable to prosecute suspect,
9e983b826a5a7b6b470973f151f111e851ac0fce68c553e2579ba0d5c04ad727,2024-07,Surrey Police,Surrey Police,-0.333691,51.304353,On or near Long Shaw,E01030549,Mole Valley 003B,Violence and sexual offences,Unable to prosecute suspect,
04ddb9bead20726a152d08bb6e0faf44bd6ddd8821e6d8aaa98da2c286969824,2024-07,Surrey Police,Surrey Police,-0.334312,51.303058,On or near Gaveston Road,E01030549,Mole Valley 003B,Violence and sexual offences,Unable to prosecute suspect,
,2024-07,Surrey Police,Surrey Police,-0.330474,51.295764,On or near North Street,E01030550,Mole Valley 003C,Anti-social behaviour,,
,2024-07,Surrey Police,Surrey Police,-0.327863,51.295376,On or near High Street,E01030550,Mole Valley 003C,Anti-social behaviour,,
,2024-07,Surrey Police,Surrey Police,-0.330147,51.301992,On or near Petrol Station,E01030550,Mole Valley 003C,Anti-social behaviour,,
,2024-07,Surrey Police,Surrey Police,-0.327863,51.295376,On or near High Street,E01030550,Mole Valley 003C,Anti-social behaviour,,
,2024-07,Surrey Police,Surrey Police,-0.328422,51.295789,On or near Shopping Area,E01030550,Mole Valley 003C,Anti-social behaviour,,
c9143228a3cbc783faed23df97f5382331e01aff3113043b83483a7abe3fa88b,2024-07,Surrey Police,Surrey Police,-0.328335,51.296993,On or near Fairfield Walk,E01030550,Mole Valley 003C,Burglary,Investigation complete; no suspect identified,
f7dc767aaca13da04f54cab75ae205a4e42c1ce6b1551b16e7b807f51d6ff602,2024-07,Surrey Police,Surrey Police,-0.330147,51.301992,On or near Petrol Station,E01030550,Mole Valley 003C,Criminal damage and arson,Local resolution,
e3ee0d4306ea433f65c0739a525226c1fa95af396ece4e5343e5f91d3d8b8b53,2024-07,Surrey Police,Surrey Police,-0.334160,51.295772,On or near Waterway Road,E01030550,Mole Valley 003C,Drugs,Investigation complete; no suspect identified,
833b29dfd70e4a589fe5dfede44238228bc1c874d87e25a7370565cc8604979b,2024-07,Surrey Police,Surrey Police,-0.328422,51.295789,On or near Shopping Area,E01030550,Mole Valley 003C,Other theft,Investigation complete; no suspect identified,
18f9721d0ab4bbfb96411e26f28ab232419ef1705de623979c8468a9043d3fb5,2024-07,Surrey Police,Surrey Police,-0.330147,51.301992,On or near Petrol Station,E01030550,Mole Valley 003C,Other theft,Unable to prosecute suspect,
f60ae6e3225f750ea48121367f7985041d95ccbb73fbe6c24d7c7222842ec15e,2024-07,Surrey Police,Surrey Police,-0.327863,51.295376,On or near High Street,E01030550,Mole Valley 003C,Other theft,Investigation complete; no suspect identified,
179fc99573e79dbee424908eefa3a631be6df5d1d567745d15b9b228fef4ad11,2024-07,Surrey Police,Surrey Police,-0.327863,51.295376,On or near High Street,E01030550,Mole Valley 003C,Possession of weapons,Court result unavailable,
8c91cdd6961820309ba0ee8946b94ceb1ca2b4707ef1f15c2b4a0b4cf64f9120,2024-07,Surrey Police,Surrey Police,-0.323436,51.305475,On or near A243,E01030550,Mole Valley 003C,Public order,Investigation complete; no suspect identified,
39e93a076d2bacf1ec42c4dea33bf26e5c834bc486fae80b18a49f9b1dbb593b,2024-07,Surrey Police,Surrey Police,-0.330474,51.295764,On or near North Street,E01030550,Mole Valley 003C,Public order,Investigation complete; no suspect identified,
ddb0d5880feea776fca0fa5784097767a0250a2385aaabc8732ee85bfb125023,2024-07,Surrey Police,Surrey Police,-0.327863,51.295376,On or near High Street,E01030550,Mole Valley 003C,Shoplifting,Court result unavailable,
93b572a8a5cd6ff053f42ecebfd508d765b6e0dce6bf3f60f4c048100f8694c5,2024-07,Surrey Police,Surrey Police,-0.331127,51.294757,On or near Bridge Street,E01030550,Mole Valley 003C,Vehicle crime,Investigation complete; no suspect identified,
36d0a5093315352299bf7b0d2d45b7b2ca4f3a38af96f0b3ac02edcfa4173ea0,2024-07,Surrey Police,Surrey Police,-0.327863,51.295376,On or near High Street,E01030550,Mole Valley 003C,Violence and sexual offences,Unable to prosecute suspect,
150e1554408ac936898b3415299093b344b7f5f738f360d3346ea9cb8d409398,2024-07,Surrey Police,Surrey Police,-0.323108,51.301082,On or near Levett Road,E01030550,Mole Valley 003C,Violence and sexual offences,Unable to prosecute suspect,
65e373e59041cead6e8122696397ab5cb96fef7d65c4d8163f50f092857522aa,2024-07,Surrey Police,Surrey Police,-0.326127,51.302105,On or near Copthorne Road,E01030550,Mole Valley 003C,Violence and sexual offences,Unable to prosecute suspect,
fe2c72e5b0ea468f336c3b1b23de1c917bc3c5a7f6b970346fe3418b2d7376d8,2024-07,Surrey Police,Surrey Police,-0.330474,51.295764,On or near North Street,E01030550,Mole Valley 003C,Violence and sexual offences,Unable to prosecute suspect,
1dda1da4935255ae061c5e668bad6eb6a1fde0d6a2b3af35049caa7cf7bbe5d1,2024-07,Surrey Police,Surrey Police,-0.321022,51.300080,On or near St John'S Close,E01030550,Mole Valley 003C,Violence and sexual offences,Court result unavailable,
dc424c219fd6c54e1f022fdd509990b5ad049efa47a9b6d0ff4b64bd416d1324,2024-07,Surrey Police,Surrey Police,-0.330147,51.301992,On or near Petrol Station,E01030550,Mole Valley 003C,Violence and sexual offences,Unable to prosecute suspect,
00289b8d964ddf3b75b2e02dd706a1bfa5ae0638ca89b9397795161173ac6f9f,2024-07,Surrey Police,Surrey Police,-0.330463,51.296052,On or near Gravel Hill,E01030550,Mole Valley 003C,Violence and sexual offences,Unable to prosecute suspect,
38ed9d6fe504793874f472c9c28ac7b0b252d9bb4b7e6e76f94976cc9d0f7257,2024-07,Surrey Police,Surrey Police,-0.332448,51.294336,On or near Parking Area,E01030550,Mole Valley 003C,Violence and sexual offences,Investigation complete; no suspect identified,
5c6e2e3b55f4f88726f0ab1a1af582830882ac826ed84ad5f4566ee9ecceb779,2024-07,Surrey Police,Surrey Police,-0.330147,51.301992,On or near Petrol Station,E01030550,Mole Valley 003C,Violence and sexual offences,Unable to prosecute suspect,
161705b3aedf2cabff8c48dfd9f944f4185c73be898f8817f0608e57bfb83011,2024-07,Surrey Police,Surrey Police,-0.333341,51.294627,On or near Emlyn Lane,E01030550,Mole Valley 003C,Violence and sexual offences,Status update unavailable,
7ed0682cb8f544ed6ec3384b865ac6960f1ee3ee7cd907faa1d321e0b0947faa,2024-07,Surrey Police,Surrey Police,-0.328175,51.297062,On or near Fairfield Road,E01030550,Mole Valley 003C,Violence and sexual offences,Status update unavailable,
d215b214f0f6a04d23c6b83f08f7fbc67716fd32bea68a35c249349d9d13671c,2024-07,Surrey Police,Surrey Police,-0.326853,51.296711,On or near Queen Anne'S Gardens,E01030550,Mole Valley 003C,Violence and sexual offences,Unable to prosecute suspect,
f712fb0bc95c3bf6653e3d0a0b52e457463afcd76cfa4a412b784f644170ef59,2024-07,Surrey Police,Surrey Police,-0.331687,51.295530,On or near Supermarket,E01030550,Mole Valley 003C,Violence and sexual offences,Court result unavailable,
,2024-07,Surrey Police,Surrey Police,-0.333302,51.308358,On or near Lilliott'S Lane,E01030551,Mole Valley 003D,Anti-social behaviour,,
,2024-07,Surrey Police,Surrey Police,-0.332357,51.311879,On or near Rye Brook Road,E01030551,Mole Valley 003D,Anti-social behaviour,,
,2024-07,Surrey Police,Surrey Police,-0.333302,51.308358,On or near Lilliott'S Lane,E01030551,Mole Valley 003D,Anti-social behaviour,,
,2024-07,Surrey Police,Surrey Police,-0.333302,51.308358,On or near Lilliott'S Lane,E01030551,Mole Valley 003D,Anti-social behaviour,,
,2024-07,Surrey Police,Surrey Police,-0.333302,51.308358,On or near Lilliott'S Lane,E01030551,Mole Valley 003D,Anti-social behaviour,,
,2024-07,Surrey Police,Surrey Police,-0.327431,51.306863,On or near Hazelmere Close,E01030551,Mole Valley 003D,Anti-social behaviour,,
3656aa3b479d093e77a385386c9b945136f236f9112c5534d224bba6e7355ae1,2024-07,Surrey Police,Surrey Police,-0.329843,51.309199,On or near Merton Way,E01030551,Mole Valley 003D,Bicycle theft,Unable to prosecute suspect,
d236ecbcfedf8f54132a362724c9dd087dac7ffad70d89ca788b707c67769198,2024-07,Surrey Police,Surrey Police,-0.331017,51.312426,On or near Woodbridge Grove,E01030551,Mole Valley 003D,Bicycle theft,Unable to prosecute suspect,
8d8a70b2bf7c3246fac9863a031df5727855ebeec2d9863f60833b2e571fe92f,2024-07,Surrey Police,Surrey Police,-0.331175,51.310432,On or near The Fairway,E01030551,Mole Valley 003D,Criminal damage and arson,Investigation complete; no suspect identified,
e34fb708e4e15f25036fb843cdb6bc8a084180930aa287d6e9dcf5361219b532,2024-07,Surrey Police,Surrey Police,-0.329914,51.311179,On or near Sandes Place,E01030551,Mole Valley 003D,Criminal damage and arson,Unable to prosecute suspect,
edba7af0e603c29656b9591adc9fa7723e7175303751491b725ae82863857eaa,2024-07,Surrey Police,Surrey Police,-0.331169,51.309029,On or near Aperdele Road,E01030551,Mole Valley 003D,Other theft,Investigation complete; no suspect identified,
b720945030fc9fd22e7b24826ba4dc879deccbd39f3287075fede8219f2414ba,2024-07,Surrey Police,Surrey Police,-0.334084,51.308154,On or near Clements Mead,E01030551,Mole Valley 003D,Possession of weapons,Unable to prosecute suspect,
153e15d716bbf7c05f41ce9086f47996eb478101aebf33065f0ec77c761d9606,2024-07,Surrey Police,Surrey Police,-0.333302,51.308358,On or near Lilliott'S Lane,E01030551,Mole Valley 003D,Public order,Unable to prosecute suspect,
7146fc14233fb4a7acb08ff5495effe372c23f2a515d92e5b2e1244ee2858cad,2024-07,Surrey Police,Surrey Police,-0.333302,51.308358,On or near Lilliott'S Lane,E01030551,Mole Valley 003D,Public order,Investigation complete; no suspect identified,
46ef7800962220eba531fa1687e56656c386a61eb7ef2bec9b5bb24ea33ddbe0,2024-07,Surrey Police,Surrey Police,-0.333302,51.308358,On or near Lilliott'S Lane,E01030551,Mole Valley 003D,Public order,Investigation complete; no suspect identified,
d5e514a1a1d907bbece0930c2d67b44d1f58b7a3a7f1ad509290461163c1d32c,2024-07,Surrey Police,Surrey Police,-0.334084,51.308154,On or near Clements Mead,E01030551,Mole Valley 003D,Public order,Unable to prosecute suspect,
c031b6821fc92d82adec601124a5bc29e179ad6584889da9b367f410b8801307,2024-07,Surrey Police,Surrey Police,-0.333302,51.308358,On or near Lilliott'S Lane,E01030551,Mole Valley 003D,Public order,Unable to prosecute suspect,
e2e3679787b3475c0241893f00421ce402c09408254d80ab26ac48f8f24e2fba,2024-07,Surrey Police,Surrey Police,-0.333302,51.308358,On or near Lilliott'S Lane,E01030551,Mole Valley 003D,Public order,Investigation complete; no suspect identified,
5e5ea2588f4eea23452a5e9770813ebf06a21ebf3a2dffd2a22ccf4e764cc51d,2024-07,Surrey Police,Surrey Police,-0.333302,51.308358,On or near Lilliott'S Lane,E01030551,Mole Valley 003D,Public order,Investigation complete; no suspect identified,
78c0577766f8195542bb14f167b2c2aa6ad0b3c5c1b13ce49e223dfe8c5c63d5,2024-07,Surrey Police,Surrey Police,-0.333302,51.308358,On or near Lilliott'S Lane,E01030551,Mole Valley 003D,Public order,Investigation complete; no suspect identified,
2c3f50d5994fdb8c3ca5dd06600e6deb6135f271e6d40478f973e022cc32cea4,2024-07,Surrey Police,Surrey Police,-0.332220,51.309719,On or near Ryelands Court,E01030551,Mole Valley 003D,Vehicle crime,Investigation complete; no suspect identified,
8dd0ae10c73fec6429cd2d94f578955c935fb0cdd8da907a9d84faae85975343,2024-07,Surrey Police,Surrey Police,-0.327431,51.306863,On or near Hazelmere Close,E01030551,Mole Valley 003D,Vehicle crime,Investigation complete; no suspect identified,
3b99686be451d27d43c31e9b9978a9f3937fdea4aeefb773d6c5e796733ffd23,2024-07,Surrey Police,Surrey Police,-0.332220,51.309719,On or near Ryelands Court,E01030551,Mole Valley 003D,Violence and sexual offences,Unable to prosecute suspect,
9ad891188f856f659dd79091b2401f1d7b6a2eb12ec0335d0fd52cbe1acdb074,2024-07,Surrey Police,Surrey Police,-0.331393,51.311550,On or near Woodbridge Avenue,E01030551,Mole Valley 003D,Violence and sexual offences,Investigation complete; no suspect identified,
668185d78576db1913d59dc9c4148562d16415db02e77a31736abda0aa108ad4,2024-07,Surrey Police,Surrey Police,-0.334084,51.308154,On or near Clements Mead,E01030551,Mole Valley 003D,Violence and sexual offences,Unable to prosecute suspect,
cdf54a268045df1edbcb4a4b853271a2fae455721d96690e4b4fa533e3224e57,2024-07,Surrey Police,Surrey Police,-0.333302,51.308358,On or near Lilliott'S Lane,E01030551,Mole Valley 003D,Violence and sexual offences,Investigation complete; no suspect identified,
71d6debee212e59feccd40c69f5a96ff18e8c3c65157e21751c1d15a3153c6da,2024-07,Surrey Police,Surrey Police,-0.329843,51.309199,On or near Merton Way,E01030551,Mole Valley 003D,Violence and sexual offences,Unable to prosecute suspect,
480158ca80ef6fd9cc2180ff3b144fefe53d7bc195c97e893f7e42312509ce88,2024-07,Surrey Police,Surrey Police,-0.334084,51.308154,On or near Clements Mead,E01030551,Mole Valley 003D,Violence and sexual offences,Unable to prosecute suspect,
c416f6f62d88ddefc6f652aa3c4bad092e2dd5cd783c30ab48a31cb913526a9b,2024-07,Surrey Police,Surrey Police,-0.333302,51.308358,On or near Lilliott'S Lane,E01030551,Mole Valley 003D,Violence and sexual offences,Unable to prosecute suspect,
c003c6090450b6e26670e741bf28474d36f5b212544a81ace8f46fb6c8366d8c,2024-07,Surrey Police,Surrey Police,-0.333302,51.308358,On or near Lilliott'S Lane,E01030551,Mole Valley 003D,Violence and sexual offences,Unable to prosecute suspect,
f9a8cf1441a360c3df960f6e52642728d72cce985a0fb2b9f2f0add865dbccac,2024-07,Surrey Police,Surrey Police,-0.334084,51.308154,On or near Clements Mead,E01030551,Mole Valley 003D,Violence and sexual offences,Unable to prosecute suspect,
705659f6818b324f3f1b2ee5027876bb6f1e9004bbd2a35abfbe1735894e2079,2024-07,Surrey Police,Surrey Police,-0.329914,51.311179,On or near Sandes Place,E01030551,Mole Valley 003D,Violence and sexual offences,Unable to prosecute suspect,
3220fb563bba32a631550eefdad2b2dd49191f733d048f5c45e36afaabf9558e,2024-07,Surrey Police,Surrey Police,-0.309002,51.298091,On or near The Cedars,E01030510,Mole Valley 004A,Burglary,Investigation complete; no suspect identified,
8564ccc880a12666ce56ed38f155cd5ccc2fc59afd87f53963cdd1f7e4e1163c,2024-07,Surrey Police,Surrey Police,-0.312297,51.301331,On or near Blades Close,E01030510,Mole Valley 004A,Burglary,Investigation complete; no suspect identified,
b730400b6005d6d882f6d1f73034641bc3964814e03545343bea80ec302c05d4,2024-07,Surrey Police,Surrey Police,-0.305392,51.304594,On or near Old Court,E01030510,Mole Valley 004A,Vehicle crime,Investigation complete; no suspect identified,
8989e334bb176ea5f629e689d6544975b5afd2e4e39b7db132a1284db6ab2ca4,2024-07,Surrey Police,Surrey Police,-0.305392,51.304594,On or near Old Court,E01030510,Mole Valley 004A,Violence and sexual offences,Unable to prosecute suspect,
beba9589941b826eda93ca354a227d7435d35bc39cef8bd037b8aa17bbb8db16,2024-07,Surrey Police,Surrey Police,-0.308167,51.305974,On or near Bramley Grove,E01030510,Mole Valley 004A,Violence and sexual offences,Unable to prosecute suspect,
35e2bca4de06a65522e83625a858017172b19561323ef23f88bf5125d8b238e2,2024-07,Surrey Police,Surrey Police,-0.307564,51.305993,On or near Elliston Way,E01030510,Mole Valley 004A,Violence and sexual offences,Investigation complete; no suspect identified,
90657e2a6b191902493f6662ec53a8759fe5d5b12a8a7985fa5ab421489fd640,2024-07,Surrey Police,Surrey Police,-0.311233,51.297898,On or near Quarry Close,E01030510,Mole Valley 004A,Violence and sexual offences,Local resolution,
,2024-07,Surrey Police,Surrey Police,-0.326906,51.295264,On or near Elm Road,E01030552,Mole Valley 004B,Anti-social behaviour,,
,2024-07,Surrey Police,Surrey Police,-0.325242,51.295267,On or near Byron Place,E01030552,Mole Valley 004B,Anti-social behaviour,,
,2024-07,Surrey Police,Surrey Police,-0.323049,51.295613,On or near Windfield,E01030552,Mole Valley 004B,Anti-social behaviour,,
8307d2ea6c983b2126567a7b2be3cb77826ab1b0d030bab99a5602d636372253,2024-07,Surrey Police,Surrey Police,-0.327243,51.294684,On or near The Crescent,E01030552,Mole Valley 004B,Criminal damage and arson,Investigation complete; no suspect identified,
188e2f39256d963ad932487a144de7f62fdeff3278190612bb6e004d80a52a7f,2024-07,Surrey Police,Surrey Police,-0.328514,51.294828,On or near Theatre/Concert Hall,E01030552,Mole Valley 004B,Criminal damage and arson,Investigation complete; no suspect identified,
adef954980ae4d6c530397ec8d74bbf703e9d11bcaf1cda5316e36837ee2f571,2024-07,Surrey Police,Surrey Police,-0.326906,51.295264,On or near Elm Road,E01030552,Mole Valley 004B,Criminal damage and arson,Investigation complete; no suspect identified,
c9a4107d5e68a67dfebf185f69f560a92f9db4b4a37de8df1a536e6705fae5cc,2024-07,Surrey Police,Surrey Police,-0.329453,51.294257,On or near Parking Area,E01030552,Mole Valley 004B,Other theft,Investigation complete; no suspect identified,
a625def130a2c6b3936e70e87b5f5fe8c6319a75778e6d16aa3a99f24cfbe0b6,2024-07,Surrey Police,Surrey Police,-0.328514,51.294828,On or near Theatre/Concert Hall,E01030552,Mole Valley 004B,Public order,Investigation complete; no suspect identified,
35cd4e773a178d683ec023f1682fa2a46f55d030c4bdbee90bf077c75ee82da1,2024-07,Surrey Police,Surrey Police,-0.326906,51.295264,On or near Elm Road,E01030552,Mole Valley 004B,Shoplifting,Unable to prosecute suspect,
d2d2a78e4caf13991e010379aeb76e07873292eb6c64f3dd9ceab8327961f801,2024-07,Surrey Police,Surrey Police,-0.326906,51.295264,On or near Elm Road,E01030552,Mole Valley 004B,Theft from the person,Unable to prosecute suspect,
97ce9213a1274d11c72b56cf329c7838d6bd41c07b582f8db3750232187bc763,2024-07,Surrey Police,Surrey Police,-0.323049,51.295613,On or near Windfield,E01030552,Mole Valley 004B,Violence and sexual offences,Unable to prosecute suspect,
,2024-07,Surrey Police,Surrey Police,-0.317199,51.293992,On or near Beech Holt,E01030553,Mole Valley 004C,Anti-social behaviour,,
,2024-07,Surrey Police,Surrey Police,-0.327423,51.290910,On or near Gimcrack Hill,E01030553,Mole Valley 004C,Anti-social behaviour,,
,2024-07,Surrey Police,Surrey Police,-0.316439,51.298315,On or near Leatherhead By-Pass Road,E01030553,Mole Valley 004C,Anti-social behaviour,,
2ea3379c6c705423286d9920e177eec0a0bb032c7926b400dafd03a66245bf67,2024-07,Surrey Police,Surrey Police,-0.327031,51.293413,On or near Parking Area,E01030553,Mole Valley 004C,Criminal damage and arson,Investigation complete; no suspect identified,
844927f0a369a183bb5d39b2ba52e96ddf3815966db2b5e5b31f328aab151c18,2024-07,Surrey Police,Surrey Police,-0.327423,51.290910,On or near Gimcrack Hill,E01030553,Mole Valley 004C,Other theft,Investigation complete; no suspect identified,
c734f7e2595344a46af808cd263a36f7e56fc1b94772398baa2ab45400449cea,2024-07,Surrey Police,Surrey Police,-0.318819,51.290490,On or near Wesley Road,E01030553,Mole Valley 004C,Public order,Unable to prosecute suspect,
ab83610d145a86029f663b600e6424b6124e6f6d17583ddca6b3ba919001c370,2024-07,Surrey Police,Surrey Police,-0.316439,51.298315,On or near Leatherhead By-Pass Road,E01030553,Mole Valley 004C,Vehicle crime,Investigation complete; no suspect identified,
0ddf9433ca47d6b996c380e20c79b22914d9249fee7713b99c74fa93b96cb37e,2024-07,Surrey Police,Surrey Police,-0.318816,51.289779,On or near Clinton Road,E01030553,Mole Valley 004C,Violence and sexual offences,Unable to prosecute suspect,
2bab336051315b377e5cec003da91db21bdc1179917d072ccaeb319b81511920,2024-07,Surrey Police,Surrey Police,-0.324251,51.290172,On or near Worple Road,E01030553,Mole Valley 004C,Violence and sexual offences,Local resolution,
d58814511ae471480b551bb7c7293a76823682159903246ba87688ad61347200,2024-07,Surrey Police,Surrey Police,-0.324257,51.286485,On or near Downs Lane,E01030554,Mole Valley 004D,Public order,Unable to prosecute suspect,
b64452891401173855dc7d0c5b4ff65ac4e0290b77b85f59d7b9450229a5fb94,2024-07,Surrey Police,Surrey Police,-0.324257,51.286485,On or near Downs Lane,E01030554,Mole Valley 004D,Public order,Unable to prosecute suspect,
35dfa475a0de9910c82cf88b649a9dfda15dced325e8992b1d358c6b52b565c9,2024-07,Surrey Police,Surrey Police,-0.316976,51.290670,On or near B2033,E01030554,Mole Valley 004D,Public order,Unable to prosecute suspect,
f4a679ac3f17c48b0646911a4271d0947b1dcd8360bec19ab95192bdcc4f4860,2024-07,Surrey Police,Surrey Police,-0.316976,51.290670,On or near B2033,E01030554,Mole Valley 004D,Robbery,Investigation complete; no suspect identified,
1a4c331c283317e7e0b96d319b300ec9713ad4c65980f4130a423bf3c22e824e,2024-07,Surrey Police,Surrey Police,-0.324257,51.286485,On or near Downs Lane,E01030554,Mole Valley 004D,Vehicle crime,Investigation complete; no suspect identified,
74b946c8ac6dbbe2b49d492da130095f5df33a3f2fa420b6f7a0764ec01c9031,2024-07,Surrey Police,Surrey Police,-0.324257,51.286485,On or near Downs Lane,E01030554,Mole Valley 004D,Violence and sexual offences,Unable to prosecute suspect,
,2024-07,Surrey Police,Surrey Police,-0.350394,51.294644,On or near Nutcroft Grove,E01030539,Mole Valley 005A,Anti-social behaviour,,
,2024-07,Surrey Police,Surrey Police,-0.355656,51.297101,On or near Shamrock Close,E01030539,Mole Valley 005A,Anti-social behaviour,,
,2024-07,Surrey Police,Surrey Police,-0.354541,51.296600,On or near Home Close,E01030539,Mole Valley 005A,Anti-social behaviour,,
1fd8ebd7362dcf2bf931caf38c1c7f17e415414fed62717f379af7fa5cabefb0,2024-07,Surrey Police,Surrey Police,-0.355656,51.297101,On or near Shamrock Close,E01030539,Mole Valley 005A,Burglary,Investigation complete; no suspect identified,
44d12f17e047844f9a24592cc9fe46841472d83a69ed74f06e925ccdfa1c9efa,2024-07,Surrey Police,Surrey Police,-0.355656,51.297101,On or near Shamrock Close,E01030539,Mole Valley 005A,Burglary,Unable to prosecute suspect,
b1b237ac6bab8aeaafba9df504358916f11444b4ead5a9f05e6d5992992a2300,2024-07,Surrey Police,Surrey Police,-0.354469,51.297408,On or near Overlord Court,E01030539,Mole Valley 005A,Drugs,Court result unavailable,
8ac1896274a90a4197f32f14604d5243809ddc5da6c42eeab27017f89c5522e8,2024-07,Surrey Police,Surrey Police,-0.354469,51.297408,On or near Overlord Court,E01030539,Mole Valley 005A,Drugs,Court result unavailable,
626d0e187706de1dff1fa98e55b5fa6e0152039cb1707aae0a51f7d0bc8dedb1,2024-07,Surrey Police,Surrey Police,-0.337152,51.290374,On or near Hawks Hill Court,E01030539,Mole Valley 005A,Other theft,Investigation complete; no suspect identified,
e6fb80cc48e0db813416612728e3d313dc40d8812ca65893c04572dd3d3c8d85,2024-07,Surrey Police,Surrey Police,-0.337152,51.290374,On or near Hawks Hill Court,E01030539,Mole Valley 005A,Public order,Investigation complete; no suspect identified,
3618e60c2c3c5e92672426e6ec86b630f5ae3fd06250595d9bdf2f1c8925fce4,2024-07,Surrey Police,Surrey Police,-0.354469,51.297408,On or near Overlord Court,E01030539,Mole Valley 005A,Public order,Unable to prosecute suspect,
45e17f9f5b9966c886a7cdaffa4b06e3d480b2e677e80dffaf5303ce56abd7db,2024-07,Surrey Police,Surrey Police,-0.355656,51.297101,On or near Shamrock Close,E01030539,Mole Valley 005A,Shoplifting,Unable to prosecute suspect,
0c0edaf51938109bca54e9f7d6b7857c16e38eaa72daf7462fe6b1670473897e,2024-07,Surrey Police,Surrey Police,-0.354469,51.297408,On or near Overlord Court,E01030539,Mole Valley 005A,Violence and sexual offences,Unable to prosecute suspect,
aec847984eadb7d2a17925aaf047434086084000e2580705f4fdc8f4126c5889,2024-07,Surrey Police,Surrey Police,-0.355656,51.297101,On or near Shamrock Close,E01030539,Mole Valley 005A,Violence and sexual offences,Investigation complete; no suspect identified,
1c2682d409d423ebc7a67cb209c19ffcfe9a08610896e924ae46378aa628a882,2024-07,Surrey Police,Surrey Police,-0.354541,51.296600,On or near Home Close,E01030539,Mole Valley 005A,Violence and sexual offences,Unable to prosecute suspect,
d19f4be696cc3d6c0d47c27f1cb5038748829981d533e622f6ecb3cde37a62db,2024-07,Surrey Police,Surrey Police,-0.345048,51.289344,On or near The Mount,E01030540,Mole Valley 005B,Burglary,Court result unavailable,
,2024-07,Surrey Police,Surrey Police,-0.353713,51.290473,On or near The Old Street,E01030541,Mole Valley 005C,Anti-social behaviour,,
,2024-07,Surrey Police,Surrey Police,-0.362541,51.291451,On or near Sherwood Close,E01030541,Mole Valley 005C,Anti-social behaviour,,
8f71ff8a82cc537da929d195bf6000b468d351ce236b14af872b840a92ad26a4,2024-07,Surrey Police,Surrey Police,-0.364232,51.290692,On or near Hazel Way,E01030541,Mole Valley 005C,Violence and sexual offences,Unable to prosecute suspect,
4b5007011de4e49e5a47658cc86402f91eefeac8df4161b370e7a2d8b226ad92,2024-07,Surrey Police,Surrey Police,-0.355566,51.296020,On or near Cobham Road,E01030542,Mole Valley 005D,Other theft,Investigation complete; no suspect identified,
817ef4b0e51a8fba0fae5c8cc14e8ef5391d55520bd03b73108972cc10423235,2024-07,Surrey Police,Surrey Police,-0.355566,51.296020,On or near Cobham Road,E01030542,Mole Valley 005D,Other theft,Investigation complete; no suspect identified,
,2024-07,Surrey Police,Surrey Police,-0.365222,51.293908,On or near Penrose Road,E01030543,Mole Valley 005E,Anti-social behaviour,,
f07b73dfa8829305e7ce261068c009c23e8506da994d5982b0f95f74671bcff2,2024-07,Surrey Police,Surrey Police,-0.355906,51.299343,On or near River Lane,E01030543,Mole Valley 005E,Drugs,Local resolution,
f20d4b0ec46fd14e318b4dc78190b0b35c8eefe94e769a26ba7c72ab2fdc70d0,2024-07,Surrey Police,Surrey Police,-0.355906,51.299343,On or near River Lane,E01030543,Mole Valley 005E,Violence and sexual offences,Investigation complete; no suspect identified,
0c20807eaa6095affbed1e3847b28dbe9a9df6f3dceaded8246db216752fcddf,2024-07,Surrey Police,Surrey Police,-0.354843,51.298996,On or near Mole Road,E01030543,Mole Valley 005E,Violence and sexual offences,Unable to prosecute suspect,
,2024-07,Surrey Police,Surrey Police,-0.376555,51.279605,On or near Post House Lane,E01030516,Mole Valley 006A,Anti-social behaviour,,
,2024-07,Surrey Police,Surrey Police,-0.375222,51.280828,On or near Fife Way,E01030516,Mole Valley 006A,Anti-social behaviour,,
,2024-07,Surrey Police,Surrey Police,-0.376555,51.279605,On or near Post House Lane,E01030516,Mole Valley 006A,Anti-social behaviour,,
614b552641f003f2b7e02199dc7a554c096414b0834f56e02c1646babc14afdb,2024-07,Surrey Police,Surrey Police,-0.368069,51.281969,On or near St Nicholas Avenue,E01030516,Mole Valley 006A,Burglary,Investigation complete; no suspect identified,
6566c104f1be26184ed486ecd8b720d772215e6dbc38560d5c1673451627ce19,2024-07,Surrey Police,Surrey Police,-0.368069,51.281969,On or near St Nicholas Avenue,E01030516,Mole Valley 006A,Criminal damage and arson,Investigation complete; no suspect identified,
1db3f8a634a297a14027a4131af134d2b8bd0e225a07cdcbfe87074cedeef3f5,2024-07,Surrey Police,Surrey Police,-0.382358,51.286259,On or near Elmswood,E01030516,Mole Valley 006A,Drugs,Local resolution,
76cb97d2987c19f9627f845d38efdfb2acad492f7509f356a73f7c1243b2c0df,2024-07,Surrey Police,Surrey Police,-0.382358,51.286259,On or near Elmswood,E01030516,Mole Valley 006A,Violence and sexual offences,Unable to prosecute suspect,
6ab32354d2223b76ee6cae82fa4356a6fad75d42e7d6b3e7beb6e63183e3e622,2024-07,Surrey Police,Surrey Police,-0.373730,51.289773,On or near Meadow Way,E01030517,Mole Valley 006B,Burglary,Unable to prosecute suspect,
56c9041c9952cbbbc36cd6431532c6b6d7aba94710d7efe710784b90740dce54,2024-07,Surrey Police,Surrey Police,-0.370204,51.287286,On or near Spring Grove,E01030518,Mole Valley 006C,Burglary,Investigation complete; no suspect identified,
,2024-07,Surrey Police,Surrey Police,-0.382607,51.280399,On or near Oakenwood,E01030519,Mole Valley 006D,Anti-social behaviour,,
3c4b25ac09395b15d693212e7f792f7aaf11ce4b452d7761353d152e50402985,2024-07,Surrey Police,Surrey Police,-0.392242,51.276710,On or near Water Lane,E01030519,Mole Valley 006D,Burglary,Investigation complete; no suspect identified,
8394eabce574692bc448d003685a1c481f27674ee54a47f7e3b62dadcb930fe1,2024-07,Surrey Police,Surrey Police,-0.380466,51.279291,On or near Middlemead Close,E01030519,Mole Valley 006D,Criminal damage and arson,Status update unavailable,
ddf3c705bab5419512cca910146984a69b6dd13bae30a79c752b58038114fade,2024-07,Surrey Police,Surrey Police,-0.380466,51.279291,On or near Middlemead Close,E01030519,Mole Valley 006D,Public order,Unable to prosecute suspect,
faf19e2b62640041dae5c4512303586e3802d0044b5b3b0411b911ef8e4162e4,2024-07,Surrey Police,Surrey Police,-0.380466,51.279291,On or near Middlemead Close,E01030519,Mole Valley 006D,Violence and sexual offences,Unable to prosecute suspect,
29bfba28abc040fb2452fd8f95607dad62a1e29e0ac01212e37c25c4e00bd720,2024-07,Surrey Police,Surrey Police,-0.380466,51.279291,On or near Middlemead Close,E01030519,Mole Valley 006D,Violence and sexual offences,Unable to prosecute suspect,
77f6f08e6d07cf9badb653cc58c045b8e1f9928303454a80f178d1c9c12a839f,2024-07,Surrey Police,Surrey Police,-0.382897,51.282750,On or near Sole Farm Road,E01030519,Mole Valley 006D,Violence and sexual offences,Unable to prosecute suspect,
cdbdeec290361f134c8887339117a067c231bf5f483dded713fb8fcbacf4b64f,2024-07,Surrey Police,Surrey Police,-0.383670,51.280333,On or near Sole Farm Avenue,E01030519,Mole Valley 006D,Other crime,Unable to prosecute suspect,
ccc8542ea555c7b4226b7ef14f84a6fdde98430cf9f718d279f9c76ebe385752,2024-07,Surrey Police,Surrey Police,-0.371933,51.275287,On or near White Way,E01030520,Mole Valley 007A,Possession of weapons,Unable to prosecute suspect,
a2118eb2162eb080eb790f972214c992e0af075b939b22bb36390e13a50cc46e,2024-07,Surrey Police,Surrey Police,-0.374816,51.274446,On or near Newenham Road,E01030520,Mole Valley 007A,Vehicle crime,Investigation complete; no suspect identified,
,2024-07,Surrey Police,Surrey Police,-0.373302,51.278337,On or near High Street,E01030521,Mole Valley 007B,Anti-social behaviour,,
,2024-07,Surrey Police,Surrey Police,-0.273871,51.278244,On or near Church Lane,E01030524,Mole Valley 008A,Anti-social behaviour,,
,2024-07,Surrey Police,Surrey Police,-0.282918,51.287452,On or near Sports/Recreation Area,E01030524,Mole Valley 008A,Anti-social behaviour,,
,2024-07,Surrey Police,Surrey Police,-0.308903,51.248468,On or near Parking Area,E01030524,Mole Valley 008A,Anti-social behaviour,,
,2024-07,Surrey Police,Surrey Police,-0.273871,51.278244,On or near Church Lane,E01030524,Mole Valley 008A,Anti-social behaviour,,
,2024-07,Surrey Police,Surrey Police,-0.273871,51.278244,On or near Church Lane,E01030524,Mole Valley 008A,Anti-social behaviour,,
,2024-07,Surrey Police,Surrey Police,-0.273871,51.278244,On or near Church Lane,E01030524,Mole Valley 008A,Anti-social behaviour,,
,2024-07,Surrey Police,Surrey Police,-0.273871,51.278244,On or near Church Lane,E01030524,Mole Valley 008A,Anti-social behaviour,,
,2024-07,Surrey Police,Surrey Police,-0.273871,51.278244,On or near Church Lane,E01030524,Mole Valley 008A,Anti-social behaviour,,
,2024-07,Surrey Police,Surrey Police,-0.273704,51.276983,On or near Broome Close,E01030524,Mole Valley 008A,Anti-social behaviour,,
7cb0940601ceeced1c3d08c4e3551ad197dab629a689caf229e4c7fd0bd9a69f,2024-07,Surrey Police,Surrey Police,-0.278063,51.291525,On or near Race Track,E01030524,Mole Valley 008A,Criminal damage and arson,Status update unavailable,
22be1b04ee19a8fcc87c369b5a00ecc8e9dece72030ef2632cddac11be702847,2024-07,Surrey Police,Surrey Police,-0.273871,51.278244,On or near Church Lane,E01030524,Mole Valley 008A,Public order,Unable to prosecute suspect,
27761a4677db159db0e7ac8a773f6e4053cfa0ffd790b47d98a446aa1b3c4803,2024-07,Surrey Police,Surrey Police,-0.272573,51.271589,On or near Sports/Recreation Area,E01030524,Mole Valley 008A,Public order,Unable to prosecute suspect,
eec8c9628c888383c68b8035516626202f17efccd0e5725406543ec3c3e03e1c,2024-07,Surrey Police,Surrey Police,-0.286308,51.251512,On or near Woodlands Park,E01030524,Mole Valley 008A,Vehicle crime,Investigation complete; no suspect identified,
f12b7b8c4bd8466ed1f59e5a0621bf7a9de80b5b8c7243d5b20638366f8d7e9a,2024-07,Surrey Police,Surrey Police,-0.272573,51.271589,On or near Sports/Recreation Area,E01030524,Mole Valley 008A,Violence and sexual offences,Unable to prosecute suspect,
3f50a0a3beee1419cc5cf9fd1b1476b1d05216e1041472e235ce42d861d95f47,2024-07,Surrey Police,Surrey Police,-0.285322,51.243350,On or near Chalkpit Lane,E01030525,Mole Valley 008B,Public order,Unable to prosecute suspect,
71b37b8459ca348ee0b3e71911c803410660bae8e7c888871248f499e39202e9,2024-07,Surrey Police,Surrey Police,-0.285322,51.243350,On or near Chalkpit Lane,E01030525,Mole Valley 008B,Public order,Unable to prosecute suspect,
0ad80549831b4189c7d66909bd92c09f9b80bc1b51d9a032b69d4597fff1f9aa,2024-07,Surrey Police,Surrey Police,-0.285322,51.243350,On or near Chalkpit Lane,E01030525,Mole Valley 008B,Violence and sexual offences,Unable to prosecute suspect,
43de61b1bda947073d1656bd430bc01be17905bc453ec7ef6fad1907976f1a8e,2024-07,Surrey Police,Surrey Police,-0.304321,51.237089,On or near Parking Area,E01030525,Mole Valley 008B,Violence and sexual offences,Unable to prosecute suspect,
cf1b19400841b927536757f6c1322b533132f818d161abbae3a0c499e021a8a9,2024-07,Surrey Police,Surrey Police,-0.278791,51.236375,On or near Old Kiln Lane,E01030525,Mole Valley 008B,Other crime,Further action is not in the public interest,
1c6968196552affc3be9d674fff645201156a6ed8b916851f7a0af297802b639,2024-07,Surrey Police,Surrey Police,-0.284726,51.219295,On or near Ridge Close,E01030526,Mole Valley 008C,Other theft,Investigation complete; no suspect identified,
,2024-07,Surrey Police,Surrey Police,-0.235694,51.242549,On or near Reigate Road,E01030527,Mole Valley 008D,Anti-social behaviour,,
1fb8400e4bb3acc329a9aae83993fabcbcb3580e3fa165ae9e81ee5120654784,2024-07,Surrey Police,Surrey Police,-0.268695,51.247745,On or near The Quarry,E01030527,Mole Valley 008D,Criminal damage and arson,Investigation complete; no suspect identified,
75ef1724e3b93ebd389b944fca2cd99e5c3517ad9fd65daf295210c495999492,2024-07,Surrey Police,Surrey Police,-0.268695,51.247745,On or near The Quarry,E01030527,Mole Valley 008D,Other theft,Investigation complete; no suspect identified,
19b3c71e1b7a7e5d122a2d2de406a762800305d90e802d0bc4d16bff4a45b5d6,2024-07,Surrey Police,Surrey Police,-0.235694,51.242549,On or near Reigate Road,E01030527,Mole Valley 008D,Public order,Unable to prosecute suspect,
08f96e613b26e64b512a4776eb03eecb700c910768d0e3f52d623de60d9a592e,2024-07,Surrey Police,Surrey Police,-0.259182,51.245797,On or near Tranquil Dale,E01030527,Mole Valley 008D,Shoplifting,Investigation complete; no suspect identified,
898884d16a125afb226d38c44dd8a4324e22b60d03812500be1e2dc14214bb23,2024-07,Surrey Police,Surrey Police,-0.267932,51.236763,On or near The Street,E01030527,Mole Valley 008D,Violence and sexual offences,Unable to prosecute suspect,
b3b04849127e6408e80c93fd93e8514635a7c88ab75b86effe7a73d5658868e1,2024-07,Surrey Police,Surrey Police,-0.259182,51.245797,On or near Tranquil Dale,E01030527,Mole Valley 008D,Violence and sexual offences,Unable to prosecute suspect,
de26d8b3e768258a85335dcd4c9437a6cdc95742dd469d8d49aca1e9cba07a29,2024-07,Surrey Police,Surrey Police,-0.259182,51.245797,On or near Tranquil Dale,E01030527,Mole Valley 008D,Violence and sexual offences,Investigation complete; no suspect identified,
,2024-07,Surrey Police,Surrey Police,-0.323761,51.239824,On or near Lincoln Road,E01030533,Mole Valley 009B,Anti-social behaviour,,
,2024-07,Surrey Police,Surrey Police,-0.324368,51.238879,On or near Dorking Deepdene,E01030533,Mole Valley 009B,Anti-social behaviour,,
,2024-07,Surrey Police,Surrey Police,-0.326298,51.242144,On or near Chichester Road,E01030533,Mole Valley 009B,Anti-social behaviour,,
,2024-07,Surrey Police,Surrey Police,-0.323761,51.239824,On or near Lincoln Road,E01030533,Mole Valley 009B,Anti-social behaviour,,
30e1ea1c82f24aa7e1a879d593442ae6e934a1a5c57ce6c59a321a836c02e6a4,2024-07,Surrey Police,Surrey Police,-0.331327,51.240553,On or near Keppel Road,E01030533,Mole Valley 009B,Burglary,Investigation complete; no suspect identified,
674f25d76c3b072defbc0445c2d71b3e99ea366e43243981974281cd055af5c1,2024-07,Surrey Police,Surrey Police,-0.324368,51.238879,On or near Dorking Deepdene,E01030533,Mole Valley 009B,Criminal damage and arson,Investigation complete; no suspect identified,
3bf27b8bbad13db5bc1250b1fda769c0cd9981dc34e36b73c6fd4040c986f576,2024-07,Surrey Police,Surrey Police,-0.324619,51.237507,On or near Petrol Station,E01030533,Mole Valley 009B,Public order,Unable to prosecute suspect,
521474197b6b24ecf5b667806a191eb6530bb7442ce31fcc56728dc7d00a935e,2024-07,Surrey Police,Surrey Police,-0.327045,51.236562,On or near Tutts Close,E01030533,Mole Valley 009B,Violence and sexual offences,Investigation complete; no suspect identified,
cba0426954c03117b85bee3721cfe369417c7de98da9c46263c61889884e6406,2024-07,Surrey Police,Surrey Police,-0.327045,51.236562,On or near Tutts Close,E01030533,Mole Valley 009B,Violence and sexual offences,Investigation complete; no suspect identified,
4124a16c00d83f24a8ec397e02de04e27c3d0b78498943482b42d7f80109e43d,2024-07,Surrey Police,Surrey Police,-0.331327,51.240553,On or near Keppel Road,E01030533,Mole Valley 009B,Violence and sexual offences,Unable to prosecute suspect,
22286729b12af72ae27dc8da184c9a131130ece9797da86f31a0240a68029908,2024-07,Surrey Police,Surrey Police,-0.327045,51.236562,On or near Tutts Close,E01030533,Mole Valley 009B,Violence and sexual offences,Investigation complete; no suspect identified,
24226edbca4002ce91ad0800d3dedbdc3cce038b8475237810a7b88fe060cfa5,2024-07,Surrey Police,Surrey Police,-0.324619,51.237507,On or near Petrol Station,E01030533,Mole Valley 009B,Violence and sexual offences,Investigation complete; no suspect identified,
a69cf2141f9b1ed9a847102f0a476f4c108d41a1cb91332a011cef7b97692662,2024-07,Surrey Police,Surrey Police,-0.324619,51.237507,On or near Petrol Station,E01030533,Mole Valley 009B,Violence and sexual offences,Unable to prosecute suspect,
36989a15dab63f77dfc5dc183858aa564253bca5902ccf07eebb389b5d60eec8,2024-07,Surrey Police,Surrey Police,-0.323761,51.239824,On or near Lincoln Road,E01030533,Mole Valley 009B,Violence and sexual offences,Unable to prosecute suspect,
a23aabf7b2a0a55db532134d5f0d8d2ac2ec068f749016f8df7eecf5ed0ce83b,2024-07,Surrey Police,Surrey Police,-0.327319,51.236925,On or near Fairfield Drive,E01030533,Mole Valley 009B,Violence and sexual offences,Unable to prosecute suspect,
961c14f9a89dfe55bb0500762620c8d4b29c851d489c190a070359d3b870ff4f,2024-07,Surrey Police,Surrey Police,-0.323761,51.239824,On or near Lincoln Road,E01030533,Mole Valley 009B,Violence and sexual offences,Unable to prosecute suspect,
,2024-07,Surrey Police,Surrey Police,-0.329422,51.233035,On or near High Street,E01030534,Mole Valley 009C,Anti-social behaviour,,
,2024-07,Surrey Police,Surrey Police,-0.329422,51.233035,On or near High Street,E01030534,Mole Valley 009C,Anti-social behaviour,,
,2024-07,Surrey Police,Surrey Police,-0.338046,51.236575,On or near Ranmore Road,E01030534,Mole Valley 009C,Anti-social behaviour,,
,2024-07,Surrey Police,Surrey Police,-0.329422,51.233035,On or near High Street,E01030534,Mole Valley 009C,Anti-social behaviour,,
,2024-07,Surrey Police,Surrey Police,-0.333085,51.233536,On or near Parking Area,E01030534,Mole Valley 009C,Anti-social behaviour,,
,2024-07,Surrey Police,Surrey Police,-0.333325,51.232056,On or near North Street,E01030534,Mole Valley 009C,Anti-social behaviour,,
,2024-07,Surrey Police,Surrey Police,-0.338046,51.236575,On or near Ranmore Road,E01030534,Mole Valley 009C,Anti-social behaviour,,
c3866a77b22d6f767f24f92b5d5d7f6d9f223732aa53a4e81cc1cadb0bd2880b,2024-07,Surrey Police,Surrey Police,-0.342799,51.231480,On or near Hanover Court,E01030534,Mole Valley 009C,Burglary,Investigation complete; no suspect identified,
4eea6ae5382665902a85a3876ffcb5fbafb6d68b69643dc5aa090a0557341677,2024-07,Surrey Police,Surrey Police,-0.334941,51.231728,On or near West Street,E01030534,Mole Valley 009C,Burglary,Investigation complete; no suspect identified,
fe75f1d4d90939f914e8afa16814bdb9c18dfe1ccd4d23f64d7f7916161353f4,2024-07,Surrey Police,Surrey Police,-0.336148,51.232807,On or near Parsonage Square,E01030534,Mole Valley 009C,Criminal damage and arson,Investigation complete; no suspect identified,
acf6ab5289f3d3106414046b59e88b6a461fbef6c3697f549d2c6d467dd25c04,2024-07,Surrey Police,Surrey Police,-0.329422,51.233035,On or near High Street,E01030534,Mole Valley 009C,Other theft,Investigation complete; no suspect identified,
df5928283b8cffbb045c934d7601835ad57c857dc945c3462f6fed269c6c05d0,2024-07,Surrey Police,Surrey Police,-0.334971,51.232070,On or near Parking Area,E01030534,Mole Valley 009C,Other theft,Investigation complete; no suspect identified,
51cbbb409f3758963fbddae4c68f755a25d1d80db69fb0e22007e7ce373e64e0,2024-07,Surrey Police,Surrey Police,-0.334211,51.232914,On or near Chapel Court,E01030534,Mole Valley 009C,Other theft,Investigation complete; no suspect identified,
9f6b6b90c0d54ca83359a251bcbfa9eb99ab4a45e1af5f9da54f77c023567c23,2024-07,Surrey Police,Surrey Police,-0.330539,51.233437,On or near Ansell Road,E01030534,Mole Valley 009C,Shoplifting,Unable to prosecute suspect,
f76ed89a4148b5e1d0edc5fde53062368dadc0ef10865c82b2dc708d5827041f,2024-07,Surrey Police,Surrey Police,-0.331669,51.233094,On or near Shopping Area,E01030534,Mole Valley 009C,Shoplifting,Investigation complete; no suspect identified,
89f50c3509c3d7aaf9778b8d43fa666e9aaa37b871b555abc02067414eb10d75,2024-07,Surrey Police,Surrey Police,-0.331613,51.233452,On or near Shopping Area,E01030534,Mole Valley 009C,Violence and sexual offences,Unable to prosecute suspect,
a445c2413b49af51226ece3a61c8097e4297576382b131a34bfe190a458aac3c,2024-07,Surrey Police,Surrey Police,-0.334971,51.232070,On or near Parking Area,E01030534,Mole Valley 009C,Violence and sexual offences,Investigation complete; no suspect identified,
8ac567095152a42984de1d4620623aba69ed363e1257fd054972ef3ca84a9b0f,2024-07,Surrey Police,Surrey Police,-0.334941,51.231728,On or near West Street,E01030534,Mole Valley 009C,Violence and sexual offences,Unable to prosecute suspect,
f94ba536f0e42e846c0a8f30c6797745eed2763dbce3d55ff8dea5d6ef35d616,2024-07,Surrey Police,Surrey Police,-0.342799,51.231480,On or near Hanover Court,E01030534,Mole Valley 009C,Violence and sexual offences,Unable to prosecute suspect,
cfc1f5eda04b65b6081379dff4ada70f4825b135c9baa59e493e7a0c2bf993c3,2024-07,Surrey Police,Surrey Police,-0.341009,51.231859,On or near Nutcombe Lane,E01030534,Mole Valley 009C,Violence and sexual offences,Unable to prosecute suspect,
d50597c59e6b8b9e60c2f1b5bb07f0760b8a375bd85a9d8debf5c2c941704038,2024-07,Surrey Police,Surrey Police,-0.339466,51.232152,On or near Vaughan Way,E01030534,Mole Valley 009C,Other crime,Awaiting court outcome,
,2024-07,Surrey Police,Surrey Police,-0.323105,51.255876,On or near Parking Area,E01030556,Mole Valley 009D,Anti-social behaviour,,
8c2fd80c409b9bf6c23f0de1acb5ebb3fa40cdd9ebc092324e4f1ebfda9f49b2,2024-07,Surrey Police,Surrey Police,-0.318149,51.240508,On or near Swan Mill Gardens,E01030556,Mole Valley 009D,Burglary,Court result unavailable,
3e6298166a0ce80039da94a34f2dfb3377dfa96a488f1e6652c43e668dc9e040,2024-07,Surrey Police,Surrey Police,-0.328447,51.254010,On or near Parking Area,E01030556,Mole Valley 009D,Drugs,Unable to prosecute suspect,
75bc9d60710df938a03ee3738c8c9fd32f23b6bf10a901ed5e6188720b389b35,2024-07,Surrey Police,Surrey Police,-0.326147,51.253410,On or near Westhumble Street,E01030556,Mole Valley 009D,Other theft,Unable to prosecute suspect,
d82208ff7fd20ef7bfff33e2482b10bd52b3d7043700fcbe3900ccd0d561bf34,2024-07,Surrey Police,Surrey Police,-0.318774,51.241830,On or near Pixham Lane,E01030556,Mole Valley 009D,Public order,Unable to prosecute suspect,
12dfb1aca3d3f801c394b6cc288663bc10fa4c33aaba8a8a275161a2f55d288c,2024-07,Surrey Police,Surrey Police,-0.314696,51.239334,On or near Leslie Road,E01030556,Mole Valley 009D,Public order,Investigation complete; no suspect identified,
757976ddbbb28a58d3105afb3833c74c53f2f0dda86b63eba839b31f4d3adcef,2024-07,Surrey Police,Surrey Police,-0.324701,51.247454,On or near Bradley Lane,E01030556,Mole Valley 009D,Vehicle crime,Investigation complete; no suspect identified,
b94fd61b00085f3348e4379527791c378ac6784f49aa43aa6dd269ddde2b6e24,2024-07,Surrey Police,Surrey Police,-0.323942,51.267155,On or near Old London Road,E01030556,Mole Valley 009D,Violence and sexual offences,Unable to prosecute suspect,
,2024-07,Surrey Police,Surrey Police,-0.335640,51.225066,On or near Pledges Yard,E01030535,Mole Valley 010A,Anti-social behaviour,,
,2024-07,Surrey Police,Surrey Police,-0.335640,51.225066,On or near Pledges Yard,E01030535,Mole Valley 010A,Anti-social behaviour,,
,2024-07,Surrey Police,Surrey Police,-0.335640,51.225066,On or near Pledges Yard,E01030535,Mole Valley 010A,Anti-social behaviour,,
deadb4a3f61fe0e771a9aab257c877b4c95102f4420dbe005072e7d5cd8cf726,2024-07,Surrey Police,Surrey Police,-0.334978,51.227134,On or near Queen'S Crescent,E01030535,Mole Valley 010A,Criminal damage and arson,Unable to prosecute suspect,
84359354623f33c929d34182c3ae2357ac47df4cd1f69c98538c18b9ef6324cd,2024-07,Surrey Police,Surrey Police,-0.334063,51.225484,On or near Horsham Road,E01030535,Mole Valley 010A,Public order,Awaiting court outcome,
b0548b4b34e92dd7aded90fdd18a8e727215ae3be594a060a2cfce3a539b232c,2024-07,Surrey Police,Surrey Police,-0.334589,51.225195,On or near Barrington Road,E01030535,Mole Valley 010A,Shoplifting,Awaiting court outcome,
99bb0d9391fe8936214759109bd08a83c2092616ae4900315d469db9e4d6db1c,2024-07,Surrey Police,Surrey Police,-0.334063,51.225484,On or near Horsham Road,E01030535,Mole Valley 010A,Vehicle crime,Status update unavailable,
6195e011c43948c71d15a672df2553ca77d9a3e3c6eb6a1253cb650c7731d2bb,2024-07,Surrey Police,Surrey Police,-0.336417,51.226947,On or near Vincent View,E01030535,Mole Valley 010A,Vehicle crime,Investigation complete; no suspect identified,
08918cfe2838929e1303b1f9b56dab443802b61b9aa7dcc97dba8492271e125e,2024-07,Surrey Police,Surrey Police,-0.334063,51.225484,On or near Horsham Road,E01030535,Mole Valley 010A,Violence and sexual offences,Status update unavailable,
812ff9187fc7750a943db21ab6dca2a5ac7ea200ba56598a26550f2182c22f94,2024-07,Surrey Police,Surrey Police,-0.340635,51.226342,On or near West Bank,E01030535,Mole Valley 010A,Violence and sexual offences,Unable to prosecute suspect,
face7e8ea5330676471ddf489cc1107a7f7400f931e6e4cdcaf3ef3e8ede247e,2024-07,Surrey Police,Surrey Police,-0.334467,51.225013,On or near Barrington Court,E01030535,Mole Valley 010A,Violence and sexual offences,Awaiting court outcome,
be0e9f2712f88b971e86302745d8bc87be2bb5c899beb30a1b19cc61dc4c892f,2024-07,Surrey Police,Surrey Police,-0.342043,51.225804,On or near Nower Close East,E01030535,Mole Valley 010A,Violence and sexual offences,Status update unavailable,
9c00d436c4fbd85ec4c17384c31f61a667ec38ea87a5596132c40308a84495c0,2024-07,Surrey Police,Surrey Police,-0.334063,51.225484,On or near Horsham Road,E01030535,Mole Valley 010A,Violence and sexual offences,Unable to prosecute suspect,
b0843a04046e6b6486853988844279b3bc20bb2cc93da95f29052b84659a586d,2024-07,Surrey Police,Surrey Police,-0.334467,51.225013,On or near Barrington Court,E01030535,Mole Valley 010A,Violence and sexual offences,Awaiting court outcome,
a3d47d1ddb33e216111a93adb86991392ab1f2856ba5bb408c0cf4d137a26424,2024-07,Surrey Police,Surrey Police,-0.342043,51.225804,On or near Nower Close East,E01030535,Mole Valley 010A,Violence and sexual offences,Unable to prosecute suspect,
c977cdac512d56a9ce8045fb29a682f685f9205e495f659c034ff6298e08bca3,2024-07,Surrey Police,Surrey Police,-0.329825,51.223868,On or near Harrow Road East,E01030536,Mole Valley 010B,Burglary,Unable to prosecute suspect,
2c6ac343b58b16ded63349702d940d6ea9dc18eb7b936d563fc95276ca208a77,2024-07,Surrey Police,Surrey Police,-0.329461,51.224843,On or near South Terrace,E01030536,Mole Valley 010B,Criminal damage and arson,Unable to prosecute suspect,
b4aab766ec261b058c20f1e562476a839af18f4904b25d515e595790da2fdb5b,2024-07,Surrey Police,Surrey Police,-0.329461,51.224843,On or near South Terrace,E01030536,Mole Valley 010B,Other theft,Investigation complete; no suspect identified,
7de323077bfa8664edb496648ebfc80293e783b348b707bca5900f13bd49837d,2024-07,Surrey Police,Surrey Police,-0.329461,51.224843,On or near South Terrace,E01030536,Mole Valley 010B,Violence and sexual offences,Unable to prosecute suspect,
81aa0a8a769424ba1af3870ee59ff8efb3c19d4ec099a006911e5a9af38ee342,2024-07,Surrey Police,Surrey Police,-0.329461,51.224843,On or near South Terrace,E01030536,Mole Valley 010B,Violence and sexual offences,Unable to prosecute suspect,
5f57733409b68ca0546cda87fc2048e455e3804e135f6a33ca025e2c69fda541,2024-07,Surrey Police,Surrey Police,-0.321564,51.222248,On or near Glenwood,E01030536,Mole Valley 010B,Violence and sexual offences,Further action is not in the public interest,
ad8e2f127710ea9beb290096e18c6723ee7fbb587eba689569263824c38ec0c1,2024-07,Surrey Police,Surrey Police,-0.329461,51.224843,On or near South Terrace,E01030536,Mole Valley 010B,Violence and sexual offences,Unable to prosecute suspect,
b23249cb4eaa6d7b977403a5b0ecd1f2b072c18617445c067acce3a650fb34b9,2024-07,Surrey Police,Surrey Police,-0.330175,51.224107,On or near Orchard Way,E01030536,Mole Valley 010B,Violence and sexual offences,Unable to prosecute suspect,
97c2c191ade431f022fc75cc8f840345edd3d0923227369f8fee74d470afb970,2024-07,Surrey Police,Surrey Police,-0.336542,51.220690,On or near Ridgeway Close,E01030536,Mole Valley 010B,Violence and sexual offences,Investigation complete; no suspect identified,
,2024-07,Surrey Police,Surrey Police,-0.325495,51.232700,On or near Deepdene Gardens,E01030537,Mole Valley 010C,Anti-social behaviour,,
,2024-07,Surrey Police,Surrey Police,-0.326437,51.234368,On or near Petrol Station,E01030537,Mole Valley 010C,Anti-social behaviour,,
,2024-07,Surrey Police,Surrey Police,-0.325495,51.232700,On or near Deepdene Gardens,E01030537,Mole Valley 010C,Anti-social behaviour,,
27130ccf342652aa57976218fb88a0859541e05faa28afa0afea697346774360,2024-07,Surrey Police,Surrey Police,-0.326437,51.234368,On or near Petrol Station,E01030537,Mole Valley 010C,Criminal damage and arson,Investigation complete; no suspect identified,
9072585aa77274dc1a4fbf8495c3fef6d98a0aeeec2df0e25acdc1fb28f9ac29,2024-07,Surrey Police,Surrey Police,-0.331075,51.230109,On or near Chequers Place,E01030537,Mole Valley 010C,Public order,Status update unavailable,
829fd59934a5f45b463c927a2bee649de3ace8f9910ad570d0a101512b497cce,2024-07,Surrey Police,Surrey Police,-0.331075,51.230109,On or near Chequers Place,E01030537,Mole Valley 010C,Public order,Investigation complete; no suspect identified,
0361c44687314860155c34ce6a5b3bb6a09f764373ac7249b197674274a45137,2024-07,Surrey Police,Surrey Police,-0.331075,51.230109,On or near Chequers Place,E01030537,Mole Valley 010C,Public order,Investigation complete; no suspect identified,
d24cbe3d26dd856ef5feacece0781a031dd692733c015b909b29ede86006e57a,2024-07,Surrey Police,Surrey Police,-0.317920,51.236566,On or near Reigate Road,E01030537,Mole Valley 010C,Public order,Unable to prosecute suspect,
dc2b6372de18df65f13654fc9104580561acfd8ba143db5d8ea370649c9cf915,2024-07,Surrey Police,Surrey Police,-0.321266,51.232019,On or near South Drive,E01030537,Mole Valley 010C,Public order,Investigation complete; no suspect identified,
9f17cf29681f071bca9d678a8788942003aca203f4523ad79dbec7d62a5cd39e,2024-07,Surrey Police,Surrey Police,-0.331075,51.230109,On or near Chequers Place,E01030537,Mole Valley 010C,Public order,Unable to prosecute suspect,
cdd3ad53ad54e53eac6606a9651ef07dff13acb31d51bc6463a28caf03b615bc,2024-07,Surrey Police,Surrey Police,-0.317920,51.236566,On or near Reigate Road,E01030537,Mole Valley 010C,Shoplifting,Unable to prosecute suspect,
eabfbf748ad185095becc1a233d0992b3c25e3fc3fc7d1343c0106d551023579,2024-07,Surrey Police,Surrey Police,-0.326437,51.234368,On or near Petrol Station,E01030537,Mole Valley 010C,Shoplifting,Unable to prosecute suspect,
0cf122a9e2d9113ec337069fe75ef67978519e4480b87b538b6e21be81b4a3d5,2024-07,Surrey Police,Surrey Police,-0.331075,51.230109,On or near Chequers Place,E01030537,Mole Valley 010C,Violence and sexual offences,Unable to prosecute suspect,
5b3bbbdf70f84eb04ca0680c393e3fb6ec93e5a6318077d8d1b5435d6a0f7977,2024-07,Surrey Police,Surrey Police,-0.317920,51.236566,On or near Reigate Road,E01030537,Mole Valley 010C,Violence and sexual offences,Unable to prosecute suspect,
65fad9a8130f00e7e94ff1ee9610cf7fbb4fae37bba5d67905df37282baf7a63,2024-07,Surrey Police,Surrey Police,-0.326437,51.234368,On or near Petrol Station,E01030537,Mole Valley 010C,Violence and sexual offences,Status update unavailable,
ff563c99d1f1a44cd0eb62d046cf853ad460015fcbd9a826e96ea54e45a1dcc0,2024-07,Surrey Police,Surrey Police,-0.326437,51.234368,On or near Petrol Station,E01030537,Mole Valley 010C,Violence and sexual offences,Investigation complete; no suspect identified,
feb00d9205474a6bf2a5c68b2df94373f8b62f56b709678445a555a06c21fc82,2024-07,Surrey Police,Surrey Police,-0.326437,51.234368,On or near Petrol Station,E01030537,Mole Valley 010C,Violence and sexual offences,Unable to prosecute suspect,
ea59f613ae95d40e2f868bc8215d9795170a863794242d924922e0e89b4f1eba,2024-07,Surrey Police,Surrey Police,-0.331075,51.230109,On or near Chequers Place,E01030537,Mole Valley 010C,Violence and sexual offences,Unable to prosecute suspect,
4af0ef7e4b003d529b47b8896135068d8940b3344ee1b5ad8f7242d7e5a15303,2024-07,Surrey Police,Surrey Police,-0.326437,51.234368,On or near Petrol Station,E01030537,Mole Valley 010C,Violence and sexual offences,Status update unavailable,
39f2890c2d38d8f81117c61593b5e185aaf3cf7f1970bc298a301182a472c44c,2024-07,Surrey Police,Surrey Police,-0.321266,51.232019,On or near South Drive,E01030537,Mole Valley 010C,Violence and sexual offences,Unable to prosecute suspect,
b23c7dcab4691147d9cb3ab06b58d2b2ef09a6869d84a91fd379104e995c43f9,2024-07,Surrey Police,Surrey Police,-0.334583,51.230140,On or near Vincents Walk,E01030538,Mole Valley 010D,Bicycle theft,Investigation complete; no suspect identified,
e9cb27ac64055d59c8f1c8e29ecddf49378fa99749b5e8a88026eddaae259460,2024-07,Surrey Police,Surrey Police,-0.328178,51.233376,On or near The Chine,E01030538,Mole Valley 010D,Bicycle theft,Investigation complete; no suspect identified,
a6405efbec986f19c73270fe08f1225933dacea74896d082c505717720ad3ea2,2024-07,Surrey Police,Surrey Police,-0.329299,51.229301,On or near Beresford Road,E01030538,Mole Valley 010D,Burglary,Unable to prosecute suspect,
89ad1f1d2028a3ce79b71d1aeeae1279dacdb70de8e743a46b230b19b20c9fdb,2024-07,Surrey Police,Surrey Police,-0.338611,51.227653,On or near Nower Road,E01030538,Mole Valley 010D,Criminal damage and arson,Formal action is not in the public interest,
abbbf0fe9640819c3a0c3157bd3ca98e1223a95deb6e9edcdc57f5e4ba004de1,2024-07,Surrey Police,Surrey Police,-0.332250,51.231366,On or near Supermarket,E01030538,Mole Valley 010D,Criminal damage and arson,Investigation complete; no suspect identified,
3bb6f76d8157e55fdb2395ffec26d0b4acafc4248ddad39b881c92b82ff0a4e7,2024-07,Surrey Police,Surrey Police,-0.337995,51.229658,On or near Vincent Gardens,E01030538,Mole Valley 010D,Possession of weapons,Unable to prosecute suspect,
0fa111386eef6f684fcb86703861ae986f9a0ff6e799273e6627f3ee452e5ece,2024-07,Surrey Police,Surrey Police,-0.332250,51.231366,On or near Supermarket,E01030538,Mole Valley 010D,Public order,Awaiting court outcome,
ce1514a2a163b8ce645cba86e2613bcf25ab3b7c6c9730db3011f5cabdf28563,2024-07,Surrey Police,Surrey Police,-0.335450,51.231115,On or near Junction Road,E01030538,Mole Valley 010D,Public order,Unable to prosecute suspect,
32ae1d53799032f576f1be1de1ffeeedde4d7cda736ad07d241178faed2013aa,2024-07,Surrey Police,Surrey Police,-0.330648,51.232009,On or near Lyons Court,E01030538,Mole Valley 010D,Public order,Unable to prosecute suspect,
602a6cb20ce7f49cdd79bd7b5fc11d6ca77727bca5dd8252cf2832c8939093c1,2024-07,Surrey Police,Surrey Police,-0.334210,51.230558,On or near Victoria Terrace,E01030538,Mole Valley 010D,Shoplifting,Unable to prosecute suspect,
2bbd209cc8b1c53a61bd4c387054351696bc8cb57e8936121ea14f523e746827,2024-07,Surrey Police,Surrey Police,-0.332250,51.231366,On or near Supermarket,E01030538,Mole Valley 010D,Shoplifting,Unable to prosecute suspect,
529ae009a116fb4461593fc7faec71da1df806de80a5792e9528585e14a079fb,2024-07,Surrey Police,Surrey Police,-0.332250,51.231366,On or near Supermarket,E01030538,Mole Valley 010D,Shoplifting,Awaiting court outcome,
a0620f2bb8a71e27e00c5e90973439965b134077b654ff234e68b7904243c761,2024-07,Surrey Police,Surrey Police,-0.330017,51.230831,On or near Marlborough Road,E01030538,Mole Valley 010D,Theft from the person,Unable to prosecute suspect,
77733063a3fb82829e9f17be5d262f7d2abcbdbaa16bc368c73cc0a5468978e8,2024-07,Surrey Police,Surrey Police,-0.338611,51.227653,On or near Nower Road,E01030538,Mole Valley 010D,Violence and sexual offences,Unable to prosecute suspect,
9bcbf84d3285dae34f54403bcb29650d0b169ed7c236227bd34d5d71919c5d77,2024-07,Surrey Police,Surrey Police,-0.328313,51.230051,On or near Cleardene,E01030538,Mole Valley 010D,Violence and sexual offences,Unable to prosecute suspect,
8157774287052261178e9dc8b57586148a7e1a81411c27901add74f448b8564c,2024-07,Surrey Police,Surrey Police,-0.328950,51.231427,On or near Dene Street Gardens,E01030538,Mole Valley 010D,Violence and sexual offences,Unable to prosecute suspect,
33e1e90f8b9418eee941896aa98e3529ebde1000f4d595f4272f1ba360265ac3,2024-07,Surrey Police,Surrey Police,-0.333667,51.230910,On or near Butter Hill,E01030538,Mole Valley 010D,Violence and sexual offences,Unable to prosecute suspect,
24a98ce463a5b9cdfc89fb52225ae9eb4f2e431fa28d079a98f19b1e61f2ccf2,2024-07,Surrey Police,Surrey Police,-0.329299,51.229301,On or near Beresford Road,E01030538,Mole Valley 010D,Violence and sexual offences,Unable to prosecute suspect,
589dc41f8abf051c77ff4d99873bcdd8465b27bc0d26d7f63f5cc266f9f61fa7,2024-07,Surrey Police,Surrey Police,-0.333667,51.230910,On or near Butter Hill,E01030538,Mole Valley 010D,Violence and sexual offences,Unable to prosecute suspect,
b9860a5b0ac470147d45d1ef2414eafe52054fad7c0460ee5a6da8c78b70d83d,2024-07,Surrey Police,Surrey Police,-0.328950,51.231427,On or near Dene Street Gardens,E01030538,Mole Valley 010D,Violence and sexual offences,Unable to prosecute suspect,
7f02e3fb63f163bf7bd537c1c969d0cb77a5312010adc653ea6199c6ec141b42,2024-07,Surrey Police,Surrey Police,-0.327409,51.234022,On or near Paper Mews,E01030538,Mole Valley 010D,Violence and sexual offences,Unable to prosecute suspect,
95223c919777a59cd5151d3369c86cc5fed9a994993d16e06cee1b3646140037,2024-07,Surrey Police,Surrey Police,-0.338611,51.227653,On or near Nower Road,E01030538,Mole Valley 010D,Other crime,Unable to prosecute suspect,
55ab22c00a97a8fd65830b08b1954a60d8a5de62e9e43f7d2af3eb74954d1694,2024-07,Surrey Police,Surrey Police,-0.329880,51.213248,On or near Bentsbrook Park,E01030544,Mole Valley 011A,Public order,Unable to prosecute suspect,
133ca9fb655c195235c37f43fc37985a689c639c631df3c1024157d631856c9a,2024-07,Surrey Police,Surrey Police,-0.307483,51.196182,On or near Parking Area,E01030544,Mole Valley 011A,Public order,Investigation complete; no suspect identified,
ef915358bff37f33434db2fb6789d7dd17f3c9b35353e4b4daed6e92d4187068,2024-07,Surrey Police,Surrey Police,-0.321966,51.187164,On or near Horsham Road,E01030544,Mole Valley 011A,Vehicle crime,Investigation complete; no suspect identified,
81df3df79e99560c718ee5e205ec4cf4d7257b88b63a8739b329683cfedad3bc,2024-07,Surrey Police,Surrey Police,-0.330737,51.202613,On or near Norfolk Lane,E01030544,Mole Valley 011A,Violence and sexual offences,Unable to prosecute suspect,
3808efab6d23b24c62404fb083a26508a38bf746163cb7ca4f7bf654d12245d3,2024-07,Surrey Police,Surrey Police,-0.330373,51.211097,On or near Parklands,E01030544,Mole Valley 011A,Violence and sexual offences,Unable to prosecute suspect,
bafa11dd8294bd12af9259a15e6c38f5fa1cab8b45662265700582d744fe7b00,2024-07,Surrey Police,Surrey Police,-0.329181,51.211619,On or near Spook Hill,E01030544,Mole Valley 011A,Other crime,Unable to prosecute suspect,
,2024-07,Surrey Police,Surrey Police,-0.323983,51.211626,On or near The Orchard,E01030545,Mole Valley 011B,Anti-social behaviour,,
eaed67408ef24206e8c291716d2aef1c5c9ebbfa7bbe6a82dfd4c75a1fd6354a,2024-07,Surrey Police,Surrey Police,-0.316186,51.219706,On or near Chart Lane South,E01030545,Mole Valley 011B,Public order,Investigation complete; no suspect identified,
b7a7d32687199bf642ef26fe5f9c537fe6abf91960289abaaf1dc8f94d611825,2024-07,Surrey Police,Surrey Police,-0.328773,51.214563,On or near Bentsbrook Close,E01030545,Mole Valley 011B,Violence and sexual offences,Awaiting court outcome,
cc5b8fa0ef926946489acf439c14ec290938e6049cabb39ef4c459f2c77f745d,2024-07,Surrey Police,Surrey Police,-0.325871,51.213667,On or near Walford Road,E01030545,Mole Valley 011B,Violence and sexual offences,Unable to prosecute suspect,
d226915165ffea77715aa86f202ac85a80b6860456679e3cf70b5b6efb75e4e3,2024-07,Surrey Police,Surrey Police,-0.319676,51.215881,On or near Lake View,E01030545,Mole Valley 011B,Violence and sexual offences,Unable to prosecute suspect,
35147507ae0453501939d9d0bab97d2ebab18452b2f4b81e3036b880afc0ba8e,2024-07,Surrey Police,Surrey Police,-0.315772,51.217308,On or near Chadhurst Close,E01030545,Mole Valley 011B,Violence and sexual offences,Investigation complete; no suspect identified,
602ef5c9221e7d3f8ac36b88bfb73957b01e1ca8cbb017fcdb86ed4097fc8795,2024-07,Surrey Police,Surrey Police,-0.315915,51.214577,On or near Russet Way,E01030546,Mole Valley 011C,Public order,Local resolution,
78d151d2b60f59e0ee78f90d7a091544bdf1ab27dfe9c39e982f589b615cba5d,2024-07,Surrey Police,Surrey Police,-0.322390,51.218438,On or near Parris Croft,E01030546,Mole Valley 011C,Violence and sexual offences,Local resolution,
,2024-07,Surrey Police,Surrey Police,-0.326400,51.216445,On or near Goodwyns Road,E01030547,Mole Valley 011D,Anti-social behaviour,,
,2024-07,Surrey Police,Surrey Police,-0.325065,51.217334,On or near Glory Mead,E01030547,Mole Valley 011D,Anti-social behaviour,,
,2024-07,Surrey Police,Surrey Police,-0.326790,51.218717,On or near Oak Ridge,E01030547,Mole Valley 011D,Anti-social behaviour,,
,2024-07,Surrey Police,Surrey Police,-0.325065,51.217334,On or near Glory Mead,E01030547,Mole Valley 011D,Anti-social behaviour,,
,2024-07,Surrey Police,Surrey Police,-0.324326,51.219931,On or near Olivier Crescent,E01030547,Mole Valley 011D,Anti-social behaviour,,
,2024-07,Surrey Police,Surrey Police,-0.325274,51.219837,On or near Stubs Close,E01030547,Mole Valley 011D,Anti-social behaviour,,
88eb996ae5e12366b963d18136b132e3b51a23d3c1e8490e3fbc69eb2e2f11dd,2024-07,Surrey Police,Surrey Police,-0.325274,51.219837,On or near Stubs Close,E01030547,Mole Valley 011D,Other theft,Status update unavailable,
8dd1e5b2396e9c731174da38d6f8c40d59be192e2a09bb7b384f1022f07f4bb9,2024-07,Surrey Police,Surrey Police,-0.329390,51.216910,On or near Flint Hill Close,E01030547,Mole Valley 011D,Public order,Unable to prosecute suspect,
ad21494376d6cdae769250e6472b41c317a2efff2907cc19b26c2848ca6cc1b7,2024-07,Surrey Police,Surrey Police,-0.325941,51.218048,On or near Rushett Drive,E01030547,Mole Valley 011D,Violence and sexual offences,Investigation complete; no suspect identified,
960608fa35473835970b793ad4757dff9c4a0d4eace870713c8242b0778e6b6f,2024-07,Surrey Police,Surrey Police,-0.325274,51.219837,On or near Stubs Close,E01030547,Mole Valley 011D,Violence and sexual offences,Investigation complete; no suspect identified,
961e41fa12a158be7393c202e869f56b15ca297beb22884001e44cdb2219f5dc,2024-07,Surrey Police,Surrey Police,-0.325274,51.219837,On or near Stubs Close,E01030547,Mole Valley 011D,Violence and sexual offences,Investigation complete; no suspect identified,
2b3bc212b9da723fc9ffa304f7c5f80a4f2b039f5074676309e258f3f9d54534,2024-07,Surrey Police,Surrey Police,-0.325274,51.219837,On or near Stubs Close,E01030547,Mole Valley 011D,Violence and sexual offences,Unable to prosecute suspect,
f69669e48ac3265c381e1e0dcd621120edaf7de66cb4f5280eadf6a5f383d10d,2024-07,Surrey Police,Surrey Police,-0.326790,51.218717,On or near Oak Ridge,E01030547,Mole Valley 011D,Violence and sexual offences,Unable to prosecute suspect,
ef310cd07ea53e7f88a06f8cddb2242ed5f3f55c877491ff0d42f239e43acb3f,2024-07,Surrey Police,Surrey Police,-0.326790,51.218717,On or near Oak Ridge,E01030547,Mole Valley 011D,Violence and sexual offences,Unable to prosecute suspect,
a1ec46d6b5fde05be8ebc5f3a213cb4c40477718900a7e289b362c3a23568ac3,2024-07,Surrey Police,Surrey Police,-0.325941,51.218048,On or near Rushett Drive,E01030547,Mole Valley 011D,Violence and sexual offences,Investigation complete; no suspect identified,
f3e8f0e6e09bbd32409844f91db38bef6c922fa0b9a326eead273a9743195705,2024-07,Surrey Police,Surrey Police,-0.329390,51.216910,On or near Flint Hill Close,E01030547,Mole Valley 011D,Violence and sexual offences,Unable to prosecute suspect,
7ace43e27f3825eed5a7b3fb7f06b4aa89a1351e318832c6d61db9e07deb8540,2024-07,Surrey Police,Surrey Police,-0.329876,51.215739,On or near Rough Rew,E01030547,Mole Valley 011D,Violence and sexual offences,Unable to prosecute suspect,
fd6331607768b409276ef2a392bc926820af887eb5ce1cff3f683748f3c487d8,2024-07,Surrey Police,Surrey Police,-0.325440,51.216053,On or near Powells Close,E01030547,Mole Valley 011D,Violence and sexual offences,Unable to prosecute suspect,
fe4a7e0f13aa98af5b18e618bb8b61c827249a022e835fb65010c0c184878737,2024-07,Surrey Police,Surrey Police,-0.325274,51.219837,On or near Stubs Close,E01030547,Mole Valley 011D,Violence and sexual offences,Unable to prosecute suspect,
25521281ddf8be3eada513b7e717661040da2473422a960f5166016e064ddcf4,2024-07,Surrey Police,Surrey Police,-0.326400,51.216445,On or near Goodwyns Road,E01030547,Mole Valley 011D,Violence and sexual offences,Unable to prosecute suspect,
c90851507ffeb9f69174bbcba90a890e6c753a590e622e34f112b7a2b4ebd1a3,2024-07,Surrey Police,Surrey Police,-0.326790,51.218717,On or near Oak Ridge,E01030547,Mole Valley 011D,Violence and sexual offences,Unable to prosecute suspect,
,2024-07,Surrey Police,Surrey Police,-0.326013,51.148912,On or near Cartedale Cottages,E01030529,Mole Valley 012A,Anti-social behaviour,,
,2024-07,Surrey Police,Surrey Police,-0.327615,51.148881,On or near Cole'S Lane,E01030529,Mole Valley 012A,Anti-social behaviour,,
,2024-07,Surrey Police,Surrey Police,-0.327280,51.149839,On or near Bennetts Wood,E01030529,Mole Valley 012A,Anti-social behaviour,,
1984879d145a18029f6b497aafd3f017785f593c3f9a127794b0b875c4b88580,2024-07,Surrey Police,Surrey Police,-0.325622,51.134024,On or near Horsham Road,E01030529,Mole Valley 012A,Burglary,Investigation complete; no suspect identified,
c492dee859ad8046f93a6a24be85c2b88b8d85c9f6f2bc9a85bf5bc6aaf5f22b,2024-07,Surrey Police,Surrey Police,-0.327280,51.149839,On or near Bennetts Wood,E01030529,Mole Valley 012A,Vehicle crime,Investigation complete; no suspect identified,
d59cc6cdcddf84ab4ae53b25659c376d4ee306a15f88547aa5cdaf93a005c8f5,2024-07,Surrey Police,Surrey Police,-0.327615,51.148881,On or near Cole'S Lane,E01030529,Mole Valley 012A,Violence and sexual offences,Unable to prosecute suspect,
528d5da506b70e339c1449aea12b84ea58f32b15301069d552e11bd9b4d94362,2024-07,Surrey Police,Surrey Police,-0.327615,51.148881,On or near Cole'S Lane,E01030529,Mole Valley 012A,Violence and sexual offences,Unable to prosecute suspect,
dbb16556063e7835d6d97e84508f7128936918c929d5f54b33be3b45beb2f779,2024-07,Surrey Police,Surrey Police,-0.327280,51.149839,On or near Bennetts Wood,E01030529,Mole Valley 012A,Violence and sexual offences,Unable to prosecute suspect,
4a1ed792a2f952fa27f87e35fc9c3b69f26c203a5006c3aa12974c5235fecc7b,2024-07,Surrey Police,Surrey Police,-0.327280,51.149839,On or near Bennetts Wood,E01030529,Mole Valley 012A,Other crime,Unable to prosecute suspect,
,2024-07,Surrey Police,Surrey Police,-0.362393,51.240785,On or near Ranmore Road,E01030555,Mole Valley 012B,Anti-social behaviour,,
,2024-07,Surrey Police,Surrey Police,-0.371873,51.173912,On or near Parking Area,E01030555,Mole Valley 012B,Anti-social behaviour,,
,2024-07,Surrey Police,Surrey Police,-0.391300,51.190062,On or near Park/Open Space,E01030555,Mole Valley 012B,Anti-social behaviour,,
a8c87dc027a4267aa07a9708f0a85f190d3fd97dfdf597e45031d982fa371b58,2024-07,Surrey Police,Surrey Police,-0.408403,51.165782,On or near Cotton Row,E01030555,Mole Valley 012B,Drugs,Investigation complete; no suspect identified,
b1b049fd778f3bd940b1ba953e201df043b96752fb6ad817da5591ba13d8d3ec,2024-07,Surrey Police,Surrey Police,-0.387921,51.216625,On or near William Evelyn Court,E01030555,Mole Valley 012B,Violence and sexual offences,Further action is not in the public interest,
ecbf2f877a7ed606ab0ed11897deca94c01039021f7fa4ca91722241bf0cba27,2024-07,Surrey Police,Surrey Police,-0.402467,51.200143,On or near Abinger Lane,E01030555,Mole Valley 012B,Violence and sexual offences,Unable to prosecute suspect,
128597e8cb1836f804b6c7f4d9ab30042b814243f1389ec573756587755132b8,2024-07,Surrey Police,Surrey Police,-0.416395,51.209712,On or near Raikes Lane,E01030555,Mole Valley 012B,Other crime,Unable to prosecute suspect,
,2024-07,Surrey Police,Surrey Police,-0.358039,51.152568,On or near Kings Arms Court,E01030557,Mole Valley 012C,Anti-social behaviour,,
,2024-07,Surrey Police,Surrey Police,-0.362336,51.146306,On or near Prideaux Gardens,E01030557,Mole Valley 012C,Anti-social behaviour,,
,2024-07,Surrey Police,Surrey Police,-0.369896,51.228336,On or near Meadow Close,E01030558,Mole Valley 012D,Anti-social behaviour,,
,2024-07,Surrey Police,Surrey Police,-0.365848,51.227758,On or near The Burrell,E01030558,Mole Valley 012D,Anti-social behaviour,,
9d28f29b0452775f97d8abed805a72299a19f4750ea036849974db77e43de2da,2024-07,Surrey Police,Surrey Police,-0.366596,51.224450,On or near Parsonage Lane,E01030558,Mole Valley 012D,Criminal damage and arson,Further action is not in the public interest,
e0c85b790a1343420ccd668734dee85880f444a366e8da4a44e4b4fc860fb553,2024-07,Surrey Police,Surrey Police,-0.364674,51.227363,On or near St John'S Road,E01030558,Mole Valley 012D,Criminal damage and arson,Unable to prosecute suspect,
03d9d6d37597406144514a3c7855fcafacfeca951abf7c37f06a63ea77713c90,2024-07,Surrey Police,Surrey Police,-0.368064,51.223832,On or near Heath Rise,E01030558,Mole Valley 012D,Public order,Unable to prosecute suspect,
61d9cf31e1e12299b2ee95260a422381d0b23e0720a1c58f8aba61e10122bf21,2024-07,Surrey Police,Surrey Police,-0.365848,51.227758,On or near The Burrell,E01030558,Mole Valley 012D,Public order,Unable to prosecute suspect,
f89912ac288af0aec465df659624156da4ccd8afa7d91e52da8d1d3dfd075619,2024-07,Surrey Police,Surrey Police,-0.365848,51.227758,On or near The Burrell,E01030558,Mole Valley 012D,Violence and sexual offences,Unable to prosecute suspect,
5eaa74a7bd7fdd6714127de074e8ee03d6fef84e34577dd20e4a39790e32e3c4,2024-07,Surrey Police,Surrey Police,-0.366596,51.224450,On or near Parsonage Lane,E01030558,Mole Valley 012D,Violence and sexual offences,Further action is not in the public interest,
22fe9e9d6f1a2ecbe5456b6300912096bbb40ffe26b5d213ae25283b86804749,2024-07,Surrey Police,Surrey Police,-0.366596,51.224450,On or near Parsonage Lane,E01030558,Mole Valley 012D,Violence and sexual offences,Further action is not in the public interest,
39a523171d55c9076c693891c76e5120356a574652ed3810d9c05266433a5631,2024-07,Surrey Police,Surrey Police,-0.369896,51.228336,On or near Meadow Close,E01030558,Mole Valley 012D,Violence and sexual offences,Unable to prosecute suspect,
e8d7ea413228876c737f872e716e2a4c2b96fb94a226940cb17c3c281dd3cb1b,2024-07,Surrey Police,Surrey Police,-0.366596,51.224450,On or near Parsonage Lane,E01030558,Mole Valley 012D,Violence and sexual offences,Further action is not in the public interest,
997d3e9fee5cef646afa40fe6270106477a90fa0f866eef526c55a9062533029,2024-07,Surrey Police,Surrey Police,-0.365848,51.227758,On or near The Burrell,E01030558,Mole Valley 012D,Violence and sexual offences,Unable to prosecute suspect,
,2024-07,Surrey Police,Surrey Police,-0.316986,51.177335,On or near Springwell Road,E01030515,Mole Valley 013A,Anti-social behaviour,,
f6eef0e998ff901540332cfa495471a286647a0cbb43a5e2dfa32114734b0f4c,2024-07,Surrey Police,Surrey Police,-0.318948,51.180052,On or near Merebank,E01030515,Mole Valley 013A,Criminal damage and arson,Unable to prosecute suspect,
cc6f90a7e0615f4c9410e05fe95a96a635574d2186d2c920a61e5a497188b3e1,2024-07,Surrey Police,Surrey Police,-0.318719,51.179249,On or near Leith Road,E01030515,Mole Valley 013A,Criminal damage and arson,Investigation complete; no suspect identified,
cae1130060505286f091cf1930d9c4e46d0476fe66679e3a76191050095b2ce9,2024-07,Surrey Police,Surrey Police,-0.318719,51.179249,On or near Leith Road,E01030515,Mole Valley 013A,Other theft,Unable to prosecute suspect,
5bdbce60b49fab5bc8a1513d9765a7d37236a25e810caeb56dce4470b5728566,2024-07,Surrey Police,Surrey Police,-0.321028,51.179902,On or near Willow Close,E01030515,Mole Valley 013A,Violence and sexual offences,Unable to prosecute suspect,
e2e6ffa1ecb0696f4a274c9d7620abcb8d8ebd1090c467b8a560cae9ea570e6c,2024-07,Surrey Police,Surrey Police,-0.321028,51.179902,On or near Willow Close,E01030515,Mole Valley 013A,Violence and sexual offences,Unable to prosecute suspect,
11332c69de06a645bc117b9561eb67811e0cf8490f28f4053e801607ffdec636,2024-07,Surrey Police,Surrey Police,-0.322492,51.178961,On or near Oak Corner,E01030515,Mole Valley 013A,Violence and sexual offences,Unable to prosecute suspect,
3bb1cdd5c39a3e566729a296eade1a43106a22d0cfaa45aa9752412c11a3abd6,2024-07,Surrey Police,Surrey Police,-0.322492,51.178961,On or near Oak Corner,E01030515,Mole Valley 013A,Violence and sexual offences,Unable to prosecute suspect,
deb0d8082ee73dc0298f50ecb2f57890059e7b579760098c92b65f4d3792a438,2024-07,Surrey Police,Surrey Police,-0.318948,51.180052,On or near Merebank,E01030515,Mole Valley 013A,Violence and sexual offences,Unable to prosecute suspect,
527ef139c9fbdb4c38021815abd53049a52269d49261b51a7e70a5619da97f5f,2024-07,Surrey Police,Surrey Police,-0.320589,51.178196,On or near Anstiebury Close,E01030515,Mole Valley 013A,Other crime,Status update unavailable,
2deee9584e760459ad7bf6d4c55998d2504fd0ca20db21246093f021f93ebdfa,2024-07,Surrey Police,Surrey Police,-0.286734,51.155151,On or near Parking Area,E01030528,Mole Valley 013B,Drugs,Court result unavailable,
0374fefcc1733ab324cade3a00d9f96e531945a582d0ca922b08d2bd715c0257,2024-07,Surrey Police,Surrey Police,-0.272108,51.179586,On or near Partridge Lane,E01030528,Mole Valley 013B,Public order,Unable to prosecute suspect,
11a0f240ad4ffec9000e739d621f85206c756838e4aed0e8fd4d3ccff92811a4,2024-07,Surrey Police,Surrey Police,-0.285184,51.165326,On or near Church Road,E01030528,Mole Valley 013B,Public order,Investigation complete; no suspect identified,
6ca919692fc0399ec1f6e30a59439af2169148f6782c74c4fa06dc6367108468,2024-07,Surrey Police,Surrey Police,-0.272108,51.179586,On or near Partridge Lane,E01030528,Mole Valley 013B,Public order,Unable to prosecute suspect,
567e9a5e3f0ee43b91a9e608470eb645e2d89db3f5379dbb0a4ada20b5725248,2024-07,Surrey Police,Surrey Police,-0.255329,51.157880,On or near Partridge Lane,E01030528,Mole Valley 013B,Violence and sexual offences,Unable to prosecute suspect,
0c712c3816ecc8fc9a6dda3490ceaef25c83e155eb37432e0d5ea41e8331ca14,2024-07,Surrey Police,Surrey Police,-0.274921,51.163620,On or near Cudworth Lane,E01030528,Mole Valley 013B,Violence and sexual offences,Status update unavailable,
4df78dcf01dc1247e3c156d4c75766adeae0e9cadb54e7ab604c43c9331c5409,2024-07,Surrey Police,Surrey Police,-0.291794,51.164506,On or near Darbyshire Road,E01030528,Mole Valley 013B,Violence and sexual offences,Unable to prosecute suspect,
8c96ef1688299ff7cd39a071cd854462c7465ddc12f8565bafa15c322cdfee12,2024-07,Surrey Police,Surrey Police,-0.287347,51.165259,On or near Church Road,E01030528,Mole Valley 013B,Violence and sexual offences,Unable to prosecute suspect,
eb36674ddf700d869864b8d4c4461804c80126de7766262857a0964f1a983860,2024-07,Surrey Police,Surrey Police,-0.263684,51.162347,On or near Cudworth Park,E01030528,Mole Valley 013B,Violence and sexual offences,Unable to prosecute suspect,
,2024-07,Surrey Police,Surrey Police,-0.268138,51.195021,On or near Broad Lane,E01030530,Mole Valley 013C,Anti-social behaviour,,
b2481935c608e8546ef6a28c9680561e318bf6a010c6e394e84ec2c11a7daa3b,2024-07,Surrey Police,Surrey Police,-0.214119,51.194407,On or near Ironsbottom,E01030530,Mole Valley 013C,Criminal damage and arson,Investigation complete; no suspect identified,
f7ff14862c3b7a5a1a0cdcddc3a49451b953523b9f16a2a08cf3f173113a5a8b,2024-07,Surrey Police,Surrey Police,-0.269208,51.187088,On or near Broad Lane,E01030530,Mole Valley 013C,Drugs,Investigation complete; no suspect identified,
81460522ad31734c940019b9b168b5e59d437d1904b81259854e53970f25af9c,2024-07,Surrey Police,Surrey Police,-0.277019,51.183696,On or near Mill Lane,E01030530,Mole Valley 013C,Violence and sexual offences,Status update unavailable,
,2024-07,Surrey Police,Surrey Police,-0.219048,51.155633,On or near Sewill Close,E01030531,Mole Valley 013D,Anti-social behaviour,,
,2024-07,Surrey Police,Surrey Police,-0.186974,51.168018,On or near Mistley Gardens,E01030531,Mole Valley 013D,Anti-social behaviour,,
c61b3fee293d23d701f9b0a66f156fa95c79f0c1b06491563f7555446d1fe0ca,2024-07,Surrey Police,Surrey Police,-0.228138,51.156895,On or near Rectory Lane,E01030531,Mole Valley 013D,Burglary,Investigation complete; no suspect identified,
bc7b07edc7dea5aa5aa6e5ac29ea7599bbdc81d8b60b3f74eed907c7c0e37c4e,2024-07,Surrey Police,Surrey Police,-0.219048,51.155633,On or near Sewill Close,E01030531,Mole Valley 013D,Public order,Unable to prosecute suspect,
151fdee8ddbbea552b0e0799ccaa8a2880b889a397319b28b19a3e1a136b121c,2024-07,Surrey Police,Surrey Police,-0.186974,51.168018,On or near Mistley Gardens,E01030531,Mole Valley 013D,Public order,Unable to prosecute suspect,
08aff5917ce8ac3a37e90ac229f61afd9070eb3b8be58ff7fa161e6570fed03e,2024-07,Surrey Police,Surrey Police,-0.186974,51.168018,On or near Mistley Gardens,E01030531,Mole Valley 013D,Public order,Unable to prosecute suspect,
3c16b44f0677e796b770a85442036b8416b10bdf9e4c38135923755dfcaf96de,2024-07,Surrey Police,Surrey Police,-0.186974,51.168018,On or near Mistley Gardens,E01030531,Mole Valley 013D,Robbery,Unable to prosecute suspect,
613b0db31b00fcb2e9d911d449b91fd57592a028394ed048838f22b935758a5f,2024-07,Surrey Police,Surrey Police,-0.186974,51.168018,On or near Mistley Gardens,E01030531,Mole Valley 013D,Shoplifting,Investigation complete; no suspect identified,
b54637f83e5f4431b7b5fb3da98063b0164c5b014d5e1aaacaaa495972ebabb8,2024-07,Surrey Police,Surrey Police,-0.186974,51.168018,On or near Mistley Gardens,E01030531,Mole Valley 013D,Shoplifting,Unable to prosecute suspect,
b887f4b9cbafbff2eefec18e9e0a1327e443088a52c5407d2860ea102d273266,2024-07,Surrey Police,Surrey Police,-0.186974,51.168018,On or near Mistley Gardens,E01030531,Mole Valley 013D,Shoplifting,Court result unavailable,
0e03ec4e92ff6b25ffa872612e97157fae1fb8ff2f0af9108593f522f6bac355,2024-07,Surrey Police,Surrey Police,-0.186974,51.168018,On or near Mistley Gardens,E01030531,Mole Valley 013D,Shoplifting,Investigation complete; no suspect identified,
4d8d73b6d8a16f8469b32a1cfe1f144558627a7ee1202b7eb39e419c90be589c,2024-07,Surrey Police,Surrey Police,-0.186974,51.168018,On or near Mistley Gardens,E01030531,Mole Valley 013D,Shoplifting,Unable to prosecute suspect,
5427aacf3e5d56e0f2391602833054a7413241919461376fd5adf90d2214f603,2024-07,Surrey Police,Surrey Police,-0.219094,51.155184,On or near Perrylands,E01030531,Mole Valley 013D,Violence and sexual offences,Unable to prosecute suspect,
94664930a900450345d08beedc06484025dbcdfbf3cf10abb1a64e466657706a,2024-07,Surrey Police,Surrey Police,-0.227783,51.148616,On or near Ifield Road,E01030531,Mole Valley 013D,Violence and sexual offences,Unable to prosecute suspect,
036f8983a6b8d563e0a18cd063a6f15ccf5eb7791567a256500e501a999d4d96,2024-07,Surrey Police,Surrey Police,-0.187988,51.168789,On or near Campbell Close,E01030531,Mole Valley 013D,Violence and sexual offences,Unable to prosecute suspect,
5d5cfcd3e021a5957a42eadf184660d417741947e12647e83848c39581bdbe44,2024-07,Surrey Police,Surrey Police,-0.232564,51.173914,On or near Norwood Hill,E01030531,Mole Valley 013D,Violence and sexual offences,Unable to prosecute suspect,
999377a20934af8b55124d68432980e3c394930aa4e48325ff36e785a8d9af34,2024-07,Surrey Police,Surrey Police,-0.219094,51.155184,On or near Perrylands,E01030531,Mole Valley 013D,Violence and sexual offences,Unable to prosecute suspect,
7ffcad00eacca2164647698fb5ea44882766df75d6feb34db2bff831ee59a791,2024-07,Surrey Police,Surrey Police,-0.229002,51.324984,On or near The Driftway,E01030603,Reigate and Banstead 001A,Violence and sexual offences,Unable to prosecute suspect,
6febb343ef4df7191315878d05290d68ba8a3550ac400de6269510e268c5449b,2024-07,Surrey Police,Surrey Police,-0.229002,51.324984,On or near The Driftway,E01030603,Reigate and Banstead 001A,Violence and sexual offences,Investigation complete; no suspect identified,
,2024-07,Surrey Police,Surrey Police,-0.217249,51.328710,On or near Sports/Recreation Area,E01030604,Reigate and Banstead 001B,Anti-social behaviour,,
1282919510fbc7321a3f133be975e0f2692ef7fb1d79fb138a6573b0a1887ea8,2024-07,Surrey Police,Surrey Police,-0.213809,51.327397,On or near Eastgate,E01030604,Reigate and Banstead 001B,Burglary,Investigation complete; no suspect identified,
89d08354cba665ed8ec1f54f84bc76e4b3be2bee03dbe8af0bc9e3b2254d8b8d,2024-07,Surrey Police,Surrey Police,-0.213809,51.327397,On or near Eastgate,E01030604,Reigate and Banstead 001B,Public order,Unable to prosecute suspect,
60ba7dcd2db723eb7dadf4d43b8e09eb754bcb6b521270fcb7a070d79aef7270,2024-07,Surrey Police,Surrey Police,-0.215325,51.328283,On or near Supermarket,E01030604,Reigate and Banstead 001B,Shoplifting,Investigation complete; no suspect identified,
c9fff0b1da0cd864ed6dc78b4fdc9884b7517be584e9448eb158e4b231661e15,2024-07,Surrey Police,Surrey Police,-0.215822,51.326933,On or near Nork Gardens,E01030604,Reigate and Banstead 001B,Shoplifting,Unable to prosecute suspect,
9689c81863ff29fefb1e60c6e2c293a636adcf6634a6041e29fca0f6bf3f1062,2024-07,Surrey Police,Surrey Police,-0.215325,51.328283,On or near Supermarket,E01030604,Reigate and Banstead 001B,Shoplifting,Investigation complete; no suspect identified,
6ef862f1b18e9dfed1430368bb53185e4dfe2ba0753a7a6cceefe1d98a89f968,2024-07,Surrey Police,Surrey Police,-0.215325,51.328283,On or near Supermarket,E01030604,Reigate and Banstead 001B,Violence and sexual offences,Unable to prosecute suspect,
5eb2037efd1b1252ce8c02155e8b2a817671429fc33a1aa4f247c55336f37da0,2024-07,Surrey Police,Surrey Police,-0.215325,51.328283,On or near Supermarket,E01030604,Reigate and Banstead 001B,Violence and sexual offences,Unable to prosecute suspect,
52a65102ca388b093b8f4d1bf63e66526a2c77219d61af994cd56bd8f8967aa1,2024-07,Surrey Police,Surrey Police,-0.215822,51.326933,On or near Nork Gardens,E01030604,Reigate and Banstead 001B,Violence and sexual offences,Further action is not in the public interest,
,2024-07,Surrey Police,Surrey Police,-0.234215,51.324532,On or near Fir Tree Close,E01030605,Reigate and Banstead 001C,Anti-social behaviour,,
116497f92811bb6a610f894e68b8720948b8edca1eb2c4d2bae50208ef6cafb0,2024-07,Surrey Police,Surrey Police,-0.234215,51.324532,On or near Fir Tree Close,E01030605,Reigate and Banstead 001C,Drugs,Local resolution,
d0a3c25e6703cba9fc73c0c368410e61d18547fd221b0acea6c093dd3b3b26b4,2024-07,Surrey Police,Surrey Police,-0.229662,51.323123,On or near Bridgefield Close,E01030605,Reigate and Banstead 001C,Other theft,Unable to prosecute suspect,
df9fc8170cdcfbe6d53772d04b5f670c67de731085a87ca60214e3f76d9acee3,2024-07,Surrey Police,Surrey Police,-0.233429,51.326687,On or near Reigate Road,E01030605,Reigate and Banstead 001C,Other theft,Investigation complete; no suspect identified,
c3dd0210744fe391e65da5b75066802dc191750f6aa6c87ba807ce779fca857e,2024-07,Surrey Police,Surrey Police,-0.235594,51.318896,On or near Rose Bushes,E01030605,Reigate and Banstead 001C,Violence and sexual offences,Unable to prosecute suspect,
,2024-07,Surrey Police,Surrey Police,-0.215375,51.320712,On or near Hillside Close,E01030607,Reigate and Banstead 001D,Anti-social behaviour,,
b89febce119693ba7126e8ae8c935b6aa4e6d568ac879692aae941e5877b7be7,2024-07,Surrey Police,Surrey Police,-0.211557,51.320348,On or near Mulberry Gate,E01030607,Reigate and Banstead 001D,Burglary,Investigation complete; no suspect identified,
f827aa070bd7bb4b8c9c1e50fc2d9a95a742d5054cabb4e74b4559570fdbf2b6,2024-07,Surrey Police,Surrey Police,-0.210775,51.322359,On or near Burgh Wood,E01030607,Reigate and Banstead 001D,Burglary,Awaiting court outcome,
3cfa8557d81cd67c95ac1ed57c88e7f4dda7e5dfe4c95b68d41a4d0170aa1347,2024-07,Surrey Police,Surrey Police,-0.211557,51.320348,On or near Mulberry Gate,E01030607,Reigate and Banstead 001D,Burglary,Investigation complete; no suspect identified,
7aa4f0383080d4818a3b14a87f6053f47347880696da948932336bf4ec955a3e,2024-07,Surrey Police,Surrey Police,-0.210775,51.322359,On or near Burgh Wood,E01030607,Reigate and Banstead 001D,Vehicle crime,Investigation complete; no suspect identified,
,2024-07,Surrey Police,Surrey Police,-0.197974,51.314645,On or near B2219,E01030559,Reigate and Banstead 002A,Anti-social behaviour,,
13f548255ba5e1ad86bf34e52b7ae7853be8d6260b5d46319b030d256e430dbd,2024-07,Surrey Police,Surrey Police,-0.206656,51.321262,On or near The Orchard,E01030559,Reigate and Banstead 002A,Criminal damage and arson,Investigation complete; no suspect identified,
7c0fafaeb3d1013abc5abd17ffd9bc73c6f1a0eb26fd28c2fdd898af163b2c25,2024-07,Surrey Police,Surrey Police,-0.203508,51.319559,On or near Home Meadow,E01030559,Reigate and Banstead 002A,Violence and sexual offences,Investigation complete; no suspect identified,
ca6092d35e5c05296266cdb22cbfc84c2278d6b0050fd76e9072626365b8999d,2024-07,Surrey Police,Surrey Police,-0.207327,51.316938,On or near Shrubland Road,E01030559,Reigate and Banstead 002A,Violence and sexual offences,Unable to prosecute suspect,
,2024-07,Surrey Police,Surrey Police,-0.195859,51.323929,On or near Chiltons Close,E01030560,Reigate and Banstead 002B,Anti-social behaviour,,
,2024-07,Surrey Police,Surrey Police,-0.209906,51.324414,On or near Dunnymans Road,E01030560,Reigate and Banstead 002B,Anti-social behaviour,,
afbce3e05df9ba67096e0c47a34d1bf3aaeb01fa92dfd23d0c611bc6376d18b1,2024-07,Surrey Police,Surrey Police,-0.198926,51.323320,On or near B2217,E01030560,Reigate and Banstead 002B,Bicycle theft,Investigation complete; no suspect identified,
8e22d4f42ba8438e79ffd7809eb9c7ee8fcafc4e5e09cacf55ca60cadb01a11e,2024-07,Surrey Police,Surrey Police,-0.201937,51.321936,On or near Parking Area,E01030560,Reigate and Banstead 002B,Other theft,Investigation complete; no suspect identified,
8aaf0fab24e35b42b688862f670cc27a532d4c1335ac671fac3035aaeeda4e76,2024-07,Surrey Police,Surrey Police,-0.206325,51.324971,On or near Castleton Close,E01030560,Reigate and Banstead 002B,Public order,Unable to prosecute suspect,
22e7b5fb254d35e33e6b48392061aa923a7f29b5b2060259404feb782072c01f,2024-07,Surrey Police,Surrey Police,-0.198926,51.323320,On or near B2217,E01030560,Reigate and Banstead 002B,Public order,Investigation complete; no suspect identified,
367d3086b008b0a2210e9ac95e957e78670d3e30b0c2c8b1fc62ed1987595c44,2024-07,Surrey Police,Surrey Police,-0.200057,51.323031,On or near High Street,E01030560,Reigate and Banstead 002B,Public order,Investigation complete; no suspect identified,
3098498ac55108d4436c6ecd09a89b4f628c2ff900620a6b659cc18f86853b59,2024-07,Surrey Police,Surrey Police,-0.195859,51.323929,On or near Chiltons Close,E01030560,Reigate and Banstead 002B,Robbery,Investigation complete; no suspect identified,
b1ee7b34efc78442946b0e1dff7841f4262beab89bc9022bba2e0aae1efdd13e,2024-07,Surrey Police,Surrey Police,-0.200057,51.323031,On or near High Street,E01030560,Reigate and Banstead 002B,Shoplifting,Status update unavailable,
aa509c968afd583c66cc5b5ab232e986208f37348c6aa956e08a2bf0ac721790,2024-07,Surrey Police,Surrey Police,-0.198926,51.323320,On or near B2217,E01030560,Reigate and Banstead 002B,Shoplifting,Unable to prosecute suspect,
6e60c75a275eed26ca4542b904bd4d2b1117747d59aefe744c3618d8669c5522,2024-07,Surrey Police,Surrey Police,-0.198926,51.323320,On or near B2217,E01030560,Reigate and Banstead 002B,Shoplifting,Investigation complete; no suspect identified,
a09ceb4da6229fc48ab41014e77ab24af330f0b225a774b1d0719854d758790a,2024-07,Surrey Police,Surrey Police,-0.198926,51.323320,On or near B2217,E01030560,Reigate and Banstead 002B,Shoplifting,Investigation complete; no suspect identified,
815d08dd956e5df18c762680cf0ea6a6a9f146823e8e7bf17f9ae4be13b854d4,2024-07,Surrey Police,Surrey Police,-0.200057,51.323031,On or near High Street,E01030560,Reigate and Banstead 002B,Shoplifting,Unable to prosecute suspect,
2d3cc84355c2337a2a5a2f6ac85d58e7c17cca781896fcc52eb3a8e7f8c90f1b,2024-07,Surrey Police,Surrey Police,-0.200057,51.323031,On or near High Street,E01030560,Reigate and Banstead 002B,Shoplifting,Unable to prosecute suspect,
0fe4349028c1bd93fa50af7f1f1dc8d775dd6197a4d18722a213f820d8bcfc64,2024-07,Surrey Police,Surrey Police,-0.198926,51.323320,On or near B2217,E01030560,Reigate and Banstead 002B,Shoplifting,Investigation complete; no suspect identified,
5ab6c394d87d5849c51ebb5e7bbdca66d229f68c362b7fb6eec7487ddf995310,2024-07,Surrey Police,Surrey Police,-0.198926,51.323320,On or near B2217,E01030560,Reigate and Banstead 002B,Shoplifting,Investigation complete; no suspect identified,
905710f62c65d62eaeaa343889cb2937d210211f255fd40dd8e2be2a4084d266,2024-07,Surrey Police,Surrey Police,-0.200057,51.323031,On or near High Street,E01030560,Reigate and Banstead 002B,Shoplifting,Investigation complete; no suspect identified,
f2092f9d128081d0a12ec4be189bd13edbf9919fa2f428fc0a7efefcea45265b,2024-07,Surrey Police,Surrey Police,-0.200057,51.323031,On or near High Street,E01030560,Reigate and Banstead 002B,Shoplifting,Unable to prosecute suspect,
fd5862c3ffd40b00deb08575b7ef7338086902b04f514f670049b8144db5b01b,2024-07,Surrey Police,Surrey Police,-0.200057,51.323031,On or near High Street,E01030560,Reigate and Banstead 002B,Shoplifting,Unable to prosecute suspect,
faddde2dccfa8f26aabb2f8daefa0789009b3d19971fdf60c6f58ed7b403f68d,2024-07,Surrey Police,Surrey Police,-0.198926,51.323320,On or near B2217,E01030560,Reigate and Banstead 002B,Shoplifting,Investigation complete; no suspect identified,
9bdf13d04823b2f5b4f915625e63bd2cbb373fb00a7df93b8424b1dbe7eaf7d3,2024-07,Surrey Police,Surrey Police,-0.201937,51.321936,On or near Parking Area,E01030560,Reigate and Banstead 002B,Vehicle crime,Investigation complete; no suspect identified,
d6c212b5bdbd81f4a6cd796d2869c27e0639448aff1a33316c536a18ab531a0c,2024-07,Surrey Police,Surrey Police,-0.201937,51.321936,On or near Parking Area,E01030560,Reigate and Banstead 002B,Violence and sexual offences,Unable to prosecute suspect,
81a4afa5ea165180a84655761a8b91561617ea107a73ee06aee111d9f22036a1,2024-07,Surrey Police,Surrey Police,-0.207447,51.322704,On or near The Horseshoe,E01030560,Reigate and Banstead 002B,Violence and sexual offences,Unable to prosecute suspect,
bb8ed8ae3ff3a4cde0c7e73857191d981fb79d48905cc7882c98413164e8659d,2024-07,Surrey Police,Surrey Police,-0.198926,51.323320,On or near B2217,E01030560,Reigate and Banstead 002B,Violence and sexual offences,Investigation complete; no suspect identified,
8f4d3838c48ea8509bf19d3c782f892ecbbcbe11b6051bb99f0aa38b6bcf7c4d,2024-07,Surrey Police,Surrey Police,-0.198926,51.323320,On or near B2217,E01030560,Reigate and Banstead 002B,Violence and sexual offences,Investigation complete; no suspect identified,
,2024-07,Surrey Police,Surrey Police,-0.198261,51.322356,On or near Avenue Road,E01030561,Reigate and Banstead 002C,Anti-social behaviour,,
,2024-07,Surrey Police,Surrey Police,-0.193511,51.326726,On or near Croydon Lane South,E01030561,Reigate and Banstead 002C,Anti-social behaviour,,
b77b0113fe95f00d70c19f61c0cfcd6b019cf035a68cd41c4ef45a269a1e915f,2024-07,Surrey Police,Surrey Police,-0.195548,51.326748,On or near Flint Close,E01030561,Reigate and Banstead 002C,Other theft,Investigation complete; no suspect identified,
1b9b5e2b2f4b086b3d45e48f97640bd1ede081e4fd09484b3eb5902d6c0f2989,2024-07,Surrey Police,Surrey Police,-0.194919,51.326325,On or near Barn Field,E01030561,Reigate and Banstead 002C,Violence and sexual offences,Unable to prosecute suspect,
029652ad8537131cb430255792d294aee2ec38aeed580a375eb146e2490196e5,2024-07,Surrey Police,Surrey Police,-0.194029,51.322309,On or near Rosehill Farm Meadow,E01030561,Reigate and Banstead 002C,Violence and sexual offences,Unable to prosecute suspect,
6a8167d4068d2678e53ac9bc4361fc2c335e36679a61c9d3dca951474f63412d,2024-07,Surrey Police,Surrey Police,-0.195548,51.326748,On or near Flint Close,E01030561,Reigate and Banstead 002C,Violence and sexual offences,Status update unavailable,
7c8921ad7f4170888aaf55e301c9bcd45121ffdce890c9e6f9d94ec625e2dbeb,2024-07,Surrey Police,Surrey Police,-0.187599,51.325591,On or near Farley Close,E01030561,Reigate and Banstead 002C,Violence and sexual offences,Unable to prosecute suspect,
83fb3f0d442b8f58162cff03f3dff88e662a99046614b9afd82322449f067a67,2024-07,Surrey Police,Surrey Police,-0.191272,51.322698,On or near Robertson Place,E01030561,Reigate and Banstead 002C,Violence and sexual offences,Unable to prosecute suspect,
817a6fede67629ac2f4a58b2a32defde1c9a7e75d614bb5e2895fe807ebdf2d3,2024-07,Surrey Police,Surrey Police,-0.195238,51.330997,On or near Grange Meadow,E01030561,Reigate and Banstead 002C,Violence and sexual offences,Investigation complete; no suspect identified,
c6788b93025660a084f12b7dee671ed83708ba681d8e297c11e9e86ced864195,2024-07,Surrey Police,Surrey Police,-0.194919,51.326325,On or near Barn Field,E01030561,Reigate and Banstead 002C,Violence and sexual offences,Unable to prosecute suspect,
64c5dbf5c73a43f211f668b976086536b44dc644ca21ce452ed2e2c0b26e3e9d,2024-07,Surrey Police,Surrey Police,-0.209963,51.315944,On or near Lyme Regis Road,E01030562,Reigate and Banstead 002D,Criminal damage and arson,Investigation complete; no suspect identified,
f0bc7701da878f27057798d699a8b369890b37d0f398d1840c5375a836ef1f81,2024-07,Surrey Police,Surrey Police,-0.204074,51.314244,On or near Garton Bank,E01030562,Reigate and Banstead 002D,Other theft,Investigation complete; no suspect identified,
c7ef040d1a039969ad1ed5b3beddac72950541d4bf73f6bb0db37606a3ee6dbf,2024-07,Surrey Police,Surrey Police,-0.209223,51.315043,On or near The Laurels,E01030562,Reigate and Banstead 002D,Theft from the person,Investigation complete; no suspect identified,
c6a0364aa426e03940b7b1f89fd025aacbdc97333d5c4fff19e7f3f439d079bb,2024-07,Surrey Police,Surrey Police,-0.211105,51.317194,On or near Petrol Station,E01030562,Reigate and Banstead 002D,Violence and sexual offences,Unable to prosecute suspect,
efc9c7a203b38511794a93adb82c9e73104c15ecf8a8e11881789693e99207d6,2024-07,Surrey Police,Surrey Police,-0.206943,51.315008,On or near Pound Road,E01030562,Reigate and Banstead 002D,Violence and sexual offences,Unable to prosecute suspect,
86aa9be11ad098cc3438e0ece6354f5f3e95a4d05131e1e0808a4f095ebed428,2024-07,Surrey Police,Surrey Police,-0.207855,51.315912,On or near Horsecroft,E01030562,Reigate and Banstead 002D,Other crime,Unable to prosecute suspect,
,2024-07,Surrey Police,Surrey Police,-0.188695,51.336732,On or near Prison,E01030563,Reigate and Banstead 002E,Anti-social behaviour,,
d261f4c9a62245727b5c8a5cc2e01ec03b8860c48d0d1070bd9bfa9c84a9b451,2024-07,Surrey Police,Surrey Police,-0.188695,51.336732,On or near Prison,E01030563,Reigate and Banstead 002E,Criminal damage and arson,Status update unavailable,
fafb665cefaf1322871f4b18f21b45d486436d7755e204d152f477d35056135c,2024-07,Surrey Police,Surrey Police,-0.188695,51.336732,On or near Prison,E01030563,Reigate and Banstead 002E,Drugs,Status update unavailable,
4635ef69a63ee36d4960d4780f67feee9bf423e616b3ea7d65f668a9dd4d7afc,2024-07,Surrey Police,Surrey Police,-0.188695,51.336732,On or near Prison,E01030563,Reigate and Banstead 002E,Drugs,Status update unavailable,
9ede38a48ccee4fdb50599eac122e965ae8b13c97d004644650e2b04a0e52408,2024-07,Surrey Police,Surrey Police,-0.188695,51.336732,On or near Prison,E01030563,Reigate and Banstead 002E,Drugs,Status update unavailable,
be8ac8e93882bd21671cdeb882e9f4facf5ca3ab3f715ed0440ea90001277a64,2024-07,Surrey Police,Surrey Police,-0.188695,51.336732,On or near Prison,E01030563,Reigate and Banstead 002E,Drugs,Status update unavailable,
da8e4e0fac8f6f34b0214592f2976ccdaf600f484ee347306bb68324294e42f0,2024-07,Surrey Police,Surrey Police,-0.188695,51.336732,On or near Prison,E01030563,Reigate and Banstead 002E,Drugs,Status update unavailable,
6aa57fb12449ad2a843d1953ade5bfcb9494286a162ea36b836ab587ee74de5d,2024-07,Surrey Police,Surrey Police,-0.188695,51.336732,On or near Prison,E01030563,Reigate and Banstead 002E,Public order,Unable to prosecute suspect,
e2959beb62edde6c3fc53adb0479bffb88235e72e2c8f9e153ef5e57144d9ed7,2024-07,Surrey Police,Surrey Police,-0.202003,51.329042,On or near Follyfield Road,E01030563,Reigate and Banstead 002E,Vehicle crime,Investigation complete; no suspect identified,
fddf0acefadd4bfc27e78a48f795f8cfaa5ac9ff3a5fbea3dbcd682728119c72,2024-07,Surrey Police,Surrey Police,-0.188695,51.336732,On or near Prison,E01030563,Reigate and Banstead 002E,Violence and sexual offences,Investigation complete; no suspect identified,
b856f38696f06f6e408cf567ec5e4efe43db2c880e4ce360001886461c452772,2024-07,Surrey Police,Surrey Police,-0.188695,51.336732,On or near Prison,E01030563,Reigate and Banstead 002E,Violence and sexual offences,Action to be taken by another organisation,
58bfc180838dcd25f10e0500f8de237f934b43245cba7b7a3cfb7dd0b6aa070f,2024-07,Surrey Police,Surrey Police,-0.188695,51.336732,On or near Prison,E01030563,Reigate and Banstead 002E,Violence and sexual offences,Unable to prosecute suspect,
ed3f477f6703d9037650fc9f9217f40323069ef01a7afea88d96c49c2a48ce48,2024-07,Surrey Police,Surrey Police,-0.188695,51.336732,On or near Prison,E01030563,Reigate and Banstead 002E,Violence and sexual offences,Investigation complete; no suspect identified,
901bb5bc7fd258e3558d39edb5cdac40677e01cd6e09920190fb561d4e9e575d,2024-07,Surrey Police,Surrey Police,-0.188695,51.336732,On or near Prison,E01030563,Reigate and Banstead 002E,Violence and sexual offences,Unable to prosecute suspect,
8218799b432b3a64cbadf8357c924a7f519d2cec6af17bfe1bf44f4038dac1c6,2024-07,Surrey Police,Surrey Police,-0.189730,51.338888,On or near Prison,E01030563,Reigate and Banstead 002E,Violence and sexual offences,Investigation complete; no suspect identified,
2760e38920f569d60298d8579dc7c2959b21dc4bd0548339cdc89218ac86f167,2024-07,Surrey Police,Surrey Police,-0.188695,51.336732,On or near Prison,E01030563,Reigate and Banstead 002E,Violence and sexual offences,Status update unavailable,
0256e253910be626067c10343d757f0fb1c6017b2496f8394b40acbea0e57cf1,2024-07,Surrey Police,Surrey Police,-0.189730,51.338888,On or near Prison,E01030563,Reigate and Banstead 002E,Violence and sexual offences,Unable to prosecute suspect,
30b7ba31f8c660fb420d548e515963868adf204183dd0e57abc9bd83df9a1c85,2024-07,Surrey Police,Surrey Police,-0.188695,51.336732,On or near Prison,E01030563,Reigate and Banstead 002E,Violence and sexual offences,Status update unavailable,
01845303cf55d6a8d6bff4cc15b1a7fbb0abe830a74509048bb09bf60c291e46,2024-07,Surrey Police,Surrey Police,-0.188695,51.336732,On or near Prison,E01030563,Reigate and Banstead 002E,Violence and sexual offences,Unable to prosecute suspect,
2cf6ec9841feeb36a1e8cb74691c1074b660371e57b34685bcc9cc6b6065ca2a,2024-07,Surrey Police,Surrey Police,-0.188695,51.336732,On or near Prison,E01030563,Reigate and Banstead 002E,Violence and sexual offences,Unable to prosecute suspect,
64b8a6f17664c94192513665cbe8d76a5107b936c895239e6554b9bc5277bf4e,2024-07,Surrey Police,Surrey Police,-0.188695,51.336732,On or near Prison,E01030563,Reigate and Banstead 002E,Other crime,Investigation complete; no suspect identified,
32b03f7e2bc54c1a2b06ba6287b9aabf3c596ce98786897b4c5547b84f309ad3,2024-07,Surrey Police,Surrey Police,-0.188695,51.336732,On or near Prison,E01030563,Reigate and Banstead 002E,Other crime,Status update unavailable,
364f6bcf0d359791eaf5f16f2401e3f63ee2dee88b4fa278da874ff116d504fe,2024-07,Surrey Police,Surrey Police,-0.188695,51.336732,On or near Prison,E01030563,Reigate and Banstead 002E,Other crime,Unable to prosecute suspect,
8f37c42807091151f957768ce728d82ae5620c553364fb79d153f581381eb118,2024-07,Surrey Police,Surrey Police,-0.188695,51.336732,On or near Prison,E01030563,Reigate and Banstead 002E,Other crime,Status update unavailable,
19d827db2614357cfbcbc95f9dcc8ace6078b6786e22062f41eaa8b037bf6d9a,2024-07,Surrey Police,Surrey Police,-0.188695,51.336732,On or near Prison,E01030563,Reigate and Banstead 002E,Other crime,Action to be taken by another organisation,
75e4628a26c58dfdaa889603e0f0253d3400b83141c51f8c9f192986cb0593c0,2024-07,Surrey Police,Surrey Police,-0.188695,51.336732,On or near Prison,E01030563,Reigate and Banstead 002E,Other crime,Action to be taken by another organisation,
4d1c6af9d0f17905c2f837e52bf7f23b718d96597ab004ad50828d1c43fb0ff0,2024-07,Surrey Police,Surrey Police,-0.188695,51.336732,On or near Prison,E01030563,Reigate and Banstead 002E,Other crime,Action to be taken by another organisation,
cc1da8972cfdca9d52ad8ca5b4e957e0e091991cea07ca00af836eabcf7ea62e,2024-07,Surrey Police,Surrey Police,-0.188695,51.336732,On or near Prison,E01030563,Reigate and Banstead 002E,Other crime,Action to be taken by another organisation,
fe6d1a68fe628ce02dd66c4c8d4c79d6085804b84d4511e1343ed31bc02ef275,2024-07,Surrey Police,Surrey Police,-0.188695,51.336732,On or near Prison,E01030563,Reigate and Banstead 002E,Other crime,Unable to prosecute suspect,
,2024-07,Surrey Police,Surrey Police,-0.197749,51.324777,On or near Oakley Gardens,E01030564,Reigate and Banstead 002F,Anti-social behaviour,,
c97d588ad6ff5d5fe951bedd9f70edbd9fda22f82f292b11ee5a4faaf3c5a34d,2024-07,Surrey Police,Surrey Police,-0.201908,51.323393,On or near Garden Close,E01030564,Reigate and Banstead 002F,Other theft,Investigation complete; no suspect identified,
d2e62d2e6e3fb05c235014b8e3f29888427bfcf501f7230b1c26d5b3042f5a3b,2024-07,Surrey Police,Surrey Police,-0.202996,51.325307,On or near Wilmot Way,E01030564,Reigate and Banstead 002F,Public order,Unable to prosecute suspect,
493f5364c06d3369e985104d9f0bb20f3d7d6800d0a98aba017d24c193f76059,2024-07,Surrey Police,Surrey Police,-0.199381,51.325251,On or near Sandersfield Road,E01030564,Reigate and Banstead 002F,Vehicle crime,Investigation complete; no suspect identified,
75cc31b7e258ededdfff83c1b1dc0b4dce261f101bacad17ed92b6b9a4d1014b,2024-07,Surrey Police,Surrey Police,-0.201908,51.323393,On or near Garden Close,E01030564,Reigate and Banstead 002F,Vehicle crime,Unable to prosecute suspect,
,2024-07,Surrey Police,Surrey Police,-0.241186,51.322002,On or near Bunbury Way,E01030606,Reigate and Banstead 003A,Anti-social behaviour,,
c4b8750973f9eac49c07c370a6645e0f2cece2970b9ae56466ef7a7897210d07,2024-07,Surrey Police,Surrey Police,-0.241186,51.322002,On or near Bunbury Way,E01030606,Reigate and Banstead 003A,Drugs,Unable to prosecute suspect,
4e30489a14d085d85b3187a323b7440601eca568daa6795f867cc1a4e3888988,2024-07,Surrey Police,Surrey Police,-0.240062,51.310195,On or near Supermarket,E01030641,Reigate and Banstead 003B,Violence and sexual offences,Investigation complete; no suspect identified,
252615852d2114c16f23008b37b6bcf300ec2a2b678300b615ddbc36e581dcd9,2024-07,Surrey Police,Surrey Police,-0.240062,51.310195,On or near Supermarket,E01030641,Reigate and Banstead 003B,Violence and sexual offences,Investigation complete; no suspect identified,
8385344dc054273209d4369d5e829b5a58cbb46472e918afec8be971b748bf9c,2024-07,Surrey Police,Surrey Police,-0.235938,51.308793,On or near Straight Mile Place,E01030642,Reigate and Banstead 003C,Drugs,Local resolution,
412fb0d5ae3d2d702c3b097731dd2ecb24e746bad0c363751cb099bc6654badb,2024-07,Surrey Police,Surrey Police,-0.235063,51.312153,On or near Shawley Way,E01030642,Reigate and Banstead 003C,Other theft,Investigation complete; no suspect identified,
8777a57a2552e5c3e176e7522eb3991187edfe572713d8467339f383cb074e96,2024-07,Surrey Police,Surrey Police,-0.235063,51.312153,On or near Shawley Way,E01030642,Reigate and Banstead 003C,Violence and sexual offences,Investigation complete; no suspect identified,
6d49497a088f008fe9e6b02e3289df7fcc94a270b1246bec966be95f7002ffd7,2024-07,Surrey Police,Surrey Police,-0.225529,51.313079,On or near Home Farm Close,E01030642,Reigate and Banstead 003C,Violence and sexual offences,Unable to prosecute suspect,
,2024-07,Surrey Police,Surrey Police,-0.221998,51.310867,On or near Waterer Gardens,E01030644,Reigate and Banstead 003D,Anti-social behaviour,,
,2024-07,Surrey Police,Surrey Police,-0.221998,51.310867,On or near Waterer Gardens,E01030644,Reigate and Banstead 003D,Anti-social behaviour,,
,2024-07,Surrey Police,Surrey Police,-0.221998,51.310867,On or near Waterer Gardens,E01030644,Reigate and Banstead 003D,Anti-social behaviour,,
,2024-07,Surrey Police,Surrey Police,-0.222553,51.308753,On or near Petrol Station,E01030644,Reigate and Banstead 003D,Anti-social behaviour,,
,2024-07,Surrey Police,Surrey Police,-0.222553,51.308753,On or near Petrol Station,E01030644,Reigate and Banstead 003D,Anti-social behaviour,,
,2024-07,Surrey Police,Surrey Police,-0.221998,51.310867,On or near Waterer Gardens,E01030644,Reigate and Banstead 003D,Anti-social behaviour,,
,2024-07,Surrey Police,Surrey Police,-0.224073,51.311744,On or near Tattenham Way,E01030644,Reigate and Banstead 003D,Anti-social behaviour,,
cf39c6488478f21a8dc3779d63c66f3cd066cdb06830b94beb618d75c33739e7,2024-07,Surrey Police,Surrey Police,-0.221998,51.310867,On or near Waterer Gardens,E01030644,Reigate and Banstead 003D,Criminal damage and arson,Investigation complete; no suspect identified,
687d54c250c47f38f73a5346ecece9f6422f696bdc34a934a96e8bd3b06ff5cb,2024-07,Surrey Police,Surrey Police,-0.221998,51.310867,On or near Waterer Gardens,E01030644,Reigate and Banstead 003D,Criminal damage and arson,Investigation complete; no suspect identified,
41612ee5e9f49b187575876466f25f9f98b13f518c11a361c0619fb49be25fab,2024-07,Surrey Police,Surrey Police,-0.222553,51.308753,On or near Petrol Station,E01030644,Reigate and Banstead 003D,Other theft,Investigation complete; no suspect identified,
2fda4383eb9775ebbabebdf069c74e375b4ab1a688861104146b1091a5100cee,2024-07,Surrey Police,Surrey Police,-0.222553,51.308753,On or near Petrol Station,E01030644,Reigate and Banstead 003D,Other theft,Investigation complete; no suspect identified,
70610035ea56cc91d69c5d8e35c6438856565492192d2ec4249536067867277a,2024-07,Surrey Police,Surrey Police,-0.220317,51.313530,On or near Parking Area,E01030644,Reigate and Banstead 003D,Public order,Investigation complete; no suspect identified,
cceb56b28f6af9ab299b8117f215dcd2a123dd42492c9ed49dc1c7dd16c4001d,2024-07,Surrey Police,Surrey Police,-0.222553,51.308753,On or near Petrol Station,E01030644,Reigate and Banstead 003D,Public order,Investigation complete; no suspect identified,
307c24bde2df757ac76bde5c9120600ed189db9d32a6509f9a52fc4af0d7231e,2024-07,Surrey Police,Surrey Police,-0.222553,51.308753,On or near Petrol Station,E01030644,Reigate and Banstead 003D,Violence and sexual offences,Unable to prosecute suspect,
69ffcac775571cbe1de8f627c1f2239704f6981affb3bde79eec92148dad857c,2024-07,Surrey Police,Surrey Police,-0.223409,51.310367,On or near Waterer Gardens,E01030644,Reigate and Banstead 003D,Violence and sexual offences,Unable to prosecute suspect,
6f9b73ad357bcc91049450a3d4259b82d9270589b1dfb2aadb68cf760efb4c57,2024-07,Surrey Police,Surrey Police,-0.213970,51.312156,On or near Wood Lane,E01030644,Reigate and Banstead 003D,Violence and sexual offences,Status update unavailable,
,2024-07,Surrey Police,Surrey Police,-0.180888,51.331593,On or near Fairlawn Grove,E01030565,Reigate and Banstead 004A,Anti-social behaviour,,
4ca5dce25a1d8dca6ea4e4780c239ba737a8caa1347db0ecb177bf6344a5d808,2024-07,Surrey Police,Surrey Police,-0.168501,51.325807,On or near Merrymeet,E01030565,Reigate and Banstead 004A,Criminal damage and arson,Unable to prosecute suspect,
f0de0642c223bda99a9ca92b90722c21cb4c9c0ca9cad9014032178fa5ad0ecf,2024-07,Surrey Police,Surrey Police,-0.171403,51.324278,On or near Parking Area,E01030565,Reigate and Banstead 004A,Public order,Investigation complete; no suspect identified,
4b45c569a7bfe84d74307f1322943b46a8715321736976dac0f6b00d58bde503,2024-07,Surrey Police,Surrey Police,-0.168501,51.325807,On or near Merrymeet,E01030565,Reigate and Banstead 004A,Violence and sexual offences,Investigation complete; no suspect identified,
ba7a4709c8e7b2a802302f9d066be9ec284d8178ed82ddb098f0faf4cdf1b10f,2024-07,Surrey Police,Surrey Police,-0.184525,51.313295,On or near Park Road,E01030565,Reigate and Banstead 004A,Violence and sexual offences,Action to be taken by another organisation,
8055ef8424cc33f812e00c53463af839c275219f8f0a744432418f111ec2237a,2024-07,Surrey Police,Surrey Police,-0.180888,51.331593,On or near Fairlawn Grove,E01030565,Reigate and Banstead 004A,Violence and sexual offences,Unable to prosecute suspect,
449be40987f86497d7de33bbea6d06fd4d7e6b5fcc1a2765a70e51d19b245d50,2024-07,Surrey Police,Surrey Police,-0.168673,51.318948,On or near Prestbury Crescent,E01030566,Reigate and Banstead 004B,Public order,Unable to prosecute suspect,
ce0840274557e08e85b3e694d004951ebb814e7c3a2500fd7030d8a2b8b6bcf0,2024-07,Surrey Police,Surrey Police,-0.170627,51.318538,On or near Chipstead Way,E01030566,Reigate and Banstead 004B,Vehicle crime,Investigation complete; no suspect identified,
d87d43703a069ae1c6a71cd00efe3fe9a77c64da4c89424084c6f07d87f1c98d,2024-07,Surrey Police,Surrey Police,-0.171901,51.323313,On or near Sports/Recreation Area,E01030566,Reigate and Banstead 004B,Violence and sexual offences,Unable to prosecute suspect,
,2024-07,Surrey Police,Surrey Police,-0.167229,51.298296,On or near High Road,E01030567,Reigate and Banstead 004C,Anti-social behaviour,,
,2024-07,Surrey Police,Surrey Police,-0.170493,51.291455,On or near Sports/Recreation Area,E01030567,Reigate and Banstead 004C,Anti-social behaviour,,
,2024-07,Surrey Police,Surrey Police,-0.196117,51.282602,On or near Parking Area,E01030567,Reigate and Banstead 004C,Anti-social behaviour,,
d74397c25e0ff44bad41e781284007c2fc48051f5b93c89d1dabf43d20a89d2d,2024-07,Surrey Police,Surrey Police,-0.167229,51.298296,On or near High Road,E01030567,Reigate and Banstead 004C,Criminal damage and arson,Unable to prosecute suspect,
d1522b8d896f328bbc7d2d2480bee9e071ab6a5f308e5de535aef6c8c5b2b46c,2024-07,Surrey Police,Surrey Police,-0.167229,51.298296,On or near High Road,E01030567,Reigate and Banstead 004C,Public order,Unable to prosecute suspect,
901d853bec2f02911ad4fd941fefae4ebd00ce893180b227e4e97ad2ad81f5ba,2024-07,Surrey Police,Surrey Police,-0.173735,51.303155,On or near Cleave Prior,E01030567,Reigate and Banstead 004C,Public order,Investigation complete; no suspect identified,
f3188cdb2001833447f212184cc8f3bcb01c3d34e6666c47d5e55296a49f5631,2024-07,Surrey Police,Surrey Police,-0.170993,51.302833,On or near Hazelwood Lane,E01030567,Reigate and Banstead 004C,Public order,Unable to prosecute suspect,
04cfc0347c42f58e1abe4fd6c1176db54dc5e7ade3065d5a746d6070e2e75874,2024-07,Surrey Police,Surrey Police,-0.166564,51.300570,On or near Vincents Close,E01030567,Reigate and Banstead 004C,Vehicle crime,Investigation complete; no suspect identified,
2e27d3ce1282f67c35a3d9d30e070037939aaa4f6f18b9c0fcf3d677fcc951d7,2024-07,Surrey Police,Surrey Police,-0.169493,51.309177,On or near Chipstead,E01030567,Reigate and Banstead 004C,Vehicle crime,Investigation complete; no suspect identified,
27d3ec223b6e0e026a7e5222765661aac0704865d2ac946363bc8fccc11cfdd7,2024-07,Surrey Police,Surrey Police,-0.167229,51.298296,On or near High Road,E01030567,Reigate and Banstead 004C,Violence and sexual offences,Status update unavailable,
eb2a5fb0c7b765b5a185c4fb8d58cdaed71b4ac75ead145e989e4e8a3912d199,2024-07,Surrey Police,Surrey Police,-0.167229,51.298296,On or near High Road,E01030567,Reigate and Banstead 004C,Violence and sexual offences,Unable to prosecute suspect,
9e10fddf0e88935bf5d86d811715c814214877bea277b6e66eecd1b7fa9b6fa3,2024-07,Surrey Police,Surrey Police,-0.167229,51.298296,On or near High Road,E01030567,Reigate and Banstead 004C,Violence and sexual offences,Action to be taken by another organisation,
f25b005d37ed9741c05820a7b8c3af77676fddabc1cb887ea7f507ea9030f8c6,2024-07,Surrey Police,Surrey Police,-0.167229,51.298296,On or near High Road,E01030567,Reigate and Banstead 004C,Violence and sexual offences,Unable to prosecute suspect,
3519346658c430783a831bcd822621cf58d59e482e6012f9825b6cdf962dccfa,2024-07,Surrey Police,Surrey Police,-0.158008,51.281748,On or near Glebe Road,E01030567,Reigate and Banstead 004C,Violence and sexual offences,Local resolution,
6f28445e248bbfc8c8aa90638b3bee8a9f42d1c0b2c0f8f31ec03ddc7d9fef43,2024-07,Surrey Police,Surrey Police,-0.167229,51.298296,On or near High Road,E01030567,Reigate and Banstead 004C,Violence and sexual offences,Unable to prosecute suspect,
,2024-07,Surrey Police,Surrey Police,-0.159080,51.310146,On or near Highwold,E01030568,Reigate and Banstead 004D,Anti-social behaviour,,
,2024-07,Surrey Police,Surrey Police,-0.166427,51.316611,On or near Rectory Lane,E01030568,Reigate and Banstead 004D,Anti-social behaviour,,
995797983b739424f449e36831f5c2b3a0a95069d5ff77d615f6e2b29aa5d203,2024-07,Surrey Police,Surrey Police,-0.170250,51.311419,On or near Dacre Close,E01030568,Reigate and Banstead 004D,Vehicle crime,Investigation complete; no suspect identified,
8911ebbedc60e537e6aac4606bc4bcf0654e288a37e9eedc031b12d09d4875e8,2024-07,Surrey Police,Surrey Police,-0.170730,51.310545,On or near Outwood Lane,E01030568,Reigate and Banstead 004D,Vehicle crime,Investigation complete; no suspect identified,
1ecd2f5f32f58545c3000d4d94138356d42dc448ca5941030e446cf2edd9f2ce,2024-07,Surrey Police,Surrey Police,-0.166427,51.316611,On or near Rectory Lane,E01030568,Reigate and Banstead 004D,Violence and sexual offences,Status update unavailable,
,2024-07,Surrey Police,Surrey Police,-0.154402,51.293364,On or near Petrol Station,E01030569,Reigate and Banstead 004E,Anti-social behaviour,,
,2024-07,Surrey Police,Surrey Police,-0.145820,51.291691,On or near Figgs Wood,E01030569,Reigate and Banstead 004E,Anti-social behaviour,,
655db01524397242f740e82fdcb5180d8e908fdf7a1ae3f4012a9470879825ff,2024-07,Surrey Police,Surrey Police,-0.157638,51.293487,On or near Star Lane,E01030569,Reigate and Banstead 004E,Burglary,Investigation complete; no suspect identified,
f4a23dedc379f025b0292136f63aba672396557f28668d9f459c3aa188ee44e0,2024-07,Surrey Police,Surrey Police,-0.154647,51.294051,On or near St Margaret'S Road,E01030569,Reigate and Banstead 004E,Drugs,Status update unavailable,
2f88639f76e2d592b672eb4b433d4e384230060bb2b7a2ebd76f840eeae725a1,2024-07,Surrey Police,Surrey Police,-0.154402,51.293364,On or near Petrol Station,E01030569,Reigate and Banstead 004E,Public order,Unable to prosecute suspect,
bb523004c3be35eb3595b85496e1e87f0ee938e4b8e0c2d8efa06af0e4e9201f,2024-07,Surrey Police,Surrey Police,-0.154369,51.290954,On or near Petrol Station,E01030569,Reigate and Banstead 004E,Public order,Unable to prosecute suspect,
1ab27c35303f56d3f9e009d1de8e380e48feecc59349e423cc9fb84b554411af,2024-07,Surrey Police,Surrey Police,-0.154369,51.290954,On or near Petrol Station,E01030569,Reigate and Banstead 004E,Public order,Unable to prosecute suspect,
40f4c41c3f53f7dfcc303d2b88dedc38947195ead8fff1b87870c1b0dd0eca9a,2024-07,Surrey Police,Surrey Police,-0.154369,51.290954,On or near Petrol Station,E01030569,Reigate and Banstead 004E,Public order,Unable to prosecute suspect,
1be5f26fa716761dc54ca16ac0a1a69493e95e923076225a9062b3dedeb9e764,2024-07,Surrey Police,Surrey Police,-0.156380,51.291237,On or near Church Lane Avenue,E01030569,Reigate and Banstead 004E,Vehicle crime,Unable to prosecute suspect,
97464f781dd4e081bf63c3b04224bdd8b1ee179b64f338d2836e0e41ddf51cfb,2024-07,Surrey Police,Surrey Police,-0.141701,51.291050,On or near Thistley Close,E01030569,Reigate and Banstead 004E,Violence and sexual offences,Unable to prosecute suspect,
2699e0f7eec0b6d427034ef19f32476b3343b4f79bd6039cc9de2f84634f5778,2024-07,Surrey Police,Surrey Police,-0.155797,51.294690,On or near Rowan Grove,E01030569,Reigate and Banstead 004E,Violence and sexual offences,Unable to prosecute suspect,
,2024-07,Surrey Police,Surrey Police,-0.235093,51.301263,On or near Merland Green,E01030608,Reigate and Banstead 005A,Anti-social behaviour,,
4320558ed1e896bf05e9b555d7fd5d7869e7001300cf5912dbf25f5f37199c8e,2024-07,Surrey Police,Surrey Police,-0.238248,51.298667,On or near Watermead,E01030608,Reigate and Banstead 005A,Criminal damage and arson,Court result unavailable,
dfe02003d6f045a96a731385fe52c51a3eb0c427941aa623aacce8645aba18e7,2024-07,Surrey Police,Surrey Police,-0.233041,51.300539,On or near Homefield Gardens,E01030608,Reigate and Banstead 005A,Other theft,Investigation complete; no suspect identified,
5b7381920f10586037464c76b3e7b57286b90a3ba5411f71695645c850b549bc,2024-07,Surrey Police,Surrey Police,-0.237452,51.299994,On or near Waterfield Green,E01030608,Reigate and Banstead 005A,Violence and sexual offences,Unable to prosecute suspect,
85d85589a4c2dc8f524b74aab08de5061478bab9a8032039c3b62f4263c05421,2024-07,Surrey Police,Surrey Police,-0.237132,51.298605,On or near Cheam Close,E01030608,Reigate and Banstead 005A,Violence and sexual offences,Unable to prosecute suspect,
51be96991206941461bc55910b99bf7e6f3ea37c6ae25e0da6f80ba3d2580a5f,2024-07,Surrey Police,Surrey Police,-0.237452,51.299994,On or near Waterfield Green,E01030608,Reigate and Banstead 005A,Violence and sexual offences,Awaiting court outcome,
d5f91124ac1041a97057d5fcbf78f856dbd4dc2f42efa1f95fffb21bad626e8a,2024-07,Surrey Police,Surrey Police,-0.237452,51.299994,On or near Waterfield Green,E01030608,Reigate and Banstead 005A,Violence and sexual offences,Awaiting court outcome,
569b4dd843ca3c25b4ad14fe5f131763bc64a3e8bdc21d3adfc0b83ca435c36d,2024-07,Surrey Police,Surrey Police,-0.235494,51.300172,On or near Pit Wood Green,E01030608,Reigate and Banstead 005A,Other crime,Investigation complete; no suspect identified,
,2024-07,Surrey Police,Surrey Police,-0.227533,51.302012,On or near Hawes Road,E01030609,Reigate and Banstead 005B,Anti-social behaviour,,
,2024-07,Surrey Police,Surrey Police,-0.227533,51.302012,On or near Hawes Road,E01030609,Reigate and Banstead 005B,Anti-social behaviour,,
,2024-07,Surrey Police,Surrey Police,-0.230652,51.304109,On or near Kinloch Road,E01030609,Reigate and Banstead 005B,Anti-social behaviour,,
,2024-07,Surrey Police,Surrey Police,-0.233132,51.303430,On or near Sports/Recreation Area,E01030609,Reigate and Banstead 005B,Anti-social behaviour,,
0d543454b493ca2a25619fc2ac14d1035e679d46d510b4cb6cbc338202fc7aec,2024-07,Surrey Police,Surrey Police,-0.234740,51.303749,On or near Merland Rise,E01030609,Reigate and Banstead 005B,Burglary,Unable to prosecute suspect,
ac5468ee3743a58583ffab223b188b8e9346a09b29de2127979679bf897287ed,2024-07,Surrey Police,Surrey Police,-0.231402,51.302142,On or near Preston Manor Road,E01030609,Reigate and Banstead 005B,Criminal damage and arson,Unable to prosecute suspect,
d52b7b0e34b803cff69a4d17bd4aa63d673b171122a2884a96f8c9ec225a3c8f,2024-07,Surrey Police,Surrey Police,-0.226467,51.306591,On or near Devizes Road,E01030609,Reigate and Banstead 005B,Criminal damage and arson,Unable to prosecute suspect,
1a98fd612a0a00a7fc1b8666659bf6bf20080144f6f9f3f341bfe47f13a593e8,2024-07,Surrey Police,Surrey Police,-0.226311,51.304691,On or near Dover Road,E01030609,Reigate and Banstead 005B,Other theft,Investigation complete; no suspect identified,
3a7c276a0483d3debf7bc5879a5a00e92ff0c873efa8d2ab4038352a0654156d,2024-07,Surrey Police,Surrey Police,-0.234192,51.301213,On or near Merland Close,E01030609,Reigate and Banstead 005B,Possession of weapons,Status update unavailable,
b0e4a9a17c35e5a9f77125fba7a1ed418450fba4bda01d94a38bd591cbf3fe95,2024-07,Surrey Police,Surrey Police,-0.228254,51.302670,On or near Morden Close,E01030609,Reigate and Banstead 005B,Public order,Unable to prosecute suspect,
96efaf681e217febda2b1067df9f33e8a3935b5eb834b61a3b2df15a49fded4a,2024-07,Surrey Police,Surrey Police,-0.230652,51.304109,On or near Kinloch Road,E01030609,Reigate and Banstead 005B,Violence and sexual offences,Unable to prosecute suspect,
4cfda41f19cedaa769f7e1e4d17a0dec5dc465f802450cbbce0e5a7535f2efa3,2024-07,Surrey Police,Surrey Police,-0.234740,51.303749,On or near Merland Rise,E01030609,Reigate and Banstead 005B,Violence and sexual offences,Unable to prosecute suspect,
4d72bd0c1fa771ae3898f1f18ae28e58e6ae30ef849b79084e61576039a58a75,2024-07,Surrey Police,Surrey Police,-0.226311,51.304691,On or near Dover Road,E01030609,Reigate and Banstead 005B,Violence and sexual offences,Offender given a caution,
6b270833dfb608cabb71644538d67146efff125bef43c414e920af9b815128c8,2024-07,Surrey Police,Surrey Police,-0.228254,51.302670,On or near Morden Close,E01030609,Reigate and Banstead 005B,Violence and sexual offences,Unable to prosecute suspect,
ab4e7e8c2d74e97d52bf9e4ebc317abce4eef3985c91538b31962e45129ff44e,2024-07,Surrey Police,Surrey Police,-0.227533,51.302012,On or near Hawes Road,E01030609,Reigate and Banstead 005B,Violence and sexual offences,Unable to prosecute suspect,
37de046bb6f01799fe2167c05565506af4c5a5d71f7303fc4ce9779e6500c355,2024-07,Surrey Police,Surrey Police,-0.228254,51.302670,On or near Morden Close,E01030609,Reigate and Banstead 005B,Violence and sexual offences,Status update unavailable,
e6505eaf13ed8cb2ebb662359f4741f92e8c9954ff3b17b2170b38de555b5a85,2024-07,Surrey Police,Surrey Police,-0.228254,51.302670,On or near Morden Close,E01030609,Reigate and Banstead 005B,Violence and sexual offences,Unable to prosecute suspect,
4cfb126e5eadfa606b5f7447d1ec1672e84d3090817e3d9563be2df45593a5e4,2024-07,Surrey Police,Surrey Police,-0.228254,51.302670,On or near Morden Close,E01030609,Reigate and Banstead 005B,Violence and sexual offences,Unable to prosecute suspect,
5cf592f4fa8385f4b6f14b85f384e5d616a5e60ba8d9cb73fb1ecc191c509782,2024-07,Surrey Police,Surrey Police,-0.226655,51.302466,On or near Hatch Gardens,E01030609,Reigate and Banstead 005B,Violence and sexual offences,Unable to prosecute suspect,
7de9aba2721af295d65e20c9b9378fdcbacf620492b168e02bd5b7684cd00e42,2024-07,Surrey Police,Surrey Police,-0.228254,51.302670,On or near Morden Close,E01030609,Reigate and Banstead 005B,Violence and sexual offences,Action to be taken by another organisation,
e06aef6578e1906a5cc4381e6683cebffc4af546a9878d57444f0366bdd263b5,2024-07,Surrey Police,Surrey Police,-0.226655,51.302466,On or near Hatch Gardens,E01030609,Reigate and Banstead 005B,Violence and sexual offences,Unable to prosecute suspect,
61f50a69cc74149e255a049d8674f61727c91dcdaecbb3382831b7d110a73de1,2024-07,Surrey Police,Surrey Police,-0.226331,51.306418,On or near Devizes Road,E01030609,Reigate and Banstead 005B,Violence and sexual offences,Unable to prosecute suspect,
,2024-07,Surrey Police,Surrey Police,-0.228444,51.306675,On or near Heathland Mews,E01030640,Reigate and Banstead 005C,Anti-social behaviour,,
,2024-07,Surrey Police,Surrey Police,-0.230692,51.307527,On or near Coxdean,E01030640,Reigate and Banstead 005C,Anti-social behaviour,,
fe13b8e3464f18c1c8c9d08c5a7ea5baf162713cd0cd806c6ecca0ff890a3e02,2024-07,Surrey Police,Surrey Police,-0.228444,51.306675,On or near Heathland Mews,E01030640,Reigate and Banstead 005C,Criminal damage and arson,Investigation complete; no suspect identified,
d33b4aba512926d13c103e28039d5c3e647e915f597b2190069d7ced9d531764,2024-07,Surrey Police,Surrey Police,-0.229385,51.306833,On or near Long Walk,E01030640,Reigate and Banstead 005C,Public order,Investigation complete; no suspect identified,
bb2c53779c3c9d34b3e75cbc2579e4be26b8e2e45ce7d62b477997daf844c939,2024-07,Surrey Police,Surrey Police,-0.228444,51.306675,On or near Heathland Mews,E01030640,Reigate and Banstead 005C,Violence and sexual offences,Status update unavailable,
,2024-07,Surrey Police,Surrey Police,-0.238373,51.304037,On or near Parthia Close,E01030643,Reigate and Banstead 005D,Anti-social behaviour,,
79cde0d3a6b4b695a135e6edb00b77c9f6efbd02c004753456b24759c5027042,2024-07,Surrey Police,Surrey Police,-0.238373,51.304037,On or near Parthia Close,E01030643,Reigate and Banstead 005D,Violence and sexual offences,Unable to prosecute suspect,
,2024-07,Surrey Police,Surrey Police,-0.251589,51.279020,On or near Howard Close,E01030635,Reigate and Banstead 006A,Anti-social behaviour,,
,2024-07,Surrey Police,Surrey Police,-0.248486,51.281078,On or near The Thoroughfare,E01030635,Reigate and Banstead 006A,Anti-social behaviour,,
,2024-07,Surrey Police,Surrey Police,-0.250515,51.277115,On or near Chequers Lane,E01030635,Reigate and Banstead 006A,Anti-social behaviour,,
c33075309a89ac6a0c70449d0f23fc54d79bbeef6d24f4b34b10fa634aaf911f,2024-07,Surrey Police,Surrey Police,-0.244637,51.283475,On or near Pond Farm Close,E01030635,Reigate and Banstead 006A,Burglary,Unable to prosecute suspect,
9ea9d2d30681b7bad05fdb2ed8389a5ed106b816ef0dbcf2c3780dc5ecbe8719,2024-07,Surrey Police,Surrey Police,-0.251589,51.279020,On or near Howard Close,E01030635,Reigate and Banstead 006A,Criminal damage and arson,Investigation complete; no suspect identified,
490879c4d7d9d50d5bfe650f8fb722e215f7d562b30d38e9b611c2b9eb178fe9,2024-07,Surrey Police,Surrey Police,-0.250515,51.277115,On or near Chequers Lane,E01030635,Reigate and Banstead 006A,Violence and sexual offences,Investigation complete; no suspect identified,
82b1ae05094279706dfe2ba17ac6e275539088871b9002d83e2433d1e4a1b010,2024-07,Surrey Police,Surrey Police,-0.247728,51.276876,On or near Heath Drive,E01030635,Reigate and Banstead 006A,Violence and sexual offences,Status update unavailable,
cd8bcdefb253847d082b42c0fb85e01a3603c9a5c353638c2bf99198da68b410,2024-07,Surrey Police,Surrey Police,-0.247728,51.276876,On or near Heath Drive,E01030635,Reigate and Banstead 006A,Violence and sexual offences,Unable to prosecute suspect,
e198f79524c8c7d977785e318a59bfe4df75bbac4e9accf0f0d02456be791977,2024-07,Surrey Police,Surrey Police,-0.247728,51.276876,On or near Heath Drive,E01030635,Reigate and Banstead 006A,Violence and sexual offences,Unable to prosecute suspect,
7d4e3ee4c560879fba23324abf0753bc575e85caecd2bcdb24c05120fd91ba2a,2024-07,Surrey Police,Surrey Police,-0.225319,51.296925,On or near Hudsons,E01030636,Reigate and Banstead 006B,Other theft,Investigation complete; no suspect identified,
79256bcb0c476a66d19a6089710e142a9521fb6d6e89b2f483a03b56592ed0cd,2024-07,Surrey Police,Surrey Police,-0.232864,51.298055,On or near Fairacres,E01030636,Reigate and Banstead 006B,Violence and sexual offences,Unable to prosecute suspect,
f275c3d6363a1b5ea4fc329439aeec4d1999e64004ec448408d9cd1f9cbc1273,2024-07,Surrey Police,Surrey Police,-0.237625,51.297353,On or near Petrol Station,E01030637,Reigate and Banstead 006C,Other theft,Unable to prosecute suspect,
b088f02a7a0c9a702e6464f84f91317a6e34876ed82cedfc05070bf8c3b51b87,2024-07,Surrey Police,Surrey Police,-0.237681,51.296635,On or near Shelvers Hill,E01030637,Reigate and Banstead 006C,Violence and sexual offences,Unable to prosecute suspect,
eaca88d2779e2d018ed7c29c8422c732e89f14a689d465c816a2a9a7765c4f8d,2024-07,Surrey Police,Surrey Police,-0.233022,51.293579,On or near Epsom Lane South,E01030637,Reigate and Banstead 006C,Violence and sexual offences,Unable to prosecute suspect,
c0643cbd858d9690afdbc9eac89b0c1988cd31b5c282ab9a605100d34518c332,2024-07,Surrey Police,Surrey Police,-0.263940,51.263277,On or near Pebble Close,E01030639,Reigate and Banstead 006E,Criminal damage and arson,Unable to prosecute suspect,
32eaebe2423da25ee52506a5277b5770fa19d4d64740d92900637ec2c2d5b0e3,2024-07,Surrey Police,Surrey Police,-0.263940,51.263277,On or near Pebble Close,E01030639,Reigate and Banstead 006E,Criminal damage and arson,Unable to prosecute suspect,
16e1435932e4d608f6a666c1a11252bf73d361f1a81fd899b0219c8e7c457a82,2024-07,Surrey Police,Surrey Police,-0.235307,51.289719,On or near Station Approach Road,E01030639,Reigate and Banstead 006E,Other theft,Investigation complete; no suspect identified,
96a2d5392b41ceed690d00db012fa53eb14987f34e2b083e923ad15b5f604287,2024-07,Surrey Police,Surrey Police,-0.239148,51.289786,On or near Spindlewoods,E01030639,Reigate and Banstead 006E,Other theft,Status update unavailable,
46060031d6cbbfd842235de7cfda4be7008b14f9239f92e64ce9bf356e6e5d80,2024-07,Surrey Police,Surrey Police,-0.252109,51.271375,On or near Sturt'S Lane,E01030639,Reigate and Banstead 006E,Public order,Unable to prosecute suspect,
d4e7a873aff10c8c12af69b01a30ee6c2345df98fcca5068c6fd1686286b4291,2024-07,Surrey Police,Surrey Police,-0.227532,51.287525,On or near The Green,E01030639,Reigate and Banstead 006E,Violence and sexual offences,Investigation complete; no suspect identified,
1738b2b07ad72991ed597b0ef23b058835764fce57bf526747e542e6c63325f9,2024-07,Surrey Police,Surrey Police,-0.263940,51.263277,On or near Pebble Close,E01030639,Reigate and Banstead 006E,Violence and sexual offences,Unable to prosecute suspect,
be1b05743a3ed4559353f3879f495ffb434921bafc498cb8cc869210554027f2,2024-07,Surrey Police,Surrey Police,-0.263940,51.263277,On or near Pebble Close,E01030639,Reigate and Banstead 006E,Violence and sexual offences,Unable to prosecute suspect,
1df9eac9c8d5fe24f641774826298fe3251a64aaaaa1e58f66942e9c49af986e,2024-07,Surrey Police,Surrey Police,-0.263940,51.263277,On or near Pebble Close,E01030639,Reigate and Banstead 006E,Violence and sexual offences,Unable to prosecute suspect,
66cd8ce1cdd21341a976a9d6da87e18ea7c7a85d4c00e1a529ea3137c0df4df8,2024-07,Surrey Police,Surrey Police,-0.252109,51.271375,On or near Sturt'S Lane,E01030639,Reigate and Banstead 006E,Violence and sexual offences,Investigation complete; no suspect identified,
3f7c26c967ad8ba14d63e7d3046064c8d908b2a128711fb89e7303255d7a27f3,2024-07,Surrey Police,Surrey Police,-0.263940,51.263277,On or near Pebble Close,E01030639,Reigate and Banstead 006E,Violence and sexual offences,Unable to prosecute suspect,
97aa52cbe65d4377ceb71653d407190bccab50400d1fc570ce60d1da146e86a4,2024-07,Surrey Police,Surrey Police,-0.263940,51.263277,On or near Pebble Close,E01030639,Reigate and Banstead 006E,Violence and sexual offences,Unable to prosecute suspect,
,2024-07,Surrey Police,Surrey Police,-0.214957,51.290436,On or near Bears Den,E01030589,Reigate and Banstead 007A,Anti-social behaviour,,
b26a9c640aa690a6255ff51a27dbbeb5b839bbb7b5de765fec7609ecff1132a8,2024-07,Surrey Police,Surrey Police,-0.200073,51.290721,On or near B2032,E01030589,Reigate and Banstead 007A,Burglary,Investigation complete; no suspect identified,
585734d75d969327978c46587d890d52ff79760d38b012fe60b4bfb7fc9a03e7,2024-07,Surrey Police,Surrey Police,-0.198301,51.295676,On or near The Glade,E01030589,Reigate and Banstead 007A,Criminal damage and arson,Investigation complete; no suspect identified,
5e849b7fd11ef4c0cee6cc4aea26d5e6309f4e92243c7716c687b03948d05115,2024-07,Surrey Police,Surrey Police,-0.210117,51.294283,On or near Waterhouse Lane,E01030589,Reigate and Banstead 007A,Vehicle crime,Status update unavailable,
,2024-07,Surrey Police,Surrey Police,-0.216254,51.259908,On or near Parking Area,E01030590,Reigate and Banstead 007B,Anti-social behaviour,,
2a154de38d144bf67b18d71a86344ad93915b125a6ca746c5bd0d9758a51db3a,2024-07,Surrey Police,Surrey Police,-0.204904,51.275327,On or near Green Lane,E01030590,Reigate and Banstead 007B,Burglary,Investigation complete; no suspect identified,
a081c436e1e9d6a3aa8aad0fbdf6bb50029504d7da54e1863bb405bcea928522,2024-07,Surrey Police,Surrey Police,-0.223565,51.257636,On or near Merrywood Grove,E01030590,Reigate and Banstead 007B,Criminal damage and arson,Unable to prosecute suspect,
a316db7e3d0786279498f4e13bedd596c279071ed2daf28b29790419f9234582,2024-07,Surrey Police,Surrey Police,-0.211664,51.270755,On or near Petrol Station,E01030590,Reigate and Banstead 007B,Other theft,Unable to prosecute suspect,
cb02cbf78beec520b05f78a258c667c5b42c0b58b7315b430d303a1a9b26df57,2024-07,Surrey Police,Surrey Police,-0.212289,51.270485,On or near Petrol Station,E01030590,Reigate and Banstead 007B,Public order,Investigation complete; no suspect identified,
8cce36c2686ef040ddf43f26cecf9ec83c1bace77a6f3079f5e58ccea8a0babd,2024-07,Surrey Police,Surrey Police,-0.207817,51.267881,On or near Petrol Station,E01030590,Reigate and Banstead 007B,Public order,Investigation complete; no suspect identified,
8e6138975141312bf9ec8ffdbcb0c2338287f8c68effd1e550417c0d6743e2ef,2024-07,Surrey Police,Surrey Police,-0.211664,51.270755,On or near Petrol Station,E01030590,Reigate and Banstead 007B,Shoplifting,Investigation complete; no suspect identified,
5ca96531a6f60cd19fbbb9c08c7b5ae89ec0f7917790afa1e80835f075544501,2024-07,Surrey Police,Surrey Police,-0.212289,51.270485,On or near Petrol Station,E01030590,Reigate and Banstead 007B,Shoplifting,Investigation complete; no suspect identified,
70430f7b5ec6a1a7576136208a12488e0d45a36b2ae49795f4c9c94a23726b7d,2024-07,Surrey Police,Surrey Police,-0.210768,51.269410,On or near Lyonsdene,E01030590,Reigate and Banstead 007B,Violence and sexual offences,Unable to prosecute suspect,
f8d5bab1fa9ccdec6bca2e897d69840fb838da3f78bb87f43a9d0332cbdc5b3f,2024-07,Surrey Police,Surrey Police,-0.211664,51.270755,On or near Petrol Station,E01030590,Reigate and Banstead 007B,Violence and sexual offences,Investigation complete; no suspect identified,
fa655dfddebf5e0476ad05ba2bfdc81b0f90ebc32105b2d9b8fde7b3b751ea53,2024-07,Surrey Police,Surrey Police,-0.204904,51.275327,On or near Green Lane,E01030590,Reigate and Banstead 007B,Violence and sexual offences,Unable to prosecute suspect,
9f5db9379de43730041972889b9146611cb00a50e37b032289f9ea8bf686d5a5,2024-07,Surrey Police,Surrey Police,-0.210303,51.273998,On or near Green Lane,E01030590,Reigate and Banstead 007B,Violence and sexual offences,Unable to prosecute suspect,
de92abed25fc2f6b5d418a2265f2a785f05ad6038a16909454448d7f56db2f15,2024-07,Surrey Police,Surrey Police,-0.204904,51.275327,On or near Green Lane,E01030590,Reigate and Banstead 007B,Other crime,Unable to prosecute suspect,
,2024-07,Surrey Police,Surrey Police,-0.214802,51.278878,On or near Beechen Lane,E01030591,Reigate and Banstead 007C,Anti-social behaviour,,
b94dc99029d8a9d9cf046b25830e1cb3c326f000bf7ecb3580b88f98615268b7,2024-07,Surrey Police,Surrey Police,-0.215209,51.272086,On or near Orchard Way,E01030591,Reigate and Banstead 007C,Criminal damage and arson,Unable to prosecute suspect,
604912d5389cb54c602672df2ca28ec56ad5871ab36990d942340453c2edcae9,2024-07,Surrey Police,Surrey Police,-0.216041,51.287611,On or near Woodland Way,E01030591,Reigate and Banstead 007C,Criminal damage and arson,Unable to prosecute suspect,
0826a63eb86ddba0b6106922435da3fefff53a29ab7ec56a011ef8305ad4972a,2024-07,Surrey Police,Surrey Police,-0.214802,51.278878,On or near Beechen Lane,E01030591,Reigate and Banstead 007C,Public order,Investigation complete; no suspect identified,
56262dc09519da249faa79e0f68f9f57c875b77fb7622baa519779b22788e85f,2024-07,Surrey Police,Surrey Police,-0.215209,51.272086,On or near Orchard Way,E01030591,Reigate and Banstead 007C,Public order,Local resolution,
f038fb7cec0f6e83c17201998db93de9aa65883fc8110adf16c6e9cfa96eea95,2024-07,Surrey Police,Surrey Police,-0.214802,51.278878,On or near Beechen Lane,E01030591,Reigate and Banstead 007C,Public order,Investigation complete; no suspect identified,
f81b89e97edd14495b41cfd4574c9d4c254eab6b45a91df1b1f476632242e90a,2024-07,Surrey Police,Surrey Police,-0.214802,51.278878,On or near Beechen Lane,E01030591,Reigate and Banstead 007C,Violence and sexual offences,Status update unavailable,
,2024-07,Surrey Police,Surrey Police,-0.219926,51.306413,On or near Petrol Station,E01030592,Reigate and Banstead 007D,Anti-social behaviour,,
485f4d9b4ce47a81ee94568413c91fdc7847cb0618569395c97758a30b366a28,2024-07,Surrey Police,Surrey Police,-0.221229,51.306638,On or near Reigate Road,E01030592,Reigate and Banstead 007D,Drugs,Local resolution,
d23976a2c98a8ff5913e36cbaf20a6046319ab6846576fbf415c99d8604aa5ab,2024-07,Surrey Police,Surrey Police,-0.216288,51.296778,On or near Hill Lane,E01030592,Reigate and Banstead 007D,Other theft,Investigation complete; no suspect identified,
aae50048053d9e19dcb33d766dfb403d5aef2d3c220cd2ff520a19c58d13dacc,2024-07,Surrey Police,Surrey Police,-0.216288,51.296778,On or near Hill Lane,E01030592,Reigate and Banstead 007D,Other theft,Investigation complete; no suspect identified,
f3bdc1fdaae0e41e1952411421cd0d89a0592019b46c4e801682ad0a755df7f8,2024-07,Surrey Police,Surrey Police,-0.216895,51.305546,On or near Ballards Green,E01030592,Reigate and Banstead 007D,Other theft,Further investigation is not in the public interest,
2f0d7f6c24999e4aa29ae2d2308e02a8a6569eb23bc5a2e3d46cf18d8d27b6a0,2024-07,Surrey Police,Surrey Police,-0.218237,51.304614,On or near Oatlands Road,E01030592,Reigate and Banstead 007D,Vehicle crime,Investigation complete; no suspect identified,
b1247198c656deb52fcdb2cc8843a25dc22f7eecbced52f6e7e7dad88691e596,2024-07,Surrey Police,Surrey Police,-0.218593,51.300608,On or near Alcocks Close,E01030592,Reigate and Banstead 007D,Violence and sexual offences,Unable to prosecute suspect,
13a4eb3ea95f07f51c8bf687b1a72468f7c63c9bbf568d17c6600f755d740e5f,2024-07,Surrey Police,Surrey Police,-0.219926,51.306413,On or near Petrol Station,E01030592,Reigate and Banstead 007D,Violence and sexual offences,Unable to prosecute suspect,
3f8761247876cfbc6ba2b43b13e5a497268fbad2b2dfbff56b7fa4d1b9225925,2024-07,Surrey Police,Surrey Police,-0.219926,51.306413,On or near Petrol Station,E01030592,Reigate and Banstead 007D,Violence and sexual offences,Unable to prosecute suspect,
,2024-07,Surrey Police,Surrey Police,-0.145001,51.262190,On or near Purbeck Close,E01030599,Reigate and Banstead 008A,Anti-social behaviour,,
,2024-07,Surrey Police,Surrey Police,-0.145100,51.260447,On or near Portland Drive,E01030599,Reigate and Banstead 008A,Anti-social behaviour,,
,2024-07,Surrey Police,Surrey Police,-0.145100,51.260447,On or near Portland Drive,E01030599,Reigate and Banstead 008A,Anti-social behaviour,,
,2024-07,Surrey Police,Surrey Police,-0.143078,51.260829,On or near Nailsworth Crescent,E01030599,Reigate and Banstead 008A,Anti-social behaviour,,
,2024-07,Surrey Police,Surrey Police,-0.143078,51.260829,On or near Nailsworth Crescent,E01030599,Reigate and Banstead 008A,Anti-social behaviour,,
,2024-07,Surrey Police,Surrey Police,-0.146352,51.262104,On or near Wood Street,E01030599,Reigate and Banstead 008A,Anti-social behaviour,,
8d20fdf29ad1fa3f1bb04155d29e54bb7ef163da7696a68851f75e8ccda2e1f5,2024-07,Surrey Police,Surrey Police,-0.142255,51.262039,On or near Hildenley Close,E01030599,Reigate and Banstead 008A,Criminal damage and arson,Unable to prosecute suspect,
2c175120cec51723e273ab0f0b841defdbdd77e6fe6c91e49557109aea9277d1,2024-07,Surrey Police,Surrey Police,-0.145001,51.262190,On or near Purbeck Close,E01030599,Reigate and Banstead 008A,Criminal damage and arson,Investigation complete; no suspect identified,
80b6ba35ed513da35579d0f2fdea727d422f5082d5f68360e47bdcd0452077c5,2024-07,Surrey Police,Surrey Police,-0.143078,51.260829,On or near Nailsworth Crescent,E01030599,Reigate and Banstead 008A,Drugs,Court result unavailable,
19814cfe80a1fd142a1e0f8ea27deb8989e059f854a41430e7c3707835b7c79c,2024-07,Surrey Police,Surrey Police,-0.143078,51.260829,On or near Nailsworth Crescent,E01030599,Reigate and Banstead 008A,Drugs,Local resolution,
31cbb3bd80b87a78015c4516db73c25e11c702e0e2c22e607f80f7474e6a5cfa,2024-07,Surrey Police,Surrey Police,-0.145001,51.262190,On or near Purbeck Close,E01030599,Reigate and Banstead 008A,Other theft,Investigation complete; no suspect identified,
32d9f6f5e5f73d94d1340ea6034419dffdfb5184e212b505b6f37768b5570f60,2024-07,Surrey Police,Surrey Police,-0.146352,51.262104,On or near Wood Street,E01030599,Reigate and Banstead 008A,Public order,Unable to prosecute suspect,
9e419c691632994f4cdfd9bcb9069074b7b9b1076bc6d9be44159941d9824645,2024-07,Surrey Police,Surrey Police,-0.145777,51.260350,On or near Supermarket,E01030599,Reigate and Banstead 008A,Shoplifting,Court result unavailable,
282ecb3294569537c3a9465f3e718dfaf3c4125d53e9de057775f5bda18b0595,2024-07,Surrey Police,Surrey Police,-0.145777,51.260350,On or near Supermarket,E01030599,Reigate and Banstead 008A,Shoplifting,Investigation complete; no suspect identified,
7d6336eea473b22c62638c49061f8c219c12e16aea2b7e339ae0186339487b18,2024-07,Surrey Police,Surrey Police,-0.145777,51.260350,On or near Supermarket,E01030599,Reigate and Banstead 008A,Shoplifting,Investigation complete; no suspect identified,
8615a11d7f6e6f080087861bbfdedb9d6915e9800a138fdb523ecf1f5a1c4423,2024-07,Surrey Police,Surrey Police,-0.145777,51.260350,On or near Supermarket,E01030599,Reigate and Banstead 008A,Shoplifting,Court result unavailable,
ef417ea2f997f6d2ae2e3e76cc7cb3d967eab34f250f9a2054e64b579c79419f,2024-07,Surrey Police,Surrey Police,-0.145777,51.260350,On or near Supermarket,E01030599,Reigate and Banstead 008A,Vehicle crime,Unable to prosecute suspect,
75fb7113c9ebfafeabfb89fc4b11021194bd93d40bc1372a568838d5d2181d42,2024-07,Surrey Police,Surrey Police,-0.143974,51.262066,On or near Greensand Close,E01030599,Reigate and Banstead 008A,Violence and sexual offences,Unable to prosecute suspect,
d57efe608ee17139ea34702155ff913859866014698dc3ee5f035356cf71fbf7,2024-07,Surrey Police,Surrey Police,-0.145777,51.260350,On or near Supermarket,E01030599,Reigate and Banstead 008A,Violence and sexual offences,Investigation complete; no suspect identified,
d4d597f1849d6bb47dc702cc848a73d9f291f0fe533dbe8ce8626d5a0828baf0,2024-07,Surrey Police,Surrey Police,-0.146352,51.262104,On or near Wood Street,E01030599,Reigate and Banstead 008A,Violence and sexual offences,Unable to prosecute suspect,
ddcac1f1e423f4af39879699b1c3e6d46b1893440aec08a0888a9c0e82140ce2,2024-07,Surrey Police,Surrey Police,-0.140634,51.259243,On or near Bletchingley Road,E01030599,Reigate and Banstead 008A,Violence and sexual offences,Unable to prosecute suspect,
72364b0ea7c1162dbbd8d90b4965de457c3fca03f6517f077acb41b90f44c566,2024-07,Surrey Police,Surrey Police,-0.142510,51.261413,On or near Malmstone Avenue,E01030599,Reigate and Banstead 008A,Violence and sexual offences,Unable to prosecute suspect,
6f1b2959a4ccddc6470f841fd766cdd67c21dd942f53018c51e507d6d1c093bf,2024-07,Surrey Police,Surrey Police,-0.145318,51.261080,On or near Fieldoaks Way,E01030599,Reigate and Banstead 008A,Violence and sexual offences,Unable to prosecute suspect,
6f1b4b5bee087d85778e9a2a58bd9622cf52538c4a8839594240a6b35e709470,2024-07,Surrey Police,Surrey Police,-0.143078,51.260829,On or near Nailsworth Crescent,E01030599,Reigate and Banstead 008A,Violence and sexual offences,Court result unavailable,
,2024-07,Surrey Police,Surrey Police,-0.149236,51.257024,On or near Southcote Road,E01030600,Reigate and Banstead 008B,Anti-social behaviour,,
,2024-07,Surrey Police,Surrey Police,-0.141528,51.258403,On or near Taynton Drive,E01030600,Reigate and Banstead 008B,Anti-social behaviour,,
,2024-07,Surrey Police,Surrey Police,-0.134399,51.258533,On or near Woodlands Close,E01030600,Reigate and Banstead 008B,Anti-social behaviour,,
db9f54ff3577f45bd4e90f3b40d86a7934b678120ffc43140de9d14f1c044c2a,2024-07,Surrey Police,Surrey Police,-0.136017,51.261409,On or near Sandstone Close,E01030600,Reigate and Banstead 008B,Public order,Court result unavailable,
6c648d9fcdafeb474becb152294f0169e3e59e745937de276d4525c1126f018f,2024-07,Surrey Police,Surrey Police,-0.136017,51.261409,On or near Sandstone Close,E01030600,Reigate and Banstead 008B,Violence and sexual offences,Court result unavailable,
,2024-07,Surrey Police,Surrey Police,-0.137783,51.259207,On or near Bletchingley Road,E01030601,Reigate and Banstead 008C,Anti-social behaviour,,
,2024-07,Surrey Police,Surrey Police,-0.137482,51.261334,On or near Delabole Road,E01030601,Reigate and Banstead 008C,Anti-social behaviour,,
,2024-07,Surrey Police,Surrey Police,-0.137783,51.259207,On or near Bletchingley Road,E01030601,Reigate and Banstead 008C,Anti-social behaviour,,
4fa1b7c0344fc2e365417570748bbb85f667d6c50c459cdd80e05d1081245e5b,2024-07,Surrey Police,Surrey Police,-0.138141,51.263466,On or near Laxton Gardens,E01030601,Reigate and Banstead 008C,Criminal damage and arson,Unable to prosecute suspect,
0ec3d5eb5c6b0ef552b98960d04e2d5b888de1e76c266816873c0c12023c3a74,2024-07,Surrey Police,Surrey Police,-0.139408,51.262623,On or near Radstock Way,E01030601,Reigate and Banstead 008C,Public order,Unable to prosecute suspect,
428691579b2950614d7530cc16f253815bc3cd3221a401c0b09492146a3376b7,2024-07,Surrey Police,Surrey Police,-0.139408,51.262623,On or near Radstock Way,E01030601,Reigate and Banstead 008C,Violence and sexual offences,Unable to prosecute suspect,
8e5ae30f64656e4beb4d7da69c6fc49400e9b462eb1a146963ba47c159d00f85,2024-07,Surrey Police,Surrey Police,-0.139408,51.262623,On or near Radstock Way,E01030601,Reigate and Banstead 008C,Violence and sexual offences,Unable to prosecute suspect,
7bb0fa3dfcc430f3988c18a186f7ffd3da1c3940399e5d8d5ab18fcd2883ff21,2024-07,Surrey Police,Surrey Police,-0.139408,51.262623,On or near Radstock Way,E01030601,Reigate and Banstead 008C,Violence and sexual offences,Status update unavailable,
c47adde58bcc6ef983f70f5c11e65b7830d37a34f72c81063e3c330fbae96dce,2024-07,Surrey Police,Surrey Police,-0.139408,51.262623,On or near Radstock Way,E01030601,Reigate and Banstead 008C,Violence and sexual offences,Unable to prosecute suspect,
67a4a0115bd22378f7d33f15b6e5f85b7df56c2e06cc2cb5476dfdc19df4fd7d,2024-07,Surrey Police,Surrey Police,-0.138141,51.263466,On or near Laxton Gardens,E01030601,Reigate and Banstead 008C,Violence and sexual offences,Unable to prosecute suspect,
c7a4fc326e0b031dd808692be77d934e97291edb4c7285a8b0fc2fbbf28096d9,2024-07,Surrey Police,Surrey Police,-0.150330,51.258345,On or near Albert Road,E01030602,Reigate and Banstead 008D,Criminal damage and arson,Investigation complete; no suspect identified,
f63999a63001d8e6687269a419099c1bcfadd5488703dbc74bb38b9271870e3f,2024-07,Surrey Police,Surrey Police,-0.149671,51.255843,On or near Nutfield Road,E01030602,Reigate and Banstead 008D,Public order,Status update unavailable,
aab9270f5f32d5d0d12f9d81656cbba9267a7f272509a6141941487ce1f773b9,2024-07,Surrey Police,Surrey Police,-0.154708,51.255671,On or near Battlebridge Lane,E01030602,Reigate and Banstead 008D,Violence and sexual offences,Investigation complete; no suspect identified,
b2e73e71a2a2d5f2b701c06ea39d3b2582c75880e7d0268fd773a732254f3279,2024-07,Surrey Police,Surrey Police,-0.154708,51.255671,On or near Battlebridge Lane,E01030602,Reigate and Banstead 008D,Violence and sexual offences,Unable to prosecute suspect,
a36fded75f9940f592f47e6a13a2b5a4063bdaeaa03f5248cf71e914d3021eae,2024-07,Surrey Police,Surrey Police,-0.151899,51.254602,On or near Orpin Road,E01030602,Reigate and Banstead 008D,Violence and sexual offences,Unable to prosecute suspect,
,2024-07,Surrey Police,Surrey Police,-0.152910,51.268700,On or near Gatton Bottom,E01030598,Reigate and Banstead 009A,Anti-social behaviour,,
,2024-07,Surrey Police,Surrey Police,-0.152910,51.268700,On or near Gatton Bottom,E01030598,Reigate and Banstead 009A,Anti-social behaviour,,
,2024-07,Surrey Police,Surrey Police,-0.150515,51.263734,On or near Parking Area,E01030598,Reigate and Banstead 009A,Anti-social behaviour,,
44563916bd813cfaab1f3ab390bc329f452dff0404924734a49ba355cd5156e5,2024-07,Surrey Police,Surrey Police,-0.151166,51.258934,On or near Manor Road,E01030598,Reigate and Banstead 009A,Shoplifting,Status update unavailable,
53b719ec9e4b23db22120d5429ccf4508345036f4d950c02cb897f3249d92a04,2024-07,Surrey Police,Surrey Police,-0.151166,51.258934,On or near Manor Road,E01030598,Reigate and Banstead 009A,Shoplifting,Court result unavailable,
3e09d092db605f60aeaabead61f5a8327933b6ae49df1e18eea906f607ce83ba,2024-07,Surrey Police,Surrey Police,-0.151166,51.258934,On or near Manor Road,E01030598,Reigate and Banstead 009A,Shoplifting,Court result unavailable,
b37c55c619b37e75c44bae5009876cdac2918e692de02842d5ef7260419e8fac,2024-07,Surrey Police,Surrey Police,-0.150896,51.263525,On or near Hanover Close,E01030598,Reigate and Banstead 009A,Vehicle crime,Unable to prosecute suspect,
3e6cc455b5166691b9818b3c123959aae7d845be11c051b72f3216377d426842,2024-07,Surrey Police,Surrey Police,-0.152297,51.263969,On or near Station Road,E01030598,Reigate and Banstead 009A,Violence and sexual offences,Status update unavailable,
31da241bdf38299080d8faeaa111babaf4a6b98099ce0da384d1c5ac9b9727c8,2024-07,Surrey Police,Surrey Police,-0.156991,51.258414,On or near London Road South,E01030598,Reigate and Banstead 009A,Violence and sexual offences,Unable to prosecute suspect,
fa23ed7c0bc0ef1f6fc1d0501d5cad749c23990d91085df19bfe0896d6a3a465,2024-07,Surrey Police,Surrey Police,-0.153270,51.262213,On or near Grange Drive,E01030598,Reigate and Banstead 009A,Violence and sexual offences,Unable to prosecute suspect,
33ad107403cfe9e388366b369a252d8e5fed149c96dc5b0486ac361b7332f915,2024-07,Surrey Police,Surrey Police,-0.156391,51.274861,On or near London Road North,E01030598,Reigate and Banstead 009A,Violence and sexual offences,Unable to prosecute suspect,
990218fe02e3c653a882337ae9042ad77e95fdd11df4aa8fc3b4bd006dbd4a31,2024-07,Surrey Police,Surrey Police,-0.154919,51.261843,On or near Grange Close,E01030598,Reigate and Banstead 009A,Violence and sexual offences,Unable to prosecute suspect,
cf08d2552b319eccf48d544b0afb29a7a18794a0d086654b2eb56aa61a9cda0c,2024-07,Surrey Police,Surrey Police,-0.154919,51.261843,On or near Grange Close,E01030598,Reigate and Banstead 009A,Violence and sexual offences,Status update unavailable,
e7aa88f3eda66d3202f4b81fd5791dfbfe9df298fc62d45096a6e1b255900493,2024-07,Surrey Police,Surrey Police,-0.150515,51.263734,On or near Parking Area,E01030598,Reigate and Banstead 009A,Violence and sexual offences,Unable to prosecute suspect,
af78c6803cc478f71f2eeb1b03cfe40fd299f884ee9b581b5c52268623c9afe0,2024-07,Surrey Police,Surrey Police,-0.186673,51.264237,On or near Crossways Lane,E01030598,Reigate and Banstead 009A,Violence and sexual offences,Further action is not in the public interest,
cb593797b4f69b055753f8d2515f48aca893d285ce8a2d44daa8f49567e7e9a0,2024-07,Surrey Police,Surrey Police,-0.153270,51.262213,On or near Grange Drive,E01030598,Reigate and Banstead 009A,Violence and sexual offences,Unable to prosecute suspect,
b3a45880efca9499478abe80860f6214805573dc8351c793702050b65406bd5c,2024-07,Surrey Police,Surrey Police,-0.150171,51.265159,On or near Parking Area,E01030598,Reigate and Banstead 009A,Violence and sexual offences,Unable to prosecute suspect,
e62a28cc85531a4ab5e91bfeae1ed6aec82c10136e3b582ad219955dd35f6306,2024-07,Surrey Police,Surrey Police,-0.150171,51.265159,On or near Parking Area,E01030598,Reigate and Banstead 009A,Violence and sexual offences,Unable to prosecute suspect,
,2024-07,Surrey Police,Surrey Police,-0.214398,51.240491,On or near Evesham Road,E01030623,Reigate and Banstead 009B,Anti-social behaviour,,
8f6ee53cdc7f660c5747096f596669ea8408baeff7955afc318c28dd3e10744d,2024-07,Surrey Police,Surrey Police,-0.213507,51.239830,On or near Norbury Road,E01030623,Reigate and Banstead 009B,Burglary,Investigation complete; no suspect identified,
d393b11127c6f88b0a902dfd6f43692bf0081919b3b3676acc96b1855a0e7d54,2024-07,Surrey Police,Surrey Police,-0.223325,51.239332,On or near Flanchford Road,E01030623,Reigate and Banstead 009B,Possession of weapons,Unable to prosecute suspect,
3544afae324f6333632f35cd91e2f3dccec7ca9234d6c5669cd3034c0018690c,2024-07,Surrey Police,Surrey Police,-0.226554,51.241044,On or near Colley Manor Drive,E01030623,Reigate and Banstead 009B,Violence and sexual offences,Unable to prosecute suspect,
f6656a4cdc69f339528765aaff6d7f718b425102abf094d0225be510db4997dc,2024-07,Surrey Police,Surrey Police,-0.226228,51.237964,On or near Parking Area,E01030623,Reigate and Banstead 009B,Violence and sexual offences,Unable to prosecute suspect,
fecb87071b8975d88504da4504f1b859c5131ecaf69f59bf042a5637854eb733,2024-07,Surrey Police,Surrey Police,-0.222142,51.239548,On or near Heath Close,E01030623,Reigate and Banstead 009B,Violence and sexual offences,Unable to prosecute suspect,
8556a82174cb830ea2dbe4f41c0cdb9ac42f222bb8ac504b6e80a2277c0ade18,2024-07,Surrey Police,Surrey Police,-0.210637,51.242151,On or near East Road,E01030623,Reigate and Banstead 009B,Violence and sexual offences,Awaiting court outcome,
7d94b90190003031a35d40ae3c5ff70ccaed102c1f9e234572c9cbff0031cfd5,2024-07,Surrey Police,Surrey Police,-0.191321,51.242978,On or near Lorian Drive,E01030624,Reigate and Banstead 009C,Theft from the person,Further action is not in the public interest,
fdd12ea6b4d3d49b876c57d210e33065b95797e01cef808c532918173b2e36a6,2024-07,Surrey Police,Surrey Police,-0.192180,51.240797,On or near Doods Road,E01030624,Reigate and Banstead 009C,Violence and sexual offences,Investigation complete; no suspect identified,
6e801d45bfece3402cf190d646c5188162784dabfc42631f89a7a90a6d616b29,2024-07,Surrey Police,Surrey Police,-0.192180,51.240797,On or near Doods Road,E01030624,Reigate and Banstead 009C,Violence and sexual offences,Investigation complete; no suspect identified,
15a76f624e917f873b23554ac5b1e535a55b4ac4f55a82e582e79546a018066a,2024-07,Surrey Police,Surrey Police,-0.189003,51.245811,On or near Raglan Close,E01030624,Reigate and Banstead 009C,Violence and sexual offences,Status update unavailable,
,2024-07,Surrey Police,Surrey Police,-0.173815,51.265701,On or near Gatton Bottom,E01030625,Reigate and Banstead 009D,Anti-social behaviour,,
6af709ce83290bf733c88b9d3eadb2206ecfb8847fc0eea05b4501d1ade190f4,2024-07,Surrey Police,Surrey Police,-0.188994,51.250424,On or near Gatton Close,E01030625,Reigate and Banstead 009D,Drugs,Investigation complete; no suspect identified,
cb3813c72971d4608c1da93e3108fb576b79ff894eee45b1dd7a5a6c0c8adf2c,2024-07,Surrey Police,Surrey Police,-0.171055,51.263742,On or near Rocky Lane,E01030625,Reigate and Banstead 009D,Robbery,Unable to prosecute suspect,
84dedd82d25e7aa948db3ee9c4eb94ab6577cd02407521645fb2a7fbd6930c54,2024-07,Surrey Police,Surrey Police,-0.171055,51.263742,On or near Rocky Lane,E01030625,Reigate and Banstead 009D,Violence and sexual offences,Action to be taken by another organisation,
26df09958b9f749dac6ce508ede59a544beceb0aa008e4eabd139de6ca54f75a,2024-07,Surrey Police,Surrey Police,-0.197529,51.256042,On or near Fort Lane,E01030625,Reigate and Banstead 009D,Violence and sexual offences,Local resolution,
3004dd9712b6ab9fb314bd71e8bf2ffb44c20e9265c2c63082a51df486dcddfa,2024-07,Surrey Police,Surrey Police,-0.197529,51.256042,On or near Fort Lane,E01030625,Reigate and Banstead 009D,Violence and sexual offences,Unable to prosecute suspect,
9be3f71eb8906fafa0ac881540b594b413db6d5f8bfb4030445c56e31bf03657,2024-07,Surrey Police,Surrey Police,-0.171055,51.263742,On or near Rocky Lane,E01030625,Reigate and Banstead 009D,Violence and sexual offences,Unable to prosecute suspect,
23a0b8e4260832a53bf4a10f74ac40598aaf702f209fad3d4a2cf39a22f95b9b,2024-07,Surrey Police,Surrey Police,-0.203314,51.246247,On or near Oakfield Drive,E01030626,Reigate and Banstead 009E,Criminal damage and arson,Investigation complete; no suspect identified,
51f134528542e893016e2ea5284b63752c2d8c62777550082afcd3a2164123fa,2024-07,Surrey Police,Surrey Police,-0.205588,51.250770,On or near Redwood Mount,E01030626,Reigate and Banstead 009E,Drugs,Court result unavailable,
c262fc45e1e7e9a9650a2902a97645ec92b07815c5acea85ec51da55a296e1a6,2024-07,Surrey Police,Surrey Police,-0.202886,51.248039,On or near Reigate Hill,E01030626,Reigate and Banstead 009E,Vehicle crime,Investigation complete; no suspect identified,
64f5292a94242f665f2bfaf2349ca58c87dc4d7408bef2427f7a879179b90d9e,2024-07,Surrey Police,Surrey Police,-0.202580,51.250004,On or near Petrol Station,E01030626,Reigate and Banstead 009E,Violence and sexual offences,Unable to prosecute suspect,
,2024-07,Surrey Police,Surrey Police,-0.205378,51.242334,On or near Supermarket,E01030627,Reigate and Banstead 009F,Anti-social behaviour,,
,2024-07,Surrey Police,Surrey Police,-0.208101,51.243263,On or near Somers Road,E01030627,Reigate and Banstead 009F,Anti-social behaviour,,
,2024-07,Surrey Police,Surrey Police,-0.204245,51.244409,On or near Hartington Close,E01030627,Reigate and Banstead 009F,Anti-social behaviour,,
43f462f5751e6c84ec726d6c51a0de86f03e6333ff999384abd7f95fe7315a79,2024-07,Surrey Police,Surrey Police,-0.205378,51.242334,On or near Supermarket,E01030627,Reigate and Banstead 009F,Other theft,Unable to prosecute suspect,
5fa5b5502e786a157625b8d443a224e19b1c4638874cc05c6a8612eb006731a9,2024-07,Surrey Police,Surrey Police,-0.205378,51.242334,On or near Supermarket,E01030627,Reigate and Banstead 009F,Robbery,Investigation complete; no suspect identified,
d51bbad79d6883e844320557c0f927ebcb31b71fecced579e539e0505484979e,2024-07,Surrey Police,Surrey Police,-0.203742,51.242630,On or near Birkheads Road,E01030627,Reigate and Banstead 009F,Vehicle crime,Investigation complete; no suspect identified,
,2024-07,Surrey Police,Surrey Police,-0.172821,51.242691,On or near North Street,E01030615,Reigate and Banstead 010A,Anti-social behaviour,,
,2024-07,Surrey Police,Surrey Police,-0.172089,51.241276,On or near Dome Way,E01030615,Reigate and Banstead 010A,Anti-social behaviour,,
,2024-07,Surrey Police,Surrey Police,-0.172089,51.241276,On or near Dome Way,E01030615,Reigate and Banstead 010A,Anti-social behaviour,,
,2024-07,Surrey Police,Surrey Police,-0.172739,51.242222,On or near Rutland Close,E01030615,Reigate and Banstead 010A,Anti-social behaviour,,
,2024-07,Surrey Police,Surrey Police,-0.172739,51.242222,On or near Rutland Close,E01030615,Reigate and Banstead 010A,Anti-social behaviour,,
,2024-07,Surrey Police,Surrey Police,-0.172739,51.242222,On or near Rutland Close,E01030615,Reigate and Banstead 010A,Anti-social behaviour,,
,2024-07,Surrey Police,Surrey Police,-0.172089,51.241276,On or near Dome Way,E01030615,Reigate and Banstead 010A,Anti-social behaviour,,
,2024-07,Surrey Police,Surrey Police,-0.172089,51.241276,On or near Dome Way,E01030615,Reigate and Banstead 010A,Anti-social behaviour,,
,2024-07,Surrey Police,Surrey Police,-0.172739,51.242222,On or near Rutland Close,E01030615,Reigate and Banstead 010A,Anti-social behaviour,,
,2024-07,Surrey Police,Surrey Police,-0.172821,51.242691,On or near North Street,E01030615,Reigate and Banstead 010A,Anti-social behaviour,,
18be0e06d62d16b4e41f993faaca2e5652a5632e164ce3d6b236bf7deb576edb,2024-07,Surrey Police,Surrey Police,-0.168830,51.240020,On or near Shopping Area,E01030615,Reigate and Banstead 010A,Burglary,Status update unavailable,
008bcb2da99db4eb557e993986b9eba6ce6db1f423468f6586edb2711a8373e7,2024-07,Surrey Police,Surrey Police,-0.170707,51.238557,On or near Sincots Road,E01030615,Reigate and Banstead 010A,Burglary,Unable to prosecute suspect,
47f2637b3ab9a97d80eaf8d32f0fa35fd04f3a3a23c8102b9fc1053f02f90c36,2024-07,Surrey Police,Surrey Police,-0.168830,51.240020,On or near Shopping Area,E01030615,Reigate and Banstead 010A,Burglary,Investigation complete; no suspect identified,
76dfa6fa3dce459a20702151d9f778a8be83d6a9ae666aa1c0ba4658c25414c6,2024-07,Surrey Police,Surrey Police,-0.170707,51.238557,On or near Sincots Road,E01030615,Reigate and Banstead 010A,Criminal damage and arson,Investigation complete; no suspect identified,
45b12351826d82bfeb202f17a02b0c3b2d18584b1f2a29478d5d3c3bbf625289,2024-07,Surrey Police,Surrey Police,-0.168830,51.240020,On or near Shopping Area,E01030615,Reigate and Banstead 010A,Criminal damage and arson,Unable to prosecute suspect,
d404f32ab35f07d27460356bc35b1497c3be2a314018220c57d82bc33eb59b77,2024-07,Surrey Police,Surrey Police,-0.172739,51.242222,On or near Rutland Close,E01030615,Reigate and Banstead 010A,Criminal damage and arson,Investigation complete; no suspect identified,
4bec96b8fc41e2ecded4ac63f2411ff29e111f8d0c4beeccec4583a7173a124a,2024-07,Surrey Police,Surrey Police,-0.172739,51.242222,On or near Rutland Close,E01030615,Reigate and Banstead 010A,Drugs,Awaiting court outcome,
1787aaefa3b79ea4c9d75ff1cc6bf79611043c1e7692c1cb7594b793d3fa8bec,2024-07,Surrey Police,Surrey Police,-0.168830,51.240020,On or near Shopping Area,E01030615,Reigate and Banstead 010A,Other theft,Unable to prosecute suspect,
220845833fd72b5d8cf79b4915785b275d7f9152e6441dbe60f763966881ff46,2024-07,Surrey Police,Surrey Police,-0.170918,51.238291,On or near Lower Bridge Road,E01030615,Reigate and Banstead 010A,Possession of weapons,Unable to prosecute suspect,
f6b7655ae9d166608dd0f100fa3cf50937e0c8f47f3c62d6fb461afe8be68de6,2024-07,Surrey Police,Surrey Police,-0.172282,51.238932,On or near Holland Close,E01030615,Reigate and Banstead 010A,Public order,Unable to prosecute suspect,
bcfe74c7f40ea04d56961da490e6f80cb54c1ca9d900bd69e6e374c1e9b1a0c1,2024-07,Surrey Police,Surrey Police,-0.174942,51.239055,On or near Baxter Avenue,E01030615,Reigate and Banstead 010A,Public order,Unable to prosecute suspect,
93e22f2270a77f6da9de2d2b73614ad023c0ec145e8935a072b4c5173b96653e,2024-07,Surrey Police,Surrey Police,-0.173572,51.240724,On or near Furze Close,E01030615,Reigate and Banstead 010A,Public order,Court result unavailable,
d7a41ce1681a37cbab236006bd1a32b3190a0aaa984cda6ebe2abd8bb013b0ec,2024-07,Surrey Police,Surrey Police,-0.168830,51.240020,On or near Shopping Area,E01030615,Reigate and Banstead 010A,Shoplifting,Local resolution,
d47578735e3772ccfd79acb10726fc4797ba22a529738a6218d490f186a05d58,2024-07,Surrey Police,Surrey Police,-0.169798,51.240530,On or near Supermarket,E01030615,Reigate and Banstead 010A,Shoplifting,Unable to prosecute suspect,
96f49a466b74b1a4e06cd92ca0ee06d192c5ac48266b32bffcb9813ce03381b6,2024-07,Surrey Police,Surrey Police,-0.169890,51.238922,On or near Huntingdon Road,E01030615,Reigate and Banstead 010A,Shoplifting,Investigation complete; no suspect identified,
ed2b12b35ff1bace2b3c089b22dd1260ee31dbd54d1a633f7a27a53c24290755,2024-07,Surrey Police,Surrey Police,-0.170220,51.239629,On or near Parking Area,E01030615,Reigate and Banstead 010A,Shoplifting,Local resolution,
fe8fef781af395dcac2fb5b4c0d5aa63c306688ddbac23380ace4cbb3e2ae44e,2024-07,Surrey Police,Surrey Police,-0.172282,51.238932,On or near Holland Close,E01030615,Reigate and Banstead 010A,Violence and sexual offences,Unable to prosecute suspect,
ded5c2e9efc906daaf9b3de2a4cc3fc7be4be8d879abcec584bcd62a3e8b802d,2024-07,Surrey Police,Surrey Police,-0.172698,51.239226,On or near Sports/Recreation Area,E01030615,Reigate and Banstead 010A,Violence and sexual offences,Investigation complete; no suspect identified,
29049b54d112d944162328245ec36a6788590d34405c7b8e652226079b8d6e28,2024-07,Surrey Police,Surrey Police,-0.168830,51.240020,On or near Shopping Area,E01030615,Reigate and Banstead 010A,Violence and sexual offences,Investigation complete; no suspect identified,
7353caad447c142f6ede5b0a5a5f652514fed8490f9d07c207aeb07bc161467f,2024-07,Surrey Police,Surrey Police,-0.172282,51.238932,On or near Holland Close,E01030615,Reigate and Banstead 010A,Violence and sexual offences,Status update unavailable,
c560cb63f3149272c94273f55fe27b41c12540b73225a1359123e0d18bce6371,2024-07,Surrey Police,Surrey Police,-0.172739,51.242222,On or near Rutland Close,E01030615,Reigate and Banstead 010A,Violence and sexual offences,Unable to prosecute suspect,
cf153b17539a832b54d3fa38d2748f2137dfadbb45d93327ba2ff034dccfa243,2024-07,Surrey Police,Surrey Police,-0.172698,51.239226,On or near Sports/Recreation Area,E01030615,Reigate and Banstead 010A,Violence and sexual offences,Unable to prosecute suspect,
ca942c4cff61251feaa11b554bfdbe46fac63dcc820c017f1f517aa475cf497c,2024-07,Surrey Police,Surrey Police,-0.170123,51.238107,On or near Chapel Road,E01030615,Reigate and Banstead 010A,Violence and sexual offences,Status update unavailable,
7e4f14b3adb6eb233330beda44ab13aef91f10a57a184f03a14b3cea4155bb26,2024-07,Surrey Police,Surrey Police,-0.173572,51.240724,On or near Furze Close,E01030615,Reigate and Banstead 010A,Violence and sexual offences,Investigation complete; no suspect identified,
beb1ec8559bb0d06078296001ad134be2ce3a76f95b8c06ea5c92f8b82266b5a,2024-07,Surrey Police,Surrey Police,-0.174942,51.239055,On or near Baxter Avenue,E01030615,Reigate and Banstead 010A,Violence and sexual offences,Unable to prosecute suspect,
8157514536d53aefb530f56ce981f7213cd827dbd9d2c1243a467db1cacd2717,2024-07,Surrey Police,Surrey Police,-0.170707,51.238557,On or near Sincots Road,E01030615,Reigate and Banstead 010A,Violence and sexual offences,Unable to prosecute suspect,
ec97241843f319738f00c36c2d2fa26c3300b817839e57fdab61d27d2bdb28cb,2024-07,Surrey Police,Surrey Police,-0.174918,51.239675,On or near Fairfax Avenue,E01030615,Reigate and Banstead 010A,Violence and sexual offences,Unable to prosecute suspect,
73c8650707c5d66544d2c4915d090a3ab27959651738b71e28a51a52674c22ec,2024-07,Surrey Police,Surrey Police,-0.170123,51.238107,On or near Chapel Road,E01030615,Reigate and Banstead 010A,Violence and sexual offences,Unable to prosecute suspect,
25b4857a66d207d0dcc7504d82ae0296f40bcc742aced8a52baf1e1e26e2e70f,2024-07,Surrey Police,Surrey Police,-0.172089,51.241276,On or near Dome Way,E01030615,Reigate and Banstead 010A,Violence and sexual offences,Unable to prosecute suspect,
3ff73ee767eee1125627b5a8acabbf225b961cc67c665923486c85d58c43329d,2024-07,Surrey Police,Surrey Police,-0.170918,51.238291,On or near Lower Bridge Road,E01030615,Reigate and Banstead 010A,Violence and sexual offences,Unable to prosecute suspect,
f2e078f4c8c1b354a28a12a3d70b0f5f20384de80076724f3df187d2264e1edf,2024-07,Surrey Police,Surrey Police,-0.168799,51.238617,On or near High Street,E01030615,Reigate and Banstead 010A,Violence and sexual offences,Unable to prosecute suspect,
9a8fe39f31a255ab0443621e1e4f3894297361a0b0244ac5cfb87610dbb6ad64,2024-07,Surrey Police,Surrey Police,-0.172698,51.239226,On or near Sports/Recreation Area,E01030615,Reigate and Banstead 010A,Violence and sexual offences,Investigation complete; no suspect identified,
ac361d63bdb4bb50d344a8f28ca0598619e8885061c55344d2d788241335c884,2024-07,Surrey Police,Surrey Police,-0.172282,51.238932,On or near Holland Close,E01030615,Reigate and Banstead 010A,Violence and sexual offences,Formal action is not in the public interest,
0803e30080318b14fb7f2f9dda12153a152e82542c8a1369958ad352025f3423,2024-07,Surrey Police,Surrey Police,-0.168830,51.240020,On or near Shopping Area,E01030615,Reigate and Banstead 010A,Violence and sexual offences,Investigation complete; no suspect identified,
b2efd9f35ad4ef12f671ce522bc523e12b74bb15edc6f034ab2507dc42ba7aee,2024-07,Surrey Police,Surrey Police,-0.172698,51.239226,On or near Sports/Recreation Area,E01030615,Reigate and Banstead 010A,Violence and sexual offences,Unable to prosecute suspect,
1389a732132a9e8a91f1ed147b3ae53b408b21d0797816cc8dea96567bc5a15d,2024-07,Surrey Police,Surrey Police,-0.172698,51.239226,On or near Sports/Recreation Area,E01030615,Reigate and Banstead 010A,Violence and sexual offences,Unable to prosecute suspect,
053aebf7bd082983381d4f90bfb639d29450cd7db0cd625b18263e855bed5361,2024-07,Surrey Police,Surrey Police,-0.172698,51.239226,On or near Sports/Recreation Area,E01030615,Reigate and Banstead 010A,Violence and sexual offences,Unable to prosecute suspect,
66094e437637a7716f3dcd0159e240c937dc514aaa7ea3eb5303dd47bc2fafec,2024-07,Surrey Police,Surrey Police,-0.174149,51.242091,On or near Flint Close,E01030615,Reigate and Banstead 010A,Violence and sexual offences,Further investigation is not in the public interest,
,2024-07,Surrey Police,Surrey Police,-0.175023,51.241358,On or near Furzehill,E01030616,Reigate and Banstead 010B,Anti-social behaviour,,
b06891ae402f6e451d050cda6ec5b230b22afeaa869db342f97df27ae4900344,2024-07,Surrey Police,Surrey Police,-0.175023,51.241358,On or near Furzehill,E01030616,Reigate and Banstead 010B,Burglary,Investigation complete; no suspect identified,
01f28ee5ce1d93cd131847d936ffd8fa051b00dd539d54efb659b01398031e32,2024-07,Surrey Police,Surrey Police,-0.176217,51.241242,On or near Chestnut Mead,E01030616,Reigate and Banstead 010B,Violence and sexual offences,Unable to prosecute suspect,
966144d05b0e9411ea4425bc96b85332525c40ebdd89a018c35432b44e1571d7,2024-07,Surrey Police,Surrey Police,-0.176217,51.241242,On or near Chestnut Mead,E01030616,Reigate and Banstead 010B,Violence and sexual offences,Unable to prosecute suspect,
f8e97d737edbf15ad25496e8a4d47c3352d18482aa3f605190e79239ff246c96,2024-07,Surrey Police,Surrey Police,-0.177637,51.239744,On or near Linkfield Corner,E01030616,Reigate and Banstead 010B,Violence and sexual offences,Investigation complete; no suspect identified,
,2024-07,Surrey Police,Surrey Police,-0.170746,51.241921,On or near Warwick Road,E01030617,Reigate and Banstead 010C,Anti-social behaviour,,
,2024-07,Surrey Police,Surrey Police,-0.174046,51.242863,On or near Spruce Close,E01030617,Reigate and Banstead 010C,Anti-social behaviour,,
918b917e8a3528d3d1aeebdb913680dfe016b27cb9da618eb6a2add53c8543cf,2024-07,Surrey Police,Surrey Police,-0.169331,51.241116,On or near Queensway,E01030617,Reigate and Banstead 010C,Criminal damage and arson,Unable to prosecute suspect,
c0d2084a1847af1342e99221f2d051b0f4756cf99bcd80f0691c48f7775b2c92,2024-07,Surrey Police,Surrey Police,-0.167332,51.245258,On or near Nash Drive,E01030617,Reigate and Banstead 010C,Drugs,Offender given a caution,
9abcb140b980e1895823c9bf93559c4c0c56ec937c8007eaa084c9d28ab82c90,2024-07,Surrey Police,Surrey Police,-0.169073,51.241841,On or near Parking Area,E01030617,Reigate and Banstead 010C,Drugs,Local resolution,
7dd932be98a58692fb6fd67b43e30e886d7548b78231df81327f4dda70e95f3d,2024-07,Surrey Police,Surrey Police,-0.169073,51.241841,On or near Parking Area,E01030617,Reigate and Banstead 010C,Other theft,Unable to prosecute suspect,
190b4f1e47547deb71cc848ec397f5788f02c2e53600fda36c0fa0e84d4124d6,2024-07,Surrey Police,Surrey Police,-0.167332,51.245258,On or near Nash Drive,E01030617,Reigate and Banstead 010C,Other theft,Investigation complete; no suspect identified,
879bc82871b4e36d5e82d6e0505bb142fdb34df32b616d6da4c5b9f19eecb686,2024-07,Surrey Police,Surrey Police,-0.167332,51.245258,On or near Nash Drive,E01030617,Reigate and Banstead 010C,Public order,Unable to prosecute suspect,
8320c4416b52f5178b70f213d39a3caa892fa710de5ae0acf842dc0f880cc509,2024-07,Surrey Police,Surrey Police,-0.168908,51.242018,On or near Clarendon Road,E01030617,Reigate and Banstead 010C,Public order,Unable to prosecute suspect,
68417d1c816ec60d4f4164f0476e88849896886b789ad162edf6cadd743f8d89,2024-07,Surrey Police,Surrey Police,-0.170746,51.241921,On or near Warwick Road,E01030617,Reigate and Banstead 010C,Public order,Investigation complete; no suspect identified,
cdb6ef3dc7fd0c239d9c81e645a94ae9c1459732a3666d50f7a1f517546b8723,2024-07,Surrey Police,Surrey Police,-0.168908,51.242018,On or near Clarendon Road,E01030617,Reigate and Banstead 010C,Shoplifting,Unable to prosecute suspect,
20582e9d83f588665b342579e0789be7832eb84fdfe75f258b6fdf3eb6fee6ee,2024-07,Surrey Police,Surrey Police,-0.173406,51.247088,On or near Eldersley Close,E01030617,Reigate and Banstead 010C,Vehicle crime,Investigation complete; no suspect identified,
32c5971c9a63e760c7f27eaf75e1719d0de038129c22241ab207cb514add4569,2024-07,Surrey Police,Surrey Police,-0.168908,51.242018,On or near Clarendon Road,E01030617,Reigate and Banstead 010C,Violence and sexual offences,Unable to prosecute suspect,
05489ba274fb77d74efa05df0192bacd801f649c205305b40346addfff5dea57,2024-07,Surrey Police,Surrey Police,-0.167332,51.245258,On or near Nash Drive,E01030617,Reigate and Banstead 010C,Violence and sexual offences,Unable to prosecute suspect,
f29e4a13a9e72df8060eee41dfd9d6103cd0378b8529f0b0c78a3ff09f8037c0,2024-07,Surrey Police,Surrey Police,-0.168757,51.244723,On or near Nash Gardens,E01030617,Reigate and Banstead 010C,Violence and sexual offences,Status update unavailable,
9922e9c1fbf678a2c79d5d8b97e5608dba092aace3568316cf0e328c04c6d9cb,2024-07,Surrey Police,Surrey Police,-0.167332,51.245258,On or near Nash Drive,E01030617,Reigate and Banstead 010C,Violence and sexual offences,Unable to prosecute suspect,
5171156ff5c896010a5716ca36561eca5143f23f035c4fbfd2c11122cc70d60f,2024-07,Surrey Police,Surrey Police,-0.168908,51.242018,On or near Clarendon Road,E01030617,Reigate and Banstead 010C,Violence and sexual offences,Unable to prosecute suspect,
b227f70dc87758bff9ac676178c24fecc286de9ec1df6c94b47bfe5a0467f2a2,2024-07,Surrey Police,Surrey Police,-0.169073,51.241841,On or near Parking Area,E01030617,Reigate and Banstead 010C,Violence and sexual offences,Unable to prosecute suspect,
538a7fc96d6279fb633c001573d202f07fa67faaed590f7dc5762434d0d534f7,2024-07,Surrey Police,Surrey Police,-0.170746,51.241921,On or near Warwick Road,E01030617,Reigate and Banstead 010C,Violence and sexual offences,Unable to prosecute suspect,
3fd06ec86ab71d080b51888821644fb2c1b9818fe10814f73c027dbd9992aeef,2024-07,Surrey Police,Surrey Police,-0.170746,51.241921,On or near Warwick Road,E01030617,Reigate and Banstead 010C,Other crime,Investigation complete; no suspect identified,
,2024-07,Surrey Police,Surrey Police,-0.167478,51.252400,On or near Ringwood Avenue,E01030618,Reigate and Banstead 010D,Anti-social behaviour,,
d8d7e34f1945d7f0f3feecf74c819daae03a0cc19dd26215ad15e0e935bf07bd,2024-07,Surrey Police,Surrey Police,-0.166825,51.249000,On or near Mead Close,E01030618,Reigate and Banstead 010D,Criminal damage and arson,Unable to prosecute suspect,
a73703f92ff86780a29447583dc5f0f53d5197b2458807ca0c79e45cdd9348f7,2024-07,Surrey Police,Surrey Police,-0.166825,51.249000,On or near Mead Close,E01030618,Reigate and Banstead 010D,Public order,Awaiting court outcome,
7cdf994b54d30735fafa6df8f1c16dc88b20bdfbe11e61c55c96dad49f130066,2024-07,Surrey Police,Surrey Police,-0.169366,51.250149,On or near Sports/Recreation Area,E01030618,Reigate and Banstead 010D,Public order,Unable to prosecute suspect,
0024ab8aca829bfd37444237eeaec60b81bef92a7fb27cce47876b81537ff703,2024-07,Surrey Police,Surrey Police,-0.168115,51.248274,On or near Lowermead,E01030618,Reigate and Banstead 010D,Violence and sexual offences,Unable to prosecute suspect,
,2024-07,Surrey Police,Surrey Police,-0.178117,51.246442,On or near Green Way,E01030619,Reigate and Banstead 010E,Anti-social behaviour,,
,2024-07,Surrey Police,Surrey Police,-0.176227,51.247501,On or near Dennis Close,E01030619,Reigate and Banstead 010E,Anti-social behaviour,,
,2024-07,Surrey Police,Surrey Police,-0.175545,51.248444,On or near Colman Way,E01030619,Reigate and Banstead 010E,Anti-social behaviour,,
,2024-07,Surrey Police,Surrey Police,-0.178117,51.246442,On or near Green Way,E01030619,Reigate and Banstead 010E,Anti-social behaviour,,
2a1f57bb4e0dc992611e33cbf8741f06b7b93333f6fd3cf3e6e8d3896eb84e0d,2024-07,Surrey Police,Surrey Police,-0.178288,51.245753,On or near Colebrooke Road,E01030619,Reigate and Banstead 010E,Other theft,Investigation complete; no suspect identified,
54e7c38490d5662cbc680457c900e81f4576c826e9bed2b4211901e1d72149a1,2024-07,Surrey Police,Surrey Police,-0.176821,51.246980,On or near Timperley Gardens,E01030619,Reigate and Banstead 010E,Vehicle crime,Investigation complete; no suspect identified,
229c57f63862127687d285a5cb2b4d7915ed3810a4be57715259a056cce08d55,2024-07,Surrey Police,Surrey Police,-0.175545,51.248444,On or near Colman Way,E01030619,Reigate and Banstead 010E,Violence and sexual offences,Investigation complete; no suspect identified,
b11c9fe3eb8e3de5aed73dfae2c6e652ba1ca90c5fcebf8b9dccfcf28c938813,2024-07,Surrey Police,Surrey Police,-0.175729,51.247421,On or near Fulbourne Close,E01030619,Reigate and Banstead 010E,Violence and sexual offences,Unable to prosecute suspect,
18636cdbb56e7e279c4d61773f0074459fe20d9f663a6f1a4131a864a038543a,2024-07,Surrey Police,Surrey Police,-0.178288,51.245753,On or near Colebrooke Road,E01030619,Reigate and Banstead 010E,Violence and sexual offences,Unable to prosecute suspect,
4974794a84940f06740ba632a22b33a1f3daacc7728962f59fc9f54ffe187029,2024-07,Surrey Police,Surrey Police,-0.174890,51.249773,On or near Carlton Road,E01030619,Reigate and Banstead 010E,Violence and sexual offences,Further action is not in the public interest,
ca0228e1a56e27bb7060558625e8521c34aa7f89a94698a18799eb8f877290e0,2024-07,Surrey Police,Surrey Police,-0.175545,51.248444,On or near Colman Way,E01030619,Reigate and Banstead 010E,Violence and sexual offences,Unable to prosecute suspect,
b375d3fe47a8b598c6aa9a1aa8993ed91492081017bd3174bc9d8219e86186bb,2024-07,Surrey Police,Surrey Police,-0.176821,51.246980,On or near Timperley Gardens,E01030619,Reigate and Banstead 010E,Violence and sexual offences,Unable to prosecute suspect,
3ae4ada74d5b8c54e336dc03dd28ce59283a3e61fa69797f619242a389fd63a5,2024-07,Surrey Police,Surrey Police,-0.178288,51.245753,On or near Colebrooke Road,E01030619,Reigate and Banstead 010E,Violence and sexual offences,Unable to prosecute suspect,
9e0b3ad9d1d34c3638e9f35da6c7ab8973b3997526ef036571cd3d634672d419,2024-07,Surrey Police,Surrey Police,-0.175545,51.248444,On or near Colman Way,E01030619,Reigate and Banstead 010E,Violence and sexual offences,Unable to prosecute suspect,
f2eac6ea0c92ed0c245243f19eed2e8f6b16170b34ddd455a145c29431bbf328,2024-07,Surrey Police,Surrey Police,-0.173343,51.251944,On or near Northmead,E01030619,Reigate and Banstead 010E,Violence and sexual offences,Unable to prosecute suspect,
801d1429a3170c23d99e8eb25f7c69ab3cae2d894f56e5dc49c707ad0cbe5e7a,2024-07,Surrey Police,Surrey Police,-0.176821,51.246980,On or near Timperley Gardens,E01030619,Reigate and Banstead 010E,Violence and sexual offences,Unable to prosecute suspect,
af820ca6f49277b70b650a568155c822a3220d422a989c6bcca0f78e3d3d6d5f,2024-07,Surrey Police,Surrey Police,-0.175545,51.248444,On or near Colman Way,E01030619,Reigate and Banstead 010E,Violence and sexual offences,Unable to prosecute suspect,
58dde9bd3f256cf8b25fb49ca87b3113a64ff550696cec3de68c821db5e7041a,2024-07,Surrey Police,Surrey Police,-0.178117,51.246442,On or near Green Way,E01030619,Reigate and Banstead 010E,Violence and sexual offences,Unable to prosecute suspect,
5463d734f392b6f7c6956d3ca973562dc1857e0f89c4aff837668b3e0c720b55,2024-07,Surrey Police,Surrey Police,-0.176821,51.246980,On or near Timperley Gardens,E01030619,Reigate and Banstead 010E,Violence and sexual offences,Unable to prosecute suspect,
f1979849fab113801fde2a95af26fb82b4d4ed9a301cdbaf8752e4caae0cf38a,2024-07,Surrey Police,Surrey Police,-0.174890,51.249773,On or near Carlton Road,E01030619,Reigate and Banstead 010E,Violence and sexual offences,Unable to prosecute suspect,
846e1cd37cbc4f63dd1e7c791ef64f59889b5a53709d6c6352b606aea084b38c,2024-07,Surrey Police,Surrey Police,-0.175545,51.248444,On or near Colman Way,E01030619,Reigate and Banstead 010E,Other crime,Further investigation is not in the public interest,
19e72ec90d6aca9e1158e823a033c8ee1d710068c327d22ae5446a41517a6318,2024-07,Surrey Police,Surrey Police,-0.173343,51.251944,On or near Northmead,E01030619,Reigate and Banstead 010E,Other crime,Unable to prosecute suspect,
58e64a84b423853a85ea4d412e7828f949471ad488cbcc7122b6d7131ca8cff4,2024-07,Surrey Police,Surrey Police,-0.178821,51.239151,On or near Hatchlands Road,E01030622,Reigate and Banstead 010F,Criminal damage and arson,Unable to prosecute suspect,
02f97b3eb272648c0fd9ad4244d2fac9c750b1e0274c6dcabe66cc029c25662f,2024-07,Surrey Police,Surrey Police,-0.174313,51.237948,On or near Oakdene Road,E01030622,Reigate and Banstead 010F,Other theft,Investigation complete; no suspect identified,
5c6b0fc071c52030a7cb37c944e14aed0526a020caf1ff73f89fd61d98382e67,2024-07,Surrey Police,Surrey Police,-0.178821,51.239151,On or near Hatchlands Road,E01030622,Reigate and Banstead 010F,Public order,Unable to prosecute suspect,
1d84421280aeb8d43883be8bae40a3f38d366afe180550fb2a5d5d8f07b2fabf,2024-07,Surrey Police,Surrey Police,-0.179972,51.237568,On or near Shrewsbury Road,E01030622,Reigate and Banstead 010F,Vehicle crime,Investigation complete; no suspect identified,
6e78ae602e109b533e50a680bb1f14a894d1aaec0f5570e6e83dcc6158519b1a,2024-07,Surrey Police,Surrey Police,-0.179407,51.238459,On or near Ranelagh Road,E01030622,Reigate and Banstead 010F,Violence and sexual offences,Investigation complete; no suspect identified,
a1d8037ab5311dee8595cc02124e4e93266a2ef0b17ac1286b5077987a304159,2024-07,Surrey Police,Surrey Police,-0.178821,51.239151,On or near Hatchlands Road,E01030622,Reigate and Banstead 010F,Violence and sexual offences,Unable to prosecute suspect,
,2024-07,Surrey Police,Surrey Police,-0.159926,51.249521,On or near Frenches Road,E01030610,Reigate and Banstead 011A,Anti-social behaviour,,
,2024-07,Surrey Police,Surrey Police,-0.163694,51.251694,On or near Claremont Road,E01030610,Reigate and Banstead 011A,Anti-social behaviour,,
,2024-07,Surrey Police,Surrey Police,-0.159041,51.255041,On or near Sports/Recreation Area,E01030610,Reigate and Banstead 011A,Anti-social behaviour,,
,2024-07,Surrey Police,Surrey Police,-0.159926,51.249521,On or near Frenches Road,E01030610,Reigate and Banstead 011A,Anti-social behaviour,,
a40bfc97b51a4545cc5007a0c057c30c8bf126881cb9975a82e118a8a877663e,2024-07,Surrey Police,Surrey Police,-0.160019,51.254028,On or near Fairhaven Road,E01030610,Reigate and Banstead 011A,Criminal damage and arson,Unable to prosecute suspect,
b66926a0b6ae85759b8147382669cfe76bc4045092f56955b7d15ef7eb0d6f8c,2024-07,Surrey Police,Surrey Police,-0.156274,51.253430,On or near Ormside Way,E01030610,Reigate and Banstead 011A,Violence and sexual offences,Unable to prosecute suspect,
0ceecf6dead59e1ec84dcb84038aa1df90d723fd8c48a7dc516739dca5555035,2024-07,Surrey Police,Surrey Police,-0.157164,51.256249,On or near New Battlebridge Lane,E01030610,Reigate and Banstead 011A,Violence and sexual offences,Investigation complete; no suspect identified,
4f82638e185265b9c3753aea2ae800e1addffa182ab2e1de2afdfe1ea1f380e4,2024-07,Surrey Police,Surrey Police,-0.160019,51.254028,On or near Fairhaven Road,E01030610,Reigate and Banstead 011A,Violence and sexual offences,Unable to prosecute suspect,
663757cc4cce23ade0b48e9a4c68f2ee2eb5505f31cb4ce5cce6b9d8872d2420,2024-07,Surrey Police,Surrey Police,-0.159543,51.250145,On or near Frenches Road,E01030610,Reigate and Banstead 011A,Violence and sexual offences,Court result unavailable,
,2024-07,Surrey Police,Surrey Police,-0.174131,51.236758,On or near Upper Bridge Road,E01030613,Reigate and Banstead 011D,Anti-social behaviour,,
,2024-07,Surrey Police,Surrey Police,-0.167582,51.238967,On or near Marketfield Way,E01030613,Reigate and Banstead 011D,Anti-social behaviour,,
6fae09a4a0249ab091fed826c43783e094202871b7f25b53f421b352aa195c30,2024-07,Surrey Police,Surrey Police,-0.171878,51.233234,On or near Brighton Road,E01030613,Reigate and Banstead 011D,Criminal damage and arson,Investigation complete; no suspect identified,
c35dd9b36e91b8234cdb10db0a11239dddc298c24f5c720167c8d95ca696354c,2024-07,Surrey Police,Surrey Police,-0.168759,51.236377,On or near Reading Arch Road,E01030613,Reigate and Banstead 011D,Criminal damage and arson,Investigation complete; no suspect identified,
0907bc95115524c70044a5071d59f3d5bf0183d8447657ddfc5636aad56f8c19,2024-07,Surrey Police,Surrey Police,-0.170584,51.234796,On or near Petrol Station,E01030613,Reigate and Banstead 011D,Other theft,Investigation complete; no suspect identified,
22e3e5aa270ab33b3440cadd64098d52ca2293bba2894a48d0b7ce9d568b998c,2024-07,Surrey Police,Surrey Police,-0.167645,51.234139,On or near Rydons Way,E01030613,Reigate and Banstead 011D,Other theft,Unable to prosecute suspect,
a41358d44ec6f481da1141d519a71c23a279ddcb9260dbfa63412c1ac70fb026,2024-07,Surrey Police,Surrey Police,-0.167782,51.239339,On or near Parking Area,E01030613,Reigate and Banstead 011D,Shoplifting,Unable to prosecute suspect,
42439717ed5693dea1c028428692697b139e8746f40bcb10db2e49dbaf5e96d7,2024-07,Surrey Police,Surrey Police,-0.168759,51.236377,On or near Reading Arch Road,E01030613,Reigate and Banstead 011D,Shoplifting,Investigation complete; no suspect identified,
74afbc82329ea932dfd1504bd878717f96e18d9358bf9b54c64d69c09c8c9d19,2024-07,Surrey Police,Surrey Police,-0.167782,51.239339,On or near Parking Area,E01030613,Reigate and Banstead 011D,Shoplifting,Unable to prosecute suspect,
4aef1a80f6210a6c53640c2871041a9f585cb5dbfa13d9d89d3586eba58ff868,2024-07,Surrey Police,Surrey Police,-0.172374,51.235166,On or near Garlands Road,E01030613,Reigate and Banstead 011D,Vehicle crime,Investigation complete; no suspect identified,
633c5366be17553994d5fbd3919049a540a3d5c90c4cb90681f2bbe4359ff1fc,2024-07,Surrey Police,Surrey Police,-0.169831,51.233921,On or near Gurney'S Close,E01030613,Reigate and Banstead 011D,Violence and sexual offences,Unable to prosecute suspect,
e963ae840c51cb2863c58603f940e49c6c788048cece7585bdcecd10b6e2423d,2024-07,Surrey Police,Surrey Police,-0.167782,51.239339,On or near Parking Area,E01030613,Reigate and Banstead 011D,Violence and sexual offences,Court result unavailable,
e3039709fce18610105bb06d838c6738f6602f5de0f7d803ad4b7e3a15a40685,2024-07,Surrey Police,Surrey Police,-0.167782,51.239339,On or near Parking Area,E01030613,Reigate and Banstead 011D,Violence and sexual offences,Investigation complete; no suspect identified,
ee67a169d5712c3685314f9226a9805b7556cc1efc285f261ac2854fea61fdc5,2024-07,Surrey Police,Surrey Police,-0.167782,51.239339,On or near Parking Area,E01030613,Reigate and Banstead 011D,Violence and sexual offences,Court result unavailable,
81015d44f03108db405cc136d9abd7551bc9a8a61698c59bb89d422f8ad64ced,2024-07,Surrey Police,Surrey Police,-0.167782,51.239339,On or near Parking Area,E01030613,Reigate and Banstead 011D,Other crime,Status update unavailable,
,2024-07,Surrey Police,Surrey Police,-0.160711,51.237384,On or near Redstone Park,E01030614,Reigate and Banstead 011E,Anti-social behaviour,,
,2024-07,Surrey Police,Surrey Police,-0.166724,51.233513,On or near Kingsfield Way,E01030614,Reigate and Banstead 011E,Anti-social behaviour,,
3500e1710e6cae858ead293a99e0b6c5e26b89b8eb55b9abf664e06260a001b7,2024-07,Surrey Police,Surrey Police,-0.162760,51.234512,On or near Palmer Close,E01030614,Reigate and Banstead 011E,Violence and sexual offences,Local resolution,
76b5ffcaa9c64390952c4925868a0619c53af1e33983561ac64f15140d15bff0,2024-07,Surrey Police,Surrey Police,-0.164636,51.235593,On or near Redstone Manor,E01030614,Reigate and Banstead 011E,Other crime,Unable to prosecute suspect,
,2024-07,Surrey Police,Surrey Police,-0.152570,51.250727,On or near The Moors,E01035355,Reigate and Banstead 011F,Anti-social behaviour,,
,2024-07,Surrey Police,Surrey Police,-0.150256,51.251608,On or near Mockford Mews,E01035355,Reigate and Banstead 011F,Anti-social behaviour,,
,2024-07,Surrey Police,Surrey Police,-0.152647,51.252014,On or near Thornton Side,E01035355,Reigate and Banstead 011F,Anti-social behaviour,,
,2024-07,Surrey Police,Surrey Police,-0.152570,51.250727,On or near The Moors,E01035355,Reigate and Banstead 011F,Anti-social behaviour,,
,2024-07,Surrey Police,Surrey Police,-0.152570,51.250727,On or near The Moors,E01035355,Reigate and Banstead 011F,Anti-social behaviour,,
11d76314e4acdfb602ff373683be9d0795e6603e425b2d4e4b0c1c53a47de72f,2024-07,Surrey Police,Surrey Police,-0.152570,51.250727,On or near The Moors,E01035355,Reigate and Banstead 011F,Burglary,Investigation complete; no suspect identified,
7f9c28e45c015060c1effc3e86731574082dfe899bbea8c2cf27c3add23b4207,2024-07,Surrey Police,Surrey Police,-0.149816,51.251142,On or near Lilley Mead,E01035355,Reigate and Banstead 011F,Criminal damage and arson,Investigation complete; no suspect identified,
2bf92eeefaca8932bf819344239731db49028d53da7001072cf4bfca221e93e3,2024-07,Surrey Police,Surrey Police,-0.152570,51.250727,On or near The Moors,E01035355,Reigate and Banstead 011F,Criminal damage and arson,Status update unavailable,
f9acd20402e881f2443a6c9304382566b042d51508715032f98dd348dd5e1e21,2024-07,Surrey Police,Surrey Police,-0.152570,51.250727,On or near The Moors,E01035355,Reigate and Banstead 011F,Other theft,Unable to prosecute suspect,
4df48145620090cac7bbfdde6e02a0792bc02ae8c90acd8d1610d2d8d5df9d04,2024-07,Surrey Police,Surrey Police,-0.152570,51.250727,On or near The Moors,E01035355,Reigate and Banstead 011F,Other theft,Investigation complete; no suspect identified,
7c8e53127e6ee79cd2a91890b787eae2a7874131ab9dce05d43528cf1d390a5f,2024-07,Surrey Police,Surrey Police,-0.148821,51.250947,On or near Mocatta Mews,E01035355,Reigate and Banstead 011F,Public order,Investigation complete; no suspect identified,
d3a80e29196e8b487fd50c5d4ccccda2c28aefa52b9a6a8750c16824db7bebea,2024-07,Surrey Police,Surrey Police,-0.152647,51.252014,On or near Thornton Side,E01035355,Reigate and Banstead 011F,Shoplifting,Unable to prosecute suspect,
769c35a71affb9686dc3583c2fd4c04416293386bffd9afe643d6514dbb274d7,2024-07,Surrey Police,Surrey Police,-0.150826,51.252058,On or near Priddy Place,E01035355,Reigate and Banstead 011F,Violence and sexual offences,Unable to prosecute suspect,
be5d40ad564d2a5282e536476abf9fc49e0380d73c5db9599b0560a3600ca196,2024-07,Surrey Police,Surrey Police,-0.152570,51.250727,On or near The Moors,E01035355,Reigate and Banstead 011F,Violence and sexual offences,Unable to prosecute suspect,
c40596dc1cb77720d2b285cda38e35ece1c27011a247a8fc19a5047625f73cd4,2024-07,Surrey Police,Surrey Police,-0.152570,51.250727,On or near The Moors,E01035355,Reigate and Banstead 011F,Violence and sexual offences,Unable to prosecute suspect,
cbd915d0d85929815e902753106874f20d82c5c3ffda610faa08b07f0d730d21,2024-07,Surrey Police,Surrey Police,-0.159018,51.247151,On or near St Annes Boulevard,E01035355,Reigate and Banstead 011F,Violence and sexual offences,Unable to prosecute suspect,
,2024-07,Surrey Police,Surrey Police,-0.163336,51.248100,On or near Lakeside,E01035356,Reigate and Banstead 011G,Anti-social behaviour,,
,2024-07,Surrey Police,Surrey Police,-0.162235,51.246967,On or near Old School Close,E01035356,Reigate and Banstead 011G,Anti-social behaviour,,
,2024-07,Surrey Police,Surrey Police,-0.164600,51.246951,On or near The Frenches,E01035356,Reigate and Banstead 011G,Anti-social behaviour,,
2a130130a9cfd57c95edae83ab2b3d10ea03949806bdc5bd5f6653aee71a5fff,2024-07,Surrey Police,Surrey Police,-0.160936,51.249006,On or near Gordon Road,E01035356,Reigate and Banstead 011G,Drugs,Awaiting court outcome,
047f002622b270fbd7d9f1460eb25618bbff6f920cc245e387b74e66a7fb510e,2024-07,Surrey Police,Surrey Police,-0.163693,51.246325,On or near Abbots Rise,E01035356,Reigate and Banstead 011G,Other theft,Investigation complete; no suspect identified,
17fb9e97041d1ec5c14d9753160589c775052115b4e7de375675d00e8246941f,2024-07,Surrey Police,Surrey Police,-0.165220,51.245045,On or near Lynwood Road,E01035356,Reigate and Banstead 011G,Vehicle crime,Investigation complete; no suspect identified,
4695e4c88680330e3dde05599da52d4933d7f5d60ba40029ad42846269a0ae7d,2024-07,Surrey Police,Surrey Police,-0.160936,51.249006,On or near Gordon Road,E01035356,Reigate and Banstead 011G,Violence and sexual offences,Awaiting court outcome,
2098b59a3f40e72712ef0f445137852f9b923fb02f82e4f85715a6517aeef75a,2024-07,Surrey Police,Surrey Police,-0.166273,51.247759,On or near London Road,E01035356,Reigate and Banstead 011G,Violence and sexual offences,Unable to prosecute suspect,
d0308dd65d1060f50535e5ce67e4f8ddb22a8f13bf962d06d1cd3f395b44a49d,2024-07,Surrey Police,Surrey Police,-0.164600,51.246951,On or near The Frenches,E01035356,Reigate and Banstead 011G,Other crime,Court result unavailable,
907842b56bfc7e2c862924e016d2a82fac7c7ec1760d81cd1a3f3920f81b7ef7,2024-07,Surrey Police,Surrey Police,-0.162235,51.246967,On or near Old School Close,E01035356,Reigate and Banstead 011G,Other crime,Unable to prosecute suspect,
eade29fb4b6bd0fc4c6fd9605d837330bb691db4d0557bcecfcad504dacc4191,2024-07,Surrey Police,Surrey Police,-0.156276,51.246910,On or near Rubeck Close,E01035357,Reigate and Banstead 011H,Drugs,Investigation complete; no suspect identified,
27036f8735e6a499e61b0644ace7dfd6815b280724c85b0c89584f229ac7b2b9,2024-07,Surrey Police,Surrey Police,-0.160207,51.246432,On or near Burrage Road,E01035357,Reigate and Banstead 011H,Other theft,Investigation complete; no suspect identified,
fa881f2edc04cc219e7bbfc543c37bbb51c95384550ed8d2310fd9169d5002ae,2024-07,Surrey Police,Surrey Police,-0.159640,51.243420,On or near Wordsworth Mead,E01035357,Reigate and Banstead 011H,Other theft,Status update unavailable,
bd023e693c708a3f39237ab6ddc319b77957355e8e920b65b2a681eed21daad3,2024-07,Surrey Police,Surrey Police,-0.159653,51.246306,On or near Barrow Gardens,E01035357,Reigate and Banstead 011H,Violence and sexual offences,Unable to prosecute suspect,
f04e46b0d97757ed5d7b7318343d69105d1bab580848466e443e2d9f7b1fc8c9,2024-07,Surrey Police,Surrey Police,-0.160207,51.246432,On or near Burrage Road,E01035357,Reigate and Banstead 011H,Violence and sexual offences,Unable to prosecute suspect,
048b0641978eb03c07b88c37e356ca57f6bf95b61e1cee8ed36cb01de44ea7ec,2024-07,Surrey Police,Surrey Police,-0.154035,51.235606,On or near Nutfield Road,E01035357,Reigate and Banstead 011H,Violence and sexual offences,Unable to prosecute suspect,
,2024-07,Surrey Police,Surrey Police,-0.166670,51.240769,On or near Bus/Coach Station,E01035358,Reigate and Banstead 011I,Anti-social behaviour,,
,2024-07,Surrey Police,Surrey Police,-0.166090,51.241551,On or near Princess Way,E01035358,Reigate and Banstead 011I,Anti-social behaviour,,
,2024-07,Surrey Police,Surrey Police,-0.166670,51.240769,On or near Bus/Coach Station,E01035358,Reigate and Banstead 011I,Anti-social behaviour,,
,2024-07,Surrey Police,Surrey Police,-0.166670,51.240769,On or near Bus/Coach Station,E01035358,Reigate and Banstead 011I,Anti-social behaviour,,
65b0010708a6cc5fc8e4fd2887d4c544f62d2498dac6870f3004c5f5cea1d07b,2024-07,Surrey Police,Surrey Police,-0.162920,51.239847,On or near Clyde Close,E01035358,Reigate and Banstead 011I,Other theft,Status update unavailable,
20aa94e7055f76d2a638b93c49ee5f81e59e659701bab49051fe5808d23fe763,2024-07,Surrey Police,Surrey Police,-0.167776,51.240930,On or near Theatre/Concert Hall,E01035358,Reigate and Banstead 011I,Other theft,Status update unavailable,
bb034edf5c4d1d77f03b7fa3825b92c90c19f0f6de3ae1d5697a9c27a09794e2,2024-07,Surrey Police,Surrey Police,-0.166670,51.240769,On or near Bus/Coach Station,E01035358,Reigate and Banstead 011I,Other theft,Investigation complete; no suspect identified,
e19eb264dd65a44c5ca144bb6c3a9c99fae17f51bda161b13e02d997aa72ac80,2024-07,Surrey Police,Surrey Police,-0.166670,51.240769,On or near Bus/Coach Station,E01035358,Reigate and Banstead 011I,Other theft,Investigation complete; no suspect identified,
b1d455f74341944a98a5b651a9e6602a1776cc1e755fb0f269bc8c51dcafce6e,2024-07,Surrey Police,Surrey Police,-0.166670,51.240769,On or near Bus/Coach Station,E01035358,Reigate and Banstead 011I,Public order,Court result unavailable,
25afb1a536f207f24c0c5b66b8d2f9391032a8a7288bc800c6aae3bd8e2df10a,2024-07,Surrey Police,Surrey Police,-0.166670,51.240769,On or near Bus/Coach Station,E01035358,Reigate and Banstead 011I,Public order,Unable to prosecute suspect,
8b5ddefa0dd1ff02fa747f39db22434e97f840d8b9b7a8b69e16771c401f0e03,2024-07,Surrey Police,Surrey Police,-0.166670,51.240769,On or near Bus/Coach Station,E01035358,Reigate and Banstead 011I,Public order,Court result unavailable,
0335c3ea46922de28b30adedb60cfb57ebc27293e8ed0bbe1a4d0c917ec343b7,2024-07,Surrey Police,Surrey Police,-0.167110,51.242044,On or near Bus/Coach Station,E01035358,Reigate and Banstead 011I,Public order,Unable to prosecute suspect,
fd8611dadded43c46254ea52f3d6b5dc8fb86638d170138a44829c62166a1360,2024-07,Surrey Police,Surrey Police,-0.166670,51.240769,On or near Bus/Coach Station,E01035358,Reigate and Banstead 011I,Robbery,Investigation complete; no suspect identified,
b6b44e5716874010ee2d2cf0b86564608668755acd06390e410fef9831f578de,2024-07,Surrey Police,Surrey Police,-0.167110,51.242044,On or near Bus/Coach Station,E01035358,Reigate and Banstead 011I,Shoplifting,Investigation complete; no suspect identified,
d33628fbaa1ec315ca4c907ca5c6241f8f17fa744f3f742b08abb22a08c93b43,2024-07,Surrey Police,Surrey Police,-0.167110,51.242044,On or near Bus/Coach Station,E01035358,Reigate and Banstead 011I,Shoplifting,Investigation complete; no suspect identified,
8ee82c4796d5069fd168af67447f5df34664218292a1936b9fa6f895f2bb6f5d,2024-07,Surrey Police,Surrey Police,-0.167110,51.242044,On or near Bus/Coach Station,E01035358,Reigate and Banstead 011I,Shoplifting,Local resolution,
515c730db8bee7b4b56a6595ab01976ab0521b67e2b0b8cb0bf8a618904cb5f5,2024-07,Surrey Police,Surrey Police,-0.167110,51.242044,On or near Bus/Coach Station,E01035358,Reigate and Banstead 011I,Shoplifting,Unable to prosecute suspect,
03abcd3c0bcf623ff3511048f5537ca8335abac1ec7aee320850d49368269501,2024-07,Surrey Police,Surrey Police,-0.167110,51.242044,On or near Bus/Coach Station,E01035358,Reigate and Banstead 011I,Shoplifting,Unable to prosecute suspect,
d51574ddfd3378da136cdaab3ced590ecc3c09a35946f5cbfff818b3d79964fe,2024-07,Surrey Police,Surrey Police,-0.167776,51.240930,On or near Theatre/Concert Hall,E01035358,Reigate and Banstead 011I,Shoplifting,Local resolution,
621bb565cbb2aea06cf878dbf0fb9e44e01294f1e9e5adf3b270ef8380ae3e7b,2024-07,Surrey Police,Surrey Police,-0.167110,51.242044,On or near Bus/Coach Station,E01035358,Reigate and Banstead 011I,Shoplifting,Unable to prosecute suspect,
cd1dd28b0b067d4eb44fd8f1a0d7c49fb096af3e7b3e22b3503f54507e0faf13,2024-07,Surrey Police,Surrey Police,-0.167110,51.242044,On or near Bus/Coach Station,E01035358,Reigate and Banstead 011I,Shoplifting,Unable to prosecute suspect,
5ac54cfa8546b2ef399cc78adcd7abd4c4291f43cffccf44d4904e0a4d9838ac,2024-07,Surrey Police,Surrey Police,-0.167110,51.242044,On or near Bus/Coach Station,E01035358,Reigate and Banstead 011I,Shoplifting,Awaiting court outcome,
0bc0b8324cbb58ca36d32607ea1477a81368938956a02318bc7bcb34577a56f3,2024-07,Surrey Police,Surrey Police,-0.167110,51.242044,On or near Bus/Coach Station,E01035358,Reigate and Banstead 011I,Shoplifting,Unable to prosecute suspect,
a8227cffb410f182b2a6f1fecf0b583c6024c760b0be54cf8713fe84438fce19,2024-07,Surrey Police,Surrey Police,-0.167110,51.242044,On or near Bus/Coach Station,E01035358,Reigate and Banstead 011I,Theft from the person,Investigation complete; no suspect identified,
4a2da5a209af336f065318aa70a15236a545102b85eaa058e39419c1e864e81c,2024-07,Surrey Police,Surrey Police,-0.164472,51.242236,On or near Ladbroke Grove,E01035358,Reigate and Banstead 011I,Violence and sexual offences,Status update unavailable,
14e093486c09bd4efd04b218bc5adf497aaf68615cd8c8b8fb05c99a6d269aa7,2024-07,Surrey Police,Surrey Police,-0.166670,51.240769,On or near Bus/Coach Station,E01035358,Reigate and Banstead 011I,Violence and sexual offences,Unable to prosecute suspect,
5314fbadf556952434e007cd82916e4c25f60d269104791469394b068ccda060,2024-07,Surrey Police,Surrey Police,-0.164472,51.242236,On or near Ladbroke Grove,E01035358,Reigate and Banstead 011I,Violence and sexual offences,Investigation complete; no suspect identified,
3c5a95761b5e3b9deb101c54d220e25242b95a494b4085fbc781eef02458dfd2,2024-07,Surrey Police,Surrey Police,-0.167110,51.242044,On or near Bus/Coach Station,E01035358,Reigate and Banstead 011I,Violence and sexual offences,Unable to prosecute suspect,
7d605231b02c632e5fbccd4d067755a22b094d81773932dc591b88f4af04689f,2024-07,Surrey Police,Surrey Police,-0.167110,51.242044,On or near Bus/Coach Station,E01035358,Reigate and Banstead 011I,Violence and sexual offences,Awaiting court outcome,
3a2e1bf87b7dbfc49e6c02c8beccb2c31110221562c4718ecbdbf81db0cc52a5,2024-07,Surrey Police,Surrey Police,-0.164472,51.242236,On or near Ladbroke Grove,E01035358,Reigate and Banstead 011I,Violence and sexual offences,Further action is not in the public interest,
e0e71061becda4619b0b0bde5837d53d6fdf4f3d8dbef29baa2fbfb5a1d71be2,2024-07,Surrey Police,Surrey Police,-0.167776,51.240930,On or near Theatre/Concert Hall,E01035358,Reigate and Banstead 011I,Violence and sexual offences,Status update unavailable,
391186ad5ece12429753610b460baf855508f118186943da7bb74be5f621c5d5,2024-07,Surrey Police,Surrey Police,-0.164472,51.242236,On or near Ladbroke Grove,E01035358,Reigate and Banstead 011I,Violence and sexual offences,Unable to prosecute suspect,
024e798a23d8e975b0f02b2813ac6aa94cf35db93ede3cc887c70bb32cb88861,2024-07,Surrey Police,Surrey Police,-0.167776,51.240930,On or near Theatre/Concert Hall,E01035358,Reigate and Banstead 011I,Violence and sexual offences,Unable to prosecute suspect,
08783a0a0d2ca7b29dfb30f84106ceb33aa216c3afd7dd115a58f2840ef649b5,2024-07,Surrey Police,Surrey Police,-0.164173,51.243985,On or near Ladbroke Road,E01035358,Reigate and Banstead 011I,Violence and sexual offences,Unable to prosecute suspect,
9601dfe8658b94c2f74f8a82a52c213b12184c7d8fe8cfef6966a020cf3faa45,2024-07,Surrey Police,Surrey Police,-0.166670,51.240769,On or near Bus/Coach Station,E01035358,Reigate and Banstead 011I,Violence and sexual offences,Investigation complete; no suspect identified,
cc3844be8b81fbccd06d3f766cc93e1fb4a0815171466f6c4d75454d8a0a99dd,2024-07,Surrey Police,Surrey Police,-0.166670,51.240769,On or near Bus/Coach Station,E01035358,Reigate and Banstead 011I,Violence and sexual offences,Unable to prosecute suspect,
843ba4e32e597e1b31faa0ae657c2765b528f00c50a45edb4c9d5aef2963c312,2024-07,Surrey Police,Surrey Police,-0.166670,51.240769,On or near Bus/Coach Station,E01035358,Reigate and Banstead 011I,Other crime,Court result unavailable,
127fbefbe98a767163b4b66cc63b3b34e734a3224b7568b4529b8f4669bb5b11,2024-07,Surrey Police,Surrey Police,-0.162667,51.241884,On or near St Annes Rise,E01035358,Reigate and Banstead 011I,Other crime,Investigation complete; no suspect identified,
2a86767dabafc88c4e8fbb63543db9d052b91c8357deaa338e5edef19ae50508,2024-07,Surrey Police,Surrey Police,-0.179292,51.226488,On or near Abinger Drive,E01030593,Reigate and Banstead 012A,Criminal damage and arson,Investigation complete; no suspect identified,
c8bcc35b78d21e69966286ff005c7659b50ebce70715e1e67eca8bfef3ce869d,2024-07,Surrey Police,Surrey Police,-0.179292,51.226488,On or near Abinger Drive,E01030593,Reigate and Banstead 012A,Criminal damage and arson,Investigation complete; no suspect identified,
5b34623ff3266e032226fea0dfcdcba66d2492a17f6dffe43c52826b9a69520b,2024-07,Surrey Police,Surrey Police,-0.172414,51.232370,On or near A23,E01030593,Reigate and Banstead 012A,Criminal damage and arson,Investigation complete; no suspect identified,
7350aba0bd1d537b42d37a56c75fb6bdce5783296b1250a419c9cebd1cb0156a,2024-07,Surrey Police,Surrey Police,-0.174734,51.234897,On or near Ridgeway Court,E01030593,Reigate and Banstead 012A,Violence and sexual offences,Investigation complete; no suspect identified,
bc7e8688935eb7fb52981f5fb9a124e7dfe07cae29d79572758fc68b8b376015,2024-07,Surrey Police,Surrey Police,-0.186088,51.233590,On or near Ringley Park Avenue,E01030596,Reigate and Banstead 012B,Violence and sexual offences,Further investigation is not in the public interest,
6c5500df0de56a431f0ffea61d8f760f506bca366322261b0a3afafc62ed47d4,2024-07,Surrey Police,Surrey Police,-0.201801,51.233967,On or near Mulberry Close,E01030597,Reigate and Banstead 012C,Violence and sexual offences,Awaiting court outcome,
57f0990350db32b21c99054009fa44a18845bb49bd4a201d37e2726797d57a81,2024-07,Surrey Police,Surrey Police,-0.198899,51.233086,On or near South Road,E01030597,Reigate and Banstead 012C,Violence and sexual offences,Unable to prosecute suspect,
,2024-07,Surrey Police,Surrey Police,-0.210323,51.238423,On or near Slipshoe Street,E01030620,Reigate and Banstead 012D,Anti-social behaviour,,
,2024-07,Surrey Police,Surrey Police,-0.203900,51.234888,On or near Conference/Exhibition Centre,E01030620,Reigate and Banstead 012D,Anti-social behaviour,,
,2024-07,Surrey Police,Surrey Police,-0.208104,51.236923,On or near Supermarket,E01030620,Reigate and Banstead 012D,Anti-social behaviour,,
,2024-07,Surrey Police,Surrey Police,-0.205770,51.238731,On or near Tunnel Road,E01030620,Reigate and Banstead 012D,Anti-social behaviour,,
9359cfd1f7cf71a06d5a12bb8a9e5b5d443ae910e1596fd243d93c187cdd98cf,2024-07,Surrey Police,Surrey Police,-0.205770,51.238731,On or near Tunnel Road,E01030620,Reigate and Banstead 012D,Criminal damage and arson,Investigation complete; no suspect identified,
6f962f06cd488d5f3cbc778bd1a82d0a34fff4308b1158b1698e3800a9bc894c,2024-07,Surrey Police,Surrey Police,-0.195516,51.234626,On or near Penfold Close,E01030620,Reigate and Banstead 012D,Criminal damage and arson,Investigation complete; no suspect identified,
caf946145af0e1805bc31acccd53681bb6ae97d86f2324745073415597d5f88e,2024-07,Surrey Police,Surrey Police,-0.204282,51.234994,On or near Bell Street,E01030620,Reigate and Banstead 012D,Criminal damage and arson,Investigation complete; no suspect identified,
cd08d1c7b9f609cfc9714116c18f3393041aa571887982dc0cc79f204581e53f,2024-07,Surrey Police,Surrey Police,-0.210235,51.237388,On or near Pilgrim Mews,E01030620,Reigate and Banstead 012D,Other theft,Investigation complete; no suspect identified,
26582638d38491c0fdc9870432695e489c471f95b336e5c3d15bc31ec1952c46,2024-07,Surrey Police,Surrey Police,-0.207975,51.237668,On or near High Street,E01030620,Reigate and Banstead 012D,Other theft,Investigation complete; no suspect identified,
2b5b7ef4fcae1b22145b5d6ad8cedb6b1bbb5806e96f95674ae8d9d6e4e2c886,2024-07,Surrey Police,Surrey Police,-0.208104,51.236923,On or near Supermarket,E01030620,Reigate and Banstead 012D,Other theft,Investigation complete; no suspect identified,
0a4d62066a1d6c3680ac9f59ab657b3b496e2fd698b2f34583709973ab09dd58,2024-07,Surrey Police,Surrey Police,-0.205770,51.238731,On or near Tunnel Road,E01030620,Reigate and Banstead 012D,Public order,Unable to prosecute suspect,
24b207ac1d1455030a27d34e30fbf1105f9950f6506fa6621f9941590cd13366,2024-07,Surrey Police,Surrey Police,-0.204284,51.237530,On or near St Lawrences Way,E01030620,Reigate and Banstead 012D,Public order,Court result unavailable,
d44adae73c3303ce6f01fa1d5812c9e3bc123e45acc5c686130c5916a5c1960a,2024-07,Surrey Police,Surrey Police,-0.207975,51.237668,On or near High Street,E01030620,Reigate and Banstead 012D,Public order,Investigation complete; no suspect identified,
d04df76eda000d8aa15e774af778c9a7b5961bce5cc0d40290504024dfcbec19,2024-07,Surrey Police,Surrey Police,-0.210882,51.238800,On or near Upper West Street,E01030620,Reigate and Banstead 012D,Public order,Unable to prosecute suspect,
632d5810500698432b353126f341e983ce51e908a6102b0a0dcca259788aeb07,2024-07,Surrey Police,Surrey Police,-0.207975,51.237668,On or near High Street,E01030620,Reigate and Banstead 012D,Robbery,Investigation complete; no suspect identified,
8a70938eaf03f4e4d9ec00bb43022ebc55d1475e076c1469f5ef920c5f0b32b9,2024-07,Surrey Police,Surrey Police,-0.208104,51.236923,On or near Supermarket,E01030620,Reigate and Banstead 012D,Shoplifting,Investigation complete; no suspect identified,
d70ec0851b1bfe86ec53f0956e492d1e977e59e1e65087280ab46baf8740ca27,2024-07,Surrey Police,Surrey Police,-0.207975,51.237668,On or near High Street,E01030620,Reigate and Banstead 012D,Shoplifting,Investigation complete; no suspect identified,
97b0c01a35ba2a5ce2acce00babbaddc25b041fb1dd693b18b84fb24b9ef8436,2024-07,Surrey Police,Surrey Police,-0.204284,51.237530,On or near St Lawrences Way,E01030620,Reigate and Banstead 012D,Shoplifting,Status update unavailable,
0e85dea7facc45b49e8ca944f679d47c5f62d1d5d840f2f9877df0021b345e5d,2024-07,Surrey Police,Surrey Police,-0.208104,51.236923,On or near Supermarket,E01030620,Reigate and Banstead 012D,Shoplifting,Unable to prosecute suspect,
632096a7f704b927dba71a9dff1d609664cfb728a57f49119567b5733d3f19f9,2024-07,Surrey Police,Surrey Police,-0.207975,51.237668,On or near High Street,E01030620,Reigate and Banstead 012D,Shoplifting,Unable to prosecute suspect,
e83bfadb05bbb6ea40606bf75984ef1a81a149539ffc5d41d33799b25337d627,2024-07,Surrey Police,Surrey Police,-0.208104,51.236923,On or near Supermarket,E01030620,Reigate and Banstead 012D,Shoplifting,Investigation complete; no suspect identified,
5968a0ef82a39aa6321a1640b4bdab24b6dbf286b43988c85a79d32bec95c130,2024-07,Surrey Police,Surrey Police,-0.204284,51.237530,On or near St Lawrences Way,E01030620,Reigate and Banstead 012D,Shoplifting,Court result unavailable,
a8aff7257a0893ec6e97f89fc5dad0baebdead401ebd6a82a4ca685ccf3da9ef,2024-07,Surrey Police,Surrey Police,-0.204284,51.237530,On or near St Lawrences Way,E01030620,Reigate and Banstead 012D,Shoplifting,Court result unavailable,
fa116502826487205713b17b790890301fdecade0d7efe1955c1ebe05da5c21d,2024-07,Surrey Police,Surrey Police,-0.208104,51.236923,On or near Supermarket,E01030620,Reigate and Banstead 012D,Shoplifting,Unable to prosecute suspect,
5d3a48ae47382d0abc8639ad1eea1ff8997ef9be9f7017371fce781791d4111c,2024-07,Surrey Police,Surrey Police,-0.204284,51.237530,On or near St Lawrences Way,E01030620,Reigate and Banstead 012D,Shoplifting,Court result unavailable,
7cb76d6494deff94f59fbd8ff95a27876f609a0c08e5c1fc4e9a83ebfa569315,2024-07,Surrey Police,Surrey Police,-0.207975,51.237668,On or near High Street,E01030620,Reigate and Banstead 012D,Theft from the person,Investigation complete; no suspect identified,
6448de443e79e81c1173cea036b3ce82b6a2ae4051120aab0158d0d74d8f4c89,2024-07,Surrey Police,Surrey Police,-0.207975,51.237668,On or near High Street,E01030620,Reigate and Banstead 012D,Violence and sexual offences,Investigation complete; no suspect identified,
dd51174ffa508973e87279c122e88e062b1aec7d7676610f7a2694c8b723ff00,2024-07,Surrey Police,Surrey Police,-0.210323,51.238423,On or near Slipshoe Street,E01030620,Reigate and Banstead 012D,Violence and sexual offences,Unable to prosecute suspect,
ad46888d2d1e780fe940482f6ae8618ab900b63b1586bffd6108acf7b22d02b9,2024-07,Surrey Police,Surrey Police,-0.210882,51.238800,On or near Upper West Street,E01030620,Reigate and Banstead 012D,Violence and sexual offences,Investigation complete; no suspect identified,
c05d757c4072b4ed9e1899e1dd4014c96b74fc3d725116e65ac5a3022afc5e25,2024-07,Surrey Police,Surrey Police,-0.210323,51.238423,On or near Slipshoe Street,E01030620,Reigate and Banstead 012D,Violence and sexual offences,Status update unavailable,
e30e5399343cbe192da85741736fe3a9a050fcbe0ec5c1364f6db1adb545efb3,2024-07,Surrey Police,Surrey Police,-0.195516,51.234626,On or near Penfold Close,E01030620,Reigate and Banstead 012D,Violence and sexual offences,Further investigation is not in the public interest,
936cc64ecd6bd70207e6a778b8948747ccf80f0cd44a2773498b5b9e07717223,2024-07,Surrey Police,Surrey Police,-0.202695,51.241544,On or near Reigate,E01030620,Reigate and Banstead 012D,Violence and sexual offences,Status update unavailable,
22d4fdd7e03e94931207415a584db0864b7f894969c3609db48bd27de8f7abda,2024-07,Surrey Police,Surrey Police,-0.210323,51.238423,On or near Slipshoe Street,E01030620,Reigate and Banstead 012D,Violence and sexual offences,Investigation complete; no suspect identified,
707ebfcebe99bb9047cf28e76b2f8657e13ef9654b3d606785a4c24205e4d648,2024-07,Surrey Police,Surrey Police,-0.205770,51.238731,On or near Tunnel Road,E01030620,Reigate and Banstead 012D,Violence and sexual offences,Unable to prosecute suspect,
93aaf7f6dae3562cfb90d783bb73274206acd184c6a925956d8b7ec76b90b081,2024-07,Surrey Police,Surrey Police,-0.204284,51.237530,On or near St Lawrences Way,E01030620,Reigate and Banstead 012D,Violence and sexual offences,Unable to prosecute suspect,
b006f6cab4d27160bab1ef0281ace09bc00e536511a3e7354b01636a8fe6dfd9,2024-07,Surrey Police,Surrey Police,-0.186850,51.237522,On or near Beech Drive,E01030621,Reigate and Banstead 012E,Criminal damage and arson,Investigation complete; no suspect identified,
fcc1d7614e5021cdca37f2f69445e63949f08e04f33fd8c883147fe8f6ac2551,2024-07,Surrey Police,Surrey Police,-0.192801,51.239575,On or near Doods Park Road,E01030621,Reigate and Banstead 012E,Drugs,Unable to prosecute suspect,
02edaa368152ac7d4df75be53bfa9cae1cb69b0b65f5d0aba14b556ef75d6e33,2024-07,Surrey Police,Surrey Police,-0.193509,51.237212,On or near Church Walk,E01030621,Reigate and Banstead 012E,Public order,Investigation complete; no suspect identified,
411fe9950ab37d95fc20d369267df99bb08eaadc8453255db5bacf74d97da757,2024-07,Surrey Police,Surrey Police,-0.187820,51.238724,On or near The Cedars,E01030621,Reigate and Banstead 012E,Violence and sexual offences,Unable to prosecute suspect,
05d39db76e1eb975506a2e7ecf8446d7b9add09115ea6a8261e5f6afdb907a0d,2024-07,Surrey Police,Surrey Police,-0.192801,51.239575,On or near Doods Park Road,E01030621,Reigate and Banstead 012E,Violence and sexual offences,Unable to prosecute suspect,
b451d94131e6c2e70f76802982bc64c43dd342773ad451df4916d20a6adaba13,2024-07,Surrey Police,Surrey Police,-0.192801,51.239575,On or near Doods Park Road,E01030621,Reigate and Banstead 012E,Violence and sexual offences,Further action is not in the public interest,
007a275ccb3c89e82b0ce94ef0cda2a9e043721968a0dc852b65f4ae97b66bb4,2024-07,Surrey Police,Surrey Police,-0.187820,51.238724,On or near The Cedars,E01030621,Reigate and Banstead 012E,Violence and sexual offences,Unable to prosecute suspect,
12c0cd95037633daf46690891f0d38a1673715dca15c09be15bef5a2b4a2a11e,2024-07,Surrey Police,Surrey Police,-0.192801,51.239575,On or near Doods Park Road,E01030621,Reigate and Banstead 012E,Violence and sexual offences,Unable to prosecute suspect,
84a861c7ee7d0059c83ad44b494b1df9dfe9833e322edb2e32b67d9e87efbbfa,2024-07,Surrey Police,Surrey Police,-0.192801,51.239575,On or near Doods Park Road,E01030621,Reigate and Banstead 012E,Violence and sexual offences,Unable to prosecute suspect,
40b82caf26e287f6d31b9355df57fc742d7342ade8005574ebc6556bf880afa9,2024-07,Surrey Police,Surrey Police,-0.195623,51.239214,On or near Deerings Road,E01030621,Reigate and Banstead 012E,Violence and sexual offences,Local resolution,
b50a4c4df6385b913ab18a58722bb57b0948e157f72f4cb972b59e85b3059c82,2024-07,Surrey Police,Surrey Police,-0.192801,51.239575,On or near Doods Park Road,E01030621,Reigate and Banstead 012E,Violence and sexual offences,Further action is not in the public interest,
,2024-07,Surrey Police,Surrey Police,-0.202354,51.231188,On or near Lymden Gardens,E01030594,Reigate and Banstead 013A,Anti-social behaviour,,
2133b336737337e9a3a5b8222a8cb1127579cc6ece2bc547c89a4732859c4e2f,2024-07,Surrey Police,Surrey Police,-0.195886,51.226628,On or near Hazel Road,E01030594,Reigate and Banstead 013A,Vehicle crime,Investigation complete; no suspect identified,
f0f2bedcaf0226a44a1101dd97d5e9772404d4cd984a9a5695afabb7115e0084,2024-07,Surrey Police,Surrey Police,-0.197903,51.224483,On or near Trehaven Parade,E01030594,Reigate and Banstead 013A,Violence and sexual offences,Unable to prosecute suspect,
ee4b28ac72ef177b00f44ae384effcb66648a803d35d33af1126da8650a7246e,2024-07,Surrey Police,Surrey Police,-0.195787,51.230628,On or near Springcopse Road,E01030594,Reigate and Banstead 013A,Violence and sexual offences,Unable to prosecute suspect,
e59b2c9db5d95cc44636b946507dc225e62de74d8e5701eaf905b5b2692a647b,2024-07,Surrey Police,Surrey Police,-0.195787,51.230628,On or near Springcopse Road,E01030594,Reigate and Banstead 013A,Violence and sexual offences,Unable to prosecute suspect,
e66febc71a399c302535bef2c8a842da3a76f7f99a21583b8ab62f126438a0ff,2024-07,Surrey Police,Surrey Police,-0.197222,51.226900,On or near Holly Road,E01030594,Reigate and Banstead 013A,Violence and sexual offences,Unable to prosecute suspect,
,2024-07,Surrey Police,Surrey Police,-0.190949,51.228341,On or near Arbutus Close,E01030595,Reigate and Banstead 013B,Anti-social behaviour,,
2fc7d7b1853e8931a36951c0e57711e837cbdc5658c118e24518d047864a9a11,2024-07,Surrey Police,Surrey Police,-0.186236,51.226910,On or near Somerset Road,E01030595,Reigate and Banstead 013B,Violence and sexual offences,Investigation complete; no suspect identified,
00380c311c8026ad636a433e7052011be6562fae74445c8e97a9c7f6fa4e5298,2024-07,Surrey Police,Surrey Police,-0.206775,51.222092,On or near Sandcross Lane,E01030630,Reigate and Banstead 013C,Criminal damage and arson,Investigation complete; no suspect identified,
b92dedfd7d62c16a9e232e0e9c1f7a24b9714007e3a774461c06857911da4496,2024-07,Surrey Police,Surrey Police,-0.201042,51.223694,On or near Grosvenor Mews,E01030630,Reigate and Banstead 013C,Other theft,Investigation complete; no suspect identified,
5e72a821b3c34a591caaa719070086b39c4163a3a478b84b5700ce3b7eaead10,2024-07,Surrey Police,Surrey Police,-0.206775,51.222092,On or near Sandcross Lane,E01030630,Reigate and Banstead 013C,Violence and sexual offences,Status update unavailable,
185b9f189e70d092957e773e42ba03ae5b9bf8bea88d070d2f74a70c926bc54e,2024-07,Surrey Police,Surrey Police,-0.206775,51.222092,On or near Sandcross Lane,E01030630,Reigate and Banstead 013C,Violence and sexual offences,Status update unavailable,
,2024-07,Surrey Police,Surrey Police,-0.217765,51.226028,On or near Clayhall Lane,E01030631,Reigate and Banstead 013D,Anti-social behaviour,,
,2024-07,Surrey Police,Surrey Police,-0.209259,51.224504,On or near Supermarket,E01030631,Reigate and Banstead 013D,Anti-social behaviour,,
a486f37f338a52097087ad6daadf3240821cf00bc182a04c37168e3777aa1516,2024-07,Surrey Police,Surrey Police,-0.215105,51.225187,On or near New North Road,E01030631,Reigate and Banstead 013D,Public order,Unable to prosecute suspect,
93e150b4f041adc113cce0d13ccd744d28156fc6a29af802a03bd5b328ade11d,2024-07,Surrey Police,Surrey Police,-0.209162,51.223684,On or near Stockton Road,E01030631,Reigate and Banstead 013D,Violence and sexual offences,Investigation complete; no suspect identified,
9d3de665e7102b41a818c5af23e36517b92fdbcb23bc761b5b8000774fed59a9,2024-07,Surrey Police,Surrey Police,-0.215105,51.225187,On or near New North Road,E01030631,Reigate and Banstead 013D,Violence and sexual offences,Unable to prosecute suspect,
2cceaaba94667179ad972bde42b74f760b8ed40ae31d0b5555d7a3c10086f951,2024-07,Surrey Police,Surrey Police,-0.217765,51.226028,On or near Clayhall Lane,E01030631,Reigate and Banstead 013D,Violence and sexual offences,Unable to prosecute suspect,
4f3c31a43cb46663d6b4afbabc328f4d9099054bd939096cc81bd9a7da7f3b95,2024-07,Surrey Police,Surrey Police,-0.211380,51.225202,On or near Smith Road,E01030631,Reigate and Banstead 013D,Violence and sexual offences,Unable to prosecute suspect,
30fe50b238b083d994939dadbf15c8e3be937cccd5e82aa7cf3033c651fcbfb9,2024-07,Surrey Police,Surrey Police,-0.207282,51.223781,On or near Lyndhurst Road,E01030631,Reigate and Banstead 013D,Violence and sexual offences,Unable to prosecute suspect,
3b814b81d85944145594eed63b231c7d2b8f8dc292cc5057b2804079f237699a,2024-07,Surrey Police,Surrey Police,-0.209259,51.224504,On or near Supermarket,E01030631,Reigate and Banstead 013D,Violence and sexual offences,Unable to prosecute suspect,
4f4da5ec06096905d441769e8e0e282aae6ee83b9b1eab4ec30ce0c62dc086ba,2024-07,Surrey Police,Surrey Police,-0.209162,51.223684,On or near Stockton Road,E01030631,Reigate and Banstead 013D,Other crime,Further investigation is not in the public interest,
,2024-07,Surrey Police,Surrey Police,-0.185679,51.220678,On or near Parking Area,E01030570,Reigate and Banstead 014A,Anti-social behaviour,,
,2024-07,Surrey Police,Surrey Police,-0.180178,51.221447,On or near Park/Open Space,E01030570,Reigate and Banstead 014A,Anti-social behaviour,,
,2024-07,Surrey Police,Surrey Police,-0.185679,51.220678,On or near Parking Area,E01030570,Reigate and Banstead 014A,Anti-social behaviour,,
,2024-07,Surrey Police,Surrey Police,-0.174443,51.215827,On or near Linnell Close,E01030570,Reigate and Banstead 014A,Anti-social behaviour,,
,2024-07,Surrey Police,Surrey Police,-0.180178,51.221447,On or near Park/Open Space,E01030570,Reigate and Banstead 014A,Anti-social behaviour,,
,2024-07,Surrey Police,Surrey Police,-0.185679,51.220678,On or near Parking Area,E01030570,Reigate and Banstead 014A,Anti-social behaviour,,
,2024-07,Surrey Police,Surrey Police,-0.180178,51.221447,On or near Park/Open Space,E01030570,Reigate and Banstead 014A,Anti-social behaviour,,
fc1e4f0988c4864deba3ef2e3f770a0f81bdc58a91a0f5f0c7ba4f84fceddb87,2024-07,Surrey Police,Surrey Police,-0.170777,51.219249,On or near Sports/Recreation Area,E01030570,Reigate and Banstead 014A,Drugs,Awaiting court outcome,
6885141efe517ac165b339c0e47cfa25393bc09ce8b1e88c5ac4daf35c49e4ed,2024-07,Surrey Police,Surrey Police,-0.170777,51.219249,On or near Sports/Recreation Area,E01030570,Reigate and Banstead 014A,Public order,Investigation complete; no suspect identified,
13b0eeca9ce70a6d2ca3e046916e92524434366d78fa3d9c31215df733429a8e,2024-07,Surrey Police,Surrey Police,-0.170019,51.215821,On or near Petrol Station,E01030570,Reigate and Banstead 014A,Shoplifting,Court result unavailable,
72754f84a488af09aa288813685664187f5f1a84e5b6950ca0d7af735b8b0f4a,2024-07,Surrey Police,Surrey Police,-0.185679,51.220678,On or near Parking Area,E01030570,Reigate and Banstead 014A,Violence and sexual offences,Unable to prosecute suspect,
4f6ef76db4fcbf39464513171c6d18e623b4f0fe2b9613bb9b963ceeb3a0ea43,2024-07,Surrey Police,Surrey Police,-0.185679,51.220678,On or near Parking Area,E01030570,Reigate and Banstead 014A,Violence and sexual offences,Unable to prosecute suspect,
80f6634d4483eb235a528c4a6026a6ee43dae88a51cea9618cb814e5563fabb0,2024-07,Surrey Police,Surrey Police,-0.171915,51.213855,On or near Tollgate Avenue,E01030570,Reigate and Banstead 014A,Violence and sexual offences,Unable to prosecute suspect,
1db79352029e7add1fc96a34621343b32312521f73d81782e679fbb277c93e20,2024-07,Surrey Police,Surrey Police,-0.174443,51.215827,On or near Linnell Close,E01030570,Reigate and Banstead 014A,Violence and sexual offences,Unable to prosecute suspect,
c05a8ae4aadffef226866fedb0046632f3e494d9fc91d1169892ff93cd782c12,2024-07,Surrey Police,Surrey Police,-0.173599,51.217982,On or near Maple Road,E01030570,Reigate and Banstead 014A,Violence and sexual offences,Unable to prosecute suspect,
,2024-07,Surrey Police,Surrey Police,-0.163645,51.212997,On or near Greenwood Drive,E01030571,Reigate and Banstead 014B,Anti-social behaviour,,
,2024-07,Surrey Police,Surrey Police,-0.163645,51.212997,On or near Greenwood Drive,E01030571,Reigate and Banstead 014B,Anti-social behaviour,,
,2024-07,Surrey Police,Surrey Police,-0.167600,51.214713,On or near Shirley Avenue,E01030571,Reigate and Banstead 014B,Anti-social behaviour,,
049c3b16cea202db26590dd94a241ca5f58052a9e62eeb0d64325a28fef25ded,2024-07,Surrey Police,Surrey Police,-0.163645,51.212997,On or near Greenwood Drive,E01030571,Reigate and Banstead 014B,Criminal damage and arson,Offender given a caution,
67b282c426addb0a4acc499ce73914129ceec1759eb7d0a803676509c4eb9c90,2024-07,Surrey Police,Surrey Police,-0.168660,51.209649,On or near West Avenue,E01030571,Reigate and Banstead 014B,Drugs,Unable to prosecute suspect,
,2024-07,Surrey Police,Surrey Police,-0.164960,51.215931,On or near Denton Close,E01030572,Reigate and Banstead 014C,Anti-social behaviour,,
28dfb59218e2a95b4d08dd4ebd0565af35a55feaf61bc816b331f5f4b500c4b3,2024-07,Surrey Police,Surrey Police,-0.163007,51.218949,On or near Hospital,E01030572,Reigate and Banstead 014C,Criminal damage and arson,Unable to prosecute suspect,
fd2f54fbce01b0c0068e31b5d3afa2e2e6f0d142abe6dab3d93463cc5405aea4,2024-07,Surrey Police,Surrey Police,-0.160731,51.214614,On or near Yeoman Way,E01030572,Reigate and Banstead 014C,Criminal damage and arson,Investigation complete; no suspect identified,
f3bdb4192e3a1a0a3fc4ee5a1f237d2e13dd3615338ed2f81267f65fb56a9627,2024-07,Surrey Police,Surrey Police,-0.162303,51.215053,On or near Foxley Close,E01030572,Reigate and Banstead 014C,Criminal damage and arson,Investigation complete; no suspect identified,
a25f8d9b56dd68e861ca0b652cdb0a5eca986ec42abd185dac0d880cb5fc633b,2024-07,Surrey Police,Surrey Police,-0.161408,51.215965,On or near Grantwood Close,E01030572,Reigate and Banstead 014C,Criminal damage and arson,Unable to prosecute suspect,
a2c4c0af26583743c5cb3b14b3ca188dec0bdc4cc5003005dfba6f321e73566f,2024-07,Surrey Police,Surrey Police,-0.163007,51.218949,On or near Hospital,E01030572,Reigate and Banstead 014C,Drugs,Unable to prosecute suspect,
cbdced5fa2dcc006d55545006dada2e6b09e5ade31f5a1555c991a42578ad547,2024-07,Surrey Police,Surrey Police,-0.163007,51.218949,On or near Hospital,E01030572,Reigate and Banstead 014C,Possession of weapons,Further investigation is not in the public interest,
fa19dd15865843122bea264d6f0dbae25678f5198841beb8bc0c53245831b1fb,2024-07,Surrey Police,Surrey Police,-0.163007,51.218949,On or near Hospital,E01030572,Reigate and Banstead 014C,Public order,Investigation complete; no suspect identified,
a32278ead613612f3db8ed915b48df4f99cf1d9e956acea159f5572035a270dd,2024-07,Surrey Police,Surrey Police,-0.162297,51.217733,On or near Canada Drive,E01030572,Reigate and Banstead 014C,Public order,Unable to prosecute suspect,
d3c5441cfc3db2179e757647c521cfa24ef96c14539af0dcc5fa9bca423db2ea,2024-07,Surrey Police,Surrey Police,-0.163007,51.218949,On or near Hospital,E01030572,Reigate and Banstead 014C,Public order,Court result unavailable,
b060d2edb9c4f75a5f732ad3ddfa1d5afaaf73f17cce6ca1bded0b5b55499ef0,2024-07,Surrey Police,Surrey Police,-0.163007,51.218949,On or near Hospital,E01030572,Reigate and Banstead 014C,Public order,Court result unavailable,
e09368d39eb7443bbe550421c95b1f3487094be7665c0f6b385ba356efc28089,2024-07,Surrey Police,Surrey Police,-0.163007,51.218949,On or near Hospital,E01030572,Reigate and Banstead 014C,Public order,Unable to prosecute suspect,
708264e61211485f8f8c12ebf0747716e81e32d7b5270df96b08b4e0a9bcd5b3,2024-07,Surrey Police,Surrey Police,-0.163007,51.218949,On or near Hospital,E01030572,Reigate and Banstead 014C,Theft from the person,Investigation complete; no suspect identified,
774bfc80d7e5a4e42f4b2911af74d41fb33d9f4528a124c58910d5d20500bd4c,2024-07,Surrey Police,Surrey Police,-0.158956,51.214973,On or near Mason'S Bridge Road,E01030572,Reigate and Banstead 014C,Violence and sexual offences,Awaiting court outcome,
70cc785c5fb1e8a6812ac690fc44ee759a62a7046f54b919c44acca135aacd6e,2024-07,Surrey Police,Surrey Police,-0.163007,51.218949,On or near Hospital,E01030572,Reigate and Banstead 014C,Violence and sexual offences,Investigation complete; no suspect identified,
4e23b159440400272e9e52558c58149a6b5512e8f72cd70a83ae2b01d662404b,2024-07,Surrey Police,Surrey Police,-0.163960,51.215520,On or near Edgefield Close,E01030572,Reigate and Banstead 014C,Violence and sexual offences,Court result unavailable,
805dd7ac0c6dd149f10053d81d1565dd0b354fd13ad85d596b32a079ce587cab,2024-07,Surrey Police,Surrey Police,-0.163007,51.218949,On or near Hospital,E01030572,Reigate and Banstead 014C,Violence and sexual offences,Awaiting court outcome,
26932fce87617088a3ee79cae32593671df1eafbcf6ba76f608b5563d3b2ed6d,2024-07,Surrey Police,Surrey Police,-0.163007,51.218949,On or near Hospital,E01030572,Reigate and Banstead 014C,Violence and sexual offences,Unable to prosecute suspect,
cd94790d03acc02a28e938e504cfbde8a5256191051620ce7c08e50f3e9f2b76,2024-07,Surrey Police,Surrey Police,-0.162810,51.215636,On or near Hawthorn Close,E01030572,Reigate and Banstead 014C,Violence and sexual offences,Unable to prosecute suspect,
091fea89aa3783ab15f7dc9408ac95679c02c4317646239118e334c98a2ceabb,2024-07,Surrey Police,Surrey Police,-0.163960,51.215520,On or near Edgefield Close,E01030572,Reigate and Banstead 014C,Violence and sexual offences,Unable to prosecute suspect,
33078ac7d838f9667d37f4a806eefe1deed0c7865cc0a22ea383851b7bf896f1,2024-07,Surrey Police,Surrey Police,-0.163007,51.218949,On or near Hospital,E01030572,Reigate and Banstead 014C,Violence and sexual offences,Unable to prosecute suspect,
3cb01b88a49e79dfced5468725b5f09ef5d4ca4dc2fd459ad772cdb843bde874,2024-07,Surrey Police,Surrey Police,-0.162810,51.215636,On or near Hawthorn Close,E01030572,Reigate and Banstead 014C,Violence and sexual offences,Unable to prosecute suspect,
67372eac325e084e574b98b91cc485e76c75a3a1d23628d8da21d75759f0dac3,2024-07,Surrey Police,Surrey Police,-0.163007,51.218949,On or near Hospital,E01030572,Reigate and Banstead 014C,Violence and sexual offences,Unable to prosecute suspect,
e6a7e4804c84df4c9ccfb0f6c6ce4383c6d7288926ddc42c1897a336b2614507,2024-07,Surrey Police,Surrey Police,-0.161133,51.215313,On or near Ambleside Close,E01030572,Reigate and Banstead 014C,Violence and sexual offences,Unable to prosecute suspect,
38947f1edd7970a719d0d78a0eb84c884ce82994f3e97c3ee95cec16c2c12439,2024-07,Surrey Police,Surrey Police,-0.163007,51.218949,On or near Hospital,E01030572,Reigate and Banstead 014C,Violence and sexual offences,Unable to prosecute suspect,
4166560efa48f4533d502f01c005ded0f6c2c37a8659e0cf05e822578097d54f,2024-07,Surrey Police,Surrey Police,-0.161133,51.215313,On or near Ambleside Close,E01030572,Reigate and Banstead 014C,Violence and sexual offences,Unable to prosecute suspect,
1ac46c7a04342327be4bd0313036100529fde58302e671d866ec9227fd0e18c5,2024-07,Surrey Police,Surrey Police,-0.163007,51.218949,On or near Hospital,E01030572,Reigate and Banstead 014C,Violence and sexual offences,Unable to prosecute suspect,
073a2cd2a20427ff3bc8417525f9b97f8c6de599b33b8a0a7aed0e46260a4e1f,2024-07,Surrey Police,Surrey Police,-0.163007,51.218949,On or near Hospital,E01030572,Reigate and Banstead 014C,Violence and sexual offences,Awaiting court outcome,
d746d5fa61943436a6280c55614df9e11db171278455c8bac2ffabec32d1d5df,2024-07,Surrey Police,Surrey Police,-0.163007,51.218949,On or near Hospital,E01030572,Reigate and Banstead 014C,Violence and sexual offences,Awaiting court outcome,
b1d5c63f70263cd01f73e3f4a20f73f8bbc66cf5eeed3265f6207026aea58b9d,2024-07,Surrey Police,Surrey Police,-0.163007,51.218949,On or near Hospital,E01030572,Reigate and Banstead 014C,Violence and sexual offences,Unable to prosecute suspect,
37127847e2b7b3a00be3ceed7dbc87d7784a858380338214cb173cdcd36af5a3,2024-07,Surrey Police,Surrey Police,-0.163960,51.215520,On or near Edgefield Close,E01030572,Reigate and Banstead 014C,Violence and sexual offences,Unable to prosecute suspect,
f844b32ae1d7f0269af6bb0a8109679e19c365365b86d99902f8a7c76773e589,2024-07,Surrey Police,Surrey Police,-0.164960,51.215931,On or near Denton Close,E01030572,Reigate and Banstead 014C,Violence and sexual offences,Unable to prosecute suspect,
4e5fde8b8b06f23151b169cbf604ddc57f1f56aba7dadfd19146e0c5db982a4f,2024-07,Surrey Police,Surrey Police,-0.161408,51.215965,On or near Grantwood Close,E01030572,Reigate and Banstead 014C,Violence and sexual offences,Unable to prosecute suspect,
84c91fba12a0219ab97ad38dbfc28e274419bfc6a4678eb905d5ba7cd8cb9780,2024-07,Surrey Police,Surrey Police,-0.161408,51.215965,On or near Grantwood Close,E01030572,Reigate and Banstead 014C,Violence and sexual offences,Unable to prosecute suspect,
cd126936ec0dc21043cce0a8bd4dd0035460a5f2acdf2bb4a0d019d9c5800c71,2024-07,Surrey Police,Surrey Police,-0.161133,51.215313,On or near Ambleside Close,E01030572,Reigate and Banstead 014C,Violence and sexual offences,Unable to prosecute suspect,
40e27a9a9c97d02a4c7b797bf3b05dd3af43f61049be0d06b2697a30996de4f2,2024-07,Surrey Police,Surrey Police,-0.161408,51.215965,On or near Grantwood Close,E01030572,Reigate and Banstead 014C,Violence and sexual offences,Unable to prosecute suspect,
968ec92a453c0c0b8299c3b45aa88ac2ba79131b7d01d9f96e5dd74eaf5ac74a,2024-07,Surrey Police,Surrey Police,-0.161408,51.215965,On or near Grantwood Close,E01030572,Reigate and Banstead 014C,Violence and sexual offences,Unable to prosecute suspect,
eb2f1c29223dca8a2fa4eba340bf1819f669f95d5910caeadab4c81b09406df0,2024-07,Surrey Police,Surrey Police,-0.163007,51.218949,On or near Hospital,E01030572,Reigate and Banstead 014C,Violence and sexual offences,Unable to prosecute suspect,
8a6356793066c7c3a18bd499565df10416755a73259fcc6b1a1f632024e3ef8e,2024-07,Surrey Police,Surrey Police,-0.163960,51.215520,On or near Edgefield Close,E01030572,Reigate and Banstead 014C,Violence and sexual offences,Unable to prosecute suspect,
2813d21b1bfefa196965d7a929121efc6aee674ff273c7df7d152a1fa798be6a,2024-07,Surrey Police,Surrey Police,-0.161133,51.215313,On or near Ambleside Close,E01030572,Reigate and Banstead 014C,Violence and sexual offences,Unable to prosecute suspect,
90e5f0ad837f6f00600be265e1b6e32d0dfce394ff75af0ab4c4084a5f83f872,2024-07,Surrey Police,Surrey Police,-0.163007,51.218949,On or near Hospital,E01030572,Reigate and Banstead 014C,Other crime,Awaiting court outcome,
4a8787b27564bfda5c8300cf346743f6177a97b9f873b22df72ce070aa59d6f3,2024-07,Surrey Police,Surrey Police,-0.168403,51.229474,On or near St John'S Road,E01030573,Reigate and Banstead 014D,Vehicle crime,Investigation complete; no suspect identified,
08935c4b3e7c698cc3fefe813b35f7d378c807bfef2a0773b4c1734081d3eb59,2024-07,Surrey Police,Surrey Police,-0.165414,51.229364,On or near Althorne Road,E01030573,Reigate and Banstead 014D,Violence and sexual offences,Investigation complete; no suspect identified,
f147b5fd2b4e9fa329804a0967fb5a2b63f98003954004a1f0302cadd1f0d70e,2024-07,Surrey Police,Surrey Police,-0.167396,51.231761,On or near Victoria Road,E01030573,Reigate and Banstead 014D,Violence and sexual offences,Unable to prosecute suspect,
4de467aaa9bbdcc40fad9768be043d6a31ca2d4853636e2bb3deae1232f23f48,2024-07,Surrey Police,Surrey Police,-0.168403,51.229474,On or near St John'S Road,E01030573,Reigate and Banstead 014D,Violence and sexual offences,Unable to prosecute suspect,
4751b6669ce9ea56034aa78e5154a1a6b061dd39705f180019800028d55fc436,2024-07,Surrey Police,Surrey Police,-0.164649,51.227707,On or near Brambletye Park Road,E01030573,Reigate and Banstead 014D,Violence and sexual offences,Unable to prosecute suspect,
eed24233e8428ef096f26631c90f54f62c0c32f7feed039d8d733915e8a9a331,2024-07,Surrey Police,Surrey Police,-0.158583,51.228987,On or near Haigh Crescent,E01030573,Reigate and Banstead 014D,Violence and sexual offences,Unable to prosecute suspect,
f43b5bc4dc20ef79a806f0897133e07dc2da57eec9804eedeae6e22fc7d999b6,2024-07,Surrey Police,Surrey Police,-0.167548,51.227932,On or near Trentham Road,E01030574,Reigate and Banstead 014E,Criminal damage and arson,Investigation complete; no suspect identified,
b2e958279fa1d7400757f16cc79382d32cac3aa8bedd72da435bcee09e1ba7a9,2024-07,Surrey Police,Surrey Police,-0.168047,51.232319,On or near Hooley Lane,E01030574,Reigate and Banstead 014E,Public order,Unable to prosecute suspect,
f89bdbcda31d1900b404ca27ac43d05820647a07fc53dea04aaa7022c66ac399,2024-07,Surrey Police,Surrey Police,-0.168047,51.232319,On or near Hooley Lane,E01030574,Reigate and Banstead 014E,Shoplifting,Investigation complete; no suspect identified,
5e21c7389118c615716b8ca60d97aa654452844fa6e96736954c69d0f949f4de,2024-07,Surrey Police,Surrey Police,-0.168925,51.223898,On or near Asylum Arch Road,E01030574,Reigate and Banstead 014E,Violence and sexual offences,Unable to prosecute suspect,
0348f2f53317f34af2ad568e72d8b83957204e54079597c6ff7a9320ed039003,2024-07,Surrey Police,Surrey Police,-0.172622,51.228191,On or near Earlswood Road,E01030574,Reigate and Banstead 014E,Violence and sexual offences,Unable to prosecute suspect,
8d0b8d0ab20144fe0315f78fcee4fffd22f2222b3afbc6eb74644b75f2f771b1,2024-07,Surrey Police,Surrey Police,-0.168047,51.232319,On or near Hooley Lane,E01030574,Reigate and Banstead 014E,Violence and sexual offences,Investigation complete; no suspect identified,
,2024-07,Surrey Police,Surrey Police,-0.218125,51.180700,On or near Collendean Lane,E01030628,Reigate and Banstead 015A,Anti-social behaviour,,
,2024-07,Surrey Police,Surrey Police,-0.166753,51.197829,On or near Wood Close,E01030628,Reigate and Banstead 015A,Anti-social behaviour,,
,2024-07,Surrey Police,Surrey Police,-0.203174,51.183628,On or near Crutchfield Lane,E01030628,Reigate and Banstead 015A,Anti-social behaviour,,
10b0069059469242788f617be41991745e21440ab64934826f14c0ab1e377b6d,2024-07,Surrey Police,Surrey Police,-0.168147,51.200936,On or near White Lodge Gardens,E01030628,Reigate and Banstead 015A,Criminal damage and arson,Status update unavailable,
3e1745da97551c055674f4f586cdf0d7029ce59f60061849f0e8d828409f0b90,2024-07,Surrey Police,Surrey Police,-0.163013,51.202609,On or near Southern Avenue,E01030628,Reigate and Banstead 015A,Criminal damage and arson,Investigation complete; no suspect identified,
ffbd526b70782da5912fba24687db8590b907eae4abbc94af9d440caafbfb0d4,2024-07,Surrey Police,Surrey Police,-0.168147,51.200936,On or near White Lodge Gardens,E01030628,Reigate and Banstead 015A,Criminal damage and arson,Awaiting court outcome,
9b19935b5fc2c45c34ed84fd43439c43659032d02cb7d44975aabedd7883304e,2024-07,Surrey Police,Surrey Police,-0.168147,51.200936,On or near White Lodge Gardens,E01030628,Reigate and Banstead 015A,Criminal damage and arson,Unable to prosecute suspect,
69f4e14827409a73b248e864a0b0b46064c670af8e1a94ae588ec4229d1ee31c,2024-07,Surrey Police,Surrey Police,-0.168147,51.200936,On or near White Lodge Gardens,E01030628,Reigate and Banstead 015A,Criminal damage and arson,Awaiting court outcome,
6ac10af0601061176d6a2d1c82da5a564016bc8b40a8928053b8c21f86b0539a,2024-07,Surrey Police,Surrey Police,-0.168147,51.200936,On or near White Lodge Gardens,E01030628,Reigate and Banstead 015A,Drugs,Further investigation is not in the public interest,
a36d92a2d6822bb34448b75452dcc532385958df98e37d41247a23841371da2f,2024-07,Surrey Police,Surrey Police,-0.168147,51.200936,On or near White Lodge Gardens,E01030628,Reigate and Banstead 015A,Drugs,Status update unavailable,
d96416678b2bba2a784ee513007c35615cd4612a96ce1e448df98cc77362fdf0,2024-07,Surrey Police,Surrey Police,-0.162113,51.201489,On or near Salfords,E01030628,Reigate and Banstead 015A,Public order,Awaiting court outcome,
8c7f5f32d3568f603d22ac401b6a3c814280ea2177e2f36b2bcc3874b95a5d97,2024-07,Surrey Police,Surrey Police,-0.164639,51.202760,On or near Mead Avenue,E01030628,Reigate and Banstead 015A,Public order,Unable to prosecute suspect,
5567e7c5db77449ff07556afdcac339a705c009f5099933627dc340b416b4df2,2024-07,Surrey Police,Surrey Police,-0.168147,51.200936,On or near White Lodge Gardens,E01030628,Reigate and Banstead 015A,Public order,Awaiting court outcome,
e70a43fdb891506874e9bb03f62458cf3da59710292e5b3ae2be21952ca57b86,2024-07,Surrey Police,Surrey Police,-0.168147,51.200936,On or near White Lodge Gardens,E01030628,Reigate and Banstead 015A,Public order,Unable to prosecute suspect,
d40a60ebeaaecc5ee9271e14e4c817a3ed69c353ac8053b653c21c30cc407525,2024-07,Surrey Police,Surrey Police,-0.168147,51.200936,On or near White Lodge Gardens,E01030628,Reigate and Banstead 015A,Public order,Unable to prosecute suspect,
c6f6f945d370bdff362c8d274dca3490dabd0e798462086c670dd958c72a8bf7,2024-07,Surrey Police,Surrey Police,-0.168147,51.200936,On or near White Lodge Gardens,E01030628,Reigate and Banstead 015A,Vehicle crime,Status update unavailable,
0d1556cc3ff5ab73e1c2c2d10b1b44f090e17f5b6c3061376a22d4b5bcd42dda,2024-07,Surrey Police,Surrey Police,-0.168147,51.200936,On or near White Lodge Gardens,E01030628,Reigate and Banstead 015A,Vehicle crime,Investigation complete; no suspect identified,
fa26f7973f96713eb2c3831aa88439d8cf42f9d93a7e4e9218fd22d57448a408,2024-07,Surrey Police,Surrey Police,-0.202147,51.206364,On or near Ironsbottom,E01030628,Reigate and Banstead 015A,Violence and sexual offences,Unable to prosecute suspect,
9950c0e2968ff79d8b6ea6c9eab8f022b60773b7f83ac9d6392922f8acfaa13a,2024-07,Surrey Police,Surrey Police,-0.168147,51.200936,On or near White Lodge Gardens,E01030628,Reigate and Banstead 015A,Violence and sexual offences,Awaiting court outcome,
92cab304d955995873376af4caa9b4057768314c374b06b654c9e530e4ce614f,2024-07,Surrey Police,Surrey Police,-0.168147,51.200936,On or near White Lodge Gardens,E01030628,Reigate and Banstead 015A,Violence and sexual offences,Status update unavailable,
4d01ef3a0e7f5652303b4e17d65cb69df0b46e3db16c4cdb259f5f8f2e214453,2024-07,Surrey Police,Surrey Police,-0.168147,51.200936,On or near White Lodge Gardens,E01030628,Reigate and Banstead 015A,Violence and sexual offences,Unable to prosecute suspect,
a7ac82c538c9508639fbe31968a965933f6cb5037794090bba013f777a9d9bcd,2024-07,Surrey Police,Surrey Police,-0.203174,51.183628,On or near Crutchfield Lane,E01030628,Reigate and Banstead 015A,Violence and sexual offences,Unable to prosecute suspect,
b8b61dee6c6b0401759a9f24baa7b9ce957d8295332c43db9a9b6b02f58c4b3c,2024-07,Surrey Police,Surrey Police,-0.231509,51.184100,On or near Sports/Recreation Area,E01030628,Reigate and Banstead 015A,Violence and sexual offences,Status update unavailable,
4ae3a2e50b87bdcc2ca4a9eada2ee99103232e6f1a3ef880ad1d28f2763dbda4,2024-07,Surrey Police,Surrey Police,-0.168147,51.200936,On or near White Lodge Gardens,E01030628,Reigate and Banstead 015A,Violence and sexual offences,Awaiting court outcome,
666a6e1e0b1cbfaec1493ac9dec6e47ab3eef5c77a8c65e353705bac93e3c401,2024-07,Surrey Police,Surrey Police,-0.168147,51.200936,On or near White Lodge Gardens,E01030628,Reigate and Banstead 015A,Violence and sexual offences,Awaiting court outcome,
320115a22e3548a3c94624a0237b1fc02089d6aa96fb3e9942de6c20410a24ec,2024-07,Surrey Police,Surrey Police,-0.168147,51.200936,On or near White Lodge Gardens,E01030628,Reigate and Banstead 015A,Violence and sexual offences,Court result unavailable,
446d026055b1ba574f4426eaafe680f6f68eb607178163f65b27ab3da736df85,2024-07,Surrey Police,Surrey Police,-0.168147,51.200936,On or near White Lodge Gardens,E01030628,Reigate and Banstead 015A,Violence and sexual offences,Awaiting court outcome,
d9fc058fa3913345bb4aebc60b8628279430cf31b8cf59043f7579c30d14e856,2024-07,Surrey Police,Surrey Police,-0.168147,51.200936,On or near White Lodge Gardens,E01030628,Reigate and Banstead 015A,Violence and sexual offences,Status update unavailable,
4683f9112310a1e20a23aaa12342d82f7d7644c526d43eb0cf5cf92df7ddb155,2024-07,Surrey Police,Surrey Police,-0.168147,51.200936,On or near White Lodge Gardens,E01030628,Reigate and Banstead 015A,Violence and sexual offences,Status update unavailable,
db1826ba37f9a669af6640c36de9857b2b01e6a1f8cb5ce728c6a0487df8452d,2024-07,Surrey Police,Surrey Police,-0.168147,51.200936,On or near White Lodge Gardens,E01030628,Reigate and Banstead 015A,Violence and sexual offences,Status update unavailable,
2b6abb2e3745babf8f0bb1ef469954783f7ba796af0bbdee95d661d018782e99,2024-07,Surrey Police,Surrey Police,-0.170113,51.202261,On or near Park Avenue,E01030629,Reigate and Banstead 015B,Criminal damage and arson,Investigation complete; no suspect identified,
b39031a19c8e032d11510dc37d7bc9e57ed97656e1b70f032cea05385576b969,2024-07,Surrey Police,Surrey Police,-0.168908,51.207360,On or near Brighton Road,E01030629,Reigate and Banstead 015B,Public order,Local resolution,
5b1f60f8d9e0d0124715c3366821f7ce3f963936c15fb416815e0bc304b07940,2024-07,Surrey Police,Surrey Police,-0.167504,51.204523,On or near Brighton Road,E01030629,Reigate and Banstead 015B,Vehicle crime,Investigation complete; no suspect identified,
11713055a7ea2989f162f5bc54c2ab4627602c14538fc979b11fe296a7c8996b,2024-07,Surrey Police,Surrey Police,-0.162014,51.187286,On or near Sports/Recreation Area,E01030629,Reigate and Banstead 015B,Violence and sexual offences,Investigation complete; no suspect identified,
aa2b1754ec7494a2807cfe5b549a11e189cb5f86cbabb46bfc179faafec202cf,2024-07,Surrey Police,Surrey Police,-0.200884,51.221857,On or near Meadow Way,E01030632,Reigate and Banstead 015C,Violence and sexual offences,Unable to prosecute suspect,
d422235f2766177debac7958d78d2e2377fb98091db21eb49af9c44e06736f83,2024-07,Surrey Police,Surrey Police,-0.198934,51.222286,On or near Brandsland,E01030633,Reigate and Banstead 015D,Burglary,Investigation complete; no suspect identified,
d289381480d168139c6fd6c2810a6be3f5883c797fb486c1a76de68fb3377d1f,2024-07,Surrey Police,Surrey Police,-0.194565,51.220861,On or near Reeve Road,E01030633,Reigate and Banstead 015D,Other theft,Unable to prosecute suspect,
0d1c66bdfd1853fe97283d3135f795a9694fe1556d3c67a683eb53f5b8d7f720,2024-07,Surrey Police,Surrey Police,-0.194565,51.220861,On or near Reeve Road,E01030633,Reigate and Banstead 015D,Vehicle crime,Investigation complete; no suspect identified,
2b7465beeeb18b4059c2914a39c06c3722295992af1d8a82b1b7ad3b757b8b84,2024-07,Surrey Police,Surrey Police,-0.201921,51.219508,On or near Beehive Way,E01030633,Reigate and Banstead 015D,Vehicle crime,Investigation complete; no suspect identified,
b1a7b12e959cf0fd201c91a4fb4405a3b9f7265f1d66d612b76f755a5b193566,2024-07,Surrey Police,Surrey Police,-0.195271,51.220017,On or near Weald Way,E01030633,Reigate and Banstead 015D,Violence and sexual offences,Local resolution,
bb7207c774f7b28a4f59e9cdecfd3449192d6628d8e5dd18924f14e63d6344b0,2024-07,Surrey Police,Surrey Police,-0.196527,51.221575,On or near Potters Way,E01030633,Reigate and Banstead 015D,Violence and sexual offences,Awaiting court outcome,
7b275bac64d6e1e9af71cffd9c0583ee214354ca823db68d20c8122177af1236,2024-07,Surrey Police,Surrey Police,-0.197663,51.221826,On or near Lynn Walk,E01030633,Reigate and Banstead 015D,Violence and sexual offences,Unable to prosecute suspect,
11afb478390cffbc2e722f428a019a860a10b45fce41d78eb858d9685e5259e5,2024-07,Surrey Police,Surrey Police,-0.197060,51.222968,On or near Vevers Road,E01030633,Reigate and Banstead 015D,Violence and sexual offences,Unable to prosecute suspect,
1c330d2c1146de6973efc435fb19c651ee66a6d4cb36784cde4abd22e19edef6,2024-07,Surrey Police,Surrey Police,-0.194565,51.220861,On or near Reeve Road,E01030633,Reigate and Banstead 015D,Violence and sexual offences,Investigation complete; no suspect identified,
c3beee1f79d1e35c257477e0a7cbac8dfb9a5d8bb059e7bf7fad468ad8310ee5,2024-07,Surrey Police,Surrey Police,-0.199646,51.223608,On or near Petrol Station,E01030633,Reigate and Banstead 015D,Violence and sexual offences,Unable to prosecute suspect,
928c9b896f50f905c54603564da77daab5b267f7f9704c40c5cdf5ed41dcd502,2024-07,Surrey Police,Surrey Police,-0.197663,51.221826,On or near Lynn Walk,E01030633,Reigate and Banstead 015D,Violence and sexual offences,Investigation complete; no suspect identified,
0c25f9fea8f8443a199ea88aceb7b22268973568ac3ae52588f4c3fa385d2532,2024-07,Surrey Police,Surrey Police,-0.197060,51.222968,On or near Vevers Road,E01030633,Reigate and Banstead 015D,Violence and sexual offences,Unable to prosecute suspect,
a09915deb023dfdac5c574228f3e56bb67060e286579c37efc6629f972c4f3f2,2024-07,Surrey Police,Surrey Police,-0.197060,51.222968,On or near Vevers Road,E01030633,Reigate and Banstead 015D,Violence and sexual offences,Unable to prosecute suspect,
ecc13ca3eb57964a825e324fa855d90c7065aa05e2b5434983bcf060bc0dd5b9,2024-07,Surrey Police,Surrey Police,-0.197060,51.222968,On or near Vevers Road,E01030633,Reigate and Banstead 015D,Violence and sexual offences,Unable to prosecute suspect,
87880ef807cf86601e6550a1a3768ae147f5cbcb41355231c24bacb434a07e03,2024-07,Surrey Police,Surrey Police,-0.197060,51.222968,On or near Vevers Road,E01030633,Reigate and Banstead 015D,Violence and sexual offences,Unable to prosecute suspect,
,2024-07,Surrey Police,Surrey Police,-0.192257,51.221275,On or near Tiler'S Way,E01030634,Reigate and Banstead 015E,Anti-social behaviour,,
dcadb7198cc31921471ecd644eb27d6a7112a81b712d259dfc1f4a95f7e39ab9,2024-07,Surrey Police,Surrey Police,-0.190254,51.220129,On or near Staplehurst Close,E01030634,Reigate and Banstead 015E,Criminal damage and arson,Investigation complete; no suspect identified,
b90a643ce1267cd288e986f45973bb81e651e2c5cfdfb4c4541460f2ef07c7bb,2024-07,Surrey Police,Surrey Police,-0.196635,51.219544,On or near Lonesome Lane,E01030634,Reigate and Banstead 015E,Violence and sexual offences,Unable to prosecute suspect,
87cc06754cb64ecac41fabfa498a023bc2283c4a09ea2168dacd2b431cd40e89,2024-07,Surrey Police,Surrey Police,-0.199412,51.218103,On or near Ashdown Close,E01030634,Reigate and Banstead 015E,Violence and sexual offences,Further investigation is not in the public interest,
ca527934d81112237e051e17208bf753d3e0f60520d6c0b1d49f0ac3f9598aa7,2024-07,Surrey Police,Surrey Police,-0.198241,51.219488,On or near Arden Close,E01030634,Reigate and Banstead 015E,Violence and sexual offences,Court result unavailable,
2bc84d9e26156f8b5037ce483bbe94850a3db0d66047d64d7d5d6ae749439fa1,2024-07,Surrey Police,Surrey Police,-0.199412,51.218103,On or near Ashdown Close,E01030634,Reigate and Banstead 015E,Violence and sexual offences,Unable to prosecute suspect,
84e91d80576383b4f11704381f605c023968749d5acb57ae0e8c7e05fa4e0363,2024-07,Surrey Police,Surrey Police,-0.195151,51.221994,On or near New Causeway,E01030634,Reigate and Banstead 015E,Violence and sexual offences,Investigation complete; no suspect identified,
,2024-07,Surrey Police,Surrey Police,-0.174101,51.180609,On or near Sports/Recreation Area,E01030585,Reigate and Banstead 016B,Anti-social behaviour,,
,2024-07,Surrey Police,Surrey Police,-0.174101,51.180609,On or near Sports/Recreation Area,E01030585,Reigate and Banstead 016B,Anti-social behaviour,,
480fafe21887f641de977f236c1d12ffe4d09565f2834e60d31d553d5a4bd8e3,2024-07,Surrey Police,Surrey Police,-0.169798,51.180575,On or near Yew Tree Close,E01030585,Reigate and Banstead 016B,Other theft,Investigation complete; no suspect identified,
9d29af5cefee5cf70b7a5840c56f446e8e93563c37b5d2398042c42bce6a4de0,2024-07,Surrey Police,Surrey Police,-0.171180,51.185425,On or near Darenth Way,E01030585,Reigate and Banstead 016B,Violence and sexual offences,Unable to prosecute suspect,
9ac45c08ff6faa944897a18cf2fcf491ef56ece5e8461c8b937ae9bcf70bda96,2024-07,Surrey Police,Surrey Police,-0.171180,51.185425,On or near Darenth Way,E01030585,Reigate and Banstead 016B,Violence and sexual offences,Unable to prosecute suspect,
1dace6add31a3cfb372c43d82c3e351f061600f85da1e8fdb41b165a01fc7876,2024-07,Surrey Police,Surrey Police,-0.171180,51.185425,On or near Darenth Way,E01030585,Reigate and Banstead 016B,Violence and sexual offences,Unable to prosecute suspect,
12a714bc42f4c3af0a954b66b0e10585486e7b98767a8768a1bcfc23c2273f86,2024-07,Surrey Police,Surrey Police,-0.171180,51.185425,On or near Darenth Way,E01030585,Reigate and Banstead 016B,Violence and sexual offences,Unable to prosecute suspect,
d9f99e5507d35165aecec6804f4258a26b0957b7edf81fc87c296b185296d8d6,2024-07,Surrey Police,Surrey Police,-0.168175,51.182555,On or near Waterside,E01030585,Reigate and Banstead 016B,Violence and sexual offences,Unable to prosecute suspect,
,2024-07,Surrey Police,Surrey Police,-0.179409,51.175230,On or near Gower Road,E01030586,Reigate and Banstead 016C,Anti-social behaviour,,
,2024-07,Surrey Police,Surrey Police,-0.182990,51.179854,On or near Goldcrest Close,E01030586,Reigate and Banstead 016C,Anti-social behaviour,,
19a0a4bb14259fdd54e0f55cca1b5de4f9b7d1b100534a79176ad5c08679297d,2024-07,Surrey Police,Surrey Police,-0.182518,51.178021,On or near Mill Close,E01030586,Reigate and Banstead 016C,Criminal damage and arson,Unable to prosecute suspect,
bb26cfe849703773f50526aaaf361fa4bfb2a4d1224eca03aea4b12119ac745c,2024-07,Surrey Police,Surrey Police,-0.184323,51.176871,On or near Whitmore Way,E01030586,Reigate and Banstead 016C,Public order,Investigation complete; no suspect identified,
92146ed192671c0a6082146345511e602edfc54c81c32509e546db7df3b1670d,2024-07,Surrey Police,Surrey Police,-0.176071,51.178613,On or near Priestlands Close,E01030586,Reigate and Banstead 016C,Violence and sexual offences,Unable to prosecute suspect,
08305242bc3ce0cde3b3c5d559fa5e1e8d37dd50d989b8ae6c271d42ded71816,2024-07,Surrey Police,Surrey Police,-0.179410,51.174483,On or near Drake Road,E01030586,Reigate and Banstead 016C,Violence and sexual offences,Unable to prosecute suspect,
c7242db0f95be99ea55124965f8bda3c128b2a27f42b6e2dc6956f5f312ed998,2024-07,Surrey Police,Surrey Police,-0.176071,51.178613,On or near Priestlands Close,E01030586,Reigate and Banstead 016C,Other crime,Status update unavailable,
,2024-07,Surrey Police,Surrey Police,-0.172359,51.179131,On or near Charlesfield Road,E01030587,Reigate and Banstead 016D,Anti-social behaviour,,
,2024-07,Surrey Police,Surrey Police,-0.169164,51.175987,On or near Parking Area,E01030587,Reigate and Banstead 016D,Anti-social behaviour,,
,2024-07,Surrey Police,Surrey Police,-0.170185,51.178404,On or near Hevers Avenue,E01030587,Reigate and Banstead 016D,Anti-social behaviour,,
d9a991dc5163af112ea0eb5277a69ee7b393f60e6494f77b21b24425207df487,2024-07,Surrey Police,Surrey Police,-0.174073,51.179562,On or near Orchard Close,E01030587,Reigate and Banstead 016D,Criminal damage and arson,Investigation complete; no suspect identified,
b6333c250bca35ea930add8b93f53e4850e34d0992352be7323db37931ce17b0,2024-07,Surrey Police,Surrey Police,-0.174073,51.179562,On or near Orchard Close,E01030587,Reigate and Banstead 016D,Public order,Unable to prosecute suspect,
b328b7e80817b9ba6155262d5dfc87f4cd8e08ff6221a4a5c97fea3bd8fff460,2024-07,Surrey Police,Surrey Police,-0.172673,51.174810,On or near Littlefield Close,E01030587,Reigate and Banstead 016D,Public order,Unable to prosecute suspect,
8f061fc2ecb3404486fb577e96036f7897400526d003cc0c89807b6254a9ef94,2024-07,Surrey Police,Surrey Police,-0.168797,51.178392,On or near Southlands Avenue,E01030587,Reigate and Banstead 016D,Public order,Investigation complete; no suspect identified,
4e5e40dbcd9f3a0657a8b7cc30517ba7b9ea98d85e8c6691ad1daaf3a888ecb0,2024-07,Surrey Police,Surrey Police,-0.168797,51.178392,On or near Southlands Avenue,E01030587,Reigate and Banstead 016D,Shoplifting,Court result unavailable,
2ee4f6af2115ff05ef954cb06f5d3460a6c0ea3808d6818aeaf8bc773eeca92a,2024-07,Surrey Police,Surrey Police,-0.168797,51.178392,On or near Southlands Avenue,E01030587,Reigate and Banstead 016D,Shoplifting,Unable to prosecute suspect,
2714b18e1ddf0ed01cee6188c1770d68b8a4c34528d2b05d2a4b37cea095684d,2024-07,Surrey Police,Surrey Police,-0.171981,51.179278,On or near Strawson Court,E01030587,Reigate and Banstead 016D,Vehicle crime,Investigation complete; no suspect identified,
b19150cde788d17a323c5918bf2b334122cadb8826d82b5d83fc330f041c93ce,2024-07,Surrey Police,Surrey Police,-0.169881,51.174874,On or near A23,E01030587,Reigate and Banstead 016D,Violence and sexual offences,Further investigation is not in the public interest,
4e122d2b533d8bd50fabdae73381996c5dfea49226e8a44c0dfda3fb2d7035da,2024-07,Surrey Police,Surrey Police,-0.167466,51.179855,On or near Chequers Close,E01030587,Reigate and Banstead 016D,Violence and sexual offences,Action to be taken by another organisation,
8433045d077f2cfc0e8e03d31e326ece5f24d627a41ba3f9657f1a454c3c7985,2024-07,Surrey Police,Surrey Police,-0.168797,51.178392,On or near Southlands Avenue,E01030587,Reigate and Banstead 016D,Violence and sexual offences,Unable to prosecute suspect,
36e409ad23a57922395f2b7f06f65a8f711d5ce9cf8c2ebfab98d5b45f4d6063,2024-07,Surrey Police,Surrey Police,-0.169881,51.174874,On or near A23,E01030587,Reigate and Banstead 016D,Violence and sexual offences,Further investigation is not in the public interest,
091d346295d1465e3acc78d84b5767f8592009e9fc94c7c9a64592cf66e9fe75,2024-07,Surrey Police,Surrey Police,-0.169164,51.175987,On or near Parking Area,E01030587,Reigate and Banstead 016D,Violence and sexual offences,Investigation complete; no suspect identified,
d07ba236b8d0c9fb1d0cd6b76276f6809dad3ea263d209037310849469dca865,2024-07,Surrey Police,Surrey Police,-0.173989,51.176998,On or near Priory Close,E01030587,Reigate and Banstead 016D,Violence and sexual offences,Unable to prosecute suspect,
,2024-07,Surrey Police,Surrey Police,-0.176670,51.176114,On or near Court Lodge Road,E01030588,Reigate and Banstead 016E,Anti-social behaviour,,
,2024-07,Surrey Police,Surrey Police,-0.179249,51.173851,On or near Thornton Close,E01030588,Reigate and Banstead 016E,Anti-social behaviour,,
,2024-07,Surrey Police,Surrey Police,-0.176670,51.176114,On or near Court Lodge Road,E01030588,Reigate and Banstead 016E,Anti-social behaviour,,
0431a8ee0ea2a122f54436ef6c2721933be86f0de292a4b363c1a9edb858cedb,2024-07,Surrey Police,Surrey Police,-0.176670,51.176114,On or near Court Lodge Road,E01030588,Reigate and Banstead 016E,Burglary,Investigation complete; no suspect identified,
86910e911556d975716be3cd8e57a14bdc34916f0d2df398ca7a7a58da0eae78,2024-07,Surrey Police,Surrey Police,-0.177692,51.174502,On or near Thornton Place,E01030588,Reigate and Banstead 016E,Burglary,Status update unavailable,
69b325d3e3d5c1ce9fb15cc6e9889466c1b373ae7902b3e1d278cf7d5e9079bb,2024-07,Surrey Police,Surrey Police,-0.170848,51.173586,On or near Brighton Road,E01030588,Reigate and Banstead 016E,Criminal damage and arson,Investigation complete; no suspect identified,
81ff58dfba254cbd76eec268d261d4c30ecb77a9700ecaf85f3eccd3d9179b01,2024-07,Surrey Police,Surrey Police,-0.170848,51.173586,On or near Brighton Road,E01030588,Reigate and Banstead 016E,Other theft,Investigation complete; no suspect identified,
447473652fb462239980da65465ee2cb6ac5c5687e2f92da5845034b86195ddb,2024-07,Surrey Police,Surrey Police,-0.175262,51.175561,On or near Ramsey Close,E01030588,Reigate and Banstead 016E,Other theft,Unable to prosecute suspect,
65dd57c678ad585a60db53d49a85aa54c7c86a5c0c017880fc3f0602e93f52f5,2024-07,Surrey Police,Surrey Police,-0.176670,51.176114,On or near Court Lodge Road,E01030588,Reigate and Banstead 016E,Other theft,Investigation complete; no suspect identified,
e92cf875b85bb8ed25ca4b539481dadecbb2525a5274b6816c1f0949bfc98ef0,2024-07,Surrey Police,Surrey Police,-0.174450,51.175836,On or near Kelsey Close,E01030588,Reigate and Banstead 016E,Violence and sexual offences,Unable to prosecute suspect,
f06237d8ec3d1570e6aad7412ecfa8d5deb1f7f6e693b6baf6410fe8ca586603,2024-07,Surrey Police,Surrey Police,-0.179249,51.173851,On or near Thornton Close,E01030588,Reigate and Banstead 016E,Violence and sexual offences,Unable to prosecute suspect,
77097ac926fce3289c49f07ebce08c094f4849117932e7cf8aa4bfcc1d158ee5,2024-07,Surrey Police,Surrey Police,-0.174450,51.175836,On or near Kelsey Close,E01030588,Reigate and Banstead 016E,Violence and sexual offences,Unable to prosecute suspect,
bcd428f19e8e821e5818446d34e8a0239453a10f6ceb7ec5601957ca1106e2c8,2024-07,Surrey Police,Surrey Police,-0.177692,51.174502,On or near Thornton Place,E01030588,Reigate and Banstead 016E,Violence and sexual offences,Unable to prosecute suspect,
4db9224c658b2ce743ec93f18724021067f2788f66f3ec61f9f4867e75fcd5df,2024-07,Surrey Police,Surrey Police,-0.176670,51.176114,On or near Court Lodge Road,E01030588,Reigate and Banstead 016E,Violence and sexual offences,Unable to prosecute suspect,
be3eccfc370b4ed4ddba4cb1cc2d33339f3fe406018b1f3cd9c33ff507cb329b,2024-07,Surrey Police,Surrey Police,-0.179249,51.173851,On or near Thornton Close,E01030588,Reigate and Banstead 016E,Violence and sexual offences,Unable to prosecute suspect,
6c8e1cc6687724885604ccc776b51969e625e7f3455ab98292279f26d7a69a93,2024-07,Surrey Police,Surrey Police,-0.174450,51.175836,On or near Kelsey Close,E01030588,Reigate and Banstead 016E,Violence and sexual offences,Status update unavailable,
a1ead2451ad9d797006ce0b990cb696448e90eafc76cacfd6ea576a16a6abacb,2024-07,Surrey Police,Surrey Police,-0.179249,51.173851,On or near Thornton Close,E01030588,Reigate and Banstead 016E,Violence and sexual offences,Unable to prosecute suspect,
44f44c7e63a4874b7f9e8c6a8c9e0ae3ef90ee5b8f24ced9248254ac3dd2b2d7,2024-07,Surrey Police,Surrey Police,-0.172290,51.172925,On or near Ashleigh Close,E01030588,Reigate and Banstead 016E,Other crime,Status update unavailable,
,2024-07,Surrey Police,Surrey Police,-0.184790,51.188308,On or near Summer Road,E01035359,Reigate and Banstead 016F,Anti-social behaviour,,
5aed8ba0fbb725b41b36715cd0b83178fe0336aacb1a1f9a0f5767f9aa014939,2024-07,Surrey Police,Surrey Police,-0.183731,51.188292,On or near Brotherton Avenue,E01035359,Reigate and Banstead 016F,Violence and sexual offences,Unable to prosecute suspect,
552250f2be6b681e696a981905a9dc85f64fab0fec3f0d52cd50cc453cabccb8,2024-07,Surrey Police,Surrey Police,-0.186123,51.184957,On or near Blunden Way,E01035359,Reigate and Banstead 016F,Violence and sexual offences,Unable to prosecute suspect,
6e115b2021f2efb23cb918e0fcc08f0974168d3db243ab78fa0df47233e9f07b,2024-07,Surrey Police,Surrey Police,-0.181827,51.187228,On or near Meath Green Farm Close,E01035359,Reigate and Banstead 016F,Violence and sexual offences,Unable to prosecute suspect,
,2024-07,Surrey Police,Surrey Police,-0.180350,51.185478,On or near Denoras Close,E01035360,Reigate and Banstead 016G,Anti-social behaviour,,
6d3336d69c403d691b75b01a00def20b10cc15ebdd974efe698bbc2897990473,2024-07,Surrey Police,Surrey Police,-0.178366,51.184998,On or near Tarham Close,E01035360,Reigate and Banstead 016G,Public order,Unable to prosecute suspect,
c510da244a3e6914c1bcb9d1a9cec50962954b2e637dea4c72b77c4a60bb7a9f,2024-07,Surrey Police,Surrey Police,-0.158725,51.177307,On or near Cloverfields,E01030580,Reigate and Banstead 017A,Criminal damage and arson,Court result unavailable,
d43a8c36413a6a4c86633d63044383801643efb4b1da5632a638427cb0dca714,2024-07,Surrey Police,Surrey Police,-0.159303,51.181489,On or near Little Meadow,E01030580,Reigate and Banstead 017A,Vehicle crime,Investigation complete; no suspect identified,
f51635838d0f30a9840dd0201dc0d8ee32bddbe5cbf416f66eef368315e1a54e,2024-07,Surrey Police,Surrey Police,-0.159148,51.178915,On or near Homefield Close,E01030580,Reigate and Banstead 017A,Violence and sexual offences,Unable to prosecute suspect,
,2024-07,Surrey Police,Surrey Police,-0.149087,51.182902,On or near Peppiatt Close,E01030581,Reigate and Banstead 017B,Anti-social behaviour,,
21a07da0ee58f2763d872b13d49ad2df791898a1bad52be849adf8e3a4095523,2024-07,Surrey Police,Surrey Police,-0.150560,51.182206,On or near Blacksmith Road,E01030581,Reigate and Banstead 017B,Burglary,Investigation complete; no suspect identified,
1b03b388917a73db5bd52911e4124874bbd79b20a892d3627cd040f48e87ef16,2024-07,Surrey Police,Surrey Police,-0.150560,51.182206,On or near Blacksmith Road,E01030581,Reigate and Banstead 017B,Burglary,Investigation complete; no suspect identified,
0f084e5636b2fc8bb7ff42000d9e250ce32e73e6ad6c19d7874c562cf9b89c93,2024-07,Surrey Police,Surrey Police,-0.151732,51.174733,On or near West Meads,E01030581,Reigate and Banstead 017B,Criminal damage and arson,Unable to prosecute suspect,
8b8a411356c56adb4405f182ea2614839d79b08b6f43018282028eb58ce02232,2024-07,Surrey Police,Surrey Police,-0.147106,51.180937,On or near Burgess Road,E01030581,Reigate and Banstead 017B,Criminal damage and arson,Unable to prosecute suspect,
c27d5bef7f431910b9d3d923e379ef41e551785f0b39cf3d8183f3a8a583bf3d,2024-07,Surrey Police,Surrey Police,-0.149391,51.181387,On or near Railfield Gardens,E01030581,Reigate and Banstead 017B,Violence and sexual offences,Unable to prosecute suspect,
93ad160829ddbe545890f8fb25a631f4f1938a6ec6ac69e959ae025e1c5fd009,2024-07,Surrey Police,Surrey Police,-0.150954,51.177742,On or near Broadmead,E01030582,Reigate and Banstead 017C,Criminal damage and arson,Investigation complete; no suspect identified,
4c8da4f084ea34d46e28629f7ca8d9cc444ed4af1fd5b88dead2af3ab39ccf2c,2024-07,Surrey Police,Surrey Police,-0.152338,51.175687,On or near Oaklands,E01030582,Reigate and Banstead 017C,Violence and sexual offences,Unable to prosecute suspect,
485ca75a9a88e4adcfe4c6d2cf98de8152fa1d12e4e0fd1aa77f3bab4146e180,2024-07,Surrey Police,Surrey Police,-0.149630,51.177937,On or near Oakside Court,E01030582,Reigate and Banstead 017C,Violence and sexual offences,Unable to prosecute suspect,
cbbc24b5af4138b4eac6c53b1e7ee1cfcb1d0a6468c32999310fe08f83942400,2024-07,Surrey Police,Surrey Police,-0.148172,51.176106,On or near Clarence Court,E01030582,Reigate and Banstead 017C,Violence and sexual offences,Unable to prosecute suspect,
4bd2bb3e7122d81a65b5219056e6b2073e5d761872612173c51db6d3765113f2,2024-07,Surrey Police,Surrey Police,-0.148172,51.176106,On or near Clarence Court,E01030582,Reigate and Banstead 017C,Violence and sexual offences,Unable to prosecute suspect,
8429e929cb2dfce65d9d6df5c11d40da8b7fd22e6c7970a4e1bb91d4f878f86c,2024-07,Surrey Police,Surrey Police,-0.130942,51.167370,On or near Peeks Brook Lane,E01030583,Reigate and Banstead 017D,Criminal damage and arson,Unable to prosecute suspect,
eb071b7d30c2526549f61d8ea54386595011ff90b221c0240ec50a3bc461e811,2024-07,Surrey Police,Surrey Police,-0.130942,51.167370,On or near Peeks Brook Lane,E01030583,Reigate and Banstead 017D,Violence and sexual offences,Unable to prosecute suspect,
b6ad0e8b238d400854833ec478c9c3962c489165014f62f8fb05a2af6e0609be,2024-07,Surrey Police,Surrey Police,-0.156459,51.170644,On or near Brookwood Park,E01030583,Reigate and Banstead 017D,Violence and sexual offences,Action to be taken by another organisation,
,2024-07,Surrey Police,Surrey Police,-0.164723,51.182644,On or near Benhams Close,E01030576,Reigate and Banstead 018B,Anti-social behaviour,,
,2024-07,Surrey Police,Surrey Police,-0.165514,51.182171,On or near Benhams Drive,E01030576,Reigate and Banstead 018B,Anti-social behaviour,,
94635fb1759a1717425fe51dbd27b9d720ebe2a132f39b7ef7fc3a7a1fabb140,2024-07,Surrey Police,Surrey Police,-0.165514,51.182171,On or near Benhams Drive,E01030576,Reigate and Banstead 018B,Burglary,Unable to prosecute suspect,
d27063e8266141769a4dba23f44f123f8c703de2b14ee68cf31e27322369cf4e,2024-07,Surrey Police,Surrey Police,-0.161811,51.181376,On or near Ladbroke Road,E01030576,Reigate and Banstead 018B,Burglary,Unable to prosecute suspect,
13c801ba84014da6a6fe6c35d9e567484d0b8128837a314f9b37b241e445ba50,2024-07,Surrey Police,Surrey Police,-0.165514,51.182171,On or near Benhams Drive,E01030576,Reigate and Banstead 018B,Public order,Investigation complete; no suspect identified,
559ed83c12c32706ee9ea8d8ed1d790b6557ac60cba54e8c8c23bc495d948a26,2024-07,Surrey Police,Surrey Police,-0.164176,51.184515,On or near Petrol Station,E01030576,Reigate and Banstead 018B,Shoplifting,Unable to prosecute suspect,
22882f7c75aa90f7cc6468a4d3d29b0d99429ef41e868f5899c9dbeb1a764b15,2024-07,Surrey Police,Surrey Police,-0.164176,51.184515,On or near Petrol Station,E01030576,Reigate and Banstead 018B,Shoplifting,Court result unavailable,
d174f36de96ac28682a0adc3ec4d3d323fb833af25d7675facdc5012f889ec74,2024-07,Surrey Police,Surrey Police,-0.164176,51.184515,On or near Petrol Station,E01030576,Reigate and Banstead 018B,Shoplifting,Unable to prosecute suspect,
ed0f0f4e222d3b2c74f1f781f47cf4c3c9f65c8039c39bd49ef89704406bc7d5,2024-07,Surrey Police,Surrey Police,-0.163707,51.184427,On or near Bonehurst Road,E01030576,Reigate and Banstead 018B,Violence and sexual offences,Unable to prosecute suspect,
0c45e46b107d522b89e8b149f428a8cfffbdca8ed98ec5b7c5b470d4bdc78b9a,2024-07,Surrey Police,Surrey Police,-0.164176,51.184515,On or near Petrol Station,E01030576,Reigate and Banstead 018B,Violence and sexual offences,Unable to prosecute suspect,
d21cdac662bd6c39cfe08a08f4b7cc73dbe22a2b95bbb96dbea22c283d718dd0,2024-07,Surrey Police,Surrey Police,-0.165514,51.182171,On or near Benhams Drive,E01030576,Reigate and Banstead 018B,Violence and sexual offences,Unable to prosecute suspect,
c61bb54c4982476f490c8720b867d44f49d0900b17f986a359a6707915e4d42d,2024-07,Surrey Police,Surrey Police,-0.162641,51.175615,On or near St Hilda'S Close,E01030576,Reigate and Banstead 018B,Violence and sexual offences,Unable to prosecute suspect,
6070126c947023cd7f8e19438d90b1708a2111f3b05214dcc869ce4b1c8bf575,2024-07,Surrey Police,Surrey Police,-0.165514,51.182171,On or near Benhams Drive,E01030576,Reigate and Banstead 018B,Violence and sexual offences,Unable to prosecute suspect,
,2024-07,Surrey Police,Surrey Police,-0.159519,51.171753,On or near Rosemary Lane,E01030577,Reigate and Banstead 018C,Anti-social behaviour,,
5af134958085c8f65a8ef5a07ad21b3b154051b79b24b70fdc7e44119a04f82c,2024-07,Surrey Police,Surrey Police,-0.153695,51.163190,On or near Warltersville Way,E01030577,Reigate and Banstead 018C,Bicycle theft,Investigation complete; no suspect identified,
794ace620e78fea46ca60b987aaa92aec8078fc647480da895b8dd8e7d6a0e8a,2024-07,Surrey Police,Surrey Police,-0.162361,51.167913,On or near Spiers Farm Close,E01030577,Reigate and Banstead 018C,Criminal damage and arson,Local resolution,
de23a61ca4a72529fb2d43f0072d162f13b5ca7c2bb42879e0b457b167faa2cb,2024-07,Surrey Police,Surrey Police,-0.156893,51.170507,On or near B2036,E01030577,Reigate and Banstead 018C,Other theft,Investigation complete; no suspect identified,
5f41477f68efab6872d400a4897ab007afb59dba2c6d6ca90958cba2ca939878,2024-07,Surrey Police,Surrey Police,-0.157730,51.166383,On or near Croxford Close,E01030577,Reigate and Banstead 018C,Violence and sexual offences,Unable to prosecute suspect,
,2024-07,Surrey Police,Surrey Police,-0.163280,51.164942,On or near St Hilarys Close,E01030578,Reigate and Banstead 018D,Anti-social behaviour,,
a036ad47951a69a4892c63762505c4afd7dd8578cdbbfb2940e7e09836539390,2024-07,Surrey Police,Surrey Police,-0.163869,51.164142,On or near The Ridgeway,E01030578,Reigate and Banstead 018D,Public order,Unable to prosecute suspect,
93e2039f81d981c3f118d24116ad46d76427fae06b01c60daec0a6d469fce3b3,2024-07,Surrey Police,Surrey Police,-0.163780,51.166397,On or near Fairfield Avenue,E01030578,Reigate and Banstead 018D,Violence and sexual offences,Status update unavailable,
d7d915ae6fe6ec31d3d8f11e6cec25e11027f7bcddb2ae86d09ae904c3a9a448,2024-07,Surrey Police,Surrey Police,-0.163280,51.164942,On or near St Hilarys Close,E01030578,Reigate and Banstead 018D,Violence and sexual offences,Status update unavailable,
a63b57b6cb348f5f6d19d197a638db29b95b2210b7ffc3189ea6502ce403cfb6,2024-07,Surrey Police,Surrey Police,-0.169961,51.168868,On or near Norfolk Close,E01030579,Reigate and Banstead 018E,Criminal damage and arson,Investigation complete; no suspect identified,
4bae093d3c6a4b2678de394417582b02d93172aa5f09ce48fbfac15ad8e040c1,2024-07,Surrey Police,Surrey Police,-0.170076,51.167422,On or near Lechford Road,E01030579,Reigate and Banstead 018E,Criminal damage and arson,Investigation complete; no suspect identified,
ea6975f21504e3bb65aa1c38d527e35aa1c0d7671f28623c78219cfbae7c8d26,2024-07,Surrey Police,Surrey Police,-0.167581,51.171187,On or near Ringley Avenue,E01030579,Reigate and Banstead 018E,Other theft,Investigation complete; no suspect identified,
ba4e94ad798e67bb7896c78d9515f06e62a1f1ec7cfe2caf4d762f58ef597dc6,2024-07,Surrey Police,Surrey Police,-0.175189,51.168698,On or near Church Walk,E01030579,Reigate and Banstead 018E,Other theft,Investigation complete; no suspect identified,
80eb9f4c787b1c86d8975050d166a27ae93dc7c56d99bfee6656efde9ecda5d3,2024-07,Surrey Police,Surrey Police,-0.168169,51.170063,On or near Massetts Road,E01030579,Reigate and Banstead 018E,Public order,Investigation complete; no suspect identified,
f437ed4d73dfb193dc772e2c50e51ea3b434fab929bab382052b1d9522cf5eee,2024-07,Surrey Police,Surrey Police,-0.168169,51.170063,On or near Massetts Road,E01030579,Reigate and Banstead 018E,Public order,Unable to prosecute suspect,
65750de1736374d28473ff9337f76531c1756dc371d6e151a69ed512d7de9005,2024-07,Surrey Police,Surrey Police,-0.175189,51.168698,On or near Church Walk,E01030579,Reigate and Banstead 018E,Violence and sexual offences,Investigation complete; no suspect identified,
e734ef8a23062a5034bd4ee8ccc2894ef3d43ece39e0dd39b4d0e1ae421eed13,2024-07,Surrey Police,Surrey Police,-0.168169,51.170063,On or near Massetts Road,E01030579,Reigate and Banstead 018E,Violence and sexual offences,Unable to prosecute suspect,
7b437a98b46e135fa0aed52e0cfbb915476dbc595f2f9d0cfe268ab5e3b89600,2024-07,Surrey Police,Surrey Police,-0.169553,51.169069,On or near Suffolk Close,E01030579,Reigate and Banstead 018E,Violence and sexual offences,Court result unavailable,
59a42c803a163cdbe9a073d80375f6413e95f65f0c7adc56915783483fdb7bda,2024-07,Surrey Police,Surrey Police,-0.176250,51.168020,On or near Petrol Station,E01030579,Reigate and Banstead 018E,Violence and sexual offences,Investigation complete; no suspect identified,
12c1b4a6f2fd47ac9fe197c3dcfd365619eed7ebc067d4dbb603140f64b7dddf,2024-07,Surrey Police,Surrey Police,-0.176250,51.168020,On or near Petrol Station,E01030579,Reigate and Banstead 018E,Violence and sexual offences,Unable to prosecute suspect,
,2024-07,Surrey Police,Surrey Police,-0.164292,51.172602,On or near Consort Way,E01035361,Reigate and Banstead 018F,Anti-social behaviour,,
,2024-07,Surrey Police,Surrey Police,-0.164691,51.172994,On or near Parking Area,E01035361,Reigate and Banstead 018F,Anti-social behaviour,,
,2024-07,Surrey Police,Surrey Police,-0.168831,51.174660,On or near Victoria Close,E01035361,Reigate and Banstead 018F,Anti-social behaviour,,
b5df9b2a5b495e3f545984a887379e689c519b1bf4a060b0106ec2d781904cca,2024-07,Surrey Police,Surrey Police,-0.165409,51.174714,On or near Albert Road,E01035361,Reigate and Banstead 018F,Burglary,Investigation complete; no suspect identified,
af835b64a167add1ee605d92b5ac7017583860526190304a2403ddb814c4f0b5,2024-07,Surrey Police,Surrey Police,-0.164292,51.172602,On or near Consort Way,E01035361,Reigate and Banstead 018F,Violence and sexual offences,Unable to prosecute suspect,
3737117a0492d0d278381dd7e7b7bf28082532d3223a80f646ac3540e2f21da9,2024-07,Surrey Police,Surrey Police,-0.164292,51.172602,On or near Consort Way,E01035361,Reigate and Banstead 018F,Violence and sexual offences,Unable to prosecute suspect,
1bd9b320974fa11f77a32ab0fe05b2090dbd574420c06ce8b981dadb7308805a,2024-07,Surrey Police,Surrey Police,-0.164292,51.172602,On or near Consort Way,E01035361,Reigate and Banstead 018F,Violence and sexual offences,Investigation complete; no suspect identified,
6e68759aeaa237129ddf390fe993b3a4241c440366c78b7b8a1d731ad9211c30,2024-07,Surrey Police,Surrey Police,-0.164691,51.172994,On or near Parking Area,E01035361,Reigate and Banstead 018F,Violence and sexual offences,Court result unavailable,
af271df3c0509fe47c25aeaa144637abe201c13251c41223cc0ddbeffc4169d9,2024-07,Surrey Police,Surrey Police,-0.164292,51.172602,On or near Consort Way,E01035361,Reigate and Banstead 018F,Violence and sexual offences,Unable to prosecute suspect,
,2024-07,Surrey Police,Surrey Police,-0.159658,51.174004,On or near Station Road,E01035362,Reigate and Banstead 018G,Anti-social behaviour,,
,2024-07,Surrey Police,Surrey Police,-0.162425,51.172428,On or near High Street,E01035362,Reigate and Banstead 018G,Anti-social behaviour,,
,2024-07,Surrey Police,Surrey Police,-0.165212,51.172471,On or near Supermarket,E01035362,Reigate and Banstead 018G,Anti-social behaviour,,
6f0c7f806deeaaac53b7271b5d3302b2b892960c3169c401e437d417c0f7d472,2024-07,Surrey Police,Surrey Police,-0.162425,51.172428,On or near High Street,E01035362,Reigate and Banstead 018G,Criminal damage and arson,Unable to prosecute suspect,
cfad1731431ae607e703405db4047b423041eaca5ab5d774f4c1b4e23a318982,2024-07,Surrey Police,Surrey Police,-0.160525,51.171265,On or near Station Approach,E01035362,Reigate and Banstead 018G,Criminal damage and arson,Investigation complete; no suspect identified,
5d9f841b5b724e3a5402c5a302dd679d4580c8ff39f28d5d21ff319fe941226e,2024-07,Surrey Police,Surrey Police,-0.169780,51.171285,On or near Pine Gardens,E01035362,Reigate and Banstead 018G,Drugs,Unable to prosecute suspect,
0315229b859767772fd5d9fbc9817e5fbea6313019bef42aa72ab54102f66cbb,2024-07,Surrey Police,Surrey Police,-0.159658,51.174004,On or near Station Road,E01035362,Reigate and Banstead 018G,Drugs,Awaiting court outcome,
6d49e62ded1bfb46f69bc9dd17f6504dae5351d3b97a9ba202030577fcd7cbbf,2024-07,Surrey Police,Surrey Police,-0.165212,51.172471,On or near Supermarket,E01035362,Reigate and Banstead 018G,Drugs,Unable to prosecute suspect,
ea19507fe3614b6927773bc307dea299c1628017f63c8666f979b4951dcd35a2,2024-07,Surrey Police,Surrey Police,-0.161743,51.170871,On or near Parking Area,E01035362,Reigate and Banstead 018G,Drugs,Awaiting court outcome,
946a95326294fa41be5338eecd1cb62066e997e7004690d5d4843bb3c19e118c,2024-07,Surrey Police,Surrey Police,-0.166073,51.171703,On or near Parking Area,E01035362,Reigate and Banstead 018G,Other theft,Investigation complete; no suspect identified,
72a52b0ed40742aed760ae058cad3143da1a30c0f81004c96d636c211f6bc551,2024-07,Surrey Police,Surrey Police,-0.166073,51.171703,On or near Parking Area,E01035362,Reigate and Banstead 018G,Other theft,Investigation complete; no suspect identified,
bfd04578210f97913c5da2aed6c0b954b5084ec7b2fb001a1b588ca8c2c72088,2024-07,Surrey Police,Surrey Police,-0.159658,51.174004,On or near Station Road,E01035362,Reigate and Banstead 018G,Public order,Investigation complete; no suspect identified,
63f573ea3c08ca705023f7515f626a036189b93d5c40db7c2098db10cdcf0319,2024-07,Surrey Police,Surrey Police,-0.161491,51.169635,On or near Supermarket,E01035362,Reigate and Banstead 018G,Public order,Unable to prosecute suspect,
372b6f18f57fbfd65bbdba52f47a4e60a7a1327997f63f15a6df649f7acb0cb4,2024-07,Surrey Police,Surrey Police,-0.165212,51.172471,On or near Supermarket,E01035362,Reigate and Banstead 018G,Public order,Unable to prosecute suspect,
25658331c83a678fd191019c8622cb24fdbf70c96bc0cd12f9792db44b00d318,2024-07,Surrey Police,Surrey Police,-0.162425,51.172428,On or near High Street,E01035362,Reigate and Banstead 018G,Public order,Investigation complete; no suspect identified,
a94745ff4730b410735eaab6f51ee00e55d73c7c678102133dcde1f146442b6e,2024-07,Surrey Police,Surrey Police,-0.166073,51.171703,On or near Parking Area,E01035362,Reigate and Banstead 018G,Public order,Status update unavailable,
58afb4b72f3905b52f2301ba20c80713fc43a1c11287dcbcc399f85ffcf6d7aa,2024-07,Surrey Police,Surrey Police,-0.165212,51.172471,On or near Supermarket,E01035362,Reigate and Banstead 018G,Shoplifting,Unable to prosecute suspect,
8a75ab854cbb4d98c7832780c71f2feffd9a7947626b4bdbd52caeb6b2c310af,2024-07,Surrey Police,Surrey Police,-0.161491,51.169635,On or near Supermarket,E01035362,Reigate and Banstead 018G,Shoplifting,Investigation complete; no suspect identified,
ff50533ce11d620f11bfb4527ef1e5ed8c50198cebe3e3a2ac54a0dd0b1b3d11,2024-07,Surrey Police,Surrey Police,-0.162425,51.172428,On or near High Street,E01035362,Reigate and Banstead 018G,Shoplifting,Court result unavailable,
05cb83c22b7b1306da767a67b42f1304c595ee8e8c4ef872e6a52e5ebae4af7f,2024-07,Surrey Police,Surrey Police,-0.165212,51.172471,On or near Supermarket,E01035362,Reigate and Banstead 018G,Shoplifting,Investigation complete; no suspect identified,
2fa363d17d505c3eb89db8f27ebd79efd662ec7203e7e1a4e059d41a27d7f911,2024-07,Surrey Police,Surrey Police,-0.161491,51.169635,On or near Supermarket,E01035362,Reigate and Banstead 018G,Shoplifting,Investigation complete; no suspect identified,
51005ca3551a8311964629012ac7434865b3567c0420ba95911d2625ae23af9a,2024-07,Surrey Police,Surrey Police,-0.161491,51.169635,On or near Supermarket,E01035362,Reigate and Banstead 018G,Shoplifting,Unable to prosecute suspect,
872781263f5f6bece6348ca21d703abf637133c9dfba377a756f8e77b7a8deee,2024-07,Surrey Police,Surrey Police,-0.160525,51.171265,On or near Station Approach,E01035362,Reigate and Banstead 018G,Vehicle crime,Investigation complete; no suspect identified,
f9cf30e1886eb90e40ebeea5ebd840fd6473ae9f32232b168e9aa9e9c794d739,2024-07,Surrey Police,Surrey Police,-0.165212,51.172471,On or near Supermarket,E01035362,Reigate and Banstead 018G,Violence and sexual offences,Awaiting court outcome,
8aeb77f3a128849d957925682d52d012a9f6f2eeef2cedcaa0d80cfcaf5b7323,2024-07,Surrey Police,Surrey Police,-0.165212,51.172471,On or near Supermarket,E01035362,Reigate and Banstead 018G,Violence and sexual offences,Awaiting court outcome,
fe5d5813979b6cab63d1ab5ef3908b96dd1c2adc1332191d7ad8615c6018a009,2024-07,Surrey Police,Surrey Police,-0.169780,51.171285,On or near Pine Gardens,E01035362,Reigate and Banstead 018G,Violence and sexual offences,Unable to prosecute suspect,
e96692ba5fee679d98e801a6b37166179ebc8aad3f6f903571c5c1cd8807134b,2024-07,Surrey Police,Surrey Police,-0.163153,51.171370,On or near Victoria Road,E01035362,Reigate and Banstead 018G,Violence and sexual offences,Unable to prosecute suspect,
d2137f53da43089e8fe9f5b66e4520ab1701c6765c0db72f56b58507677af52f,2024-07,Surrey Police,Surrey Police,-0.169780,51.171285,On or near Pine Gardens,E01035362,Reigate and Banstead 018G,Violence and sexual offences,Unable to prosecute suspect,
598061a0d688dc84d89477b7fc20341eae00ec899432f5b0999bfb6648e828fa,2024-07,Surrey Police,Surrey Police,-0.161491,51.169635,On or near Supermarket,E01035362,Reigate and Banstead 018G,Violence and sexual offences,Investigation complete; no suspect identified,
802157c7005dfe46281859d8d792b37d6d88428a3ca8e9f86394005ddb4d362c,2024-07,Surrey Police,Surrey Police,-0.161743,51.170871,On or near Parking Area,E01035362,Reigate and Banstead 018G,Violence and sexual offences,Unable to prosecute suspect,
57cbb0478d1a9fbb4fad856656db6a80cb8befeb952a58b8987823dde50e2d68,2024-07,Surrey Police,Surrey Police,-0.166073,51.171703,On or near Parking Area,E01035362,Reigate and Banstead 018G,Violence and sexual offences,Court result unavailable,
06a3d8e5e97fbde15c66630258af8f43022a3724b03066def945738f7168c754,2024-07,Surrey Police,Surrey Police,-0.161743,51.170871,On or near Parking Area,E01035362,Reigate and Banstead 018G,Violence and sexual offences,Investigation complete; no suspect identified,
8267aaec295da87c9b1e8d7df810d8a413f6bca8ba3572660457744cf37bf683,2024-07,Surrey Police,Surrey Police,-0.162425,51.172428,On or near High Street,E01035362,Reigate and Banstead 018G,Violence and sexual offences,Unable to prosecute suspect,
5b1e724d5d5f4c4b3179f0be63638e362523ce28ea0be9407daced22ca308c7a,2024-07,Surrey Police,Surrey Police,-0.159658,51.174004,On or near Station Road,E01035362,Reigate and Banstead 018G,Violence and sexual offences,Unable to prosecute suspect,
23b3abd99a4c48225f679572ee96ab55f35f0145c646186b989844f0cc41724f,2024-07,Surrey Police,Surrey Police,-0.165212,51.172471,On or near Supermarket,E01035362,Reigate and Banstead 018G,Violence and sexual offences,Formal action is not in the public interest,
fb7a6e93350b36c3635165ff93c4948964a610e62fe16d08c72a949ef6d7c94a,2024-07,Surrey Police,Surrey Police,-0.381562,51.409967,On or near Lower Hampton Road,E01003826,Richmond upon Thames 023E,Other theft,Investigation complete; no suspect identified,
,2024-07,Surrey Police,Surrey Police,-0.549665,51.428200,On or near Rusham Road,E01030667,Runnymede 001A,Anti-social behaviour,,
,2024-07,Surrey Police,Surrey Police,-0.544199,51.430929,On or near Grove Court,E01030667,Runnymede 001A,Anti-social behaviour,,
,2024-07,Surrey Police,Surrey Police,-0.546744,51.429153,On or near Parking Area,E01030667,Runnymede 001A,Anti-social behaviour,,
,2024-07,Surrey Police,Surrey Police,-0.547386,51.431131,On or near Parking Area,E01030667,Runnymede 001A,Anti-social behaviour,,
,2024-07,Surrey Police,Surrey Police,-0.544199,51.430929,On or near Grove Court,E01030667,Runnymede 001A,Anti-social behaviour,,
1936442ff195c4b068e5224e01913febcdc9945da2756ba81767c5c8779575b1,2024-07,Surrey Police,Surrey Police,-0.549665,51.428200,On or near Rusham Road,E01030667,Runnymede 001A,Criminal damage and arson,Unable to prosecute suspect,
dfd6df90590baf042832bb9fb2b3d5b9c8e981d0d6e9417480317ca421598b83,2024-07,Surrey Police,Surrey Police,-0.547386,51.431131,On or near Parking Area,E01030667,Runnymede 001A,Criminal damage and arson,Investigation complete; no suspect identified,
791f725f50a7cae35f1b5f91819ebad2477c82700915223c0a3bb306f48069c2,2024-07,Surrey Police,Surrey Police,-0.546744,51.429153,On or near Parking Area,E01030667,Runnymede 001A,Public order,Investigation complete; no suspect identified,
4c742b70b41ccd35397dc3f78a405087543b6c79a7a61e65735424fa42c2e044,2024-07,Surrey Police,Surrey Police,-0.546744,51.429153,On or near Parking Area,E01030667,Runnymede 001A,Robbery,Unable to prosecute suspect,
912bac29453bc489cf976ea11af7e3c7f9e9e2ddc6190e4ab001110eef9cc4da,2024-07,Surrey Police,Surrey Police,-0.545689,51.430201,On or near School Lane,E01030667,Runnymede 001A,Vehicle crime,Investigation complete; no suspect identified,
4c2720972c28aeb96f45ee1eb2504198e462400f820b615b9fdc0782111d6cb0,2024-07,Surrey Police,Surrey Police,-0.547386,51.431131,On or near Parking Area,E01030667,Runnymede 001A,Violence and sexual offences,Investigation complete; no suspect identified,
23d6732ed2fdb9545419338249318cebb04814f42c49951b0cef3c40bbe46ccf,2024-07,Surrey Police,Surrey Police,-0.548567,51.429715,On or near Band Lane,E01030667,Runnymede 001A,Violence and sexual offences,Unable to prosecute suspect,
ac6c53399c7a1b17d956b445cafdf01b97969f925e1d5f0220f1ad7892370431,2024-07,Surrey Police,Surrey Police,-0.546744,51.429153,On or near Parking Area,E01030667,Runnymede 001A,Violence and sexual offences,Unable to prosecute suspect,
a76fb2a54b9f8b5b95596b016c29c2b111206f43e5941ad441d398aa376fe245,2024-07,Surrey Police,Surrey Police,-0.546744,51.429153,On or near Parking Area,E01030667,Runnymede 001A,Violence and sexual offences,Status update unavailable,
9f37aa3777ef9a7a2a90623627333cc436dc0d7ab6000d3612d8b0ac6d6856a1,2024-07,Surrey Police,Surrey Police,-0.545689,51.430201,On or near School Lane,E01030667,Runnymede 001A,Violence and sexual offences,Unable to prosecute suspect,
,2024-07,Surrey Police,Surrey Police,-0.543593,51.434123,On or near Denham Road,E01030668,Runnymede 001B,Anti-social behaviour,,
,2024-07,Surrey Police,Surrey Police,-0.545184,51.439763,On or near Yard Mead,E01030668,Runnymede 001B,Anti-social behaviour,,
,2024-07,Surrey Police,Surrey Police,-0.544556,51.433254,On or near The Old Bakery,E01030668,Runnymede 001B,Anti-social behaviour,,
,2024-07,Surrey Police,Surrey Police,-0.542652,51.433877,On or near Herndon Close,E01030668,Runnymede 001B,Anti-social behaviour,,
,2024-07,Surrey Police,Surrey Police,-0.541841,51.434955,On or near Cedar Court,E01030668,Runnymede 001B,Anti-social behaviour,,
,2024-07,Surrey Police,Surrey Police,-0.545712,51.431797,On or near Supermarket,E01030668,Runnymede 001B,Anti-social behaviour,,
cffa61749d890c69db4c7315cfc081263aec4f45951bcc27313365865fa834f0,2024-07,Surrey Police,Surrey Police,-0.546971,51.431953,On or near High Street,E01030668,Runnymede 001B,Criminal damage and arson,Investigation complete; no suspect identified,
a09007817108eaff2a7332ab1c1f3fd9dc888a4cf734f9c58724e450cd233283,2024-07,Surrey Police,Surrey Police,-0.549267,51.432593,On or near Littlecroft Road,E01030668,Runnymede 001B,Criminal damage and arson,Investigation complete; no suspect identified,
4485c13e7666f3fb2939bbb74a97436ffb577b5dd8f97f0b89fd42da796fa0cf,2024-07,Surrey Police,Surrey Police,-0.545712,51.431797,On or near Supermarket,E01030668,Runnymede 001B,Drugs,Status update unavailable,
5608f6c8373a1e5d6acb7af6d298e463cb585ac7d6de6d13d10362951b3f84d0,2024-07,Surrey Police,Surrey Police,-0.542652,51.433877,On or near Herndon Close,E01030668,Runnymede 001B,Drugs,Unable to prosecute suspect,
9283539ad04a64ccb24efad21b28f8f1a48dee101576826b63cad8d7a42ef2b0,2024-07,Surrey Police,Surrey Police,-0.546971,51.431953,On or near High Street,E01030668,Runnymede 001B,Other theft,Investigation complete; no suspect identified,
b23d6cf4777e9892d3682595f7c2230992e62926aea8d23903c1cc5befccacd1,2024-07,Surrey Police,Surrey Police,-0.539061,51.435056,On or near Siebel Court,E01030668,Runnymede 001B,Other theft,Investigation complete; no suspect identified,
ea4f50aa17dd4897668499b68878bfd3403d77c45e20bf0f742c0a715385f6a3,2024-07,Surrey Police,Surrey Police,-0.539061,51.435056,On or near Siebel Court,E01030668,Runnymede 001B,Other theft,Investigation complete; no suspect identified,
913e9a7d0f19837cf3622779007f8b382e2b4437e2b9a55ba49c159e7e2c25fe,2024-07,Surrey Police,Surrey Police,-0.545712,51.431797,On or near Supermarket,E01030668,Runnymede 001B,Other theft,Unable to prosecute suspect,
671a5b83c400148fd863ec74833e670b4f570c1bef91440fa6795c599cedd73d,2024-07,Surrey Police,Surrey Police,-0.539061,51.435056,On or near Siebel Court,E01030668,Runnymede 001B,Public order,Unable to prosecute suspect,
1d71681b5a687ab1b6934ca29f564bee8fec9b378508054e87cf41e32f010127,2024-07,Surrey Police,Surrey Police,-0.546971,51.431953,On or near High Street,E01030668,Runnymede 001B,Public order,Investigation complete; no suspect identified,
dec5c8b9423f40012744be9954a33ee0bf86f08a90908c94e3cde510ef15400e,2024-07,Surrey Police,Surrey Police,-0.546971,51.431953,On or near High Street,E01030668,Runnymede 001B,Public order,Investigation complete; no suspect identified,
3e0634d10b82d1467b4ad39b0968954e86ab6e8deb125e2810f16b7e7c1ff436,2024-07,Surrey Police,Surrey Police,-0.545712,51.431797,On or near Supermarket,E01030668,Runnymede 001B,Public order,Unable to prosecute suspect,
1d71be32413892de336ee5be3798c25fa169b1b3fe991d9b83cc6283b2906fe2,2024-07,Surrey Police,Surrey Police,-0.545712,51.431797,On or near Supermarket,E01030668,Runnymede 001B,Robbery,Unable to prosecute suspect,
152e48025f7373c3f696382179fe41d01c7b5bc8aa59aa807a5c641d85390216,2024-07,Surrey Police,Surrey Police,-0.546971,51.431953,On or near High Street,E01030668,Runnymede 001B,Shoplifting,Investigation complete; no suspect identified,
97245f027d46be56707e39ba2425b7c118f1a6218dc930ce1d7927b35232b295,2024-07,Surrey Police,Surrey Police,-0.545712,51.431797,On or near Supermarket,E01030668,Runnymede 001B,Shoplifting,Unable to prosecute suspect,
73d46a661e66d15db5fd928ed454d989e890744a0268a6687b34b4cf05b6e3df,2024-07,Surrey Police,Surrey Police,-0.546971,51.431953,On or near High Street,E01030668,Runnymede 001B,Shoplifting,Investigation complete; no suspect identified,
756a57f55bf6da0ae8b218de3a86092ff732f5ee732209d623a0bc2a7568d6d8,2024-07,Surrey Police,Surrey Police,-0.546971,51.431953,On or near High Street,E01030668,Runnymede 001B,Shoplifting,Unable to prosecute suspect,
9c7574804b9afa7a0a4102f1497a39d78b53fac273719270f104086f836c1be6,2024-07,Surrey Police,Surrey Police,-0.545118,51.434124,On or near Crown Street,E01030668,Runnymede 001B,Violence and sexual offences,Unable to prosecute suspect,
82419fb62881310d1befb0d314deecb5f5124ae215a5e96c4763953ce75d2dc1,2024-07,Surrey Police,Surrey Police,-0.552143,51.432170,On or near Fairhaven,E01030668,Runnymede 001B,Violence and sexual offences,Investigation complete; no suspect identified,
980f154a308f92c890004a916bae1fe744751b72e977b9a2ef6d7af73fc9ff37,2024-07,Surrey Police,Surrey Police,-0.541841,51.434955,On or near Cedar Court,E01030668,Runnymede 001B,Violence and sexual offences,Further action is not in the public interest,
c87047429eb838e89f6982816af04ba10934b164ef6e58054b49ef30ff9d8879,2024-07,Surrey Police,Surrey Police,-0.546971,51.431953,On or near High Street,E01030668,Runnymede 001B,Violence and sexual offences,Unable to prosecute suspect,
26f1ed8e54acbeac276d5fa674c5752abbe62b6c50a9e4f321405d36d71c2c3f,2024-07,Surrey Police,Surrey Police,-0.541626,51.434458,On or near Runnymede Court,E01030668,Runnymede 001B,Violence and sexual offences,Status update unavailable,
b05138e20915814a05c32e6072fb8701d507a3805a88fd2f1b4bacb5b2dafbb9,2024-07,Surrey Police,Surrey Police,-0.541626,51.434458,On or near Runnymede Court,E01030668,Runnymede 001B,Violence and sexual offences,Unable to prosecute suspect,
0469159f81efc756573f0ebf511f937e25d3ed84929f3ee9d71a924ac3079884,2024-07,Surrey Police,Surrey Police,-0.546971,51.431953,On or near High Street,E01030668,Runnymede 001B,Violence and sexual offences,Investigation complete; no suspect identified,
97d65baa3c8f535ea42eee77d67a44f54cbcce6300b6002528bd35f0a0520db4,2024-07,Surrey Police,Surrey Police,-0.545712,51.431797,On or near Supermarket,E01030668,Runnymede 001B,Violence and sexual offences,Investigation complete; no suspect identified,
74200c254dd9b17249d93e20d5b23bd424ccb60e2591efbe9cee3997d92aeb33,2024-07,Surrey Police,Surrey Police,-0.541841,51.434955,On or near Cedar Court,E01030668,Runnymede 001B,Violence and sexual offences,Further action is not in the public interest,
aa4c42f1ec8b3c2816913708ab32c34a9bba53f2d568c8f765f2cb803c73d137,2024-07,Surrey Police,Surrey Police,-0.545712,51.431797,On or near Supermarket,E01030668,Runnymede 001B,Violence and sexual offences,Unable to prosecute suspect,
0ea1de05d8bcfaa2ad1ac1d25ab5b191012af1338db54871ea6421beb1295312,2024-07,Surrey Police,Surrey Police,-0.546971,51.431953,On or near High Street,E01030668,Runnymede 001B,Violence and sexual offences,Unable to prosecute suspect,
16b77504218b7d8e4e3ad630a11df63af6addef67258839361d2824f4322e862,2024-07,Surrey Police,Surrey Police,-0.546109,51.433291,On or near Parking Area,E01030668,Runnymede 001B,Violence and sexual offences,Status update unavailable,
7c7695f5e53f6bd870d71e1f388e63ad13b1f9e457ef7faa0efdee8a6653aa3c,2024-07,Surrey Police,Surrey Police,-0.546564,51.434825,On or near King'S Road,E01030668,Runnymede 001B,Violence and sexual offences,Unable to prosecute suspect,
d48247b55612e6b983a0b0c791596c8352cba32be934652f2e3f15ab2f12e2d7,2024-07,Surrey Police,Surrey Police,-0.542652,51.433877,On or near Herndon Close,E01030668,Runnymede 001B,Violence and sexual offences,Investigation complete; no suspect identified,
aab50061c5febf9b5fa793e84904affcdf8f27b5cf972ef5680ac8d1aa5a4bd4,2024-07,Surrey Police,Surrey Police,-0.544393,51.435230,On or near Strode Street,E01030668,Runnymede 001B,Violence and sexual offences,Unable to prosecute suspect,
06084bb6d0412a9390c16e66133b7956950073b7b0918eb1136f0ea206a8e46a,2024-07,Surrey Police,Surrey Police,-0.544393,51.435230,On or near Strode Street,E01030668,Runnymede 001B,Violence and sexual offences,Unable to prosecute suspect,
,2024-07,Surrey Police,Surrey Police,-0.557379,51.428089,On or near Spring Rise,E01030669,Runnymede 001C,Anti-social behaviour,,
b2ed57c1facfde9b25291834f31a8ce7bc995014b7e7970698e639766bcac9a4,2024-07,Surrey Police,Surrey Police,-0.548500,51.431846,On or near Wetton Place,E01030669,Runnymede 001C,Bicycle theft,Investigation complete; no suspect identified,
fa12df3370fa5b88868b39351e8d44055e99d2d64cfa716a1b555d24e65fc260,2024-07,Surrey Police,Surrey Police,-0.548500,51.431846,On or near Wetton Place,E01030669,Runnymede 001C,Criminal damage and arson,Unable to prosecute suspect,
b09a735bf5e74a6f0eee7f326ca6752e88e856f3fe4166c870d68923d0ee6339,2024-07,Surrey Police,Surrey Police,-0.554813,51.431168,On or near Petrol Station,E01030669,Runnymede 001C,Drugs,Unable to prosecute suspect,
48cc867743d93ef168879b06a0d33e4d0994cf643b30276768d22e7b4ea9aa13,2024-07,Surrey Police,Surrey Police,-0.548500,51.431846,On or near Wetton Place,E01030669,Runnymede 001C,Public order,Unable to prosecute suspect,
aea59296ab1cac4cc83a2d481d3373c147dacdd1152922293fa90081504be384,2024-07,Surrey Police,Surrey Police,-0.553817,51.431084,On or near Milton Road,E01030669,Runnymede 001C,Violence and sexual offences,Investigation complete; no suspect identified,
d02818e3a469ceb72703f64512ddbba81e0934574ac812c9315a49b7f998e7ce,2024-07,Surrey Police,Surrey Police,-0.548500,51.431846,On or near Wetton Place,E01030669,Runnymede 001C,Violence and sexual offences,Awaiting court outcome,
,2024-07,Surrey Police,Surrey Police,-0.553911,51.425843,On or near Nightingale Shott,E01030670,Runnymede 001D,Anti-social behaviour,,
,2024-07,Surrey Police,Surrey Police,-0.552837,51.427511,On or near Osborne Road,E01030670,Runnymede 001D,Anti-social behaviour,,
cf7a54dcdaf8a0dabb9ba6cb228a053a3fb14283d47d5c7cc59ac63cfb637ebe,2024-07,Surrey Police,Surrey Police,-0.555798,51.424832,On or near Moore Grove Crescent,E01030670,Runnymede 001D,Drugs,Unable to prosecute suspect,
e6b2c93776acc2f089f2740685cc0eca062f6b8476543cf23ee9c5dd53f6ac11,2024-07,Surrey Police,Surrey Police,-0.555798,51.424832,On or near Moore Grove Crescent,E01030670,Runnymede 001D,Drugs,Court result unavailable,
24deccbd006f3fff2d10b78f98767eff68adc3c09e665e0195c913e2ff275866,2024-07,Surrey Police,Surrey Police,-0.555798,51.424832,On or near Moore Grove Crescent,E01030670,Runnymede 001D,Other theft,Investigation complete; no suspect identified,
d28544c008432ead25a07c4b65928890076dc86842727a69d6347e33d6b069e0,2024-07,Surrey Police,Surrey Police,-0.553703,51.427405,On or near Clarence Street,E01030670,Runnymede 001D,Vehicle crime,Investigation complete; no suspect identified,
ee16bfa1358bb21fdd36952d7664214c9d1bb2aeacba3403c8809862d41f2bda,2024-07,Surrey Police,Surrey Police,-0.556574,51.425318,On or near Lynwood Avenue,E01030670,Runnymede 001D,Violence and sexual offences,Unable to prosecute suspect,
193688084956cd1a6e31aa592c3ef3801d4fb95ecd7987390b9ca28f73e8f9dc,2024-07,Surrey Police,Surrey Police,-0.547352,51.427201,On or near Daleham Avenue,E01030670,Runnymede 001D,Violence and sexual offences,Unable to prosecute suspect,
f72bebd41d885c9ec0128fcc96daa0ec3c161c682791479d7c32d78c256e8099,2024-07,Surrey Police,Surrey Police,-0.556574,51.425318,On or near Lynwood Avenue,E01030670,Runnymede 001D,Violence and sexual offences,Unable to prosecute suspect,
6ee6bd40e95c55e479c41eb0ff800880de9e0a5b7c072d4ee3cdbabb43c90988,2024-07,Surrey Police,Surrey Police,-0.556574,51.425318,On or near Lynwood Avenue,E01030670,Runnymede 001D,Violence and sexual offences,Unable to prosecute suspect,
2b576d62b7a1f2968407597113be344c83fa09b3997e6a20cd3a8e86384b174a,2024-07,Surrey Police,Surrey Police,-0.553911,51.425843,On or near Nightingale Shott,E01030670,Runnymede 001D,Violence and sexual offences,Unable to prosecute suspect,
5f3e8b57eb96848e0115301b2b4fe606808ff81d5b38494956e9ebc46f232a7a,2024-07,Surrey Police,Surrey Police,-0.567218,51.425325,On or near Further/Higher Educational Building,E01030671,Runnymede 002A,Violence and sexual offences,Status update unavailable,
8a59e8ee5bb228e1bd6c1f846a9f3d13ae5f2cb34820f4996adb3b457c6c6edd,2024-07,Surrey Police,Surrey Police,-0.567218,51.425325,On or near Further/Higher Educational Building,E01030671,Runnymede 002A,Violence and sexual offences,Investigation complete; no suspect identified,
719b9cfb7638654139f99c29daf448d2efa985c995afa17733a5f4ff86f5ef74,2024-07,Surrey Police,Surrey Police,-0.563163,51.429410,On or near The Retreat,E01030672,Runnymede 002B,Criminal damage and arson,Unable to prosecute suspect,
5346b752d1e446ff328e0d03f2da3e662f6646ce8aaccb82c95aed585cac2a58,2024-07,Surrey Police,Surrey Police,-0.558992,51.428927,On or near Furzedown Close,E01030672,Runnymede 002B,Drugs,Unable to prosecute suspect,
043e634aa9fdea00d431b592c1652ae6f2362c95875985c6a4ee5a436613a789,2024-07,Surrey Police,Surrey Police,-0.563005,51.428023,On or near Egham Hill,E01030672,Runnymede 002B,Shoplifting,Unable to prosecute suspect,
e2e42786914fde44d59ca7181676e1cadd8f4070e3dab965a588008879de6088,2024-07,Surrey Police,Surrey Police,-0.570048,51.429116,On or near Victoria Street,E01030672,Runnymede 002B,Shoplifting,Unable to prosecute suspect,
96dbcbb504ee920b63b94f45faf17c52e9a09801162cbd692a0dc1f621ecef90,2024-07,Surrey Police,Surrey Police,-0.564684,51.428169,On or near Chestnut Drive,E01030672,Runnymede 002B,Violence and sexual offences,Investigation complete; no suspect identified,
15817cdab307af11d87de817086de132d071de5ee309b0c34b844abeaae1bd29,2024-07,Surrey Police,Surrey Police,-0.564684,51.428169,On or near Chestnut Drive,E01030672,Runnymede 002B,Violence and sexual offences,Unable to prosecute suspect,
5ee2a44b4aa5d4da02d618e78f2c39a542ef60312836ed2d2dfa4e9ee5b1f3c5,2024-07,Surrey Police,Surrey Police,-0.560930,51.430443,On or near Alderside Walk,E01030672,Runnymede 002B,Violence and sexual offences,Unable to prosecute suspect,
,2024-07,Surrey Police,Surrey Police,-0.577074,51.438661,On or near Castle Hill Road,E01030673,Runnymede 002C,Anti-social behaviour,,
,2024-07,Surrey Police,Surrey Police,-0.591415,51.435490,On or near Wick Lane,E01030673,Runnymede 002C,Anti-social behaviour,,
,2024-07,Surrey Police,Surrey Police,-0.595777,51.426028,On or near Parking Area,E01030673,Runnymede 002C,Anti-social behaviour,,
08a15073e3ec7e41b1c2808066b7bcd6a9391ffff7ec84e75480578af614d7b5,2024-07,Surrey Police,Surrey Police,-0.574751,51.431916,On or near Beauforts,E01030673,Runnymede 002C,Criminal damage and arson,Investigation complete; no suspect identified,
9e466c76f1698bfc0ea59fddb5f9d905649e9a2347d72dcc10d9fb9ddbd543e0,2024-07,Surrey Police,Surrey Police,-0.579437,51.421848,On or near Wick Road,E01030673,Runnymede 002C,Other theft,Investigation complete; no suspect identified,
a29056145e1c38e777a1888253cb650ba6468099998b2ab9ca682ffd9cc46d2a,2024-07,Surrey Police,Surrey Police,-0.574751,51.431916,On or near Beauforts,E01030673,Runnymede 002C,Other theft,Investigation complete; no suspect identified,
37a8977aa90a2900005c9df1d93c9c0e28686a40a93d8ee5b688f78218a2520d,2024-07,Surrey Police,Surrey Police,-0.575785,51.433844,On or near The Green,E01030673,Runnymede 002C,Public order,Investigation complete; no suspect identified,
,2024-07,Surrey Police,Surrey Police,-0.577405,51.427524,On or near Hanover Close,E01030674,Runnymede 002D,Anti-social behaviour,,
5a1af771d0213e5fa66edaf53c3def77ecf3b458f60d908f7391b148f77cebd6,2024-07,Surrey Police,Surrey Police,-0.574869,51.429966,On or near Torin Court,E01030674,Runnymede 002D,Criminal damage and arson,Investigation complete; no suspect identified,
9c9114460edd208cdfadc7b69a14f9d760cc13e180c23b81212ea505fd9b2b98,2024-07,Surrey Police,Surrey Police,-0.574869,51.429966,On or near Torin Court,E01030674,Runnymede 002D,Criminal damage and arson,Investigation complete; no suspect identified,
02e88a452c28b381208e6ebb1072dcef27d75f38b206b948ca91584547835fe8,2024-07,Surrey Police,Surrey Police,-0.578671,51.428906,On or near Magna Road,E01030674,Runnymede 002D,Other theft,Investigation complete; no suspect identified,
375a8e9c700a5058cd138825ea4b3fe6889e0eeb14c753f22ceff442d635c780,2024-07,Surrey Police,Surrey Police,-0.577226,51.429581,On or near Bond Street,E01030674,Runnymede 002D,Other theft,Unable to prosecute suspect,
eecbee861bf0dbe826cf304a224441e0b4bf0116181f7a5137f70b9681b2a904,2024-07,Surrey Police,Surrey Police,-0.580611,51.428507,On or near Kingsley Avenue,E01030674,Runnymede 002D,Violence and sexual offences,Unable to prosecute suspect,
c426a27cf204d2e48960f99673f416163e018ff8d064fd12ec92a7c0daf7cfbe,2024-07,Surrey Police,Surrey Police,-0.575825,51.425617,On or near Corby Close,E01030674,Runnymede 002D,Violence and sexual offences,Action to be taken by another organisation,
,2024-07,Surrey Police,Surrey Police,-0.579189,51.425648,On or near Hazel Close,E01030675,Runnymede 002E,Anti-social behaviour,,
,2024-07,Surrey Police,Surrey Police,-0.579189,51.425648,On or near Hazel Close,E01030675,Runnymede 002E,Anti-social behaviour,,
1a0309917788e52afd6228859fbd13483e86ed237e3b09a8e578577a9ef8c156,2024-07,Surrey Police,Surrey Police,-0.573722,51.428460,On or near Englehurst,E01030675,Runnymede 002E,Criminal damage and arson,Investigation complete; no suspect identified,
7e66b9afcf5d8e9e73ac5944c6cd2c776e8cf2d3c8dcfcfb356bd5cc3f97e590,2024-07,Surrey Police,Surrey Police,-0.576107,51.424856,On or near Notley End,E01030675,Runnymede 002E,Criminal damage and arson,Status update unavailable,
f57f4f92cbffa22971a954adfb19ef93722aded06b754d7948c2da70208a374c,2024-07,Surrey Police,Surrey Police,-0.577986,51.425958,On or near Swallowfield,E01030675,Runnymede 002E,Public order,Unable to prosecute suspect,
d2870410a96c78505025ea03786547ed00fed4e4f192298f772f2fa97b3c52b8,2024-07,Surrey Police,Surrey Police,-0.577986,51.425958,On or near Swallowfield,E01030675,Runnymede 002E,Public order,Status update unavailable,
32f4536183f50e65232c792df5192ca87668310485a9486bde1b37a73714fce2,2024-07,Surrey Police,Surrey Police,-0.572897,51.426795,On or near Parking Area,E01030675,Runnymede 002E,Shoplifting,Investigation complete; no suspect identified,
c3d465248c5c1565d1e95c8c918a3a2ba6b8c8688315ebf516bf1a19de8c7cd5,2024-07,Surrey Police,Surrey Police,-0.579189,51.425648,On or near Hazel Close,E01030675,Runnymede 002E,Violence and sexual offences,Unable to prosecute suspect,
93e6cbced93690ea13b38548dff4b30c498b1be169fbc2a2b0eed3e6909efd03,2024-07,Surrey Police,Surrey Police,-0.577452,51.426014,On or near Heronfield,E01030675,Runnymede 002E,Violence and sexual offences,Unable to prosecute suspect,
8dde71ef4d653e76cfa08facffb333667d3911f49e9c0f6cd4f4641e3d5a6cbe,2024-07,Surrey Police,Surrey Police,-0.572897,51.426795,On or near Parking Area,E01030675,Runnymede 002E,Violence and sexual offences,Investigation complete; no suspect identified,
16089ba9e8944ffdd4bb05186a6de95e3d9f1317713df922e1f79c3db5162834,2024-07,Surrey Police,Surrey Police,-0.572549,51.423661,On or near Pinehurst,E01030675,Runnymede 002E,Violence and sexual offences,Unable to prosecute suspect,
71966b1e54c05e5ca99b51aa20fdee54bbcf6c9a490751d6709ede8dfff230a8,2024-07,Surrey Police,Surrey Police,-0.576107,51.424856,On or near Notley End,E01030675,Runnymede 002E,Violence and sexual offences,Unable to prosecute suspect,
cbb0eccdb910ebd63257bd3ebc18698f8962790b0f23dfa65d62137b2f2b7777,2024-07,Surrey Police,Surrey Police,-0.572549,51.423661,On or near Pinehurst,E01030675,Runnymede 002E,Violence and sexual offences,Investigation complete; no suspect identified,
3f7c9a8104940237f01950b8b51602e23ce22629b18e59d73c5d6c11ba68e9ff,2024-07,Surrey Police,Surrey Police,-0.579189,51.425648,On or near Hazel Close,E01030675,Runnymede 002E,Violence and sexual offences,Unable to prosecute suspect,
dc79282e3ba9ff5f303f05109e2727a10e49567c5fafb83b0b55d01a2ce98273,2024-07,Surrey Police,Surrey Police,-0.577452,51.426014,On or near Heronfield,E01030675,Runnymede 002E,Violence and sexual offences,Status update unavailable,
a4fe950351070d6298f7b8291901378e1d66f567fb0784987f29a2b9f850c23d,2024-07,Surrey Police,Surrey Police,-0.579189,51.425648,On or near Hazel Close,E01030675,Runnymede 002E,Violence and sexual offences,Unable to prosecute suspect,
b6c28abeccc41a546829aaf804c59017fcacb27f6141711d8668881fedede8c6,2024-07,Surrey Police,Surrey Police,-0.577986,51.425958,On or near Swallowfield,E01030675,Runnymede 002E,Violence and sexual offences,Unable to prosecute suspect,
0b581218bb7c1821185fff015237c8ceabb89dd4dd00a4f324fc8ed7f7bb0eda,2024-07,Surrey Police,Surrey Police,-0.583069,51.427179,On or near Firbank Place,E01030676,Runnymede 002F,Drugs,Court result unavailable,
024646c87dd45f9934360b7fe2fabd2cf0604c443a3dfdd73d7c6049e3a7034e,2024-07,Surrey Police,Surrey Police,-0.583069,51.427179,On or near Firbank Place,E01030676,Runnymede 002F,Vehicle crime,Investigation complete; no suspect identified,
8d8828dcbf32492663b581bcecebdb1ffea04804e76a9e468576195d705a03fa,2024-07,Surrey Police,Surrey Police,-0.579932,51.426296,On or near Elmbank Avenue,E01030676,Runnymede 002F,Vehicle crime,Investigation complete; no suspect identified,
cc10216b8da7d3d3739c370e01e0d0f07633f43860495da7392bff637aadd471,2024-07,Surrey Police,Surrey Police,-0.582054,51.425099,On or near Linden Court,E01030676,Runnymede 002F,Violence and sexual offences,Status update unavailable,
f68ab53e3f17cde71b7e1018650f12347e5003bc9dbfa02086d3f1f58abf889a,2024-07,Surrey Police,Surrey Police,-0.515530,51.428645,On or near Bowes Road,E01030663,Runnymede 003A,Criminal damage and arson,Investigation complete; no suspect identified,
a28094556169cb208b48db52b565effe3066d4829c47667189973a95250a766c,2024-07,Surrey Police,Surrey Police,-0.517615,51.429112,On or near Wapshott Road,E01030663,Runnymede 003A,Other theft,Investigation complete; no suspect identified,
8655b0855f21bd6ab0c0b06331fdb8a13b20d827c917e63ebee358090d1403ed,2024-07,Surrey Police,Surrey Police,-0.520339,51.429408,On or near Meadow Gardens,E01030663,Runnymede 003A,Possession of weapons,Awaiting court outcome,
16254d52a36fc5d59b2d2d8dc2a6bd116dffedd3e00aaee2e230a509f98d18f0,2024-07,Surrey Police,Surrey Police,-0.520339,51.429408,On or near Meadow Gardens,E01030663,Runnymede 003A,Violence and sexual offences,Unable to prosecute suspect,
0ef73151d37b31f1b69956089171a6de7a11e42fcaded88594f9ef212aaaf7dd,2024-07,Surrey Police,Surrey Police,-0.521333,51.426237,On or near Hythefield Avenue,E01030663,Runnymede 003A,Other crime,Court result unavailable,
,2024-07,Surrey Police,Surrey Police,-0.533922,51.433805,On or near Lovett Road,E01030664,Runnymede 003B,Anti-social behaviour,,
,2024-07,Surrey Police,Surrey Police,-0.531183,51.430821,On or near Field View,E01030664,Runnymede 003B,Anti-social behaviour,,
,2024-07,Surrey Police,Surrey Police,-0.531183,51.430821,On or near Field View,E01030664,Runnymede 003B,Anti-social behaviour,,
,2024-07,Surrey Police,Surrey Police,-0.530956,51.426691,On or near Harcourt Close,E01030664,Runnymede 003B,Anti-social behaviour,,
7c6214297f673d5631c43ce8356717228de472aa5c12d3d05d67e6081a85b39d,2024-07,Surrey Police,Surrey Police,-0.537582,51.432717,On or near Vicarage Crescent,E01030664,Runnymede 003B,Other theft,Investigation complete; no suspect identified,
0f4c613bbe2dad83ebf1580b2fcc4d9f1ce9fc92ade28d7ee320579cc893dd6d,2024-07,Surrey Police,Surrey Police,-0.530956,51.426691,On or near Harcourt Close,E01030664,Runnymede 003B,Other theft,Status update unavailable,
b4546e01eae0957ee30832849f3be26a35066e07a5d77d4f04d7b46037af4d8c,2024-07,Surrey Police,Surrey Police,-0.534427,51.431050,On or near Rhodes Close,E01030664,Runnymede 003B,Other theft,Action to be taken by another organisation,
0ef7b23d965f9e234920aa373bbe793b48c10bb18b6b8c462bcd2503b20c215f,2024-07,Surrey Police,Surrey Police,-0.532393,51.429442,On or near Pooley Green Road,E01030664,Runnymede 003B,Public order,Unable to prosecute suspect,
d4395041bb49c105c6ea596e71261468ab059a9571f572bc69b84e09e18118db,2024-07,Surrey Police,Surrey Police,-0.532393,51.429442,On or near Pooley Green Road,E01030664,Runnymede 003B,Public order,Unable to prosecute suspect,
96c9530a9d02cb201944c8f09f3ec0ede2c285ec4b6d7997fe202cb39a233ee4,2024-07,Surrey Police,Surrey Police,-0.530956,51.426691,On or near Harcourt Close,E01030664,Runnymede 003B,Violence and sexual offences,Unable to prosecute suspect,
b9b08f7c1adf10a4466f9da784328b5a76044c1b07248cbfd0bb76054d2702f3,2024-07,Surrey Police,Surrey Police,-0.533758,51.428128,On or near Osier Place,E01030664,Runnymede 003B,Violence and sexual offences,Unable to prosecute suspect,
64476d6defe883e44d2addc0fe0b6ef7d9ac6aba668c1bded404639ac3c37784,2024-07,Surrey Police,Surrey Police,-0.533758,51.428128,On or near Osier Place,E01030664,Runnymede 003B,Violence and sexual offences,Further action is not in the public interest,
2954b57d42ecdfd4c852116e1533b1d15648e1c24a067138c6f7ba18f19f32be,2024-07,Surrey Police,Surrey Police,-0.532722,51.431739,On or near Mullens Road,E01030664,Runnymede 003B,Violence and sexual offences,Unable to prosecute suspect,
1ae4798e1f59d3ef0691de90eb22bfbcdf0068a8f613beca249433762de030f2,2024-07,Surrey Police,Surrey Police,-0.531183,51.430821,On or near Field View,E01030664,Runnymede 003B,Other crime,Unable to prosecute suspect,
,2024-07,Surrey Police,Surrey Police,-0.527335,51.434172,On or near A308,E01030665,Runnymede 003C,Anti-social behaviour,,
764a418b0ba060010a3afc866e25da1ad10d182173042cbb5f1fafb6af7b56bb,2024-07,Surrey Police,Surrey Police,-0.529689,51.427212,On or near Sports/Recreation Area,E01030665,Runnymede 003C,Bicycle theft,Investigation complete; no suspect identified,
529fd410eddf0a70559142b92b15ec71694c600d0b936684ce0416a5080794f8,2024-07,Surrey Police,Surrey Police,-0.534900,51.435588,On or near Woodhaw,E01030665,Runnymede 003C,Other theft,Investigation complete; no suspect identified,
78142fe5eb64ce77e2967fb3cc4cd7cf35132b28143958bbd34d3ca91187541e,2024-07,Surrey Police,Surrey Police,-0.527051,51.427793,On or near Glebe Road,E01030665,Runnymede 003C,Other theft,Unable to prosecute suspect,
fa7339b561ff7784fdff958afaeb2aab8cb6b1bcb03ec38c225a0c61f7ba608b,2024-07,Surrey Police,Surrey Police,-0.529017,51.426612,On or near Parking Area,E01030665,Runnymede 003C,Public order,Unable to prosecute suspect,
b8a0f64b099ade36129419f64c2aad76374a31878a062b509a474f8ea131e8be,2024-07,Surrey Police,Surrey Police,-0.527689,51.429419,On or near Roundway,E01030665,Runnymede 003C,Violence and sexual offences,Unable to prosecute suspect,
3377d039cfd763bd838b7e0054439f3e3da7d61663a8450d6b639c593fe48099,2024-07,Surrey Police,Surrey Police,-0.527689,51.429419,On or near Roundway,E01030665,Runnymede 003C,Violence and sexual offences,Investigation complete; no suspect identified,
,2024-07,Surrey Police,Surrey Police,-0.525931,51.431771,On or near Wendover Place,E01030666,Runnymede 003D,Anti-social behaviour,,
571c43db5e7138381b4fe9f5713feb09348092729773b538a47b234a4d921b5e,2024-07,Surrey Police,Surrey Police,-0.525378,51.431054,On or near Wendover Road,E01030666,Runnymede 003D,Burglary,Investigation complete; no suspect identified,
e7efd33c9360f3e14c8485058ff608f281514fe664fcbdd100c2e5db1705cd7b,2024-07,Surrey Police,Surrey Police,-0.524204,51.428647,On or near Parking Area,E01030666,Runnymede 003D,Possession of weapons,Unable to prosecute suspect,
a75d042d4a18ac58fbebd4afc370d19dc8136ee191f85004675c6ea83c8974a9,2024-07,Surrey Police,Surrey Police,-0.521385,51.429538,On or near Conference/Exhibition Centre,E01030666,Runnymede 003D,Public order,Unable to prosecute suspect,
3a5215d4899c817b849ab1a9429b1cef63dd48692aa46cff1a5b2d9eaff416a2,2024-07,Surrey Police,Surrey Police,-0.522340,51.432041,On or near Cumberland Street,E01030666,Runnymede 003D,Public order,Unable to prosecute suspect,
a3ef97ffec56344652f3972fe14f79df3906087b1ee1f5fdd85af3033c16f3a4,2024-07,Surrey Police,Surrey Police,-0.525378,51.431054,On or near Wendover Road,E01030666,Runnymede 003D,Public order,Unable to prosecute suspect,
a9471094caa81019b948046e12943b9148008a8c46fbd95ea0f426e4755950d8,2024-07,Surrey Police,Surrey Police,-0.523032,51.433335,On or near Blenheim Court,E01030666,Runnymede 003D,Shoplifting,Unable to prosecute suspect,
b22968ef9ddb0ba5cea949a7beaddb83630440417febc5c564f4f639b25d48fc,2024-07,Surrey Police,Surrey Police,-0.516144,51.431459,On or near Boleyn Close,E01030666,Runnymede 003D,Vehicle crime,Investigation complete; no suspect identified,
7435a1e3943bf3b54fc17e8544f90b415ccdb02f204cf1347c497dd5f713ac8a,2024-07,Surrey Police,Surrey Police,-0.519578,51.432491,On or near Supermarket,E01030666,Runnymede 003D,Violence and sexual offences,Unable to prosecute suspect,
8090886de1d09cc4c1347e81f7cec24e79a2d987999834ea2487865722e92de5,2024-07,Surrey Police,Surrey Police,-0.525378,51.431054,On or near Wendover Road,E01030666,Runnymede 003D,Violence and sexual offences,Unable to prosecute suspect,
78cdbd71792ee58b025702091c71f5b0e7b004d57a5b043c7b73d8ff1997a3cd,2024-07,Surrey Police,Surrey Police,-0.513141,51.429586,On or near Coopers Close,E01030666,Runnymede 003D,Violence and sexual offences,Unable to prosecute suspect,
d0a753497f9b02b371b9adfe2362987a7f76696ab373c437a4dda7825baf0cc7,2024-07,Surrey Police,Surrey Police,-0.524204,51.428647,On or near Parking Area,E01030666,Runnymede 003D,Violence and sexual offences,Status update unavailable,
054d55995f82f391ad27357ea4510712d595a46855ab71850b70020e3dc5d05c,2024-07,Surrey Police,Surrey Police,-0.524806,51.428718,On or near Rochester Road,E01030666,Runnymede 003D,Violence and sexual offences,Unable to prosecute suspect,
,2024-07,Surrey Police,Surrey Police,-0.541649,51.421087,On or near Clockhouse Lane West,E01030687,Runnymede 003E,Anti-social behaviour,,
,2024-07,Surrey Police,Surrey Police,-0.538147,51.429892,On or near Orchard Close,E01030687,Runnymede 003E,Anti-social behaviour,,
,2024-07,Surrey Police,Surrey Police,-0.533706,51.425250,On or near Park/Open Space,E01030687,Runnymede 003E,Anti-social behaviour,,
,2024-07,Surrey Police,Surrey Police,-0.533706,51.425250,On or near Park/Open Space,E01030687,Runnymede 003E,Anti-social behaviour,,
9ef857edb65a1119a517ba74bc26cba33b52aa038343dcc5093f7f5c5c8bd4fa,2024-07,Surrey Police,Surrey Police,-0.541649,51.421087,On or near Clockhouse Lane West,E01030687,Runnymede 003E,Violence and sexual offences,Status update unavailable,
e2b3f0b59bb3f64ad96444e1a730c1711f86ac1cbf9889074aae86c75b0268f4,2024-07,Surrey Police,Surrey Police,-0.535744,51.428558,On or near Mead Close,E01030687,Runnymede 003E,Violence and sexual offences,Unable to prosecute suspect,
ddc8ddb9664f127dd022ae1345b0a9581c6419e4832e9916eae63563ac4ddc1e,2024-07,Surrey Police,Surrey Police,-0.541649,51.421087,On or near Clockhouse Lane West,E01030687,Runnymede 003E,Violence and sexual offences,Unable to prosecute suspect,
b82e52b3f3cf96c1a86f57856a97c6a752ada2f408c69e1e9ac359523b7575b7,2024-07,Surrey Police,Surrey Police,-0.533706,51.425250,On or near Park/Open Space,E01030687,Runnymede 003E,Violence and sexual offences,Status update unavailable,
28f88ab7b170f10d36a98485184a0c9917cb848e5b6527e34dd44a67d010f067,2024-07,Surrey Police,Surrey Police,-0.534365,51.419962,On or near The Lea,E01030687,Runnymede 003E,Violence and sexual offences,Unable to prosecute suspect,
b2c79e04d875df70059710ed65896d3b28f3166f3ec3f488c677cc67f496515c,2024-07,Surrey Police,Surrey Police,-0.535965,51.423885,On or near Derwent Road,E01030687,Runnymede 003E,Violence and sexual offences,Unable to prosecute suspect,
,2024-07,Surrey Police,Surrey Police,-0.528991,51.424274,On or near South Avenue,E01030688,Runnymede 003F,Anti-social behaviour,,
63293442d3496ade48b9e90e999be7bcdb0c262e80536bf913b1f382ff2494b0,2024-07,Surrey Police,Surrey Police,-0.528121,51.424937,On or near Stephen Close,E01030688,Runnymede 003F,Public order,Investigation complete; no suspect identified,
c45aecb04af44d825e841baad8e549ce068dd10f31591e187e066a0f3e356a07,2024-07,Surrey Police,Surrey Police,-0.527127,51.425429,On or near Langton Way,E01030688,Runnymede 003F,Violence and sexual offences,Unable to prosecute suspect,
143cc503b8758029abba994af3c61a0d1cb34490662175af4007f0a0fc35e5f4,2024-07,Surrey Police,Surrey Police,-0.527127,51.425429,On or near Langton Way,E01030688,Runnymede 003F,Violence and sexual offences,Unable to prosecute suspect,
,2024-07,Surrey Police,Surrey Police,-0.512873,51.395295,On or near St Ann'S Road,E01030656,Runnymede 004A,Anti-social behaviour,,
,2024-07,Surrey Police,Surrey Police,-0.510032,51.396006,On or near Cowper Close,E01030656,Runnymede 004A,Anti-social behaviour,,
316cdb2ac9d2672f3522517cb6ab4c2b11ace42c6a2b74b1cfe5706e17dd0135,2024-07,Surrey Police,Surrey Police,-0.510032,51.396006,On or near Cowper Close,E01030656,Runnymede 004A,Bicycle theft,Investigation complete; no suspect identified,
b79e17832a7b7b9f70104e9061eab78361375b15c8517855033ab9f037a37839,2024-07,Surrey Police,Surrey Police,-0.508408,51.397325,On or near Staines Lane Close,E01030656,Runnymede 004A,Criminal damage and arson,Offender given a caution,
b415c3877a4baf50b9c6e905425fa423b3f4203618872740c1004604b8a943c5,2024-07,Surrey Police,Surrey Police,-0.511070,51.394607,On or near Longbourne Way,E01030656,Runnymede 004A,Criminal damage and arson,Investigation complete; no suspect identified,
893932f6fd481beda78004ed20fc4cb3864b6982c79f8fbf24c105adb45cdef9,2024-07,Surrey Police,Surrey Police,-0.515319,51.389886,On or near Vincent Road,E01030656,Runnymede 004A,Criminal damage and arson,Unable to prosecute suspect,
2a84d153faf501203c7bf25f6e5efb0d645456dce9f081d6561bde2f17610d63,2024-07,Surrey Police,Surrey Police,-0.530023,51.393003,On or near Almners Road,E01030656,Runnymede 004A,Criminal damage and arson,Investigation complete; no suspect identified,
f51094af25b66df6f61d2bd82756d64b42da25861e804380afaeeec00bce1f57,2024-07,Surrey Police,Surrey Police,-0.530023,51.393003,On or near Almners Road,E01030656,Runnymede 004A,Violence and sexual offences,Unable to prosecute suspect,
12590b50c1157ff487f97885bb2130e574877f3425b056209a090f36705e6a9d,2024-07,Surrey Police,Surrey Police,-0.515715,51.390520,On or near St Anns Mews,E01030656,Runnymede 004A,Violence and sexual offences,Unable to prosecute suspect,
2eaa34317af96c901e8ef01152831f33d345c988c8c883c638cc7ef8c7e654a0,2024-07,Surrey Police,Surrey Police,-0.512157,51.392103,On or near Gogmore Farm Close,E01030656,Runnymede 004A,Violence and sexual offences,Unable to prosecute suspect,
a7127a1e1627acadb4e2c95459675525ab24d6adb71ba348626610a0b09e56ca,2024-07,Surrey Police,Surrey Police,-0.530023,51.393003,On or near Almners Road,E01030656,Runnymede 004A,Violence and sexual offences,Unable to prosecute suspect,
e0bd46f76a2eccc6919fbac855dc167528f4827d78702218fdb9f8787ac88f53,2024-07,Surrey Police,Surrey Police,-0.517027,51.390402,On or near Dianthus Close,E01030656,Runnymede 004A,Violence and sexual offences,Unable to prosecute suspect,
6aca85c2ace5433155fd706bf9906b83beb9015e9d9131dcb3c83df1e460cdaa,2024-07,Surrey Police,Surrey Police,-0.512157,51.392103,On or near Gogmore Farm Close,E01030656,Runnymede 004A,Other crime,Unable to prosecute suspect,
,2024-07,Surrey Police,Surrey Police,-0.486969,51.387500,On or near Bridge Wharf,E01030658,Runnymede 004B,Anti-social behaviour,,
74c8eb52c1d901da153f0b34a9c32adb00798d075b6392007ad9bed4987046cf,2024-07,Surrey Police,Surrey Police,-0.489119,51.388976,On or near Petrol Station,E01030658,Runnymede 004B,Criminal damage and arson,Court result unavailable,
62034dff35cb0981e5fa6ef37bd814505761a25d6d128308ee1baf6967322027,2024-07,Surrey Police,Surrey Police,-0.490001,51.389257,On or near The Planes,E01030658,Runnymede 004B,Other theft,Investigation complete; no suspect identified,
41b7ce10cb8c0f1612fa214107e074f1b8cc89bf9e74856828d737573da65d96,2024-07,Surrey Police,Surrey Police,-0.495426,51.390370,On or near Knights Mead,E01030658,Runnymede 004B,Other theft,Investigation complete; no suspect identified,
e12078b8acc6402159ee1a0fc2b330d85ab464c42faa082083000dc7f3b8447f,2024-07,Surrey Police,Surrey Police,-0.489119,51.388976,On or near Petrol Station,E01030658,Runnymede 004B,Other theft,Unable to prosecute suspect,
419411609abe2f52fd11a234763de2ea2a094ba028f0aac8ca01c41e9c2ad700,2024-07,Surrey Police,Surrey Police,-0.486969,51.387500,On or near Bridge Wharf,E01030658,Runnymede 004B,Public order,Unable to prosecute suspect,
9fd1387b3e6601f197ee2cca8ffdc3b984e22b5e6f978077c3db35334e29c1b5,2024-07,Surrey Police,Surrey Police,-0.490962,51.389746,On or near Abbey Meadows,E01030658,Runnymede 004B,Public order,Unable to prosecute suspect,
da099ec5662b3bab3f762a062c83a6bd3f1289d4cd5395e872c173db65706a4f,2024-07,Surrey Police,Surrey Police,-0.490962,51.389746,On or near Abbey Meadows,E01030658,Runnymede 004B,Vehicle crime,Investigation complete; no suspect identified,
659bce8f203e85a897549d4a62d66644ce7661a66737140c9c5b5dc9078c23dd,2024-07,Surrey Police,Surrey Police,-0.486969,51.387500,On or near Bridge Wharf,E01030658,Runnymede 004B,Vehicle crime,Investigation complete; no suspect identified,
f0fcd3eef5da8b1c9fd0be726a3d25b7e8d58761ade646183baf37bca31625dd,2024-07,Surrey Police,Surrey Police,-0.495121,51.391346,On or near Chaseside Gardens,E01030658,Runnymede 004B,Violence and sexual offences,Unable to prosecute suspect,
dd43697042d75357dfc3da254fe871849891a43e110ce035a4094ee617767c5e,2024-07,Surrey Police,Surrey Police,-0.495121,51.391346,On or near Chaseside Gardens,E01030658,Runnymede 004B,Violence and sexual offences,Unable to prosecute suspect,
4b1bc170b486121722efd1067e625efc18b914489829851c6df96539196daded,2024-07,Surrey Police,Surrey Police,-0.486969,51.387500,On or near Bridge Wharf,E01030658,Runnymede 004B,Violence and sexual offences,Status update unavailable,
779fe58e4e62fbbb50ffa86404fda3d882e99f4f49859d85dc47b32be794d80a,2024-07,Surrey Police,Surrey Police,-0.486969,51.387500,On or near Bridge Wharf,E01030658,Runnymede 004B,Violence and sexual offences,Investigation complete; no suspect identified,
d8b2178229580d129c0c6fc268ebff131e0947fa4c5fdeffdf657222b87a37e9,2024-07,Surrey Police,Surrey Police,-0.490962,51.389746,On or near Abbey Meadows,E01030658,Runnymede 004B,Violence and sexual offences,Unable to prosecute suspect,
77f778c69616ef110652f01d6e19949ea89024fe51214262808a11f1d10011cd,2024-07,Surrey Police,Surrey Police,-0.495121,51.391346,On or near Chaseside Gardens,E01030658,Runnymede 004B,Violence and sexual offences,Unable to prosecute suspect,
,2024-07,Surrey Police,Surrey Police,-0.535012,51.402858,On or near Mill House Lane,E01030685,Runnymede 004C,Anti-social behaviour,,
,2024-07,Surrey Police,Surrey Police,-0.513346,51.404644,On or near Theme/Adventure Park,E01030685,Runnymede 004C,Anti-social behaviour,,
,2024-07,Surrey Police,Surrey Police,-0.513346,51.404644,On or near Theme/Adventure Park,E01030685,Runnymede 004C,Anti-social behaviour,,
,2024-07,Surrey Police,Surrey Police,-0.526787,51.409166,On or near Coldharbour Lane,E01030685,Runnymede 004C,Anti-social behaviour,,
,2024-07,Surrey Police,Surrey Police,-0.513346,51.404644,On or near Theme/Adventure Park,E01030685,Runnymede 004C,Anti-social behaviour,,
69e51decc8bbd3d5c3a77fe8f088784bf83ec654f8f31d3cc85b324a8ef8f3df,2024-07,Surrey Police,Surrey Police,-0.513346,51.404644,On or near Theme/Adventure Park,E01030685,Runnymede 004C,Drugs,Local resolution,
91019b83241d20fb0b2f6f24ab49e0b608e8d2d8b49e003f9f456b26ea3aaaf5,2024-07,Surrey Police,Surrey Police,-0.537712,51.404762,On or near Bourne Meadow,E01030685,Runnymede 004C,Other theft,Status update unavailable,
281180c5b128f01b0dbfa99cc4f624e5f231db3702064358435f0a667e7d52b4,2024-07,Surrey Police,Surrey Police,-0.535012,51.402858,On or near Mill House Lane,E01030685,Runnymede 004C,Other theft,Investigation complete; no suspect identified,
70413ccc63aeab85e4df477304be33bf898aea1f2ab849bec7575d8556e121d6,2024-07,Surrey Police,Surrey Police,-0.513346,51.404644,On or near Theme/Adventure Park,E01030685,Runnymede 004C,Possession of weapons,Court result unavailable,
1dbb9924afbf8200a382235b93a73739bdb477933f4f9cc63b7ae66f0477b0ae,2024-07,Surrey Police,Surrey Police,-0.513346,51.404644,On or near Theme/Adventure Park,E01030685,Runnymede 004C,Possession of weapons,Formal action is not in the public interest,
bf9ff6736bf00857d47a82abb34cda0e1b97abbf23afe44bb1f6b7975eff0d4b,2024-07,Surrey Police,Surrey Police,-0.513346,51.404644,On or near Theme/Adventure Park,E01030685,Runnymede 004C,Theft from the person,Investigation complete; no suspect identified,
f80505588401fcf84c24d44f7c2204dea3d61792b2682629fb464c43c2b43408,2024-07,Surrey Police,Surrey Police,-0.532032,51.416462,On or near Delta Way,E01030685,Runnymede 004C,Vehicle crime,Investigation complete; no suspect identified,
4ea7b4601276a75a8fa422ac82b89973926dec39ed99bb3c7d8c022291a339ec,2024-07,Surrey Police,Surrey Police,-0.529413,51.416951,On or near Beta Way,E01030685,Runnymede 004C,Vehicle crime,Unable to prosecute suspect,
d7b038a6f110ef1d341815fbf2b67a2b28c86c0f50009900cad01fb49fe5346e,2024-07,Surrey Police,Surrey Police,-0.513346,51.404644,On or near Theme/Adventure Park,E01030685,Runnymede 004C,Violence and sexual offences,Unable to prosecute suspect,
87b10ff897ef78f1b06f51a81ecffcfa236a6516f9a4cb6935d536329726ceda,2024-07,Surrey Police,Surrey Police,-0.531469,51.408443,On or near Coldharbour Close,E01030685,Runnymede 004C,Violence and sexual offences,Unable to prosecute suspect,
881740e7dcf167f2247e6688c9d3b96fb871488e43d8b47077a8b4aeda460c94,2024-07,Surrey Police,Surrey Police,-0.513346,51.404644,On or near Theme/Adventure Park,E01030685,Runnymede 004C,Violence and sexual offences,Unable to prosecute suspect,
79a0ce0cd39701a56c9f3b1a028ad384c7685fc4551596d143a7eedc89bd277d,2024-07,Surrey Police,Surrey Police,-0.534926,51.409592,On or near Western Avenue,E01030685,Runnymede 004C,Violence and sexual offences,Status update unavailable,
423473eba037d097d4d6ab0e74546d28be6af237682dfc493d306dce12314501,2024-07,Surrey Police,Surrey Police,-0.513346,51.404644,On or near Theme/Adventure Park,E01030685,Runnymede 004C,Violence and sexual offences,Unable to prosecute suspect,
62e7914032a94b2c2a4f6d91f1c008df861694330d424163b2fa8665a27e600f,2024-07,Surrey Police,Surrey Police,-0.513346,51.404644,On or near Theme/Adventure Park,E01030685,Runnymede 004C,Violence and sexual offences,Unable to prosecute suspect,
e2a565be3a1bed67a0c1eb870b1ae6619a924e789cc7b3d7c90eb6bfa099fb9b,2024-07,Surrey Police,Surrey Police,-0.513346,51.404644,On or near Theme/Adventure Park,E01030685,Runnymede 004C,Violence and sexual offences,Court result unavailable,
b63f57806ba2af4686def04813f8465d0f4051c1b632e19fcba526481e2a9332,2024-07,Surrey Police,Surrey Police,-0.513346,51.404644,On or near Theme/Adventure Park,E01030685,Runnymede 004C,Violence and sexual offences,Local resolution,
61b66d6ca7409008bebd26f2228e121250752ad1c6d9598de4f23d4625df9714,2024-07,Surrey Police,Surrey Police,-0.513346,51.404644,On or near Theme/Adventure Park,E01030685,Runnymede 004C,Violence and sexual offences,Unable to prosecute suspect,
7e80f98d544dd947dd9e05d2ea3d26dc37a18733909629ee3e9d6cc0c2ce8a67,2024-07,Surrey Police,Surrey Police,-0.513346,51.404644,On or near Theme/Adventure Park,E01030685,Runnymede 004C,Violence and sexual offences,Unable to prosecute suspect,
,2024-07,Surrey Police,Surrey Police,-0.514580,51.412258,On or near Redwood,E01030686,Runnymede 004D,Anti-social behaviour,,
1e67b256191679ea068a07166bc42f71ccbaa62337fefa5629dc449a599a3153,2024-07,Surrey Police,Surrey Police,-0.512638,51.428663,On or near Timsway,E01030686,Runnymede 004D,Burglary,Investigation complete; no suspect identified,
de7baff5b2552cd708223f6f20e0d68e2086e0a7d63389ff9da4e25e75efbc74,2024-07,Surrey Police,Surrey Police,-0.509454,51.411582,On or near Staines Road,E01030686,Runnymede 004D,Drugs,Local resolution,
ae4acf986e0bb943900c6f94f8fb75f51b70a8720514d601c1e5a05da2112781,2024-07,Surrey Police,Surrey Police,-0.514159,51.419483,On or near Petrol Station,E01030686,Runnymede 004D,Other theft,Investigation complete; no suspect identified,
ab3f0cc65e900a23c0ce0d10abd00e204dd9d825e17a4aa8dd69aad3f29167ef,2024-07,Surrey Police,Surrey Police,-0.509454,51.411582,On or near Staines Road,E01030686,Runnymede 004D,Other theft,Investigation complete; no suspect identified,
8773872b9b55507af59587b938cdbbf6d87c8aec4052723a4bdb71f060033f0f,2024-07,Surrey Police,Surrey Police,-0.514413,51.416519,On or near Alton Court,E01030686,Runnymede 004D,Violence and sexual offences,Investigation complete; no suspect identified,
,2024-07,Surrey Police,Surrey Police,-0.563792,51.402450,On or near Station Parade,E01030689,Runnymede 005A,Anti-social behaviour,,
909dffc1b5b48972150ad4fa767f068373513328501453f32fbba9b07589bd43,2024-07,Surrey Police,Surrey Police,-0.566636,51.403474,On or near Parking Area,E01030689,Runnymede 005A,Criminal damage and arson,Investigation complete; no suspect identified,
75a5ff8dd3dcf029ecdcfdd8740b29a778dc48204828d08fefae53b8c33d5918,2024-07,Surrey Police,Surrey Police,-0.565623,51.398615,On or near Bourne Road,E01030689,Runnymede 005A,Other theft,Status update unavailable,
e84fc9ac6d97078155c7f520cc24f1c822bbc0a52c2513e5ec8b7f4e0d2a6c26,2024-07,Surrey Police,Surrey Police,-0.571190,51.396650,On or near Cabrera Close,E01030689,Runnymede 005A,Other theft,Investigation complete; no suspect identified,
3564add5eae930f6e153f06eb6ce2543040f48ba4c073dec4a10fe9d6ee1a57e,2024-07,Surrey Police,Surrey Police,-0.565971,51.397612,On or near Beechmont Avenue,E01030689,Runnymede 005A,Other theft,Unable to prosecute suspect,
675d6c715fc49f90cc3a812db748a4800bc98a211797f5117d9fe7a438507bcb,2024-07,Surrey Police,Surrey Police,-0.566636,51.403474,On or near Parking Area,E01030689,Runnymede 005A,Public order,Investigation complete; no suspect identified,
db0918c431b65c09909b4071f74005497b1c4d3d9a5f0743e3fb258b67fdc9bb,2024-07,Surrey Police,Surrey Police,-0.563184,51.402137,On or near Parking Area,E01030689,Runnymede 005A,Violence and sexual offences,Unable to prosecute suspect,
545cf7a29452e8ee69bd594c986f51332a76f70931fe0b5e2a42b6ed3b033bf8,2024-07,Surrey Police,Surrey Police,-0.557678,51.408067,On or near The Lane,E01030689,Runnymede 005A,Violence and sexual offences,Unable to prosecute suspect,
ba94606679b0fbb22fef685b7de2beb2921b5cd9151336b8a8e8dd3d1e9c4947,2024-07,Surrey Police,Surrey Police,-0.563792,51.402450,On or near Station Parade,E01030689,Runnymede 005A,Violence and sexual offences,Unable to prosecute suspect,
d3434b1f7a677986b758f14cf5465f6fd505a8078a2257f165e231b9d89a0cf4,2024-07,Surrey Police,Surrey Police,-0.548281,51.405136,On or near Hurst Lane,E01030690,Runnymede 005B,Criminal damage and arson,Unable to prosecute suspect,
59c88ec0717ae16fe6d3049439eab30291ba1eb16ca7389872576454958efcbe,2024-07,Surrey Police,Surrey Police,-0.558008,51.400320,On or near Whitehill Place,E01030690,Runnymede 005B,Public order,Unable to prosecute suspect,
0878e1583b43b02ba55f882ef7ca5006f8bb35d88b71ad33b6b177f82df4c1fb,2024-07,Surrey Police,Surrey Police,-0.558008,51.400320,On or near Whitehill Place,E01030690,Runnymede 005B,Violence and sexual offences,Awaiting court outcome,
b3b79cdcb3eee7a361d425371e77161e0218a2ca5039e610991705fa8d9ca8d3,2024-07,Surrey Police,Surrey Police,-0.549712,51.409434,On or near Hurst Lane,E01030690,Runnymede 005B,Violence and sexual offences,Investigation complete; no suspect identified,
e4520732c9b525143fa2c79f407c49903e4ddc66a009e69ba73bf34cbaf306cf,2024-07,Surrey Police,Surrey Police,-0.558471,51.400685,On or near The Orchard,E01030690,Runnymede 005B,Violence and sexual offences,Unable to prosecute suspect,
817c6e7b7fe9894fdb5e007c4861cdf4ffa4a818255f5c39ffacc0403e1c4605,2024-07,Surrey Police,Surrey Police,-0.558008,51.400320,On or near Whitehill Place,E01030690,Runnymede 005B,Violence and sexual offences,Investigation complete; no suspect identified,
2979d1ec135849baec054c37e68e74a018d40020b654df16d8da8c3028108f18,2024-07,Surrey Police,Surrey Police,-0.568146,51.395615,On or near The Mount,E01030691,Runnymede 005C,Burglary,Investigation complete; no suspect identified,
95fb348e77e8c308f6ef9b3384a1efeb3cbeccdebe1b796d35fd7d81aa7d72f7,2024-07,Surrey Police,Surrey Police,-0.569075,51.398081,On or near Cabrera Avenue,E01030691,Runnymede 005C,Criminal damage and arson,Investigation complete; no suspect identified,
e79b8cf508afa66c6a9751bcb36933e94932cb8bc63c4cbfeb75198a1a911266,2024-07,Surrey Police,Surrey Police,-0.566972,51.395942,On or near Crown Lane,E01030691,Runnymede 005C,Criminal damage and arson,Investigation complete; no suspect identified,
d75101f05ebfbe8d96b353978007575203324588cf1fdf15641f21a01c8f560a,2024-07,Surrey Police,Surrey Police,-0.569075,51.398081,On or near Cabrera Avenue,E01030691,Runnymede 005C,Criminal damage and arson,Investigation complete; no suspect identified,
d355a424fe39acf07ed5a23c47e36febf2b0bbde898514987f87abd606686257,2024-07,Surrey Police,Surrey Police,-0.569075,51.398081,On or near Cabrera Avenue,E01030691,Runnymede 005C,Theft from the person,Investigation complete; no suspect identified,
69b94423beb3cd7bb5a5163f381eeef8bab361903902bfe0d376bf60615242fd,2024-07,Surrey Police,Surrey Police,-0.570771,51.392122,On or near Morningside Close,E01030691,Runnymede 005C,Vehicle crime,Unable to prosecute suspect,
98e76a6bc0e920db8193469383a88845b5e60426a2962751f9705d77c701361d,2024-07,Surrey Police,Surrey Police,-0.569075,51.398081,On or near Cabrera Avenue,E01030691,Runnymede 005C,Violence and sexual offences,Investigation complete; no suspect identified,
70a9f547d3c007d7039aef8549537d56dd56a540c4cefe4fb1e89fc2dd119e9b,2024-07,Surrey Police,Surrey Police,-0.578067,51.395547,On or near Wellington Avenue,E01030691,Runnymede 005C,Violence and sexual offences,Unable to prosecute suspect,
,2024-07,Surrey Police,Surrey Police,-0.599577,51.401444,On or near Portnall Drive,E01030692,Runnymede 005D,Anti-social behaviour,,
12b3bf559aa02cd6326136e92abecda00d2fedfef566099fcde4a6a1905222f6,2024-07,Surrey Police,Surrey Police,-0.573772,51.412067,On or near Callow Hill,E01030692,Runnymede 005D,Burglary,Investigation complete; no suspect identified,
cfb06f72ae2e947a430834aae2e031611ad7b66c6bc3e9381f7074f74645926a,2024-07,Surrey Police,Surrey Police,-0.575644,51.406443,On or near Woodlands Road West,E01030692,Runnymede 005D,Burglary,Investigation complete; no suspect identified,
366f271cf0dc93a48f3ba14807f8a2d477e19de2470e34b26e9978ac1dcdf12d,2024-07,Surrey Police,Surrey Police,-0.602807,51.399235,On or near North Drive,E01030692,Runnymede 005D,Criminal damage and arson,Awaiting court outcome,
1a8f6eab26a78e4b73d93c56c42f99892a730fae05275f90e3a47c3aa1be0d2d,2024-07,Surrey Police,Surrey Police,-0.590994,51.382296,On or near Cromwell Road,E01030692,Runnymede 005D,Other theft,Investigation complete; no suspect identified,
418a0a3489f60d62c3da06adc104b5aa8e66bb8b0e806110b0b68a9bc4774bb3,2024-07,Surrey Police,Surrey Police,-0.591031,51.410550,On or near Parking Area,E01030692,Runnymede 005D,Public order,Investigation complete; no suspect identified,
74d1b3def0feeec81562af911d19ca2265fc4518e2fb646b72606d7d225732c8,2024-07,Surrey Police,Surrey Police,-0.573772,51.412067,On or near Callow Hill,E01030692,Runnymede 005D,Robbery,Unable to prosecute suspect,
6b51ed39767f129275ab2f8c3d240dab4e5cbfaed6927eae4acda0d66da2dfd6,2024-07,Surrey Police,Surrey Police,-0.591431,51.409251,On or near Petrol Station,E01030692,Runnymede 005D,Violence and sexual offences,Unable to prosecute suspect,
ef779bcdfb6eb3e39331b9a0be54dbdf6eeea9a2b71246e7b574d67040d18cde,2024-07,Surrey Police,Surrey Police,-0.581157,51.405773,On or near Spring Woods,E01030692,Runnymede 005D,Violence and sexual offences,Unable to prosecute suspect,
89847cd554aa6c5bcbbe2f690d3107a47411897bda7b313dabdbc0f2f9846915,2024-07,Surrey Police,Surrey Police,-0.606270,51.397882,On or near Firwood Road,E01030692,Runnymede 005D,Violence and sexual offences,Status update unavailable,
,2024-07,Surrey Police,Surrey Police,-0.492717,51.384857,On or near Shopping Area,E01030652,Runnymede 006A,Anti-social behaviour,,
,2024-07,Surrey Police,Surrey Police,-0.503272,51.385551,On or near Queen Street,E01030652,Runnymede 006A,Anti-social behaviour,,
,2024-07,Surrey Police,Surrey Police,-0.501311,51.384438,On or near St John'S Way,E01030652,Runnymede 006A,Anti-social behaviour,,
37a41f1ed0ad2a77ea19056ba16aa4a7c85fdc742cfe14499f0342d3d233bd6e,2024-07,Surrey Police,Surrey Police,-0.499032,51.389535,On or near Pound Road,E01030652,Runnymede 006A,Criminal damage and arson,Investigation complete; no suspect identified,
e5aaf1d4bbb2974ff51c76f072436bf09b10b3f293a71244235deb085034929e,2024-07,Surrey Police,Surrey Police,-0.502109,51.385536,On or near Highfield Road,E01030652,Runnymede 006A,Criminal damage and arson,Investigation complete; no suspect identified,
db782e3d60cc6521093a28e5d81991b3cba62429491285e98ccbee3406582414,2024-07,Surrey Police,Surrey Police,-0.494335,51.383755,On or near Clay Corner,E01030652,Runnymede 006A,Drugs,Status update unavailable,
5fe7554080a9548cb7dec0770800a3138c893ecb2f020d3d6ce85e8d70bc2b5f,2024-07,Surrey Police,Surrey Police,-0.498747,51.388146,On or near Stepgates Close,E01030652,Runnymede 006A,Other theft,Court result unavailable,
6fd96db77765b8d40c61f5fdda8f8865cf0d8211835dbe12c3552f1cbc90cc99,2024-07,Surrey Police,Surrey Police,-0.499032,51.389535,On or near Pound Road,E01030652,Runnymede 006A,Other theft,Investigation complete; no suspect identified,
442e96ab119d563a6ff05f17327dd61bb0913f9e930d604fb2c3875d9bb7c8fb,2024-07,Surrey Police,Surrey Police,-0.503272,51.385551,On or near Queen Street,E01030652,Runnymede 006A,Public order,Unable to prosecute suspect,
74c0d34b052c0032cd3b8d5df09fdc4f9bfe7418b65d98784fc8733de6834bf4,2024-07,Surrey Police,Surrey Police,-0.501689,51.385639,On or near Eastworth Road,E01030652,Runnymede 006A,Public order,Investigation complete; no suspect identified,
1bde952438a91267f97fdba31425a4d7f169c6b1a5aa796c2d7e82829585f6b5,2024-07,Surrey Police,Surrey Police,-0.503272,51.385551,On or near Queen Street,E01030652,Runnymede 006A,Vehicle crime,Investigation complete; no suspect identified,
3d2987c47d93d70de0b932011b59b1f9bb7a5766798f90ba3bf6ad4c3e380bb3,2024-07,Surrey Police,Surrey Police,-0.500157,51.383695,On or near Painesfield Drive,E01030652,Runnymede 006A,Violence and sexual offences,Unable to prosecute suspect,
4441dac3968a8d80736bec32356c917a2082161125104eca4ab8638781225455,2024-07,Surrey Police,Surrey Police,-0.496156,51.386503,On or near Paddocks Way,E01030652,Runnymede 006A,Violence and sexual offences,Unable to prosecute suspect,
9dff7bc28ec238a300942ed7d626e84ce69569af8956a4e4c3f72f74e027c83b,2024-07,Surrey Police,Surrey Police,-0.494335,51.383755,On or near Clay Corner,E01030652,Runnymede 006A,Violence and sexual offences,Unable to prosecute suspect,
6676dfafd1d77e86b13604a04d5719117a52c6750e8dd44b98b81a0cde55dd69,2024-07,Surrey Police,Surrey Police,-0.500157,51.383695,On or near Painesfield Drive,E01030652,Runnymede 006A,Violence and sexual offences,Status update unavailable,
06a9419a9e841115dae2539bb415a38d576151840e6ae4744ab0a49aec623d18,2024-07,Surrey Police,Surrey Police,-0.503272,51.385551,On or near Queen Street,E01030652,Runnymede 006A,Other crime,Unable to prosecute suspect,
,2024-07,Surrey Police,Surrey Police,-0.503357,51.391317,On or near Petrol Station,E01030653,Runnymede 006B,Anti-social behaviour,,
,2024-07,Surrey Police,Surrey Police,-0.504332,51.390511,On or near Beomonds Row,E01030653,Runnymede 006B,Anti-social behaviour,,
,2024-07,Surrey Police,Surrey Police,-0.507181,51.384675,On or near Kennett Lane,E01030653,Runnymede 006B,Anti-social behaviour,,
,2024-07,Surrey Police,Surrey Police,-0.505034,51.383982,On or near Medland Mews,E01030653,Runnymede 006B,Anti-social behaviour,,
,2024-07,Surrey Police,Surrey Police,-0.504332,51.390511,On or near Beomonds Row,E01030653,Runnymede 006B,Anti-social behaviour,,
,2024-07,Surrey Police,Surrey Police,-0.503357,51.391317,On or near Petrol Station,E01030653,Runnymede 006B,Anti-social behaviour,,
,2024-07,Surrey Police,Surrey Police,-0.507181,51.384675,On or near Kennett Lane,E01030653,Runnymede 006B,Anti-social behaviour,,
4a4f26518f63bca7fae94025a3990af7644c2c1e1e1ba34c615f64bc1ddf5987,2024-07,Surrey Police,Surrey Police,-0.501199,51.389203,On or near Flemish Fields,E01030653,Runnymede 006B,Criminal damage and arson,Investigation complete; no suspect identified,
c2a4d036ced5feaed016598737d51a0631cd41a292505ce93d7cf770848378cb,2024-07,Surrey Police,Surrey Police,-0.502653,51.382963,On or near Bolen Mews,E01030653,Runnymede 006B,Criminal damage and arson,Investigation complete; no suspect identified,
fe7660b17e61f833df2cfd94f143779da475dcfb7b8d1d9b508cd09f0c67c7eb,2024-07,Surrey Police,Surrey Police,-0.506910,51.387702,On or near Charles Street,E01030653,Runnymede 006B,Drugs,Local resolution,
2c0d9025b736b29609cd658127114bab421682872145d0c7db25ac72868b3620,2024-07,Surrey Police,Surrey Police,-0.504332,51.390511,On or near Beomonds Row,E01030653,Runnymede 006B,Public order,Investigation complete; no suspect identified,
b87ba439351fc8da5b71c2180b7b7c0de4e296b95d3f52ff425ecf132b25c0a3,2024-07,Surrey Police,Surrey Police,-0.503357,51.391317,On or near Petrol Station,E01030653,Runnymede 006B,Public order,Court result unavailable,
1050aa54bbb391a4191ba20f5a39d9dea61a817951e4ae2399406c108744805c,2024-07,Surrey Police,Surrey Police,-0.503357,51.391317,On or near Petrol Station,E01030653,Runnymede 006B,Shoplifting,Court result unavailable,
d68320bd9f89e53202ecb55e70012ce961e939b52a5251175e549b5c0718f52a,2024-07,Surrey Police,Surrey Police,-0.504332,51.390511,On or near Beomonds Row,E01030653,Runnymede 006B,Shoplifting,Investigation complete; no suspect identified,
0eb293a5725a8ea211629432c39558798603d6f1576fa87a2c476fe099c1fd24,2024-07,Surrey Police,Surrey Police,-0.505404,51.385839,On or near Station Road,E01030653,Runnymede 006B,Vehicle crime,Investigation complete; no suspect identified,
cdc76dce0e430730079549f4e19b2db789b5aa376fb89ad29974d2898693876b,2024-07,Surrey Police,Surrey Police,-0.504332,51.390511,On or near Beomonds Row,E01030653,Runnymede 006B,Vehicle crime,Investigation complete; no suspect identified,
6c04e312a90e8eb11cd93c9db5e28b3ed2f967cee3735c7d50eb5931bbbb7c10,2024-07,Surrey Police,Surrey Police,-0.503473,51.389969,On or near Parking Area,E01030653,Runnymede 006B,Vehicle crime,Investigation complete; no suspect identified,
1105fd6afefd9ee740b4e835985c183ccf5837d3db78e966ccaf2f2a33f6a09c,2024-07,Surrey Police,Surrey Police,-0.501199,51.389203,On or near Flemish Fields,E01030653,Runnymede 006B,Violence and sexual offences,Investigation complete; no suspect identified,
1a09b550522a3e5879d1372f5f3e8f223e1c3be22cae84ee7ad8a770ece5bc8c,2024-07,Surrey Police,Surrey Police,-0.503209,51.384849,On or near Laburnum Road,E01030653,Runnymede 006B,Violence and sexual offences,Unable to prosecute suspect,
069db083926c74da701c43fb4cca80fb218128b0c8610d21de44637a9ffa87dc,2024-07,Surrey Police,Surrey Police,-0.503357,51.391317,On or near Petrol Station,E01030653,Runnymede 006B,Violence and sexual offences,Unable to prosecute suspect,
037fdf6a2b3bea68f99e65ecbc5a62b3fde842c05c5b39c9d45cd1d43cbc8698,2024-07,Surrey Police,Surrey Police,-0.507181,51.384675,On or near Kennett Lane,E01030653,Runnymede 006B,Violence and sexual offences,Unable to prosecute suspect,
8f88f7684ade6e0f4a9ce19b8e72cc3a2f9fff6e46909a6e6ecedd523843ce93,2024-07,Surrey Police,Surrey Police,-0.501199,51.389203,On or near Flemish Fields,E01030653,Runnymede 006B,Violence and sexual offences,Court result unavailable,
5a947fdf2456ac9daa51c2680308238ab0b4822f41205d67499cc653ef6ef023,2024-07,Surrey Police,Surrey Police,-0.505404,51.385839,On or near Station Road,E01030653,Runnymede 006B,Violence and sexual offences,Unable to prosecute suspect,
c8dfcae9ffaf09938d32cbc0e7580659f5bdda0225a21a389da3eaaab9c86d0f,2024-07,Surrey Police,Surrey Police,-0.500142,51.387247,On or near Free Prae Road,E01030653,Runnymede 006B,Violence and sexual offences,Unable to prosecute suspect,
1766188db919c92dfa343949d0450a1fceefe55b48fe1052964190c71c45b9a4,2024-07,Surrey Police,Surrey Police,-0.500142,51.387247,On or near Free Prae Road,E01030653,Runnymede 006B,Violence and sexual offences,Unable to prosecute suspect,
,2024-07,Surrey Police,Surrey Police,-0.494872,51.387980,On or near Supermarket,E01030654,Runnymede 006C,Anti-social behaviour,,
e4571bd9bceef28a842a8acff7622e04d3594a994defd5fcdf2e4f5bdf2e8f8f,2024-07,Surrey Police,Surrey Police,-0.493582,51.387414,On or near Springfields Close,E01030654,Runnymede 006C,Drugs,Investigation complete; no suspect identified,
b0a0eb632f464ef6eb31c9d0a794cfef8091e132aa2117bf8b2345c284c5537a,2024-07,Surrey Police,Surrey Police,-0.492327,51.388001,On or near Chantry Road,E01030654,Runnymede 006C,Other theft,Court result unavailable,
b217d4fb6d37ebc397a16dcc3b88910a26a120ab6c7b37b57352c6c5d6c202f3,2024-07,Surrey Police,Surrey Police,-0.493582,51.387414,On or near Springfields Close,E01030654,Runnymede 006C,Vehicle crime,Formal action is not in the public interest,
b7bf771cd4c02cd910d8df331b96f805a4e86c172a5dab17fb27412be576b7e6,2024-07,Surrey Police,Surrey Police,-0.490183,51.387209,On or near Weymead Close,E01030654,Runnymede 006C,Vehicle crime,Investigation complete; no suspect identified,
,2024-07,Surrey Police,Surrey Police,-0.509251,51.387759,On or near Fox Lane North,E01030657,Runnymede 006D,Anti-social behaviour,,
4c628a7dcb64ebaf6789cfa5145e3d7f3fd4aebcf0d7daf8980725d8e4a57d86,2024-07,Surrey Police,Surrey Police,-0.510016,51.389855,On or near Cowley Avenue,E01030657,Runnymede 006D,Criminal damage and arson,Investigation complete; no suspect identified,
93961c672da60a652fa60508ea20dfd2e1f326583d48fff069a706fb592c8383,2024-07,Surrey Police,Surrey Police,-0.510016,51.389855,On or near Cowley Avenue,E01030657,Runnymede 006D,Criminal damage and arson,Investigation complete; no suspect identified,
8fc2096dee616ed3c2d03283c938930491339d06ea5248ff3fdaa0d2985253a7,2024-07,Surrey Police,Surrey Police,-0.507785,51.389539,On or near Curfew Bell Road,E01030657,Runnymede 006D,Other theft,Investigation complete; no suspect identified,
e5680d011e2ac7e7e51a600c1460910cd422d2952baf64f27ebc70a208b25bf9,2024-07,Surrey Police,Surrey Police,-0.512660,51.391228,On or near Frithwald Road,E01030657,Runnymede 006D,Public order,Unable to prosecute suspect,
2985845b4ac153329959133a265f6dc5c3ac613f37013f2dc53569ee9603f2ca,2024-07,Surrey Police,Surrey Police,-0.509251,51.387759,On or near Fox Lane North,E01030657,Runnymede 006D,Vehicle crime,Investigation complete; no suspect identified,
eaf3ccff307d3ce84675a89db3f1ce871f8475af7f4c1bc1df0b140f04ab68d4,2024-07,Surrey Police,Surrey Police,-0.510118,51.386727,On or near Fox Lane South,E01030657,Runnymede 006D,Vehicle crime,Investigation complete; no suspect identified,
196a686be110e792a457c95b3988eade3d318da844fc64d54fd1202038018456,2024-07,Surrey Police,Surrey Police,-0.510628,51.387839,On or near Bell Bridge Road,E01030657,Runnymede 006D,Violence and sexual offences,Unable to prosecute suspect,
a07b0ecaf7d6a9547b2bfb2bbb3bbecf97c48da80917b6607fe547ea9321dc3f,2024-07,Surrey Police,Surrey Police,-0.509251,51.387759,On or near Fox Lane North,E01030657,Runnymede 006D,Violence and sexual offences,Investigation complete; no suspect identified,
3d797bd1fe34a68802ec94e6b0ba4057c34d881745716735be47366b5ba1f430,2024-07,Surrey Police,Surrey Police,-0.510016,51.389855,On or near Cowley Avenue,E01030657,Runnymede 006D,Violence and sexual offences,Investigation complete; no suspect identified,
57ad4cde08dd3261f7f1e7f981ec083a27091a5c967cbfcaa7044c9f68924a9e,2024-07,Surrey Police,Surrey Police,-0.509251,51.387759,On or near Fox Lane North,E01030657,Runnymede 006D,Violence and sexual offences,Investigation complete; no suspect identified,
71dbc246cedf61153390cb2ae891508d6c4cc8e74e8431ff5f8f13b92deff6ee,2024-07,Surrey Police,Surrey Police,-0.515208,51.388877,On or near Barker Close,E01030657,Runnymede 006D,Violence and sexual offences,Unable to prosecute suspect,
cf4968f93d818bf2c03d15843b4a1e8735c8c98d3535e82cea6ec080fc5b41b5,2024-07,Surrey Police,Surrey Police,-0.511539,51.390333,On or near Styventon Place,E01030657,Runnymede 006D,Violence and sexual offences,Unable to prosecute suspect,
9c0884cf3154442c381bbae78ce929c931e851e2bf9e74cbd69b8505452455cc,2024-07,Surrey Police,Surrey Police,-0.513189,51.390426,On or near Pyrcroft Road,E01030657,Runnymede 006D,Other crime,Unable to prosecute suspect,
,2024-07,Surrey Police,Surrey Police,-0.503917,51.393545,On or near Colonel'S Lane,E01030659,Runnymede 006E,Anti-social behaviour,,
,2024-07,Surrey Police,Surrey Police,-0.503917,51.393545,On or near Colonel'S Lane,E01030659,Runnymede 006E,Anti-social behaviour,,
,2024-07,Surrey Police,Surrey Police,-0.508250,51.390255,On or near Parking Area,E01030659,Runnymede 006E,Anti-social behaviour,,
19f7a15478d792c750dec4ef7df70e5f854db4bd1f5e5e6946ac4d9873e55de7,2024-07,Surrey Police,Surrey Police,-0.506434,51.393046,On or near Alwyns Lane,E01030659,Runnymede 006E,Criminal damage and arson,Investigation complete; no suspect identified,
4fdab91639d93e7e3025099f1490adda7417204d26cd07d66383ec0c0148c2e5,2024-07,Surrey Police,Surrey Police,-0.505917,51.397045,On or near Sports/Recreation Area,E01030659,Runnymede 006E,Public order,Status update unavailable,
9d5a4513a7371af92208e2f80c92551610f11d02eebabedb205b8af9aa553e63,2024-07,Surrey Police,Surrey Police,-0.506036,51.390638,On or near Supermarket,E01030659,Runnymede 006E,Robbery,Unable to prosecute suspect,
7511bab71ae0fca72ccb6fb766cd9da4fb8370e0a5b27b3822e083c65c502ff0,2024-07,Surrey Police,Surrey Police,-0.506036,51.390638,On or near Supermarket,E01030659,Runnymede 006E,Violence and sexual offences,Unable to prosecute suspect,
17212c350b0f7f4b03a26fdaeabd9a341fbe19850c6c77bfe1ebf84a54216533,2024-07,Surrey Police,Surrey Police,-0.506434,51.393046,On or near Alwyns Lane,E01030659,Runnymede 006E,Violence and sexual offences,Awaiting court outcome,
10bc5a54cb24a281c6ae07eabcf85be0fac3ca7106b38859249088d89a80b413,2024-07,Surrey Police,Surrey Police,-0.506036,51.390638,On or near Supermarket,E01030659,Runnymede 006E,Other crime,Unable to prosecute suspect,
,2024-07,Surrey Police,Surrey Police,-0.481562,51.368906,On or near Jubilee Crescent,E01030647,Runnymede 007A,Anti-social behaviour,,
,2024-07,Surrey Police,Surrey Police,-0.481562,51.368906,On or near Jubilee Crescent,E01030647,Runnymede 007A,Anti-social behaviour,,
,2024-07,Surrey Police,Surrey Police,-0.481562,51.368906,On or near Jubilee Crescent,E01030647,Runnymede 007A,Anti-social behaviour,,
d4dd3f1d91b63b0f780be0452955fc6971bbe0d49792156d1b91984efe1b30e4,2024-07,Surrey Police,Surrey Police,-0.473022,51.372994,On or near Weybridge Road,E01030647,Runnymede 007A,Criminal damage and arson,Unable to prosecute suspect,
54e9b87413d9004f19108ac705883970b44054f30443481766f44db02da80fd8,2024-07,Surrey Police,Surrey Police,-0.480496,51.374198,On or near Albert Road,E01030647,Runnymede 007A,Other theft,Investigation complete; no suspect identified,
13b40d245df84c2f5ed16e8b8f34faec66dbdc985e73b4e911c4be287c8be70c,2024-07,Surrey Police,Surrey Police,-0.476800,51.369946,On or near Sports/Recreation Area,E01030647,Runnymede 007A,Shoplifting,Unable to prosecute suspect,
fabe278b1d60d62977022df2e12aa7a5ae94067d05031b6f2cb7692b2ebd7833,2024-07,Surrey Police,Surrey Police,-0.480028,51.368814,On or near Bourneside Road,E01030647,Runnymede 007A,Violence and sexual offences,Unable to prosecute suspect,
8f6b9deac7c375aab368c2bc40e56e980a5452d30596dff420ba699dff226f62,2024-07,Surrey Police,Surrey Police,-0.478632,51.370181,On or near Shakespeare Road,E01030647,Runnymede 007A,Violence and sexual offences,Status update unavailable,
48f2dadd792197ef9ef0b48348d925dc98631ec46bff178e633260b1173120f3,2024-07,Surrey Police,Surrey Police,-0.477032,51.371662,On or near Byron Road,E01030647,Runnymede 007A,Violence and sexual offences,Unable to prosecute suspect,
6ef0b633e1083bc6d1c3ffbd8c5a8d1dcc0c5d055b7f055fa0c4b7a94d61f1e6,2024-07,Surrey Police,Surrey Police,-0.480496,51.374198,On or near Albert Road,E01030647,Runnymede 007A,Violence and sexual offences,Court result unavailable,
77154f1e4af63e3d7bcd02e976c7f64a4aafdc2f2eeabf860e7eab43beb21933,2024-07,Surrey Police,Surrey Police,-0.474932,51.370070,On or near Shopping Area,E01030647,Runnymede 007A,Violence and sexual offences,Unable to prosecute suspect,
,2024-07,Surrey Police,Surrey Police,-0.494654,51.372717,On or near Chapel Grove,E01030648,Runnymede 007B,Anti-social behaviour,,
,2024-07,Surrey Police,Surrey Police,-0.502538,51.372377,On or near School Lane,E01030648,Runnymede 007B,Anti-social behaviour,,
,2024-07,Surrey Police,Surrey Police,-0.498233,51.371801,On or near Simplemarsh Road,E01030648,Runnymede 007B,Anti-social behaviour,,
7a29aa2ed02f065e6bb05388791f8451399d27fe8ab58c4f1e433b3d76e32732,2024-07,Surrey Police,Surrey Police,-0.501279,51.371354,On or near Firfield Road,E01030648,Runnymede 007B,Criminal damage and arson,Unable to prosecute suspect,
df07697ec000a36ab267d9e6e182d893d525a5eafa650c642091ba00d450dccb,2024-07,Surrey Police,Surrey Police,-0.497934,51.370403,On or near Birchfield Close,E01030648,Runnymede 007B,Other theft,Investigation complete; no suspect identified,
9d0ac3561eee65ef8fa1abbd2594d9079a28b865c7d0a0ffd83cef0a3f404b48,2024-07,Surrey Police,Surrey Police,-0.496163,51.373590,On or near Chapel Park Road,E01030648,Runnymede 007B,Other theft,Investigation complete; no suspect identified,
4dafd5aa74d8134be195449d499d43bbad55e90e96d3bed0c9858f12037c490e,2024-07,Surrey Police,Surrey Police,-0.497069,51.374429,On or near Supermarket,E01030648,Runnymede 007B,Public order,Unable to prosecute suspect,
d3e2cbf817d1b0aae7a31fd721184aa2049e011b94420b926f8ae97f484636e9,2024-07,Surrey Police,Surrey Police,-0.495945,51.370162,On or near Church Close,E01030648,Runnymede 007B,Vehicle crime,Status update unavailable,
da084b42401e9e3ac411086dad30ca4d2b558fd824167829109698307481cfab,2024-07,Surrey Police,Surrey Police,-0.497934,51.370403,On or near Birchfield Close,E01030648,Runnymede 007B,Violence and sexual offences,Unable to prosecute suspect,
62dcb22aa50300480792e403a53dd382f2decb4d6202f011f911339436ec7ded,2024-07,Surrey Police,Surrey Police,-0.502592,51.369410,On or near St Paul'S Close,E01030648,Runnymede 007B,Violence and sexual offences,Action to be taken by another organisation,
108829bcb28996edae184e4cd3a054a09471a4c5330a83b2282ae9ac4b5e7b5a,2024-07,Surrey Police,Surrey Police,-0.502538,51.372377,On or near School Lane,E01030648,Runnymede 007B,Violence and sexual offences,Unable to prosecute suspect,
,2024-07,Surrey Police,Surrey Police,-0.489954,51.373654,On or near Wallace Walk,E01030649,Runnymede 007C,Anti-social behaviour,,
,2024-07,Surrey Police,Surrey Police,-0.489972,51.373106,On or near Finlay Gardens,E01030649,Runnymede 007C,Anti-social behaviour,,
,2024-07,Surrey Police,Surrey Police,-0.489297,51.371785,On or near Church Mews,E01030649,Runnymede 007C,Anti-social behaviour,,
,2024-07,Surrey Police,Surrey Police,-0.492142,51.370895,On or near B3121,E01030649,Runnymede 007C,Anti-social behaviour,,
,2024-07,Surrey Police,Surrey Police,-0.485583,51.374124,On or near Sports/Recreation Area,E01030649,Runnymede 007C,Anti-social behaviour,,
,2024-07,Surrey Police,Surrey Police,-0.485145,51.373529,On or near Addlestone,E01030649,Runnymede 007C,Anti-social behaviour,,
a01ce01d871609aeba742d4ab4490037707e28c918c405ec982e96aa48d0ac54,2024-07,Surrey Police,Surrey Police,-0.493857,51.377302,On or near Langton Close,E01030649,Runnymede 007C,Burglary,Court result unavailable,
c6fa7f323f9e520ea358516340bbb34da077052b9285ca15993f8b8aa7444bcc,2024-07,Surrey Police,Surrey Police,-0.495119,51.373433,On or near Chapel Avenue,E01030649,Runnymede 007C,Criminal damage and arson,Investigation complete; no suspect identified,
0ca37090d8ebab14be028f7ab59295f2ff8496229066d7ee68a863e5babf0f6f,2024-07,Surrey Police,Surrey Police,-0.492589,51.376548,On or near Petrol Station,E01030649,Runnymede 007C,Other theft,Unable to prosecute suspect,
b82c321c3ed8ed886ce340efdce1fcb967f418b338526929d1075528902f5b1c,2024-07,Surrey Police,Surrey Police,-0.488960,51.371969,On or near Petrol Station,E01030649,Runnymede 007C,Other theft,Investigation complete; no suspect identified,
3994366027f684ae513b3deb5eb0852493ba192c33278b6ced0f97329809c824,2024-07,Surrey Police,Surrey Police,-0.488960,51.371969,On or near Petrol Station,E01030649,Runnymede 007C,Other theft,Status update unavailable,
0719f4fdeeb270e5ab247f016c788a51b7f8e2f1b67066fbe055789dbe8684dc,2024-07,Surrey Police,Surrey Police,-0.488960,51.371969,On or near Petrol Station,E01030649,Runnymede 007C,Other theft,Investigation complete; no suspect identified,
bd74c05860066bced07a37f3a360041d241d80eb360208ddaf624a82a42a8346,2024-07,Surrey Police,Surrey Police,-0.494825,51.370570,On or near Pine Court,E01030649,Runnymede 007C,Other theft,Investigation complete; no suspect identified,
c1a63a1e2302b73e49f0087c3905f5c86cb80d07f1561e265bb48419db64140e,2024-07,Surrey Police,Surrey Police,-0.488960,51.371969,On or near Petrol Station,E01030649,Runnymede 007C,Other theft,Investigation complete; no suspect identified,
f647cf9a9d7201374fbc491c641a5a57072313434ccdac9ece07303dc153d389,2024-07,Surrey Police,Surrey Police,-0.493580,51.372172,On or near High Street,E01030649,Runnymede 007C,Public order,Unable to prosecute suspect,
47121f3674567c7fad1ab5362eb0ee57c07225daf3c4e805e2fcb25827732305,2024-07,Surrey Police,Surrey Police,-0.490799,51.374160,On or near Marriott Lodge Close,E01030649,Runnymede 007C,Public order,Investigation complete; no suspect identified,
322193fa94805e6ac4af4de3394e66b6ab54bcd88b57a3b647d9fdf7f93054e6,2024-07,Surrey Police,Surrey Police,-0.492142,51.370895,On or near B3121,E01030649,Runnymede 007C,Public order,Unable to prosecute suspect,
05c6451e1ffefdf8a02ebbd0c611d55ddc65284532e342d9abacb620c03a617a,2024-07,Surrey Police,Surrey Police,-0.493580,51.372172,On or near High Street,E01030649,Runnymede 007C,Public order,Status update unavailable,
580d42e26e46b9ebcfd697776a5a18b4c8ca77ae85c3b33a213d42edb25997cb,2024-07,Surrey Police,Surrey Police,-0.483913,51.375150,On or near Sopwith Way,E01030649,Runnymede 007C,Vehicle crime,Investigation complete; no suspect identified,
496ae142226df8b900c7e63e7e8ffe9e58c0c5b2248c46b93709dd44ebc0ca6b,2024-07,Surrey Police,Surrey Police,-0.496474,51.376364,On or near Prairie Close,E01030649,Runnymede 007C,Violence and sexual offences,Unable to prosecute suspect,
f0512920165ede47b770bde898ae5407be36e704996261098f0ae6484f879e0b,2024-07,Surrey Police,Surrey Police,-0.494825,51.370570,On or near Pine Court,E01030649,Runnymede 007C,Violence and sexual offences,Unable to prosecute suspect,
1b14ebe9fc07c3d2b8f925331928b190d377df0d3909dc99f44008dfbae1c1f6,2024-07,Surrey Police,Surrey Police,-0.492142,51.370895,On or near B3121,E01030649,Runnymede 007C,Violence and sexual offences,Court result unavailable,
1541498f9a4546c61b7383fb7b60bd117f404c03f9d02e8f51e5abcf9f813d83,2024-07,Surrey Police,Surrey Police,-0.483779,51.373548,On or near Burn Close,E01030649,Runnymede 007C,Violence and sexual offences,Unable to prosecute suspect,
9ffbd9edaaa02efa94cddf54b558ab1a101f5c856e523e5ca838742b7cfa94ee,2024-07,Surrey Police,Surrey Police,-0.489297,51.371785,On or near Church Mews,E01030649,Runnymede 007C,Violence and sexual offences,Unable to prosecute suspect,
90a21f9e19803d6775df63e2b757780c33e0d555cd93fd2a1de1d027cb2dde33,2024-07,Surrey Police,Surrey Police,-0.488960,51.371969,On or near Petrol Station,E01030649,Runnymede 007C,Violence and sexual offences,Court result unavailable,
2ac4a890c03ed6dc25e5f810e54c565587b7f98812796410d1262df1b2405833,2024-07,Surrey Police,Surrey Police,-0.496474,51.376364,On or near Prairie Close,E01030649,Runnymede 007C,Violence and sexual offences,Unable to prosecute suspect,
92b0a04450fb34fdc1f05598a7657932ab618e245d847553729eeb9ef58a8504,2024-07,Surrey Police,Surrey Police,-0.485502,51.372284,On or near Station Road,E01030649,Runnymede 007C,Violence and sexual offences,Unable to prosecute suspect,
2ffa715a2b24d6097ae248fdb71c61e2fda34c71816b8338227999477fa99be7,2024-07,Surrey Police,Surrey Police,-0.494825,51.370570,On or near Pine Court,E01030649,Runnymede 007C,Violence and sexual offences,Unable to prosecute suspect,
e81d3356dd2dca43ee2e3e9891b2f7c1e7c24778e0313cd180276d6dddfccb18,2024-07,Surrey Police,Surrey Police,-0.494825,51.370570,On or near Pine Court,E01030649,Runnymede 007C,Violence and sexual offences,Unable to prosecute suspect,
e3ccf036f6d4d6daa4fd9138212ed8cb37311716ab03f2ec5ea1c29d6df7720b,2024-07,Surrey Police,Surrey Police,-0.499712,51.374445,On or near Emley Road,E01030650,Runnymede 007D,Vehicle crime,Investigation complete; no suspect identified,
6f12af0797d6926a58ab5321ef1405eff99f027844cd7c9571aa0938cae74a1b,2024-07,Surrey Police,Surrey Police,-0.499712,51.374445,On or near Emley Road,E01030650,Runnymede 007D,Violence and sexual offences,Unable to prosecute suspect,
543c9516c9eeb98c313552dbc85f0cdb86acc639bb79b339af639c91d75cf8be,2024-07,Surrey Police,Surrey Police,-0.500058,51.373523,On or near Weston Avenue,E01030650,Runnymede 007D,Violence and sexual offences,Unable to prosecute suspect,
,2024-07,Surrey Police,Surrey Police,-0.489871,51.380542,On or near Woburn Hill,E01030651,Runnymede 007E,Anti-social behaviour,,
,2024-07,Surrey Police,Surrey Police,-0.498355,51.381676,On or near Harrow Close,E01030651,Runnymede 007E,Anti-social behaviour,,
a8f6a3ec0726b66b7d2717825dc21be37dfecde067408fb2c386739590970f9f,2024-07,Surrey Police,Surrey Police,-0.490630,51.381487,On or near Addlestone Moor,E01030651,Runnymede 007E,Criminal damage and arson,Investigation complete; no suspect identified,
b2298ee1db1b32876e85423eb6bcf3bbcc8f262ef6a963898c47552c7575b222,2024-07,Surrey Police,Surrey Police,-0.493552,51.381335,On or near Chertsey Road,E01030651,Runnymede 007E,Other theft,Investigation complete; no suspect identified,
cf5141c5e17686a8d010be703bc14912daae630576d309fe6bf493a422b17d5b,2024-07,Surrey Police,Surrey Police,-0.490630,51.381487,On or near Addlestone Moor,E01030651,Runnymede 007E,Theft from the person,Status update unavailable,
69a3c4d671aa38ab234e0b9b9f27ec649d29b95ea8cd32466a3f510040622e6c,2024-07,Surrey Police,Surrey Police,-0.484641,51.378343,On or near Woburn Hill,E01030651,Runnymede 007E,Violence and sexual offences,Investigation complete; no suspect identified,
461a1809897bf1a2c4d101ba172c462bf077165b945b2b789bce17d595ad9c4f,2024-07,Surrey Police,Surrey Police,-0.498355,51.381676,On or near Harrow Close,E01030651,Runnymede 007E,Violence and sexual offences,Unable to prosecute suspect,
,2024-07,Surrey Police,Surrey Police,-0.509115,51.385743,On or near Pretoria Road,E01030655,Runnymede 007F,Anti-social behaviour,,
,2024-07,Surrey Police,Surrey Police,-0.515785,51.379020,On or near Green Lane,E01030655,Runnymede 007F,Anti-social behaviour,,
,2024-07,Surrey Police,Surrey Police,-0.509238,51.385510,On or near Hamilton Close,E01030655,Runnymede 007F,Anti-social behaviour,,
,2024-07,Surrey Police,Surrey Police,-0.509115,51.385743,On or near Pretoria Road,E01030655,Runnymede 007F,Anti-social behaviour,,
,2024-07,Surrey Police,Surrey Police,-0.509115,51.385743,On or near Pretoria Road,E01030655,Runnymede 007F,Anti-social behaviour,,
88e1ea3d059210a326502747c62b6ab71569cd915652df280c4d221e583ec528,2024-07,Surrey Police,Surrey Police,-0.519300,51.379191,On or near Lyndhurst Way,E01030655,Runnymede 007F,Drugs,Court result unavailable,
f6b54fc41a287ed1be4ef81a2b6540d02f4672c2a9e272713a255f0b9e505741,2024-07,Surrey Police,Surrey Police,-0.519288,51.380467,On or near Green Lane Close,E01030655,Runnymede 007F,Public order,Further investigation is not in the public interest,
34218f030fd6b057100745cc39688e15c852dc3d76a1bc7d556326116b8e8f12,2024-07,Surrey Police,Surrey Police,-0.509073,51.375536,On or near St Peter'S Way,E01030655,Runnymede 007F,Public order,Unable to prosecute suspect,
23849271e955733d4341e0ff15e33072ff14acdbc10eaa46bdfa2b6db615c125,2024-07,Surrey Police,Surrey Police,-0.519288,51.380467,On or near Green Lane Close,E01030655,Runnymede 007F,Public order,Unable to prosecute suspect,
7b18d66f5593e91d95ebcf4fc31b6030d5b11d3487bdc3ae406a9e1596b7d310,2024-07,Surrey Police,Surrey Police,-0.520451,51.378261,On or near Sandalwood Avenue,E01030655,Runnymede 007F,Violence and sexual offences,Unable to prosecute suspect,
0f0679bc3cbe85ed75deb7e9c7af585ea69b697ea6e044adbf1437280fd4e883,2024-07,Surrey Police,Surrey Police,-0.509073,51.375536,On or near St Peter'S Way,E01030655,Runnymede 007F,Violence and sexual offences,Local resolution,
802fb1d341fd36dcc057b18209b98bd2dccc18765639102e8ce0f05afc82e321,2024-07,Surrey Police,Surrey Police,-0.517216,51.383660,On or near M25,E01030655,Runnymede 007F,Violence and sexual offences,Action to be taken by another organisation,
cc9aa3bfc957e6f04e91a85d128cbdaae579ddef4878343313823f32eee62f7d,2024-07,Surrey Police,Surrey Police,-0.520451,51.378261,On or near Sandalwood Avenue,E01030655,Runnymede 007F,Violence and sexual offences,Unable to prosecute suspect,
0877396b9905cff541f3fa7c9693f74f2bd74d03f8642d67fbac915ce7e0075d,2024-07,Surrey Police,Surrey Police,-0.521836,51.376309,On or near Waverley Drive,E01030655,Runnymede 007F,Violence and sexual offences,Unable to prosecute suspect,
,2024-07,Surrey Police,Surrey Police,-0.513361,51.366032,On or near Hillside Gardens,E01030662,Runnymede 007G,Anti-social behaviour,,
c36e7e14ef5523e10cd74279e14a41ed4bead59ea59a43d58abc65baf15cef86,2024-07,Surrey Police,Surrey Police,-0.521111,51.374717,On or near Hillcrest Avenue,E01030662,Runnymede 007G,Other theft,Status update unavailable,
dac770d4c1564066fc9e25992166e7786d83604dc1a3b4dac2efe3d3f1b87c92,2024-07,Surrey Police,Surrey Police,-0.515881,51.374741,On or near Bittams Lane,E01030662,Runnymede 007G,Public order,Local resolution,
55dc09dc5ae91ef64a9cc0ee5f4b3118779635b099075c388939b42725b1549f,2024-07,Surrey Police,Surrey Police,-0.515881,51.374741,On or near Bittams Lane,E01030662,Runnymede 007G,Violence and sexual offences,Unable to prosecute suspect,
,2024-07,Surrey Police,Surrey Police,-0.526201,51.385338,On or near Hardwick Lane,E01030677,Runnymede 008A,Anti-social behaviour,,
,2024-07,Surrey Police,Surrey Police,-0.540673,51.393927,On or near Lyne Crossing Road,E01030677,Runnymede 008A,Anti-social behaviour,,
,2024-07,Surrey Police,Surrey Police,-0.526201,51.385338,On or near Hardwick Lane,E01030677,Runnymede 008A,Anti-social behaviour,,
9c8f8fe3976ffa67091634ba408b94dfe988d165701a14fa922df8186f472873,2024-07,Surrey Police,Surrey Police,-0.537138,51.387148,On or near Almners Road,E01030677,Runnymede 008A,Burglary,Investigation complete; no suspect identified,
aeab0abe7979d6602f9f5e2c6b25810f4799299106750a949f4bae5f38ffb6ae,2024-07,Surrey Police,Surrey Police,-0.530664,51.390493,On or near Lyne Crossing Road,E01030677,Runnymede 008A,Criminal damage and arson,Unable to prosecute suspect,
0809d326676ddb5fd59b7bcfcd6b37c9af1f6577922e2dd0d1393351ef0d76d4,2024-07,Surrey Police,Surrey Police,-0.554621,51.392859,On or near Park/Open Space,E01030677,Runnymede 008A,Criminal damage and arson,Investigation complete; no suspect identified,
ce6ec94d5f63820ebb092fb89f5858993f7ed3fd59e3d1f4ddaf07530eced714,2024-07,Surrey Police,Surrey Police,-0.570938,51.382925,On or near Park/Open Space,E01030677,Runnymede 008A,Criminal damage and arson,Investigation complete; no suspect identified,
2ef753bc871a539dec44148cf979470a1d1ce9f9ac56c6f56db727accdb50571,2024-07,Surrey Police,Surrey Police,-0.542603,51.394257,On or near Farm Close,E01030677,Runnymede 008A,Drugs,Investigation complete; no suspect identified,
de9a181f0c35d46e79930aa54b7fb8f457998712d7bb4035bb55b5eb5f33c54b,2024-07,Surrey Police,Surrey Police,-0.564535,51.379196,On or near Longcross Road,E01030677,Runnymede 008A,Other theft,Investigation complete; no suspect identified,
7c3f2e6dfb1dbe42529ae7edf14759d88af79a82177f36f34b44beaa0d9e4ab3,2024-07,Surrey Police,Surrey Police,-0.526886,51.376993,On or near Hospital,E01030677,Runnymede 008A,Public order,Unable to prosecute suspect,
a63198a255f9776ce68536089d425f262a6360a50badebc4beffaf9f55060155,2024-07,Surrey Police,Surrey Police,-0.526886,51.376993,On or near Hospital,E01030677,Runnymede 008A,Public order,Unable to prosecute suspect,
9ee98d59989b7b8a523e360b106ea00ddcc15ee895ca282900fea9e83ed09244,2024-07,Surrey Police,Surrey Police,-0.526886,51.376993,On or near Hospital,E01030677,Runnymede 008A,Public order,Unable to prosecute suspect,
cbe66c7f8b7ae90de6ac75b1fe00d14815a885b7331172e7e96b3d894ca9e7c2,2024-07,Surrey Police,Surrey Police,-0.526201,51.385338,On or near Hardwick Lane,E01030677,Runnymede 008A,Vehicle crime,Status update unavailable,
bf43cd7a04e99b4eee5604f1d113e5983777b182a593fe32dc88780a475d57ca,2024-07,Surrey Police,Surrey Police,-0.526886,51.376993,On or near Hospital,E01030677,Runnymede 008A,Violence and sexual offences,Unable to prosecute suspect,
e01f57a5ad3e69352650030c4cd16ad838e3bc461e729e8767e3d1c05c3d0686,2024-07,Surrey Police,Surrey Police,-0.526886,51.376993,On or near Hospital,E01030677,Runnymede 008A,Violence and sexual offences,Awaiting court outcome,
6d5507b9ee5f4f5b3034a5c8e1621a17f44a68f182482bb5f3b17dc1856844ee,2024-07,Surrey Police,Surrey Police,-0.526886,51.376993,On or near Hospital,E01030677,Runnymede 008A,Violence and sexual offences,Local resolution,
46b0e4e5c37e88e1d8d4ca3ec39c27b5a71d4c32bd7041f29411d7b59c4d9f20,2024-07,Surrey Police,Surrey Police,-0.522297,51.380281,On or near Hardwick Lane,E01030677,Runnymede 008A,Violence and sexual offences,Further action is not in the public interest,
92f1a41f0ae4650d7caa6e400a205bde5efc73f83f9a77d7b49447f02a908cef,2024-07,Surrey Police,Surrey Police,-0.533262,51.375751,On or near Hospital,E01030677,Runnymede 008A,Violence and sexual offences,Investigation complete; no suspect identified,
c4a5e3ea3d21c71308ecc15680d71bdfb715db7c3637d7fc0d13525101a03e45,2024-07,Surrey Police,Surrey Police,-0.533262,51.375751,On or near Hospital,E01030677,Runnymede 008A,Violence and sexual offences,Unable to prosecute suspect,
bb517ae24c86fa13437819ca05aef688fd4008aeb194cf1c3e840a38589b7b88,2024-07,Surrey Police,Surrey Police,-0.526886,51.376993,On or near Hospital,E01030677,Runnymede 008A,Violence and sexual offences,Investigation complete; no suspect identified,
ef6a82b2cd93fe08c94c5c305fc9fe182c90632601b94bb44dcf89b32371bffa,2024-07,Surrey Police,Surrey Police,-0.533262,51.375751,On or near Hospital,E01030677,Runnymede 008A,Violence and sexual offences,Unable to prosecute suspect,
1eba9cf3cf2666026d9f7c4b98d4e7af2217db5877dd66033c5f523a825418ad,2024-07,Surrey Police,Surrey Police,-0.552530,51.393975,On or near Harrow Bottom Road,E01030677,Runnymede 008A,Violence and sexual offences,Court result unavailable,
2ad743078c2265d6d30e71023e9b3fd3b4a3aeb8a26efb7ab18c5162ef83603a,2024-07,Surrey Police,Surrey Police,-0.526201,51.385338,On or near Hardwick Lane,E01030677,Runnymede 008A,Violence and sexual offences,Investigation complete; no suspect identified,
6f9a902bc7fcbcf909c36c95c66db552137afca70ef4668ed0fcfc7d87cc448c,2024-07,Surrey Police,Surrey Police,-0.530664,51.390493,On or near Lyne Crossing Road,E01030677,Runnymede 008A,Violence and sexual offences,Action to be taken by another organisation,
bee16254527de6935e234be2e2e7f980cb2197df92f44c2749f34483282395d6,2024-07,Surrey Police,Surrey Police,-0.526886,51.376993,On or near Hospital,E01030677,Runnymede 008A,Other crime,Local resolution,
,2024-07,Surrey Police,Surrey Police,-0.523793,51.364599,On or near Vernon Close,E01030678,Runnymede 008B,Anti-social behaviour,,
13d8291faf066b4024f7e844d0ee5086f6ebae9c8f20859c6ae568d472fda872,2024-07,Surrey Police,Surrey Police,-0.527794,51.364829,On or near Tucker Road,E01030678,Runnymede 008B,Other theft,Investigation complete; no suspect identified,
1b02af81aaf60e39491e151787afae77a4518e05d579d7eaf9b455187d181528,2024-07,Surrey Police,Surrey Police,-0.523793,51.364599,On or near Vernon Close,E01030678,Runnymede 008B,Violence and sexual offences,Investigation complete; no suspect identified,
1fa49b7e81d27266d8435a55e3d45ed2c1c7ddd7f99f75e15105d37399e3e0dd,2024-07,Surrey Police,Surrey Police,-0.524809,51.364279,On or near Brookfield Close,E01030678,Runnymede 008B,Violence and sexual offences,Unable to prosecute suspect,
fc6bfef07365b69f3d174f58aef9aa5b7f35c2f3a5975b2cb72c192889f208f4,2024-07,Surrey Police,Surrey Police,-0.534516,51.364392,On or near Simons Close,E01030679,Runnymede 008C,Other theft,Investigation complete; no suspect identified,
bba4a49210fdfa96df248b8683857114f660dc5d861e771cc5b85518a00ce874,2024-07,Surrey Police,Surrey Police,-0.562499,51.372625,On or near Accommodation Road,E01030679,Runnymede 008C,Public order,Unable to prosecute suspect,
f82f39c9023fb412d46ea52b013d99f0e624a617f955fea0ef3ecd519daf8f74,2024-07,Surrey Police,Surrey Police,-0.590514,51.377794,On or near Albury Close,E01030679,Runnymede 008C,Public order,Investigation complete; no suspect identified,
91a334c45c84e22729db005e022d69fe46e29f3663a72ee0ae3081c300812de2,2024-07,Surrey Police,Surrey Police,-0.529845,51.373002,On or near Hillswood Drive,E01030679,Runnymede 008C,Public order,Unable to prosecute suspect,
f0512bec9745f935c8ae637942c5345a53f8dd0ca15c1366af1cfdea804a2951,2024-07,Surrey Police,Surrey Police,-0.529845,51.373002,On or near Hillswood Drive,E01030679,Runnymede 008C,Public order,Unable to prosecute suspect,
e0265d000f962ed39ba382a5fad9f1858848ef22836acab9422263b4750fe405,2024-07,Surrey Police,Surrey Police,-0.557513,51.365774,On or near Stonehill Road,E01030679,Runnymede 008C,Vehicle crime,Investigation complete; no suspect identified,
23b248c33d264ab1844b0d35abaa91546b6bf8cd41b3c2469e33a50c0c1c4820,2024-07,Surrey Police,Surrey Police,-0.557513,51.365774,On or near Stonehill Road,E01030679,Runnymede 008C,Vehicle crime,Investigation complete; no suspect identified,
c42cd1f0deed523b9cee204dff79e79ba38da2a7c0b02f98e36b596cc3ab6184,2024-07,Surrey Police,Surrey Police,-0.529845,51.373002,On or near Hillswood Drive,E01030679,Runnymede 008C,Violence and sexual offences,Unable to prosecute suspect,
1c250ab00faa066093588fa9226290b9f52d47b406e4d5b214bfab6045db84b0,2024-07,Surrey Police,Surrey Police,-0.525364,51.355033,On or near Brox Lane,E01030679,Runnymede 008C,Violence and sexual offences,Unable to prosecute suspect,
e30a83a4b8371e67b3e5a6f26ddf15b3b36136d1a453ea3418bfbddea7b63d5e,2024-07,Surrey Police,Surrey Police,-0.534516,51.364392,On or near Simons Close,E01030679,Runnymede 008C,Violence and sexual offences,Investigation complete; no suspect identified,
,2024-07,Surrey Police,Surrey Police,-0.530737,51.363517,On or near Ottermead Lane,E01030680,Runnymede 008D,Anti-social behaviour,,
,2024-07,Surrey Police,Surrey Police,-0.532517,51.359079,On or near Crofton Close,E01030680,Runnymede 008D,Anti-social behaviour,,
,2024-07,Surrey Police,Surrey Police,-0.531894,51.364611,On or near Shaw Close,E01030680,Runnymede 008D,Anti-social behaviour,,
,2024-07,Surrey Police,Surrey Police,-0.531894,51.364611,On or near Shaw Close,E01030680,Runnymede 008D,Anti-social behaviour,,
,2024-07,Surrey Police,Surrey Police,-0.531894,51.364611,On or near Shaw Close,E01030680,Runnymede 008D,Anti-social behaviour,,
,2024-07,Surrey Police,Surrey Police,-0.531894,51.364611,On or near Shaw Close,E01030680,Runnymede 008D,Anti-social behaviour,,
fe03a385a21aa60e6a83901a87f1ec356a92c3cd6875e87b34987666fe768f44,2024-07,Surrey Police,Surrey Police,-0.531894,51.364611,On or near Shaw Close,E01030680,Runnymede 008D,Criminal damage and arson,Investigation complete; no suspect identified,
4299bb6a4a55bc20041cd0855576c05d1bf7c8944cff5889e94a95cda56d88be,2024-07,Surrey Police,Surrey Police,-0.532517,51.359079,On or near Crofton Close,E01030680,Runnymede 008D,Criminal damage and arson,Unable to prosecute suspect,
e480031350e0a4f635eedbdbf6970cde1fc63c86aaeb7911c15de1bf4b639000,2024-07,Surrey Police,Surrey Police,-0.531894,51.364611,On or near Shaw Close,E01030680,Runnymede 008D,Public order,Investigation complete; no suspect identified,
346c8cdd92c61fefc076f7f2f30ca7d1b82b46c90968e1c8c577bfbdb303ff25,2024-07,Surrey Police,Surrey Police,-0.523210,51.362190,On or near Fletcher Road,E01030680,Runnymede 008D,Public order,Investigation complete; no suspect identified,
3d1f8320f167f6d5917c1f1dba32b7f836d03d8aa987ab41a3b5ca1ca32e1dc3,2024-07,Surrey Police,Surrey Police,-0.533285,51.356607,On or near St Crispins Way,E01030680,Runnymede 008D,Violence and sexual offences,Unable to prosecute suspect,
,2024-07,Surrey Police,Surrey Police,-0.490251,51.368991,On or near Bush Close,E01030645,Runnymede 009A,Anti-social behaviour,,
,2024-07,Surrey Police,Surrey Police,-0.492254,51.367938,On or near Caselden Close,E01030645,Runnymede 009A,Anti-social behaviour,,
,2024-07,Surrey Police,Surrey Police,-0.495135,51.368569,On or near Addlestone Park,E01030645,Runnymede 009A,Anti-social behaviour,,
,2024-07,Surrey Police,Surrey Police,-0.492254,51.367938,On or near Caselden Close,E01030645,Runnymede 009A,Anti-social behaviour,,
,2024-07,Surrey Police,Surrey Police,-0.492254,51.367938,On or near Caselden Close,E01030645,Runnymede 009A,Anti-social behaviour,,
,2024-07,Surrey Police,Surrey Police,-0.488012,51.368935,On or near Hazeldene,E01030645,Runnymede 009A,Anti-social behaviour,,
,2024-07,Surrey Police,Surrey Police,-0.490251,51.368991,On or near Bush Close,E01030645,Runnymede 009A,Anti-social behaviour,,
,2024-07,Surrey Police,Surrey Police,-0.492254,51.367938,On or near Caselden Close,E01030645,Runnymede 009A,Anti-social behaviour,,
,2024-07,Surrey Police,Surrey Police,-0.488012,51.368935,On or near Hazeldene,E01030645,Runnymede 009A,Anti-social behaviour,,
b79c9df70397d70f57e36ec65cf55008e5fa34a1850b2c609bd1ed715d404c83,2024-07,Surrey Police,Surrey Police,-0.487631,51.370450,On or near Essex Close,E01030645,Runnymede 009A,Criminal damage and arson,Unable to prosecute suspect,
05d727a806ab904e30a29a13a32da02c377cb2f69042bd87cc3d9becd0eb25aa,2024-07,Surrey Police,Surrey Police,-0.487631,51.370450,On or near Essex Close,E01030645,Runnymede 009A,Criminal damage and arson,Investigation complete; no suspect identified,
96a442572d34c73052ce85f1fa5917214189d23cc00725f172b68c61b25df4a8,2024-07,Surrey Police,Surrey Police,-0.487631,51.370450,On or near Essex Close,E01030645,Runnymede 009A,Criminal damage and arson,Unable to prosecute suspect,
e000c8c92aecc194e2df86b64e1027e98a7749953ef2ea24c5bca24b9f3af8a1,2024-07,Surrey Police,Surrey Police,-0.488012,51.368935,On or near Hazeldene,E01030645,Runnymede 009A,Criminal damage and arson,Investigation complete; no suspect identified,
4e880a034889a2bd878a5c7ebd262a12021a2eda0b425bf774f7059080e9b95a,2024-07,Surrey Police,Surrey Police,-0.487631,51.370450,On or near Essex Close,E01030645,Runnymede 009A,Criminal damage and arson,Investigation complete; no suspect identified,
9da030559140f95565c8f221614a62dc48d35b886bd2ccddc65ed7d89762394b,2024-07,Surrey Police,Surrey Police,-0.488012,51.368935,On or near Hazeldene,E01030645,Runnymede 009A,Drugs,Formal action is not in the public interest,
5064c31257038fc982d6f94e4eb9016a37bc5632bb0f7662c3f7071d76f7c193,2024-07,Surrey Police,Surrey Police,-0.487631,51.370450,On or near Essex Close,E01030645,Runnymede 009A,Public order,Unable to prosecute suspect,
56b4a0254f89af857efa53f44b8e10af2338bea8c17825a49652dd3b6d0fecc7,2024-07,Surrey Police,Surrey Police,-0.495135,51.368569,On or near Addlestone Park,E01030645,Runnymede 009A,Theft from the person,Unable to prosecute suspect,
cc00c6571a60980bd4e77074466bc4c2f3ee310f75c412b2b938cf968e96beee,2024-07,Surrey Police,Surrey Police,-0.491662,51.370856,On or near Supermarket,E01030645,Runnymede 009A,Violence and sexual offences,Further investigation is not in the public interest,
6f08f6e71939d2b2ca0ab28100911fff1a9a561cc62b0481f7433292bcd7019b,2024-07,Surrey Police,Surrey Police,-0.488012,51.368935,On or near Hazeldene,E01030645,Runnymede 009A,Violence and sexual offences,Investigation complete; no suspect identified,
e7c2fcb57c2d16c4ef7320feb2ba4a3e26aff5af84f4f56d5ca05412404ca1b7,2024-07,Surrey Police,Surrey Police,-0.495135,51.368569,On or near Addlestone Park,E01030645,Runnymede 009A,Violence and sexual offences,Investigation complete; no suspect identified,
d932808d1ef25a4ba536577bd96977b9277ee69c6c3c8fe668f00d8f64d8ef64,2024-07,Surrey Police,Surrey Police,-0.495135,51.368569,On or near Addlestone Park,E01030645,Runnymede 009A,Violence and sexual offences,Status update unavailable,
300d478c4f6ff9d0ec3b9edac6c7298e20d80f8fb0fa506153169ee9d9c9277c,2024-07,Surrey Police,Surrey Police,-0.490251,51.368991,On or near Bush Close,E01030645,Runnymede 009A,Violence and sexual offences,Court result unavailable,
f7f28f9e149af196ed2ed46bea36a3338534f66c6a68a3697ddc4ff2f259e6b3,2024-07,Surrey Police,Surrey Police,-0.490251,51.368991,On or near Bush Close,E01030645,Runnymede 009A,Violence and sexual offences,Unable to prosecute suspect,
26e317c834d1d84962b2adabd1764978a35362d25ccd24a78417d37d26434dc5,2024-07,Surrey Police,Surrey Police,-0.490251,51.368991,On or near Bush Close,E01030645,Runnymede 009A,Violence and sexual offences,Unable to prosecute suspect,
b07708c328417348893ff6e277377bb91aef65657f7830b7d643d1d5968daa94,2024-07,Surrey Police,Surrey Police,-0.490251,51.368991,On or near Bush Close,E01030645,Runnymede 009A,Violence and sexual offences,Unable to prosecute suspect,
894e82f8d2313fa93aadf20dffe22181d7dba90490213f289d020bf664afafcf,2024-07,Surrey Police,Surrey Police,-0.495135,51.368569,On or near Addlestone Park,E01030645,Runnymede 009A,Violence and sexual offences,Unable to prosecute suspect,
7a86cca85ed902e14e3f93af2ce9ef9c0613025621828716875dcfb3a491c742,2024-07,Surrey Police,Surrey Police,-0.491121,51.370486,On or near Market Street,E01030645,Runnymede 009A,Violence and sexual offences,Unable to prosecute suspect,
c8c83eec32b93d1a3972f04e0f01be783e569cad682d2015e7080c7b70008101,2024-07,Surrey Police,Surrey Police,-0.490251,51.368991,On or near Bush Close,E01030645,Runnymede 009A,Violence and sexual offences,Unable to prosecute suspect,
1ec2239b9ca7bf9c6e1c823ca7709d47ef25521734a9986a36db075a59e38dda,2024-07,Surrey Police,Surrey Police,-0.490251,51.368991,On or near Bush Close,E01030645,Runnymede 009A,Other crime,Investigation complete; no suspect identified,
,2024-07,Surrey Police,Surrey Police,-0.489728,51.370900,On or near Parking Area,E01030646,Runnymede 009B,Anti-social behaviour,,
,2024-07,Surrey Police,Surrey Police,-0.483240,51.370286,On or near Waters Edge,E01030646,Runnymede 009B,Anti-social behaviour,,
,2024-07,Surrey Police,Surrey Police,-0.477524,51.367649,On or near Millpond Court,E01030646,Runnymede 009B,Anti-social behaviour,,
4127731a2f332f4e0ce71b36ad0b12299e66848a023e9822a50ee8a0b09dc29a,2024-07,Surrey Police,Surrey Police,-0.477524,51.367649,On or near Millpond Court,E01030646,Runnymede 009B,Bicycle theft,Investigation complete; no suspect identified,
eaec008caf96d53de53ff4b98e84a0109db3820c95128145a56b4c39951f572b,2024-07,Surrey Police,Surrey Police,-0.489728,51.370900,On or near Parking Area,E01030646,Runnymede 009B,Criminal damage and arson,Investigation complete; no suspect identified,
76a376a134e54bec4e7658e4792e6a15bd38fe0936d94b0b33f828aca984f36f,2024-07,Surrey Police,Surrey Police,-0.489308,51.370139,On or near Garfield Road,E01030646,Runnymede 009B,Drugs,Unable to prosecute suspect,
3ac234062ed854b5abcf29a73ff5353d18d759c67cb31509e1a4586d8f134ce4,2024-07,Surrey Police,Surrey Police,-0.481688,51.374213,On or near Garden Close,E01030646,Runnymede 009B,Other theft,Investigation complete; no suspect identified,
d43d7cd043217badd896dc6c24c4fba534f873097019e0b5b7253522f5ae3388,2024-07,Surrey Police,Surrey Police,-0.486603,51.371579,On or near Gleeson Mews,E01030646,Runnymede 009B,Other theft,Investigation complete; no suspect identified,
765d058eb53e9f560516f128c7f6a354ad640e10d1ec2add0c12499193d9e17e,2024-07,Surrey Police,Surrey Police,-0.481688,51.374213,On or near Garden Close,E01030646,Runnymede 009B,Other theft,Unable to prosecute suspect,
28a9023c44d22a4a0a92d7a8ecfd9cf58360f5939e7cfa5c01cb0e00a7cd6ee3,2024-07,Surrey Police,Surrey Police,-0.486603,51.371579,On or near Gleeson Mews,E01030646,Runnymede 009B,Other theft,Status update unavailable,
ec23f4d317ac0f72bbc7f8ecfbbc55923f2814b813c8bed1e99ccc03100c3b08,2024-07,Surrey Police,Surrey Police,-0.486603,51.371579,On or near Gleeson Mews,E01030646,Runnymede 009B,Other theft,Investigation complete; no suspect identified,
8589616cab3b6a8182fc6567e5261ceb68a70dff0fff4f80f5ff4d40fbee766d,2024-07,Surrey Police,Surrey Police,-0.488860,51.370655,On or near Parking Area,E01030646,Runnymede 009B,Public order,Unable to prosecute suspect,
967831a973a4dfb52144662c46128dcce3c8922d663b8334765fa31e3c0ff68f,2024-07,Surrey Police,Surrey Police,-0.489728,51.370900,On or near Parking Area,E01030646,Runnymede 009B,Public order,Investigation complete; no suspect identified,
0c44c89a8b312916a0777e00a12614f4e72ba8729a1da01c387a08331d06b85c,2024-07,Surrey Police,Surrey Police,-0.486603,51.371579,On or near Gleeson Mews,E01030646,Runnymede 009B,Shoplifting,Unable to prosecute suspect,
26c94230389dce98a96f1e6107305b281a53586627e671ffce17bd40fd74f8a2,2024-07,Surrey Police,Surrey Police,-0.489308,51.370139,On or near Garfield Road,E01030646,Runnymede 009B,Violence and sexual offences,Unable to prosecute suspect,
f2a0d01fc4101cd9e2d7a3f405d5d96bf5199e1f6686bc1a28b4d9869beedf83,2024-07,Surrey Police,Surrey Police,-0.486603,51.371579,On or near Gleeson Mews,E01030646,Runnymede 009B,Violence and sexual offences,Unable to prosecute suspect,
9f35f453265d6e41f70542b33aa6c8bbbb66bf9ac752e3984d3cc96c71372991,2024-07,Surrey Police,Surrey Police,-0.481688,51.374213,On or near Garden Close,E01030646,Runnymede 009B,Violence and sexual offences,Court result unavailable,
53810394ffd649ad617353e6a91a02aecd99a983e45ead724e52c0aa9313f75f,2024-07,Surrey Police,Surrey Police,-0.488860,51.370655,On or near Parking Area,E01030646,Runnymede 009B,Violence and sexual offences,Unable to prosecute suspect,
21769bfc08d86d74db7460f7e3041ac28ef42a8d3b2088a54702c166767a0841,2024-07,Surrey Police,Surrey Police,-0.504457,51.362861,On or near Coombelands Lane,E01030660,Runnymede 009C,Vehicle crime,Investigation complete; no suspect identified,
f49cf723227200eef6d975c2d06de99ac7764cf8cf07f33e8dddc8665dd575b6,2024-07,Surrey Police,Surrey Police,-0.504365,51.363489,On or near Ongar Place,E01030660,Runnymede 009C,Violence and sexual offences,Unable to prosecute suspect,
15ec9bf4cbc1264c14eba67f73d44b50bab6f46067409e5e0f3993fe17fe9225,2024-07,Surrey Police,Surrey Police,-0.504104,51.357380,On or near Wycliffe Avenue,E01030660,Runnymede 009C,Violence and sexual offences,Investigation complete; no suspect identified,
91bfb3ddc4c8add7ee95a704125f2d55e408db7eba466dc8208b90771c2f6a67,2024-07,Surrey Police,Surrey Police,-0.500864,51.367761,On or near Conquest Road,E01030660,Runnymede 009C,Other crime,Status update unavailable,
,2024-07,Surrey Police,Surrey Police,-0.514475,51.355570,On or near Brox Lane,E01030661,Runnymede 009D,Anti-social behaviour,,
,2024-07,Surrey Police,Surrey Police,-0.508465,51.359765,On or near Kemble Avenue,E01030661,Runnymede 009D,Anti-social behaviour,,
198163e63a32c018e25e9a1c67fe1b1b2d1cc9ff522a604c431f88fd5a408b78,2024-07,Surrey Police,Surrey Police,-0.507566,51.359142,On or near Howden Drive,E01030661,Runnymede 009D,Criminal damage and arson,Status update unavailable,
921b4bc8947cf316f91304eae714205538efee9c05b66e5321b8a8ce66e73258,2024-07,Surrey Police,Surrey Police,-0.514475,51.355570,On or near Brox Lane,E01030661,Runnymede 009D,Violence and sexual offences,Unable to prosecute suspect,
1d62b7ea9d6f5c3864ec574b75f746d62b606be1bd9e5abfdff641011be4c0bd,2024-07,Surrey Police,Surrey Police,-0.514475,51.355570,On or near Brox Lane,E01030661,Runnymede 009D,Violence and sexual offences,Status update unavailable,
427475089f152f0bac56ad1edb8e9bd740ca246b0d498000fc480a89c3f1a3b2,2024-07,Surrey Police,Surrey Police,-0.514475,51.355570,On or near Brox Lane,E01030661,Runnymede 009D,Violence and sexual offences,Unable to prosecute suspect,
,2024-07,Surrey Police,Surrey Police,-0.487280,51.363225,On or near Westerham Close,E01030684,Runnymede 009E,Anti-social behaviour,,
,2024-07,Surrey Police,Surrey Police,-0.495385,51.364435,On or near Brookhurst Road,E01030684,Runnymede 009E,Anti-social behaviour,,
,2024-07,Surrey Police,Surrey Police,-0.495385,51.364435,On or near Brookhurst Road,E01030684,Runnymede 009E,Anti-social behaviour,,
,2024-07,Surrey Police,Surrey Police,-0.495385,51.364435,On or near Brookhurst Road,E01030684,Runnymede 009E,Anti-social behaviour,,
,2024-07,Surrey Police,Surrey Police,-0.492850,51.366849,On or near Sayes Court,E01030684,Runnymede 009E,Anti-social behaviour,,
0e4ecebe651a2e63fcfc42ecacc7037af234f09adc1ae8f64a7c3f84fa7a577e,2024-07,Surrey Police,Surrey Police,-0.495353,51.364102,On or near Temple Field Close,E01030684,Runnymede 009E,Criminal damage and arson,Investigation complete; no suspect identified,
3d2813776d73b17c7929d9645407a419398f8585c376d9575a4760f09c019b9c,2024-07,Surrey Police,Surrey Police,-0.498165,51.365523,On or near Monks Crescent,E01030684,Runnymede 009E,Other theft,Investigation complete; no suspect identified,
3e93c3689544d0cbb6280433a7cc238a769529bfb4e4df38eb19fd31fa7eff6e,2024-07,Surrey Police,Surrey Police,-0.491146,51.366656,On or near Parklands,E01030684,Runnymede 009E,Public order,Unable to prosecute suspect,
0c01c3d34a7b0a1c3ecc6935c80afb78c36c4ec91d22277fb423f3bc8dc80451,2024-07,Surrey Police,Surrey Police,-0.491146,51.366656,On or near Parklands,E01030684,Runnymede 009E,Vehicle crime,Investigation complete; no suspect identified,
16f9851cd7be24b41006dfc1806978dad1db76404addd36902533911622da28c,2024-07,Surrey Police,Surrey Police,-0.495385,51.364435,On or near Brookhurst Road,E01030684,Runnymede 009E,Violence and sexual offences,Investigation complete; no suspect identified,
,2024-07,Surrey Police,Surrey Police,-0.489979,51.351057,On or near Pinewood Avenue,E01030681,Runnymede 010A,Anti-social behaviour,,
65a438217dc98b17f385bca0c1491f7a2ee277b58bba0bd54803f4453c30b0ec,2024-07,Surrey Police,Surrey Police,-0.485016,51.352612,On or near Fairwater Drive,E01030681,Runnymede 010A,Criminal damage and arson,Unable to prosecute suspect,
9d7fcc4f5bb6f147dab07e605ab00f8707cfeac089397abd6166499fab267a5c,2024-07,Surrey Police,Surrey Police,-0.485016,51.352612,On or near Fairwater Drive,E01030681,Runnymede 010A,Criminal damage and arson,Unable to prosecute suspect,
161e96439169b5102846138f0a57c8810beda9967914e8500251c99682812d29,2024-07,Surrey Police,Surrey Police,-0.485016,51.352612,On or near Fairwater Drive,E01030681,Runnymede 010A,Criminal damage and arson,Unable to prosecute suspect,
a0be7f1361ff587462e6fb7dcfa32e8a464ec0f5ef77dc5f12f7f60c267a6b3c,2024-07,Surrey Police,Surrey Police,-0.482248,51.349887,On or near Oyster Lane,E01030681,Runnymede 010A,Vehicle crime,Investigation complete; no suspect identified,
84f43a91dac0bc636bd21430d7019428c7b77a697ee5efa76ffac89a6ce939b9,2024-07,Surrey Police,Surrey Police,-0.485016,51.352612,On or near Fairwater Drive,E01030681,Runnymede 010A,Violence and sexual offences,Unable to prosecute suspect,
cf3b206b3ccaeed470914988ae7e9707deb03900ba6c1f83f903a5f07bd91882,2024-07,Surrey Police,Surrey Police,-0.485016,51.352612,On or near Fairwater Drive,E01030681,Runnymede 010A,Violence and sexual offences,Unable to prosecute suspect,
a7cfd26bbd84f071a820d2e49fdf6e727ae8d6b67b5fc06a3600892389869d39,2024-07,Surrey Police,Surrey Police,-0.488920,51.353543,On or near Limebush Close,E01030681,Runnymede 010A,Violence and sexual offences,Unable to prosecute suspect,
be3f9c29885df9691a6a21bc238136611e1313c7c0f37f4dfb870cc950cf407a,2024-07,Surrey Police,Surrey Police,-0.485016,51.352612,On or near Fairwater Drive,E01030681,Runnymede 010A,Violence and sexual offences,Unable to prosecute suspect,
69087340f8d7fdef39fbe8397ae0abc3c650db22ff9c996ec87316a68ca35afe,2024-07,Surrey Police,Surrey Police,-0.485016,51.352612,On or near Fairwater Drive,E01030681,Runnymede 010A,Violence and sexual offences,Unable to prosecute suspect,
362fc505e229b0ec2a454a5c74477ab8efb98e2143a27769aa96c77092b04a65,2024-07,Surrey Police,Surrey Police,-0.485016,51.352612,On or near Fairwater Drive,E01030681,Runnymede 010A,Violence and sexual offences,Unable to prosecute suspect,
8bd940e4f1fed0d0db174cd4e91ba6eb53831062441fca2d7bdde2e921f9460d,2024-07,Surrey Police,Surrey Police,-0.485016,51.352612,On or near Fairwater Drive,E01030681,Runnymede 010A,Violence and sexual offences,Unable to prosecute suspect,
498424a00b379b5faa354ded363416912813e98561c51c2254dff873ff93d118,2024-07,Surrey Police,Surrey Police,-0.493905,51.350010,On or near Mayfield Gardens,E01030681,Runnymede 010A,Violence and sexual offences,Unable to prosecute suspect,
f80d7e02ec740cbacd2c3ea74b08095534dc7a081a4284a1b076e97ca5a2a826,2024-07,Surrey Police,Surrey Police,-0.493905,51.350010,On or near Mayfield Gardens,E01030681,Runnymede 010A,Violence and sexual offences,Unable to prosecute suspect,
90ab532e4faa2375505905547c347bcaa0461ecdda107e0669af35a205bbeabf,2024-07,Surrey Police,Surrey Police,-0.493905,51.350010,On or near Mayfield Gardens,E01030681,Runnymede 010A,Violence and sexual offences,Unable to prosecute suspect,
61352d4af6692d5a44de276219ebfa2a519859c179911e3d45e227d8a7417ef4,2024-07,Surrey Police,Surrey Police,-0.485016,51.352612,On or near Fairwater Drive,E01030681,Runnymede 010A,Violence and sexual offences,Unable to prosecute suspect,
,2024-07,Surrey Police,Surrey Police,-0.497473,51.351117,On or near Selbourne Avenue,E01030682,Runnymede 010B,Anti-social behaviour,,
,2024-07,Surrey Police,Surrey Police,-0.497473,51.351117,On or near Selbourne Avenue,E01030682,Runnymede 010B,Anti-social behaviour,,
96ce8a281f3e7bc2bcc7f2d6e040907980080bf1193c6219362687a191aafff9,2024-07,Surrey Police,Surrey Police,-0.494685,51.354256,On or near Farm Road,E01030682,Runnymede 010B,Bicycle theft,Investigation complete; no suspect identified,
ef44f50f87c1fe7184297aee3a20f656f6689502b9da70fa4bb4ccfbcbe123c4,2024-07,Surrey Police,Surrey Police,-0.492250,51.351869,On or near Hartland Close,E01030682,Runnymede 010B,Burglary,Investigation complete; no suspect identified,
8f2c1d09703550ca88b31b33eeca2444887d0f11c1ee04024d90b1ebe74aca07,2024-07,Surrey Police,Surrey Police,-0.498037,51.351880,On or near Selbourne Close,E01030682,Runnymede 010B,Violence and sexual offences,Unable to prosecute suspect,
,2024-07,Surrey Police,Surrey Police,-0.487492,51.360728,On or near A318,E01030683,Runnymede 010C,Anti-social behaviour,,
,2024-07,Surrey Police,Surrey Police,-0.490702,51.354843,On or near Edwards Close,E01030683,Runnymede 010C,Anti-social behaviour,,
,2024-07,Surrey Police,Surrey Police,-0.486443,51.360291,On or near Halley'S Walk,E01030683,Runnymede 010C,Anti-social behaviour,,
7926bf39fa9d7c4f8c36504f052424be5433351f98652106ab8ba97c433643cb,2024-07,Surrey Police,Surrey Police,-0.486995,51.358049,On or near Supermarket,E01030683,Runnymede 010C,Burglary,Investigation complete; no suspect identified,
9fd09fa0a8e95ed8d35ad7a98296d30b7266a6b795273ca58447b25808384946,2024-07,Surrey Police,Surrey Police,-0.488125,51.358955,On or near Meadway Drive,E01030683,Runnymede 010C,Other theft,Unable to prosecute suspect,
8950fe9dad0e852d418109621bca6c3ade225644e98b3e8f08d35ababe21210f,2024-07,Surrey Police,Surrey Police,-0.490702,51.354843,On or near Edwards Close,E01030683,Runnymede 010C,Public order,Unable to prosecute suspect,
00787a5523d7620021d1fc2de05b6bbfb01688c38fdcab910747508d4621420c,2024-07,Surrey Police,Surrey Police,-0.490702,51.354843,On or near Edwards Close,E01030683,Runnymede 010C,Public order,Unable to prosecute suspect,
4e0fc04d8753078a60f92c94e8342c2eac4107d97e4224fc95265bb064e20ec3,2024-07,Surrey Police,Surrey Police,-0.490702,51.354843,On or near Edwards Close,E01030683,Runnymede 010C,Public order,Unable to prosecute suspect,
5b1ca07333a3fd70b339d4a82a492b6a95e6b676f9be869d842e79448f1a6507,2024-07,Surrey Police,Surrey Police,-0.486995,51.358049,On or near Supermarket,E01030683,Runnymede 010C,Shoplifting,Awaiting court outcome,
5c09bdf32b205db091a87757c94f53f6de033f17fbb49f9b233a18f20e46dacb,2024-07,Surrey Police,Surrey Police,-0.484607,51.353685,On or near Byfleet Road,E01030683,Runnymede 010C,Vehicle crime,Investigation complete; no suspect identified,
9b047717330b7589ea2ebae29153141ed577151df5d9430e501bca36719ecd4e,2024-07,Surrey Police,Surrey Police,-0.490702,51.354843,On or near Edwards Close,E01030683,Runnymede 010C,Vehicle crime,Investigation complete; no suspect identified,
fd101857691f7346a81391cbbc624b36270e83b3434e81d7516ce76934c1c960,2024-07,Surrey Police,Surrey Police,-0.489447,51.355007,On or near Marshall Place,E01030683,Runnymede 010C,Violence and sexual offences,Unable to prosecute suspect,
672533f118dc504d810a2403e7ac23d798efcb52068977dfc0cdbf9663dbd42a,2024-07,Surrey Police,Surrey Police,-0.484004,51.354981,On or near Wey Court,E01030683,Runnymede 010C,Violence and sexual offences,Unable to prosecute suspect,
9a08fdc23667f266fdddf8fd4d0513e2771faa6eef5faac368da557e4667132e,2024-07,Surrey Police,Surrey Police,-0.489447,51.355007,On or near Marshall Place,E01030683,Runnymede 010C,Violence and sexual offences,Unable to prosecute suspect,
37914600c853ff2d7931e1ab64e6d054e2067dd22e1fa02509892bfa5b19bd0e,2024-07,Surrey Police,Surrey Police,-0.486443,51.360291,On or near Halley'S Walk,E01030683,Runnymede 010C,Violence and sexual offences,Unable to prosecute suspect,
4e1a6ac822b6ba46d35dc66ac8e2130f79773e1cc166dc87e4da35bc4248886f,2024-07,Surrey Police,Surrey Police,-0.487632,51.356899,On or near Weyview Court,E01030683,Runnymede 010C,Violence and sexual offences,Unable to prosecute suspect,
d8790778ecfdad352a0d7cf21d0f2f5b023986f964904ea495a79a46ed186476,2024-07,Surrey Police,Surrey Police,-0.486443,51.360291,On or near Halley'S Walk,E01030683,Runnymede 010C,Violence and sexual offences,Unable to prosecute suspect,
6c38c314f779e4c7fdb1621c0dda865d97efc959bd5279dfc3195aca8c3c7cea,2024-07,Surrey Police,Surrey Police,-0.490702,51.354843,On or near Edwards Close,E01030683,Runnymede 010C,Violence and sexual offences,Unable to prosecute suspect,
5573297bbceb0efd91df4944071817522e8888c3833661d10914fea051fdffec,2024-07,Surrey Police,Surrey Police,-0.489447,51.355007,On or near Marshall Place,E01030683,Runnymede 010C,Violence and sexual offences,Unable to prosecute suspect,
ca6aaf0b639be5d06368960e5a12a1355c1ce15c048004f9ec9102f470c38d98,2024-07,Surrey Police,Surrey Police,-0.486062,51.362274,On or near Burcott Gardens,E01030683,Runnymede 010C,Violence and sexual offences,Awaiting court outcome,
f80450ad001b827b97b36ec14120d3cacb484479a097eb2c8cdbafc5c300522f,2024-07,Surrey Police,Surrey Police,-0.489447,51.355007,On or near Marshall Place,E01030683,Runnymede 010C,Violence and sexual offences,Unable to prosecute suspect,
,2024-07,Surrey Police,Surrey Police,-0.507532,51.344277,On or near Little Orchard,E01030693,Runnymede 010D,Anti-social behaviour,,
d2fd3bd7a9b98288aa592de6934bcd84544823732244c94be2f8a2118f10f7cb,2024-07,Surrey Police,Surrey Police,-0.507532,51.344277,On or near Little Orchard,E01030693,Runnymede 010D,Violence and sexual offences,Action to be taken by another organisation,
3b17fbac9893fdaac57768b986076cea8439e565757428e7cd0eec4323758ccf,2024-07,Surrey Police,Surrey Police,-0.507532,51.344277,On or near Little Orchard,E01030693,Runnymede 010D,Violence and sexual offences,Action to be taken by another organisation,
,2024-07,Surrey Police,Surrey Police,-0.495496,51.349222,On or near Heathervale Road,E01030694,Runnymede 010E,Anti-social behaviour,,
,2024-07,Surrey Police,Surrey Police,-0.497379,51.348706,On or near Inglehurst,E01030694,Runnymede 010E,Anti-social behaviour,,
3e846a1403be36942175bd045f5a3bd9008ab40bf4c1e53620f4188b3eea2c2d,2024-07,Surrey Police,Surrey Police,-0.498929,51.348303,On or near Holmefield Place,E01030694,Runnymede 010E,Vehicle crime,Investigation complete; no suspect identified,
a8c6adbe441d294712cc3c059e0cc043b7582fbff37730d4ffae7b01e20045d5,2024-07,Surrey Police,Surrey Police,-0.498733,51.346826,On or near Kings Road,E01030694,Runnymede 010E,Violence and sexual offences,Status update unavailable,
5a6d341428748068dd8c53ce1ec7ff89d111589114ea4825bfd8908e2afde4d7,2024-07,Surrey Police,Surrey Police,-0.499644,51.343565,On or near Parking Area,E01030694,Runnymede 010E,Violence and sexual offences,Unable to prosecute suspect,
13752a4830c4f7abac22de6d05d06110e1fa0af796bef2028884079e91cc27d7,2024-07,Surrey Police,Surrey Police,-0.497379,51.348706,On or near Inglehurst,E01030694,Runnymede 010E,Violence and sexual offences,Status update unavailable,
ad307dca4b17f328aeca2d05beb08f4909026d18f2413c0731daf000c0979650,2024-07,Surrey Police,Surrey Police,-0.498733,51.346826,On or near Kings Road,E01030694,Runnymede 010E,Violence and sexual offences,Unable to prosecute suspect,
33ad8f6a83ce8e640b6f5eb21a3af071538fe51d123d379e84d16c5247dcbd4b,2024-07,Surrey Police,Surrey Police,-0.517669,51.341618,On or near Homefield Close,E01030695,Runnymede 010F,Other theft,Investigation complete; no suspect identified,
931325c132bae9345fa5843692662275895f7d63aee01094161669b3b51ec72e,2024-07,Surrey Police,Surrey Police,-0.513771,51.343151,On or near Westwood Avenue,E01030695,Runnymede 010F,Violence and sexual offences,Unable to prosecute suspect,
,2024-07,Surrey Police,Surrey Police,-0.505189,51.347889,On or near Amis Avenue,E01030696,Runnymede 010G,Anti-social behaviour,,
,2024-07,Surrey Police,Surrey Police,-0.503436,51.348370,On or near The Broadway,E01030696,Runnymede 010G,Anti-social behaviour,,
,2024-07,Surrey Police,Surrey Police,-0.509125,51.350061,On or near Wendley Drive,E01030696,Runnymede 010G,Anti-social behaviour,,
,2024-07,Surrey Police,Surrey Police,-0.507916,51.349255,On or near Queen Mary'S Drive,E01030696,Runnymede 010G,Anti-social behaviour,,
f59747958a38c86cd82aa4c182a156e7f466ce53dbd2af0d8d371a515c9dc7fc,2024-07,Surrey Police,Surrey Police,-0.503340,51.348675,On or near Supermarket,E01030696,Runnymede 010G,Shoplifting,Unable to prosecute suspect,
a6da993c26b0b99cf2c35d6f20bdb3967685d533ea0af852c762f11a720e0707,2024-07,Surrey Police,Surrey Police,-0.503340,51.348675,On or near Supermarket,E01030696,Runnymede 010G,Shoplifting,Awaiting court outcome,
f610084a0580978625ca6a53fcfba85f3e5ba769ec504ee26aea74ebb9f41cc9,2024-07,Surrey Police,Surrey Police,-0.503340,51.348675,On or near Supermarket,E01030696,Runnymede 010G,Violence and sexual offences,Unable to prosecute suspect,
f441cc94892a2f4d19f19bf1f07a7c900a7d1f31a105891dcbf8a1e9cf75cda8,2024-07,Surrey Police,Surrey Police,-0.503340,51.348675,On or near Supermarket,E01030696,Runnymede 010G,Violence and sexual offences,Awaiting court outcome,
0604781ae3dde1f7c9a741bca49a217b87b50c3de9a8b717782efd698eabb158,2024-07,Surrey Police,Surrey Police,-0.757629,51.287740,On or near Elles Close,E01023095,Rushmoor 006C,Other theft,Investigation complete; no suspect identified,
3284fda6e32407334d9a30ebe924943a1519536fe3a666411eaf6cc1e05209cb,2024-07,Surrey Police,Surrey Police,0.053379,51.176375,On or near Greybury Lane,E01024430,Sevenoaks 014F,Criminal damage and arson,Unable to prosecute suspect,
,2024-07,Surrey Police,Surrey Police,-0.482497,51.457924,On or near Gleneagles Close,E01030743,Spelthorne 001A,Anti-social behaviour,,
,2024-07,Surrey Police,Surrey Police,-0.478411,51.457412,On or near High Street,E01030743,Spelthorne 001A,Anti-social behaviour,,
,2024-07,Surrey Police,Surrey Police,-0.487752,51.457452,On or near Park Road,E01030743,Spelthorne 001A,Anti-social behaviour,,
,2024-07,Surrey Police,Surrey Police,-0.484059,51.456820,On or near Stanhope Way,E01030743,Spelthorne 001A,Anti-social behaviour,,
78d4aa64524fd215eb697e82dcc885602180e93a367c24ac9006b7349ddadca7,2024-07,Surrey Police,Surrey Police,-0.478998,51.457959,On or near Pinewood Mews,E01030743,Spelthorne 001A,Criminal damage and arson,Court result unavailable,
a6a8f3ff34067275ca525e1b13bdf1d8ec3bf041305cd34adb088cf9b51cd0e2,2024-07,Surrey Police,Surrey Police,-0.478411,51.457412,On or near High Street,E01030743,Spelthorne 001A,Criminal damage and arson,Court result unavailable,
11bb4cbae8ad5be746f4e3c1d111cc2b932238957474c0254557132b65aaefbe,2024-07,Surrey Police,Surrey Police,-0.484059,51.456820,On or near Stanhope Way,E01030743,Spelthorne 001A,Criminal damage and arson,Unable to prosecute suspect,
c61f04323abe7ee3416a892dd7587d67240035c345bd283e2585dbced623b5a3,2024-07,Surrey Police,Surrey Police,-0.485087,51.457076,On or near Selwood Gardens,E01030743,Spelthorne 001A,Criminal damage and arson,Investigation complete; no suspect identified,
79165f54bf778403cca028f90e8acdd0e534f2827074c46e28c52f5a884ea8f8,2024-07,Surrey Police,Surrey Police,-0.487215,51.460628,On or near Park/Open Space,E01030743,Spelthorne 001A,Other theft,Investigation complete; no suspect identified,
a36dd41b4b2999ad1e901ef6eee26ecda85ceb0965a6e882fded2e49cce8654e,2024-07,Surrey Police,Surrey Police,-0.478411,51.457412,On or near High Street,E01030743,Spelthorne 001A,Public order,Unable to prosecute suspect,
8385eb3d80d724a9644dcb7cc7d07218646a8945f4936a4f129e73a2b22f9fe5,2024-07,Surrey Police,Surrey Police,-0.478411,51.457412,On or near High Street,E01030743,Spelthorne 001A,Public order,Investigation complete; no suspect identified,
d187047f35d5f18d07ac117d8a1854619988a3d2251cd7d0addc7492ca4e2e1a,2024-07,Surrey Police,Surrey Police,-0.478411,51.457412,On or near High Street,E01030743,Spelthorne 001A,Shoplifting,Court result unavailable,
6d4ebb0d830b68936b6716fc81656c3c6e659fda8a0d3814222d4ad356fc65a7,2024-07,Surrey Police,Surrey Police,-0.480535,51.457602,On or near Chrislaine Close,E01030743,Spelthorne 001A,Vehicle crime,Investigation complete; no suspect identified,
f27098c1e4ff2904cdd4b410320c9756a9fc9148481281aa96b2d9e3d076ff92,2024-07,Surrey Police,Surrey Police,-0.478411,51.457412,On or near High Street,E01030743,Spelthorne 001A,Vehicle crime,Investigation complete; no suspect identified,
c1a776f28cbec078f2d3ee5a29ae46172c3832ea3377ea946ee11df0b0c66e1a,2024-07,Surrey Police,Surrey Police,-0.478411,51.457412,On or near High Street,E01030743,Spelthorne 001A,Violence and sexual offences,Unable to prosecute suspect,
55001367dc66da3abb802dbb5ea1bb447092b307fcd72e23475b093adb33d979,2024-07,Surrey Police,Surrey Police,-0.478411,51.457412,On or near High Street,E01030743,Spelthorne 001A,Violence and sexual offences,Unable to prosecute suspect,
7df6c442f9cbc429feee66efc6e9946e3c4c83f15e4add22f00ca72ef879b298,2024-07,Surrey Police,Surrey Police,-0.480535,51.457602,On or near Chrislaine Close,E01030743,Spelthorne 001A,Violence and sexual offences,Unable to prosecute suspect,
eebb0cea5e9a21542c1b81190f2042a7a1c0920c68078ecf63d7096da6e7cca9,2024-07,Surrey Police,Surrey Police,-0.480535,51.457602,On or near Chrislaine Close,E01030743,Spelthorne 001A,Violence and sexual offences,Unable to prosecute suspect,
04e0df9b6989a5c79bb5a658b8793793d6bb636887c40e3268942f2e00ca86a4,2024-07,Surrey Police,Surrey Police,-0.480535,51.457602,On or near Chrislaine Close,E01030743,Spelthorne 001A,Violence and sexual offences,Unable to prosecute suspect,
,2024-07,Surrey Police,Surrey Police,-0.478155,51.455593,On or near Parking Area,E01030744,Spelthorne 001B,Anti-social behaviour,,
,2024-07,Surrey Police,Surrey Police,-0.480091,51.455366,On or near Hadfield Road,E01030744,Spelthorne 001B,Anti-social behaviour,,
,2024-07,Surrey Police,Surrey Police,-0.478155,51.455593,On or near Parking Area,E01030744,Spelthorne 001B,Anti-social behaviour,,
,2024-07,Surrey Police,Surrey Police,-0.473932,51.457921,On or near Westland Close,E01030744,Spelthorne 001B,Anti-social behaviour,,
,2024-07,Surrey Police,Surrey Police,-0.478155,51.455593,On or near Parking Area,E01030744,Spelthorne 001B,Anti-social behaviour,,
,2024-07,Surrey Police,Surrey Police,-0.475543,51.457959,On or near De Havilland Way,E01030744,Spelthorne 001B,Anti-social behaviour,,
,2024-07,Surrey Police,Surrey Police,-0.474100,51.456781,On or near Bristol Close,E01030744,Spelthorne 001B,Anti-social behaviour,,
,2024-07,Surrey Police,Surrey Police,-0.474100,51.456781,On or near Bristol Close,E01030744,Spelthorne 001B,Anti-social behaviour,,
,2024-07,Surrey Police,Surrey Police,-0.478155,51.455593,On or near Parking Area,E01030744,Spelthorne 001B,Anti-social behaviour,,
782287da15161d76eb43ced70ff6dab37a0a9ebfc23e09adc8e03da33b41d4ad,2024-07,Surrey Police,Surrey Police,-0.475543,51.457959,On or near De Havilland Way,E01030744,Spelthorne 001B,Burglary,Investigation complete; no suspect identified,
3fbc58a276c663489a4e6c13ac906c24e3d111dc00f87666ea43e80142aee62d,2024-07,Surrey Police,Surrey Police,-0.473932,51.457921,On or near Westland Close,E01030744,Spelthorne 001B,Public order,Unable to prosecute suspect,
83a1313bcc65afd33d20dd76e5a6ee0675070e3e25d45f998de27b4aff0bab86,2024-07,Surrey Police,Surrey Police,-0.476539,51.457451,On or near Douglas Road,E01030744,Spelthorne 001B,Public order,Unable to prosecute suspect,
d835f2fba0d293df9250f12ec75b77681fc3320f00e945d9c311e9bccf8963b8,2024-07,Surrey Police,Surrey Police,-0.474100,51.456781,On or near Bristol Close,E01030744,Spelthorne 001B,Vehicle crime,Investigation complete; no suspect identified,
46eb01eee340ce6e62bb1b81711b72b1d47de830153bc6b00c0cc45b49319cf2,2024-07,Surrey Police,Surrey Police,-0.477815,51.457153,On or near Dutch Barn Close,E01030744,Spelthorne 001B,Vehicle crime,Investigation complete; no suspect identified,
38752d602013177286fd02237df8828b207730b493840eda7f7b0fe68eb70c79,2024-07,Surrey Police,Surrey Police,-0.473744,51.456650,On or near Whitley Close,E01030744,Spelthorne 001B,Vehicle crime,Investigation complete; no suspect identified,
58fa9594fec99e1cc625504130fae8e62f332b8d63451f1734de776f5944fb15,2024-07,Surrey Police,Surrey Police,-0.474308,51.458303,On or near Callis Farm Close,E01030744,Spelthorne 001B,Vehicle crime,Investigation complete; no suspect identified,
5d14ae5f27ca48326a9a24e75d27adb7f2dcbabc4842321b2270378a067a7e14,2024-07,Surrey Police,Surrey Police,-0.474308,51.458303,On or near Callis Farm Close,E01030744,Spelthorne 001B,Violence and sexual offences,Unable to prosecute suspect,
663a1aa9b685e70d7624f61f52ce93f1eeee47ea7810b41fc5226cc7eccc9343,2024-07,Surrey Police,Surrey Police,-0.473744,51.456650,On or near Whitley Close,E01030744,Spelthorne 001B,Violence and sexual offences,Investigation complete; no suspect identified,
e669cf8f53ea247feb48658273dd886697c2f77ba71646fc4042b49dd83d2f34,2024-07,Surrey Police,Surrey Police,-0.480091,51.455366,On or near Hadfield Road,E01030744,Spelthorne 001B,Violence and sexual offences,Investigation complete; no suspect identified,
a7c607da4f895c835eaea222315e2a5d439649f7f6501004f3d21e7756bff542,2024-07,Surrey Police,Surrey Police,-0.471333,51.457734,On or near Petrol Station,E01030744,Spelthorne 001B,Violence and sexual offences,Status update unavailable,
15158dff6705dea955e353bef685bb5e2409d5f035521ab410ab51074c72b646,2024-07,Surrey Police,Surrey Police,-0.475543,51.457959,On or near De Havilland Way,E01030744,Spelthorne 001B,Violence and sexual offences,Unable to prosecute suspect,
bacbacea85e5e44f596e45c0e8588fab8a6c294f67c06586b078f91ab7605bcc,2024-07,Surrey Police,Surrey Police,-0.475015,51.455651,On or near Falcon Drive,E01030744,Spelthorne 001B,Other crime,Investigation complete; no suspect identified,
,2024-07,Surrey Police,Surrey Police,-0.480155,51.450421,On or near Diamedes Avenue,E01030745,Spelthorne 001C,Anti-social behaviour,,
,2024-07,Surrey Police,Surrey Police,-0.477569,51.451592,On or near Elizabethan Way,E01030745,Spelthorne 001C,Anti-social behaviour,,
,2024-07,Surrey Police,Surrey Police,-0.483808,51.453535,On or near Jubilee Close,E01030745,Spelthorne 001C,Anti-social behaviour,,
,2024-07,Surrey Police,Surrey Police,-0.481624,51.452985,On or near Beech Close,E01030745,Spelthorne 001C,Anti-social behaviour,,
,2024-07,Surrey Police,Surrey Police,-0.481700,51.452419,On or near Rose Gardens,E01030745,Spelthorne 001C,Anti-social behaviour,,
,2024-07,Surrey Police,Surrey Police,-0.483203,51.453122,On or near Lauser Road,E01030745,Spelthorne 001C,Anti-social behaviour,,
069bfe4e1de672462821a26bf41442cf6fea7fc7017ebec81c46c11cff2ee139,2024-07,Surrey Police,Surrey Police,-0.481624,51.452985,On or near Beech Close,E01030745,Spelthorne 001C,Burglary,Unable to prosecute suspect,
e0493c6d7a8d66d914f780741a1e55da803c42be27baf3cb954d6cff2d681466,2024-07,Surrey Police,Surrey Police,-0.481094,51.453356,On or near St Mary'S Crescent,E01030745,Spelthorne 001C,Criminal damage and arson,Unable to prosecute suspect,
49fc522244c1e8ceede2c101690811e32d1cc81e0f303ed78560189ef5bf5235,2024-07,Surrey Police,Surrey Police,-0.478981,51.449812,On or near Gleen Gardens,E01030745,Spelthorne 001C,Criminal damage and arson,Investigation complete; no suspect identified,
456cca1463adac0998165097076fcda4eff991ebaa5d1cad0b80ebe8f8135bc8,2024-07,Surrey Police,Surrey Police,-0.476844,51.451295,On or near Argosy Lane,E01030745,Spelthorne 001C,Other theft,Unable to prosecute suspect,
31596e66a42a9d4a202ce954df4eecbfff59952435dbd6303a1c92be308bfb06,2024-07,Surrey Police,Surrey Police,-0.476844,51.451295,On or near Argosy Lane,E01030745,Spelthorne 001C,Public order,Unable to prosecute suspect,
65273b13268b95154c13dfadf1ebb0331678e803ea2b6632eb10b5f4b712a552,2024-07,Surrey Police,Surrey Police,-0.476266,51.452241,On or near Hadrian Way,E01030745,Spelthorne 001C,Public order,Unable to prosecute suspect,
3c1429b43c80e5a4e244977e0a497b14c09082199aaee42550ea897bded46a60,2024-07,Surrey Police,Surrey Police,-0.476844,51.451295,On or near Argosy Lane,E01030745,Spelthorne 001C,Public order,Unable to prosecute suspect,
c2553f78cf0f7969fb370018a3eb73fc3c3b69c28eb65c799739f20913cd1d99,2024-07,Surrey Police,Surrey Police,-0.482703,51.453448,On or near Maise Webster Close,E01030745,Spelthorne 001C,Vehicle crime,Unable to prosecute suspect,
856b28ecb7df4edb8ce06f7848fe0134abe5fb36943d568b10ac925041016762,2024-07,Surrey Police,Surrey Police,-0.481200,51.450165,On or near Foxglove Close,E01030745,Spelthorne 001C,Violence and sexual offences,Unable to prosecute suspect,
5751d777f70995539665cfbc6c74e94e64a1eadfe5f5258a3a541dad1979d3c5,2024-07,Surrey Police,Surrey Police,-0.482703,51.453448,On or near Maise Webster Close,E01030745,Spelthorne 001C,Violence and sexual offences,Unable to prosecute suspect,
7c810d706b1966909e6e05c7ab6cfba51ffa168115be22b18313aa56bf6e3328,2024-07,Surrey Police,Surrey Police,-0.479659,51.448895,On or near Elm Close,E01030745,Spelthorne 001C,Violence and sexual offences,Status update unavailable,
6e347b328e58b2501613636ff28a33b6f9229deda2f57a58e1aba6b7fef4e0f4,2024-07,Surrey Police,Surrey Police,-0.481606,51.453965,On or near Hawthorne Way,E01030745,Spelthorne 001C,Violence and sexual offences,Unable to prosecute suspect,
22e5b307bb6f7fe5ed19e085174a8d52ec6edbfd4fe8fa63323e54f8ed841b7b,2024-07,Surrey Police,Surrey Police,-0.481090,51.451305,On or near Evergreen Way,E01030745,Spelthorne 001C,Violence and sexual offences,Unable to prosecute suspect,
e6bd3be7c33ea842a7384f7c4260d62e518460400761ae1927ec4ef3758272d6,2024-07,Surrey Police,Surrey Police,-0.482703,51.453448,On or near Maise Webster Close,E01030745,Spelthorne 001C,Violence and sexual offences,Action to be taken by another organisation,
2ea541fc42cdd9dea34b624ddd657ef18aadce0ff5a122aa0230c5daab1ba309,2024-07,Surrey Police,Surrey Police,-0.476844,51.451295,On or near Argosy Lane,E01030745,Spelthorne 001C,Violence and sexual offences,Unable to prosecute suspect,
b880c021e8e70e4cc57033a6d28b4ba39914185dee6d0bbc089ded8d05e810cf,2024-07,Surrey Police,Surrey Police,-0.480144,51.451176,On or near St Anne'S Avenue,E01030745,Spelthorne 001C,Violence and sexual offences,Unable to prosecute suspect,
64bde6cfa0b7a6937cebaeec79dabc53f309343a9637701810db923269163761,2024-07,Surrey Police,Surrey Police,-0.476844,51.451295,On or near Argosy Lane,E01030745,Spelthorne 001C,Violence and sexual offences,Investigation complete; no suspect identified,
,2024-07,Surrey Police,Surrey Police,-0.501788,51.461328,On or near Thornbank Close,E01030747,Spelthorne 001D,Anti-social behaviour,,
,2024-07,Surrey Police,Surrey Police,-0.493792,51.459796,On or near Stanwell Moor Road,E01030747,Spelthorne 001D,Anti-social behaviour,,
,2024-07,Surrey Police,Surrey Police,-0.504687,51.463352,On or near Colne Reach,E01030747,Spelthorne 001D,Anti-social behaviour,,
,2024-07,Surrey Police,Surrey Police,-0.506303,51.461035,On or near Park/Open Space,E01030747,Spelthorne 001D,Anti-social behaviour,,
,2024-07,Surrey Police,Surrey Police,-0.503496,51.463688,On or near Silverbeck Way,E01030747,Spelthorne 001D,Anti-social behaviour,,
,2024-07,Surrey Police,Surrey Police,-0.506226,51.458984,On or near Russet Close,E01030747,Spelthorne 001D,Anti-social behaviour,,
78feecadc98815c8a5498abb212550cc2e8a5ddb697da1600bb014d33b92b555,2024-07,Surrey Police,Surrey Police,-0.493792,51.459796,On or near Stanwell Moor Road,E01030747,Spelthorne 001D,Criminal damage and arson,Investigation complete; no suspect identified,
77f68851973d15e297fa50b01347e2394cfab3f9e61b43e82169221496dcaec7,2024-07,Surrey Police,Surrey Police,-0.501788,51.461328,On or near Thornbank Close,E01030747,Spelthorne 001D,Criminal damage and arson,Investigation complete; no suspect identified,
616c0b8d0544fe5edaf2bbc8d18314550d4e719f4cd5329083857b3917f7967c,2024-07,Surrey Police,Surrey Police,-0.501788,51.461328,On or near Thornbank Close,E01030747,Spelthorne 001D,Criminal damage and arson,Investigation complete; no suspect identified,
6c13faa848ba4756c669545f9659f320f07f2fd24a19cfb10ebb57b5e432e1b4,2024-07,Surrey Police,Surrey Police,-0.504687,51.463352,On or near Colne Reach,E01030747,Spelthorne 001D,Criminal damage and arson,Local resolution,
817424889f582bb6f97ec9ab2bf5fb551348128654bf53fd6cebe7a73a69c58c,2024-07,Surrey Police,Surrey Police,-0.504841,51.465261,On or near Leylands Lane,E01030747,Spelthorne 001D,Vehicle crime,Investigation complete; no suspect identified,
5f4591bef96b4d31697c9d5ee87557c3aeaaacdb3b28beed97990e70c40a8f95,2024-07,Surrey Police,Surrey Police,-0.504841,51.465261,On or near Leylands Lane,E01030747,Spelthorne 001D,Vehicle crime,Investigation complete; no suspect identified,
7c908a8fa6ba9caedcdb889edb7fd73370d4887322f24c7b594200594cb5e510,2024-07,Surrey Police,Surrey Police,-0.500938,51.465301,On or near Flintlock Close,E01030747,Spelthorne 001D,Vehicle crime,Investigation complete; no suspect identified,
c6f670453682c2e7fdc16be6590d6eb4b6d35d0c37720e1eb462c8c1943a2369,2024-07,Surrey Police,Surrey Police,-0.503180,51.460141,On or near Mountsfield Close,E01030747,Spelthorne 001D,Vehicle crime,Unable to prosecute suspect,
07168ffd17dd79515d7c077a79a6e9981fa8bd2e269f11222467fbdd64b0a3a5,2024-07,Surrey Police,Surrey Police,-0.503485,51.459192,On or near Whatmore Close,E01030747,Spelthorne 001D,Vehicle crime,Investigation complete; no suspect identified,
c4c099a870186bdad23e23ab44626f56e1dcb1e09cbe7e92c161dde40d3efbd1,2024-07,Surrey Police,Surrey Police,-0.503672,51.460498,On or near Benen-Stock Road,E01030747,Spelthorne 001D,Vehicle crime,Investigation complete; no suspect identified,
dea3cf3e781697725a8fcc581751d46f85c4d333ad8de30ef64260644c8d4c4e,2024-07,Surrey Police,Surrey Police,-0.503672,51.460498,On or near Benen-Stock Road,E01030747,Spelthorne 001D,Vehicle crime,Investigation complete; no suspect identified,
d50067998481ef93f7c16dbf10e79761cf5d6742bc41d085e13c49e931181d17,2024-07,Surrey Police,Surrey Police,-0.504841,51.465261,On or near Leylands Lane,E01030747,Spelthorne 001D,Vehicle crime,Investigation complete; no suspect identified,
dc7c37746c19f864b66c236ff04040f5c768a09bd64428878a6c6ad25cbf71b2,2024-07,Surrey Police,Surrey Police,-0.502778,51.461889,On or near Shellfield Close,E01030747,Spelthorne 001D,Violence and sexual offences,Unable to prosecute suspect,
f814d5cd174de6e050f9d6b0629882d729ee5fae92fcf6764204a73fc5864d3a,2024-07,Surrey Police,Surrey Police,-0.504687,51.463352,On or near Colne Reach,E01030747,Spelthorne 001D,Violence and sexual offences,Unable to prosecute suspect,
bea79cf8803b9fe7a6e75d0a99693d0c782709c7f6153f5815db60a8ad41f123,2024-07,Surrey Police,Surrey Police,-0.504687,51.463352,On or near Colne Reach,E01030747,Spelthorne 001D,Violence and sexual offences,Unable to prosecute suspect,
2343191f6d375f71e23e3a06ab273d47095b861f393930bf0ad6c78f327db921,2024-07,Surrey Police,Surrey Police,-0.493792,51.459796,On or near Stanwell Moor Road,E01030747,Spelthorne 001D,Violence and sexual offences,Investigation complete; no suspect identified,
864463ac68d16837c00088f8290efcb8812ff67dba028bc7c1b7131939384da7,2024-07,Surrey Police,Surrey Police,-0.502778,51.461889,On or near Shellfield Close,E01030747,Spelthorne 001D,Violence and sexual offences,Unable to prosecute suspect,
5e467b9ec31e30accf747903e8262b51f144d02f7e505e770a2a61f7b889c886,2024-07,Surrey Police,Surrey Police,-0.500938,51.465301,On or near Flintlock Close,E01030747,Spelthorne 001D,Other crime,Status update unavailable,
9d68a537e3d39482849d6c874de11cd31601f41c61fc70feb430b91d79a0da9a,2024-07,Surrey Police,Surrey Police,-0.505524,51.459766,On or near Farm Way,E01030747,Spelthorne 001D,Other crime,Investigation complete; no suspect identified,
,2024-07,Surrey Police,Surrey Police,-0.466922,51.452346,On or near Sports/Recreation Area,E01030709,Spelthorne 002A,Anti-social behaviour,,
5aa970056e6290c7ad0fc9440329967a31fcd80ab2710f306c514343104a2c75,2024-07,Surrey Police,Surrey Police,-0.468357,51.451194,On or near Cranford Avenue,E01030709,Spelthorne 002A,Criminal damage and arson,Investigation complete; no suspect identified,
20629ac0ea24aed007c2e62cf3edd5a1365f292a58623639aeb419c4c446a2cc,2024-07,Surrey Police,Surrey Police,-0.469424,51.447692,On or near Shaw Close,E01030709,Spelthorne 002A,Other theft,Investigation complete; no suspect identified,
3cb97c5e208ac458476b736677f5b9287773b5fb38e55602198c6416c72d38c1,2024-07,Surrey Police,Surrey Police,-0.469857,51.451942,On or near Parking Area,E01030709,Spelthorne 002A,Public order,Investigation complete; no suspect identified,
d1bb04b4bdcf0a0cd7cba57c043f19756d4a377186deeaef105e8a0f342ef670,2024-07,Surrey Police,Surrey Police,-0.458268,51.446502,On or near London Road,E01030709,Spelthorne 002A,Public order,Investigation complete; no suspect identified,
176b2e9c2e82ad33ff9c72465c10b440d383e36c861d3d71c102fc97293fa9e3,2024-07,Surrey Police,Surrey Police,-0.466804,51.449851,On or near Cranford Avenue,E01030709,Spelthorne 002A,Vehicle crime,Investigation complete; no suspect identified,
9aacb765a458713e9381b3a70ba1a92ca4dab496661515084baf4dd6586ee2eb,2024-07,Surrey Police,Surrey Police,-0.463839,51.444291,On or near Orchard Way,E01030709,Spelthorne 002A,Violence and sexual offences,Local resolution,
1d6c1879e6e0581f13eef3e034ab544e3e2e5573e4fc93b53fc44922a8ff848f,2024-07,Surrey Police,Surrey Police,-0.464401,51.449397,On or near Nuthatch Close,E01030709,Spelthorne 002A,Violence and sexual offences,Local resolution,
f62e5ef1281cefb69179831fbf323e49c44e5e032d7510dddf7f61760d080944,2024-07,Surrey Police,Surrey Police,-0.468357,51.451194,On or near Cranford Avenue,E01030709,Spelthorne 002A,Violence and sexual offences,Unable to prosecute suspect,
e67106b7bb8ec022c890b4be835a119ed894be685f5e01821c117f4b7d375b04,2024-07,Surrey Police,Surrey Police,-0.463839,51.444291,On or near Orchard Way,E01030709,Spelthorne 002A,Violence and sexual offences,Unable to prosecute suspect,
8a3b6c78c09ad1f3b227f31180f10fd99bfd59923ac0ed3681dd71bd87e9613c,2024-07,Surrey Police,Surrey Police,-0.469857,51.451942,On or near Parking Area,E01030709,Spelthorne 002A,Violence and sexual offences,Unable to prosecute suspect,
49ccf788452b016911f939290aabf87e5d34e9d71de3e323aa29c1a8fe574b35,2024-07,Surrey Police,Surrey Police,-0.470463,51.448020,On or near Holywell Way,E01030709,Spelthorne 002A,Violence and sexual offences,Unable to prosecute suspect,
,2024-07,Surrey Police,Surrey Police,-0.472216,51.447674,On or near Holywell Close,E01030710,Spelthorne 002B,Anti-social behaviour,,
86e331a9da2c951a2ffeb3dc1b177564cd382b5f40cc92af9b1531dffa0b57b1,2024-07,Surrey Police,Surrey Police,-0.472318,51.451092,On or near Elsinore Avenue,E01030710,Spelthorne 002B,Criminal damage and arson,Investigation complete; no suspect identified,
09753d06027dab545093e0c53b014fc5d2c5bfc8e6d83f07ee2051194a3a1750,2024-07,Surrey Police,Surrey Police,-0.476697,51.449684,On or near Ensign Way,E01030710,Spelthorne 002B,Criminal damage and arson,Unable to prosecute suspect,
9f2dea3ecc771d1718e530caad63906b42021a1f45a9e5232dbd4100b575276b,2024-07,Surrey Police,Surrey Police,-0.475501,51.450145,On or near Viscount Road,E01030710,Spelthorne 002B,Drugs,Local resolution,
5c9be88f6c9b74732f98540c1e944c3a9157446a020f37a1fa3b7f654b373117,2024-07,Surrey Police,Surrey Police,-0.467164,51.449416,On or near Ravensbourne Avenue,E01030710,Spelthorne 002B,Other theft,Investigation complete; no suspect identified,
cf18dc75f7cc91a969f5a47fc8f190ab316498f7c32d185faa4dfe1ccc4bca0d,2024-07,Surrey Police,Surrey Police,-0.475501,51.450145,On or near Viscount Road,E01030710,Spelthorne 002B,Public order,Unable to prosecute suspect,
a152e8cfff51de3bcc6c9afe021479f2bff4b09422cb78918be112b6b66df290,2024-07,Surrey Police,Surrey Police,-0.475501,51.450145,On or near Viscount Road,E01030710,Spelthorne 002B,Robbery,Awaiting court outcome,
1024773031555cb9d9da445f3e6fe567395d58ac250db7db6dc73390ea1a8947,2024-07,Surrey Police,Surrey Police,-0.475501,51.450145,On or near Viscount Road,E01030710,Spelthorne 002B,Shoplifting,Unable to prosecute suspect,
620d53c23114a3a02aefc5a4989ba8cb7ceda2eb8aa9edf039a23e3dabf53a59,2024-07,Surrey Police,Surrey Police,-0.475501,51.450145,On or near Viscount Road,E01030710,Spelthorne 002B,Shoplifting,Investigation complete; no suspect identified,
c25fc5b7d5d6e88e662cbd2f82f1d899b36dee08648f000f5a67ecc456dd1af8,2024-07,Surrey Police,Surrey Police,-0.471949,51.449622,On or near Explorer Avenue,E01030710,Spelthorne 002B,Theft from the person,Investigation complete; no suspect identified,
de5082632bb552081f842d5d4083e1e81b220efa532e796986fe06f28e0db6d6,2024-07,Surrey Police,Surrey Police,-0.469832,51.448812,On or near Longford Avenue,E01030710,Spelthorne 002B,Vehicle crime,Investigation complete; no suspect identified,
80b29f7b8faf07e9c3627120b0b73554bf0c372355c9cb7aed5b98c9ac86799d,2024-07,Surrey Police,Surrey Police,-0.476697,51.449684,On or near Ensign Way,E01030710,Spelthorne 002B,Violence and sexual offences,Unable to prosecute suspect,
3991ee45424516846d8661ee0b354604b1c88971e4ef3e11afa3538355960e29,2024-07,Surrey Police,Surrey Police,-0.474005,51.450548,On or near Hadrian Close,E01030710,Spelthorne 002B,Violence and sexual offences,Unable to prosecute suspect,
cb16081e8823b85a9f3fc9fbaea7febcc58ecec594c72ac49f22c0051c0c597b,2024-07,Surrey Police,Surrey Police,-0.468788,51.449491,On or near Ravensbourne Avenue,E01030710,Spelthorne 002B,Violence and sexual offences,Unable to prosecute suspect,
64df736ac1bcc74111012374ad047ee08eb7ac63a87b6131e1eea449a446a616,2024-07,Surrey Police,Surrey Police,-0.474005,51.450548,On or near Hadrian Close,E01030710,Spelthorne 002B,Violence and sexual offences,Unable to prosecute suspect,
65135fce1bc7125729636152c55c68a12ffc416c9b88e58aa1396225a3e19957,2024-07,Surrey Police,Surrey Police,-0.472703,51.448166,On or near Springs Close,E01030710,Spelthorne 002B,Violence and sexual offences,Unable to prosecute suspect,
63e991ad4861a6417a296b2a4e5ff267746bf6f169c9e22610b04afb58e85efc,2024-07,Surrey Police,Surrey Police,-0.468788,51.449491,On or near Ravensbourne Avenue,E01030710,Spelthorne 002B,Violence and sexual offences,Unable to prosecute suspect,
,2024-07,Surrey Police,Surrey Police,-0.476198,51.446080,On or near Windermere Close,E01030711,Spelthorne 002C,Anti-social behaviour,,
,2024-07,Surrey Police,Surrey Police,-0.476198,51.446080,On or near Windermere Close,E01030711,Spelthorne 002C,Anti-social behaviour,,
,2024-07,Surrey Police,Surrey Police,-0.476198,51.446080,On or near Windermere Close,E01030711,Spelthorne 002C,Anti-social behaviour,,
,2024-07,Surrey Police,Surrey Police,-0.472832,51.445596,On or near Supermarket,E01030711,Spelthorne 002C,Anti-social behaviour,,
,2024-07,Surrey Police,Surrey Police,-0.476198,51.446080,On or near Windermere Close,E01030711,Spelthorne 002C,Anti-social behaviour,,
,2024-07,Surrey Police,Surrey Police,-0.476198,51.446080,On or near Windermere Close,E01030711,Spelthorne 002C,Anti-social behaviour,,
,2024-07,Surrey Police,Surrey Police,-0.476198,51.446080,On or near Windermere Close,E01030711,Spelthorne 002C,Anti-social behaviour,,
758e395c3a3773f5d4cfa39b47824200ed486c79c100ad88da78df5d4c62a468,2024-07,Surrey Police,Surrey Police,-0.474472,51.446058,On or near Viola Avenue,E01030711,Spelthorne 002C,Criminal damage and arson,Unable to prosecute suspect,
f4583a868352bc59975cf8c3355074533d84cdfd0541f5b7841e2f63651d4d09,2024-07,Surrey Police,Surrey Police,-0.476198,51.446080,On or near Windermere Close,E01030711,Spelthorne 002C,Criminal damage and arson,Investigation complete; no suspect identified,
cec4748361fa8a79c485c01d55e4231f9d0c8c919c8fd46f57afecd64c4d201a,2024-07,Surrey Police,Surrey Police,-0.474472,51.446058,On or near Viola Avenue,E01030711,Spelthorne 002C,Criminal damage and arson,Investigation complete; no suspect identified,
0f794bca1012685b99d69ba960416f575e4005d36b93da712248698ceb73e0ba,2024-07,Surrey Police,Surrey Police,-0.468892,51.447658,On or near Shaw Close,E01030711,Spelthorne 002C,Criminal damage and arson,Investigation complete; no suspect identified,
d0fde49cd75f2c0ae57f9f91900b03a2b2e0d4da2b7d2d0feba019dc197909b5,2024-07,Surrey Police,Surrey Police,-0.472832,51.445596,On or near Supermarket,E01030711,Spelthorne 002C,Criminal damage and arson,Investigation complete; no suspect identified,
138881644cbaf762dc025643caf0b6c2978c9a7c29ad4f50e2e4e300025a4742,2024-07,Surrey Police,Surrey Police,-0.475252,51.443784,On or near Town Lane,E01030711,Spelthorne 002C,Drugs,Local resolution,
976a0247064ae6a28f36f2d95e1f852a4763cb7cf65cc6fdaf223afc4b1df26d,2024-07,Surrey Police,Surrey Police,-0.475252,51.443784,On or near Town Lane,E01030711,Spelthorne 002C,Other theft,Action to be taken by another organisation,
a6f9cdaa4adc5268797583ed819d3ea6a3d323421c01d0eec9d53fb4178a031f,2024-07,Surrey Police,Surrey Police,-0.468545,51.445567,On or near Long Lane,E01030711,Spelthorne 002C,Other theft,Unable to prosecute suspect,
f60056b9709463e12663a563d5dac2ab438200f996a32461ba7c7c96fe9c0fe9,2024-07,Surrey Police,Surrey Police,-0.474472,51.446058,On or near Viola Avenue,E01030711,Spelthorne 002C,Public order,Unable to prosecute suspect,
6df75b55507dedc54cdb1f82e1da1c470972ae41706a00b6d37cd7a335b740cc,2024-07,Surrey Police,Surrey Police,-0.472832,51.445596,On or near Supermarket,E01030711,Spelthorne 002C,Public order,Unable to prosecute suspect,
b3bbf4c611e06657a8c0c95fab6d1373cbaae15a3fa4832fb5364bdad0acd90c,2024-07,Surrey Police,Surrey Police,-0.472832,51.445596,On or near Supermarket,E01030711,Spelthorne 002C,Shoplifting,Local resolution,
8ca1b5bd0f6849a9540baf3f6bcfa3ec11cfe8f68bbc5df7cba1a305900377d1,2024-07,Surrey Police,Surrey Police,-0.475920,51.444917,On or near Petrol Station,E01030711,Spelthorne 002C,Shoplifting,Unable to prosecute suspect,
aa08c8029581a184a8068d632d5cf472f3a34a73ca38c9edcef48b28b5b62a91,2024-07,Surrey Police,Surrey Police,-0.472832,51.445596,On or near Supermarket,E01030711,Spelthorne 002C,Shoplifting,Unable to prosecute suspect,
6b0ed3656126da2143b57e6ec90ff208aca7aa32ed6c635c0eca13d96c2c4c85,2024-07,Surrey Police,Surrey Police,-0.472832,51.445596,On or near Supermarket,E01030711,Spelthorne 002C,Shoplifting,Investigation complete; no suspect identified,
86fc6ef4be8860569e251b451556aa749bcac47a15a1fb9aa21f2265e29f7447,2024-07,Surrey Police,Surrey Police,-0.472832,51.445596,On or near Supermarket,E01030711,Spelthorne 002C,Shoplifting,Investigation complete; no suspect identified,
050beb88629e09ed006e4b6c3a46903640ce9164159ac924ef594b0f12132f43,2024-07,Surrey Police,Surrey Police,-0.471420,51.446935,On or near Vernon Close,E01030711,Spelthorne 002C,Theft from the person,Investigation complete; no suspect identified,
a02c841a64f9ae2fedda7cd31a6b3c108154e852a10b081c60a59a80380ee724,2024-07,Surrey Police,Surrey Police,-0.472832,51.445596,On or near Supermarket,E01030711,Spelthorne 002C,Vehicle crime,Investigation complete; no suspect identified,
4d62178fbbe69c1112f8f16958c760948a8f9306c647d2bb070366d0e00964ea,2024-07,Surrey Police,Surrey Police,-0.472832,51.445596,On or near Supermarket,E01030711,Spelthorne 002C,Violence and sexual offences,Unable to prosecute suspect,
7545223816979f3d80fc3ea9c0d22c111a9f66e226c727ef4931acbb0d8f22b2,2024-07,Surrey Police,Surrey Police,-0.468545,51.445567,On or near Long Lane,E01030711,Spelthorne 002C,Violence and sexual offences,Unable to prosecute suspect,
7b3f344225bf124db492b5f86330302fa4abd07786971cde71d51417cca1bdc6,2024-07,Surrey Police,Surrey Police,-0.470238,51.447019,On or near Yeoman Drive,E01030711,Spelthorne 002C,Violence and sexual offences,Status update unavailable,
fbd1a5463cc36ed9664798bdf3db1fa06102a6fb6c24b5a10802097cbcab53a9,2024-07,Surrey Police,Surrey Police,-0.472832,51.445596,On or near Supermarket,E01030711,Spelthorne 002C,Violence and sexual offences,Awaiting court outcome,
737d9eef4e9f8a93595fc40e23b987e5bd523844c76eedec190a5c6af2e34bb0,2024-07,Surrey Police,Surrey Police,-0.472832,51.445596,On or near Supermarket,E01030711,Spelthorne 002C,Violence and sexual offences,Investigation complete; no suspect identified,
03c2d8f23ec6211ef8c913e90cab7c7ec38674d203f08b0430152f92f1cea562,2024-07,Surrey Police,Surrey Police,-0.469300,51.447519,On or near Shaw Close,E01030711,Spelthorne 002C,Violence and sexual offences,Unable to prosecute suspect,
8a03b541475534bdac1232b78cfb694f5df79e99ed02bb189af1fba71fdf1b2f,2024-07,Surrey Police,Surrey Police,-0.472832,51.445596,On or near Supermarket,E01030711,Spelthorne 002C,Violence and sexual offences,Investigation complete; no suspect identified,
,2024-07,Surrey Police,Surrey Police,-0.471233,51.452553,On or near Cambria Gardens,E01030746,Spelthorne 002D,Anti-social behaviour,,
,2024-07,Surrey Police,Surrey Police,-0.471233,51.452553,On or near Cambria Gardens,E01030746,Spelthorne 002D,Anti-social behaviour,,
,2024-07,Surrey Police,Surrey Police,-0.478695,51.454080,On or near St David'S Close,E01030746,Spelthorne 002D,Anti-social behaviour,,
788556cc4802d636f5d86b2c2f9ec8fddaa8cd5faac412449772190482a1a408,2024-07,Surrey Police,Surrey Police,-0.477342,51.454494,On or near Comet Road,E01030746,Spelthorne 002D,Other theft,Investigation complete; no suspect identified,
80bf87f8e03f6f87bdd7b19da6b83bfa550846116b08f8d44da84a75e9f2b0f5,2024-07,Surrey Police,Surrey Police,-0.475228,51.454448,On or near Corsair Road,E01030746,Spelthorne 002D,Possession of weapons,Unable to prosecute suspect,
52af195a7c24ed8cb30e91a8673e6e5bd2778aada64ecad42e4fa5752a9f03e1,2024-07,Surrey Police,Surrey Police,-0.471233,51.452553,On or near Cambria Gardens,E01030746,Spelthorne 002D,Public order,Unable to prosecute suspect,
8da1dde48d2a734481997b1ff9bcfcf8709400c91f0adc24c5992459720fe439,2024-07,Surrey Police,Surrey Police,-0.471233,51.452553,On or near Cambria Gardens,E01030746,Spelthorne 002D,Public order,Unable to prosecute suspect,
fc2313635f9cf73cbdb5844ca89a6506d4a1cd58d8b65e7a8ae0bd4bccd201a6,2024-07,Surrey Police,Surrey Police,-0.463366,51.456227,On or near Dudley Place,E01030746,Spelthorne 002D,Public order,Unable to prosecute suspect,
71cfa45155908ed648382cb4cf5caaeef443a5d962dc432ebc11af0e760f2378,2024-07,Surrey Police,Surrey Police,-0.475228,51.454448,On or near Corsair Road,E01030746,Spelthorne 002D,Vehicle crime,Investigation complete; no suspect identified,
bc0e6a26519b37ce23c99c4a21cd5f60009823530cd55768b2451a7ac48a3972,2024-07,Surrey Police,Surrey Police,-0.475228,51.454448,On or near Corsair Road,E01030746,Spelthorne 002D,Vehicle crime,Investigation complete; no suspect identified,
f10c014b59dc2eb6c430b7d7f19513c91c3c116066e87264d29c59643636c1fd,2024-07,Surrey Police,Surrey Police,-0.475228,51.454448,On or near Corsair Road,E01030746,Spelthorne 002D,Violence and sexual offences,Investigation complete; no suspect identified,
e635a966106b16172ba8d0b2be44db9bcd534a61dd2ab4b1836390effe96b2b4,2024-07,Surrey Police,Surrey Police,-0.471233,51.452553,On or near Cambria Gardens,E01030746,Spelthorne 002D,Violence and sexual offences,Court result unavailable,
16c760d897502449a5f37365defedeadddab80cea184cf9a90e90ff76cddcc70,2024-07,Surrey Police,Surrey Police,-0.477342,51.454494,On or near Comet Road,E01030746,Spelthorne 002D,Violence and sexual offences,Status update unavailable,
bfb45368e79954e6d2edf2c56bfe89f5fe89fba453ef12d32907d1960f3a799e,2024-07,Surrey Police,Surrey Police,-0.463366,51.456227,On or near Dudley Place,E01030746,Spelthorne 002D,Violence and sexual offences,Unable to prosecute suspect,
f230eb94513de08348165beac836432411995d4548d7bb792c8a5e8021ca5d0f,2024-07,Surrey Police,Surrey Police,-0.463366,51.456227,On or near Dudley Place,E01030746,Spelthorne 002D,Violence and sexual offences,Unable to prosecute suspect,
f7079ea34338106d8d9cb4c0391efed007b75075ec4d611aaccb9311e2abb700,2024-07,Surrey Police,Surrey Police,-0.478695,51.454080,On or near St David'S Close,E01030746,Spelthorne 002D,Violence and sexual offences,Investigation complete; no suspect identified,
d9e67c6901638266c92d8e615bef69c5b76bfb2226513b1417f3b5d8c22476e0,2024-07,Surrey Police,Surrey Police,-0.471233,51.452553,On or near Cambria Gardens,E01030746,Spelthorne 002D,Violence and sexual offences,Status update unavailable,
30d6419e90705123107cadce6e18451a846db6bbceab2cd4e5281f37214cbea2,2024-07,Surrey Police,Surrey Police,-0.477342,51.454494,On or near Comet Road,E01030746,Spelthorne 002D,Violence and sexual offences,Investigation complete; no suspect identified,
09ead187fe412257b1ce0e04c8af79f7a99b7254ad83fdb42bccb2735e322cca,2024-07,Surrey Police,Surrey Police,-0.471233,51.452553,On or near Cambria Gardens,E01030746,Spelthorne 002D,Violence and sexual offences,Court result unavailable,
4e330ace7c74fc6171bee933927e4b4ac751b0ca8125788dfa066c839828d35b,2024-07,Surrey Police,Surrey Police,-0.471233,51.452553,On or near Cambria Gardens,E01030746,Spelthorne 002D,Violence and sexual offences,Court result unavailable,
17c77b394ea6ffce1d978a0d292c1a570fa9b89080675c91ba62dcd33ea5f960,2024-07,Surrey Police,Surrey Police,-0.478695,51.454080,On or near St David'S Close,E01030746,Spelthorne 002D,Violence and sexual offences,Investigation complete; no suspect identified,
dd3b56a1cd9791944ba20be719c9553ea3c574c144ad603f0423246302e8428a,2024-07,Surrey Police,Surrey Police,-0.475228,51.454448,On or near Corsair Road,E01030746,Spelthorne 002D,Other crime,Action to be taken by another organisation,
,2024-07,Surrey Police,Surrey Police,-0.469957,51.442924,On or near Lodge Way,E01030707,Spelthorne 003A,Anti-social behaviour,,
,2024-07,Surrey Police,Surrey Police,-0.472191,51.441100,On or near Gordon Road,E01030707,Spelthorne 003A,Anti-social behaviour,,
,2024-07,Surrey Police,Surrey Police,-0.469692,51.439656,On or near Further/Higher Educational Building,E01030707,Spelthorne 003A,Anti-social behaviour,,
,2024-07,Surrey Police,Surrey Police,-0.472886,51.443106,On or near A30,E01030707,Spelthorne 003A,Anti-social behaviour,,
,2024-07,Surrey Police,Surrey Police,-0.472886,51.443106,On or near A30,E01030707,Spelthorne 003A,Anti-social behaviour,,
,2024-07,Surrey Police,Surrey Police,-0.472886,51.443106,On or near A30,E01030707,Spelthorne 003A,Anti-social behaviour,,
a53643b2e5770ad1306038aed7641de96204745e084cfc3a88ffc5d5af2543f5,2024-07,Surrey Police,Surrey Police,-0.472886,51.443106,On or near A30,E01030707,Spelthorne 003A,Burglary,Investigation complete; no suspect identified,
3c22586d48f3314d38df16ce1f6041ebd1e90ae45a26d6a6c8d9f8fc57b8793e,2024-07,Surrey Police,Surrey Police,-0.469692,51.439656,On or near Further/Higher Educational Building,E01030707,Spelthorne 003A,Criminal damage and arson,Unable to prosecute suspect,
5979277bd8b7f0fed52b7d63a1b3030adfde969570f9c3273744c1c6c96b28fa,2024-07,Surrey Police,Surrey Police,-0.477851,51.440922,On or near Kenilworth Road,E01030707,Spelthorne 003A,Criminal damage and arson,Investigation complete; no suspect identified,
8bbf7526d11b9a368d3da2d37aa4eeb7c938e31ee23c8eb643e1a9f0072d3a3e,2024-07,Surrey Police,Surrey Police,-0.476392,51.441092,On or near Ashcombe Close,E01030707,Spelthorne 003A,Other theft,Investigation complete; no suspect identified,
8c718d81ce07be13117d9c1d11864b052740274cd5a046c8f854084d8861be75,2024-07,Surrey Police,Surrey Police,-0.472886,51.443106,On or near A30,E01030707,Spelthorne 003A,Other theft,Investigation complete; no suspect identified,
1808f387d83cd6dca666e12fa6c7168c8e6efa760d653acb99f3feb9c7ce32b6,2024-07,Surrey Police,Surrey Police,-0.472709,51.444102,On or near Hospital,E01030707,Spelthorne 003A,Vehicle crime,Investigation complete; no suspect identified,
f8cd359f2d466d9180bb416b017d97aa4171ba486444dbbd91438a20a04b9dcf,2024-07,Surrey Police,Surrey Police,-0.477388,51.440152,On or near Cumberland Road,E01030707,Spelthorne 003A,Violence and sexual offences,Unable to prosecute suspect,
1b8e8bc8748feb372ce0e68d84abec2430cc47b3eb6223a98f0e43cec3e3cb49,2024-07,Surrey Police,Surrey Police,-0.469692,51.439656,On or near Further/Higher Educational Building,E01030707,Spelthorne 003A,Violence and sexual offences,Investigation complete; no suspect identified,
604eb429a974e338db312aae007a251861d57aa3d325c160239bf929bb067d80,2024-07,Surrey Police,Surrey Police,-0.477388,51.440152,On or near Cumberland Road,E01030707,Spelthorne 003A,Violence and sexual offences,Unable to prosecute suspect,
1bd43d0a85f82078e299547a6926b37b548f264154126447e136e247f3f17cbd,2024-07,Surrey Police,Surrey Police,-0.477361,51.440089,On or near Avondale Road,E01030707,Spelthorne 003A,Violence and sexual offences,Unable to prosecute suspect,
2115614d7816adafbaf8daa8c422df16f4296fa24bb465e4fe6e79c2441e31d3,2024-07,Surrey Police,Surrey Police,-0.476392,51.441092,On or near Ashcombe Close,E01030707,Spelthorne 003A,Violence and sexual offences,Unable to prosecute suspect,
4c8a5387293451f95855ea9233757547330cc12945904afdcb31cb08c58d56f3,2024-07,Surrey Police,Surrey Police,-0.472191,51.441100,On or near Gordon Road,E01030707,Spelthorne 003A,Violence and sexual offences,Investigation complete; no suspect identified,
54f9f81937f74aa2f17fbda860b3c6fdf19a2e2f2427fc6f709d83a980c4a67f,2024-07,Surrey Police,Surrey Police,-0.469692,51.439656,On or near Further/Higher Educational Building,E01030707,Spelthorne 003A,Violence and sexual offences,Unable to prosecute suspect,
e30ee97f427ff63839ff9cd8e57d68da1c8d2d574a9a2b3e052b64d32752e441,2024-07,Surrey Police,Surrey Police,-0.472886,51.443106,On or near A30,E01030707,Spelthorne 003A,Violence and sexual offences,Unable to prosecute suspect,
d5c16968c0297896844725ff0cfc0c42eaf1c6f7f7ab8c6664f87b19f07fec19,2024-07,Surrey Police,Surrey Police,-0.469957,51.442924,On or near Lodge Way,E01030707,Spelthorne 003A,Violence and sexual offences,Unable to prosecute suspect,
5c17401c468ab631ded56521dec63dbd2fcebecb3b4bc4dc7cc32c5a3b98f0e3,2024-07,Surrey Police,Surrey Police,-0.469957,51.442924,On or near Lodge Way,E01030707,Spelthorne 003A,Violence and sexual offences,Unable to prosecute suspect,
297373bc9f3efd26344fb78dc4bf1c765169916f0828e264323217c9924c4776,2024-07,Surrey Police,Surrey Police,-0.469957,51.442924,On or near Lodge Way,E01030707,Spelthorne 003A,Violence and sexual offences,Unable to prosecute suspect,
,2024-07,Surrey Police,Surrey Police,-0.479809,51.439176,On or near Hengrove Crescent,E01030708,Spelthorne 003B,Anti-social behaviour,,
be0f9e327e0cebac3359d7b20eb10ba3cd0ebe305ea68d67292f678f7c29dfc6,2024-07,Surrey Police,Surrey Police,-0.480749,51.438154,On or near Parking Area,E01030708,Spelthorne 003B,Bicycle theft,Unable to prosecute suspect,
ad82cecd251a28bd1c91107229afbf3d2bb98888b8779579341dbd40b36097f1,2024-07,Surrey Police,Surrey Police,-0.473862,51.439306,On or near Ashford Crescent,E01030708,Spelthorne 003B,Burglary,Investigation complete; no suspect identified,
594bae85eea005fd7cbcf17fc823526cf75b791969a4866fabb8217225e68ac1,2024-07,Surrey Police,Surrey Police,-0.480749,51.438154,On or near Parking Area,E01030708,Spelthorne 003B,Violence and sexual offences,Unable to prosecute suspect,
8985f32d019bb28739f3f22af7b0a6672daa72de33f65d7cfe5cd884c8b4170e,2024-07,Surrey Police,Surrey Police,-0.479809,51.439176,On or near Hengrove Crescent,E01030708,Spelthorne 003B,Violence and sexual offences,Unable to prosecute suspect,
4c3af84dc4057560b15a939d52f64837f91cd47fabc5a230098de658b2f4facc,2024-07,Surrey Police,Surrey Police,-0.479877,51.438853,On or near Moretaine Road,E01030708,Spelthorne 003B,Violence and sexual offences,Unable to prosecute suspect,
,2024-07,Surrey Police,Surrey Police,-0.462876,51.433524,On or near College Way,E01030712,Spelthorne 003C,Anti-social behaviour,,
,2024-07,Surrey Police,Surrey Police,-0.469694,51.436149,On or near Parking Area,E01030712,Spelthorne 003C,Anti-social behaviour,,
,2024-07,Surrey Police,Surrey Police,-0.465695,51.435710,On or near Knapp Road,E01030712,Spelthorne 003C,Anti-social behaviour,,
,2024-07,Surrey Police,Surrey Police,-0.465543,51.434674,On or near Church Road,E01030712,Spelthorne 003C,Anti-social behaviour,,
ef534805e91697b09b3965b1a8d26a14261181075090d8db8afc75dd05d1c5c9,2024-07,Surrey Police,Surrey Police,-0.463013,51.432896,On or near Supermarket,E01030712,Spelthorne 003C,Burglary,Investigation complete; no suspect identified,
4033b3f2ffac6f93d4d30fd2164970c9205914c5050c74f01873b7b9b2b0dd39,2024-07,Surrey Police,Surrey Police,-0.462876,51.433524,On or near College Way,E01030712,Spelthorne 003C,Drugs,Investigation complete; no suspect identified,
8b88bdef2549dd9c0dfb4e2275d8f4d0c8a9ab4f8e02b5dd43c8504a94af3194,2024-07,Surrey Police,Surrey Police,-0.465543,51.434674,On or near Church Road,E01030712,Spelthorne 003C,Public order,Investigation complete; no suspect identified,
95176880a9621a97eb85c2fe4c48554ef65eb7a1fe8f20ca9e2f0650796765d0,2024-07,Surrey Police,Surrey Police,-0.465543,51.434674,On or near Church Road,E01030712,Spelthorne 003C,Public order,Investigation complete; no suspect identified,
ac5673367dba3db2080a4b41c5f51759d5e1df11b3782325f2a8033d61ee8483,2024-07,Surrey Police,Surrey Police,-0.469694,51.436149,On or near Parking Area,E01030712,Spelthorne 003C,Public order,Unable to prosecute suspect,
2ea7e59d8704d0ebb4f0bc811b9403827510954cfa2ed183b4a9d3a2225b18c2,2024-07,Surrey Police,Surrey Police,-0.463013,51.432896,On or near Supermarket,E01030712,Spelthorne 003C,Public order,Unable to prosecute suspect,
14cc9c2d6b4581c3291cbe8c4fcc2f660bff803c959ef78f81218f165725db4c,2024-07,Surrey Police,Surrey Police,-0.463013,51.432896,On or near Supermarket,E01030712,Spelthorne 003C,Public order,Unable to prosecute suspect,
59e9885bcf761fb17ae3b6eff209b5dec599fce1c0fe2d979eec4fedf034d223,2024-07,Surrey Police,Surrey Police,-0.463013,51.432896,On or near Supermarket,E01030712,Spelthorne 003C,Robbery,Unable to prosecute suspect,
ed7254c0996d28bfde481a4d4d8c0d09577e825c45619299c4ada8ec583418e1,2024-07,Surrey Police,Surrey Police,-0.463013,51.432896,On or near Supermarket,E01030712,Spelthorne 003C,Shoplifting,Unable to prosecute suspect,
9129e6619e27b3b929b611a29980b15cdf574f368d3ab4c45256709a1ced257f,2024-07,Surrey Police,Surrey Police,-0.465116,51.433670,On or near Parking Area,E01030712,Spelthorne 003C,Shoplifting,Unable to prosecute suspect,
b794edacf2fd645932664c0f834ed199f37edfa07ee6825e80f08410ea5acf1c,2024-07,Surrey Police,Surrey Police,-0.463750,51.433230,On or near Parking Area,E01030712,Spelthorne 003C,Shoplifting,Investigation complete; no suspect identified,
1318c55dfeec3e80473a74c077bcf38e4c2d98c6ec5aa527898c17e278f183ad,2024-07,Surrey Police,Surrey Police,-0.469694,51.436149,On or near Parking Area,E01030712,Spelthorne 003C,Shoplifting,Investigation complete; no suspect identified,
13b649cbddc1c14ca93c975b5feef9bb4d16d48a378b6db852ceb7f6baf48b85,2024-07,Surrey Police,Surrey Police,-0.465543,51.434674,On or near Church Road,E01030712,Spelthorne 003C,Shoplifting,Unable to prosecute suspect,
4d17ccea91b2a9c4eea0776cfd62ea4082b598e69b0763ad4d78e520c3f17ddd,2024-07,Surrey Police,Surrey Police,-0.465543,51.434674,On or near Church Road,E01030712,Spelthorne 003C,Shoplifting,Court result unavailable,
7e50f7347ad8f9b4307c7b185e9628e2c8a1c5ca0d097ec95bd2d51a139344e4,2024-07,Surrey Police,Surrey Police,-0.463013,51.432896,On or near Supermarket,E01030712,Spelthorne 003C,Shoplifting,Investigation complete; no suspect identified,
57a7e44927c1b1c4d59ace22f84a02d5796f55c710fefcfcbb93c0b8c58578bd,2024-07,Surrey Police,Surrey Police,-0.465543,51.434674,On or near Church Road,E01030712,Spelthorne 003C,Shoplifting,Status update unavailable,
6c0c36b8a627927ccedf0fbbdb5488f66838c13780f6414fda501debccbd76a3,2024-07,Surrey Police,Surrey Police,-0.469694,51.436149,On or near Parking Area,E01030712,Spelthorne 003C,Shoplifting,Awaiting court outcome,
268e8dbbd3a9b53438f271f2fe025a0c5cf37772f03087d9e5a7ad6594a290d8,2024-07,Surrey Police,Surrey Police,-0.461321,51.433162,On or near Brownrigg Road,E01030712,Spelthorne 003C,Shoplifting,Unable to prosecute suspect,
06b3393f1730447ddaaab4455dd0d7ed5729f4fec7aee1af69318cce084b1fd0,2024-07,Surrey Police,Surrey Police,-0.465543,51.434674,On or near Church Road,E01030712,Spelthorne 003C,Shoplifting,Investigation complete; no suspect identified,
22188606d32e3a280f3ed5e1baf28b7838076de6ccf0b9cf82a0454a0cb10fbc,2024-07,Surrey Police,Surrey Police,-0.461321,51.433162,On or near Brownrigg Road,E01030712,Spelthorne 003C,Shoplifting,Investigation complete; no suspect identified,
959ce3c7f05ae1db2035e8341257ed30c66f0a1c32f79b5c6d18ba5b51f17a16,2024-07,Surrey Police,Surrey Police,-0.469694,51.436149,On or near Parking Area,E01030712,Spelthorne 003C,Shoplifting,Investigation complete; no suspect identified,
d56fee6e9d0b1dbbe63a8eb40885f40c0558a36b80d2faf4ced354e89ad93420,2024-07,Surrey Police,Surrey Police,-0.469694,51.436149,On or near Parking Area,E01030712,Spelthorne 003C,Shoplifting,Investigation complete; no suspect identified,
9655f27934ba089ce03c97c86db62b174f061fa1cd05a52d8108d64e87d2c47d,2024-07,Surrey Police,Surrey Police,-0.469694,51.436149,On or near Parking Area,E01030712,Spelthorne 003C,Shoplifting,Investigation complete; no suspect identified,
8b54bb56a3813b65dd654951d28666935b71c63887f229171df31d5c7889b05f,2024-07,Surrey Police,Surrey Police,-0.469694,51.436149,On or near Parking Area,E01030712,Spelthorne 003C,Shoplifting,Unable to prosecute suspect,
960e31a7460790be6b5f3594de313d4452e37f10688b3809c4c90c194755c148,2024-07,Surrey Police,Surrey Police,-0.465116,51.433670,On or near Parking Area,E01030712,Spelthorne 003C,Theft from the person,Investigation complete; no suspect identified,
8053820109387d235585c1e0264255c72ed9cb0e035582e50b0a53ba19a55556,2024-07,Surrey Police,Surrey Police,-0.465543,51.434674,On or near Church Road,E01030712,Spelthorne 003C,Theft from the person,Investigation complete; no suspect identified,
bc70e834875deda36a36e3298f4c7931c3bc22c65cd5422737d7b229bcb69a03,2024-07,Surrey Police,Surrey Police,-0.465543,51.434674,On or near Church Road,E01030712,Spelthorne 003C,Vehicle crime,Investigation complete; no suspect identified,
7cd5196c498a91f70db160bc27b1e6a4fd67dc7368560a88bae13075d9a799bd,2024-07,Surrey Police,Surrey Police,-0.462876,51.433524,On or near College Way,E01030712,Spelthorne 003C,Vehicle crime,Status update unavailable,
bd1f638b58b80e1f3c12f95ec287f77df37a264778942292ab8fd3171ef293ed,2024-07,Surrey Police,Surrey Police,-0.463013,51.432896,On or near Supermarket,E01030712,Spelthorne 003C,Violence and sexual offences,Status update unavailable,
26c04e91b7afd200a6772b8d30df5bd958c9179538190ef92707290fe1d2e28a,2024-07,Surrey Police,Surrey Police,-0.461729,51.434291,On or near Meadway,E01030712,Spelthorne 003C,Violence and sexual offences,Unable to prosecute suspect,
4a8118acaf007ef537ef413596404adf03251432164ffbbf61c8ef26c961e528,2024-07,Surrey Police,Surrey Police,-0.466140,51.433585,On or near Clarendon Road,E01030712,Spelthorne 003C,Violence and sexual offences,Status update unavailable,
561bd05b0a2e0293a6926a34546eb5825d2db46aa4ebcf8700cf10e8bcc31df7,2024-07,Surrey Police,Surrey Police,-0.468705,51.434742,On or near Coleridge Road,E01030712,Spelthorne 003C,Violence and sexual offences,Unable to prosecute suspect,
962c40e221fd5e4b7e13687c81b3304f1e3d8962e7bf3234e92afc11630332a4,2024-07,Surrey Police,Surrey Police,-0.461321,51.433162,On or near Brownrigg Road,E01030712,Spelthorne 003C,Violence and sexual offences,Investigation complete; no suspect identified,
f7c9540f310dab1d9140266349551df82dae76033ee64deb329746d15ce26e4b,2024-07,Surrey Police,Surrey Police,-0.463013,51.432896,On or near Supermarket,E01030712,Spelthorne 003C,Violence and sexual offences,Status update unavailable,
8d0000689c572bb9257ed9d35cae0f7adc3f9da30b487e60322b5d0adacc6ecf,2024-07,Surrey Police,Surrey Police,-0.461729,51.434291,On or near Meadway,E01030712,Spelthorne 003C,Violence and sexual offences,Unable to prosecute suspect,
2795968f53fb79752869742c94c8ded5514786dbc33499092dc9123a8083bda2,2024-07,Surrey Police,Surrey Police,-0.465695,51.435710,On or near Knapp Road,E01030712,Spelthorne 003C,Violence and sexual offences,Unable to prosecute suspect,
e163dbd162f076ef523b90c757f92f8e48a4ac54a5e953d4cd64a12cfddf21e8,2024-07,Surrey Police,Surrey Police,-0.465543,51.434674,On or near Church Road,E01030712,Spelthorne 003C,Violence and sexual offences,Unable to prosecute suspect,
9458196e37d3ad7f0febbc3e2322ade947c676b40b5302c938d6971ac0156e80,2024-07,Surrey Police,Surrey Police,-0.469337,51.433069,On or near Wolsey Road,E01030713,Spelthorne 003D,Violence and sexual offences,Unable to prosecute suspect,
5635ac8acdfb08b17a8c5d9785b0f9b798fdcb7fd4404df41b5acdacf9f7e48d,2024-07,Surrey Police,Surrey Police,-0.473847,51.433703,On or near The Wickets,E01030713,Spelthorne 003D,Violence and sexual offences,Investigation complete; no suspect identified,
,2024-07,Surrey Police,Surrey Police,-0.480392,51.436333,On or near Windsor Drive,E01030714,Spelthorne 003E,Anti-social behaviour,,
,2024-07,Surrey Police,Surrey Police,-0.471313,51.435505,On or near Stanwell Road,E01030714,Spelthorne 003E,Anti-social behaviour,,
,2024-07,Surrey Police,Surrey Police,-0.478034,51.436303,On or near Sandringham Drive,E01030714,Spelthorne 003E,Anti-social behaviour,,
,2024-07,Surrey Police,Surrey Police,-0.471313,51.435505,On or near Stanwell Road,E01030714,Spelthorne 003E,Anti-social behaviour,,
,2024-07,Surrey Police,Surrey Police,-0.471313,51.435505,On or near Stanwell Road,E01030714,Spelthorne 003E,Anti-social behaviour,,
f074a6bc422a7514fff7b405ef2739a99785820ac6d1f42ff35c0f51948ff9cd,2024-07,Surrey Police,Surrey Police,-0.481171,51.434985,On or near Rowan Close,E01030714,Spelthorne 003E,Criminal damage and arson,Unable to prosecute suspect,
f621be80f11591f3127d3431ccdbe6d9dad0fe2edb8bd098b30895e690b41640,2024-07,Surrey Police,Surrey Police,-0.482850,51.432921,On or near Prison,E01030714,Spelthorne 003E,Criminal damage and arson,Action to be taken by another organisation,
1e1a5f69c0888140c50f1a88bdf7ce7b62e01a6f72e62e2e50cf727859b2b59f,2024-07,Surrey Police,Surrey Police,-0.475975,51.436788,On or near Station Crescent,E01030714,Spelthorne 003E,Criminal damage and arson,Unable to prosecute suspect,
2a0876cc2e7bc9b68bd0da1ee8e7af546fd9d7239e61055033478d64b803cb7b,2024-07,Surrey Police,Surrey Police,-0.482850,51.432921,On or near Prison,E01030714,Spelthorne 003E,Criminal damage and arson,Unable to prosecute suspect,
7b49dcb31be31b06f1bd92fd6fe789fada6a8b2aa1f84ba94fd3a0b9823f9fca,2024-07,Surrey Police,Surrey Police,-0.471313,51.435505,On or near Stanwell Road,E01030714,Spelthorne 003E,Other theft,Unable to prosecute suspect,
13452831fbf6b02c8357563f9cbf42dd7ad8cab2ac2bae2b3a34fb9b99a14a1f,2024-07,Surrey Police,Surrey Police,-0.482850,51.432921,On or near Prison,E01030714,Spelthorne 003E,Possession of weapons,Offender given a caution,
37efa274d564d18486184db2421a66f236a8c2276ca71ed0dae2603ec58f0e9a,2024-07,Surrey Police,Surrey Police,-0.479518,51.435351,On or near Queens Walk,E01030714,Spelthorne 003E,Vehicle crime,Investigation complete; no suspect identified,
72f397f011bfa5dd85638e075e5c1c04a5ba8230d41a46689c9cdfda16b0eadf,2024-07,Surrey Police,Surrey Police,-0.481171,51.434985,On or near Rowan Close,E01030714,Spelthorne 003E,Violence and sexual offences,Action to be taken by another organisation,
7c66c4254a8a29677a54c8e756826ea6f10b53232a4164d520ad32c31332501e,2024-07,Surrey Police,Surrey Police,-0.481171,51.434985,On or near Rowan Close,E01030714,Spelthorne 003E,Violence and sexual offences,Status update unavailable,
2ade51578be1c87832f41d43051a91dabf61d5742d2a1a8942b64af5cd9c9fb1,2024-07,Surrey Police,Surrey Police,-0.481171,51.434985,On or near Rowan Close,E01030714,Spelthorne 003E,Violence and sexual offences,Unable to prosecute suspect,
cc092186282b0064586b7ba58bbb44956e7d7f30a7ce05b5c18358fea804fe4f,2024-07,Surrey Police,Surrey Police,-0.482850,51.432921,On or near Prison,E01030714,Spelthorne 003E,Violence and sexual offences,Unable to prosecute suspect,
fa483a806052a22c89ba881bc7681ccf243d8f3a24e708b8463c96449cfad736,2024-07,Surrey Police,Surrey Police,-0.481171,51.434985,On or near Rowan Close,E01030714,Spelthorne 003E,Violence and sexual offences,Action to be taken by another organisation,
01b9a9ea19a7c9b0497f7843b29acaaa179dbe0a8a70b142b57e87177fe213d5,2024-07,Surrey Police,Surrey Police,-0.482850,51.432921,On or near Prison,E01030714,Spelthorne 003E,Violence and sexual offences,Unable to prosecute suspect,
882c5f0195f17a88398beb4a32f36a34ff0a38a4661736bcea85dd713f9991ac,2024-07,Surrey Police,Surrey Police,-0.471313,51.435505,On or near Stanwell Road,E01030714,Spelthorne 003E,Violence and sexual offences,Unable to prosecute suspect,
57ee2e20dfe39d977be3103fde8aaaf2ab328fbb95a68d0430aa8c307eb71b31,2024-07,Surrey Police,Surrey Police,-0.481171,51.434985,On or near Rowan Close,E01030714,Spelthorne 003E,Violence and sexual offences,Unable to prosecute suspect,
b0afa3965cd2c80985727a3bad942717e070c74be6db7c9fe84ddcc2202c45cb,2024-07,Surrey Police,Surrey Police,-0.481171,51.434985,On or near Rowan Close,E01030714,Spelthorne 003E,Violence and sexual offences,Unable to prosecute suspect,
18486ce0b9d8412851f4aa6e47f093752e8fabe1f1462329bf724d0f553475c8,2024-07,Surrey Police,Surrey Police,-0.482850,51.432921,On or near Prison,E01030714,Spelthorne 003E,Violence and sexual offences,Unable to prosecute suspect,
33388651846a8c9a23c7bf29e6f84fe2d991861e70ec1f91ce6692ed54b63d5f,2024-07,Surrey Police,Surrey Police,-0.481171,51.434985,On or near Rowan Close,E01030714,Spelthorne 003E,Violence and sexual offences,Unable to prosecute suspect,
0f8264bb3ccc49779ced2da67778261de6d009d6cf5a6ccd9a2823e816c2ee14,2024-07,Surrey Police,Surrey Police,-0.474151,51.436252,On or near Lancaster Close,E01030714,Spelthorne 003E,Violence and sexual offences,Unable to prosecute suspect,
6888fa851e001e3256f3d5ff6a1406d59ad96f65563e1fe9bf21c7beb1d68924,2024-07,Surrey Police,Surrey Police,-0.481171,51.434985,On or near Rowan Close,E01030714,Spelthorne 003E,Violence and sexual offences,Unable to prosecute suspect,
19140d90229207427fe25cb75457f3e5a480ae88e608c18a7ae20d15b6a6b0cc,2024-07,Surrey Police,Surrey Police,-0.481171,51.434985,On or near Rowan Close,E01030714,Spelthorne 003E,Violence and sexual offences,Awaiting court outcome,
c36528ae604d93739df887ee549ff49e55ea12f70d65364264294efc86a1c925,2024-07,Surrey Police,Surrey Police,-0.481171,51.434985,On or near Rowan Close,E01030714,Spelthorne 003E,Violence and sexual offences,Awaiting court outcome,
2dce5dbff3fc543364d74d10d1989bd9b8832ea5672b4367126e591e630d1e67,2024-07,Surrey Police,Surrey Police,-0.481171,51.434985,On or near Rowan Close,E01030714,Spelthorne 003E,Violence and sexual offences,Unable to prosecute suspect,
d6ae193a6b22206860d2e3959c5a5a30f7b15e27e24eaff5cad7b6e6504e4410,2024-07,Surrey Police,Surrey Police,-0.481171,51.434985,On or near Rowan Close,E01030714,Spelthorne 003E,Violence and sexual offences,Unable to prosecute suspect,
dc472f833b5053079efd7b4861cf91b48ba2718ee7e875a68e6d816287f72125,2024-07,Surrey Police,Surrey Police,-0.481171,51.434985,On or near Rowan Close,E01030714,Spelthorne 003E,Violence and sexual offences,Unable to prosecute suspect,
90092091829e8608efd282f8625a8176498cb010cefb413a7f7f4f173101edf4,2024-07,Surrey Police,Surrey Police,-0.473151,51.435178,On or near West Close,E01030714,Spelthorne 003E,Violence and sexual offences,Investigation complete; no suspect identified,
586a573779d681a66cf8e306559862699bd3aee5e073d95a1e30ec0737e38d80,2024-07,Surrey Police,Surrey Police,-0.478278,51.430236,On or near Fern Walk,E01030715,Spelthorne 003F,Other theft,Investigation complete; no suspect identified,
43518e65841e6f5a4614c103974bae5fbc34fa4b6667ddd27d3085cb93a2de3d,2024-07,Surrey Police,Surrey Police,-0.473635,51.430131,On or near Wellington Road,E01030715,Spelthorne 003F,Vehicle crime,Investigation complete; no suspect identified,
,2024-07,Surrey Police,Surrey Police,-0.464475,51.431755,On or near Princes Road,E01030716,Spelthorne 003G,Anti-social behaviour,,
e95a7e802c603fc8d2f5cf3849eb59ba15ff725886ca56d40dd40a86e5b2bb8d,2024-07,Surrey Police,Surrey Police,-0.464475,51.431755,On or near Princes Road,E01030716,Spelthorne 003G,Other theft,Investigation complete; no suspect identified,
c0865a9749e44812f5064b8bc29b31cab682b1ee485c7822b0cce07c46a0a3a8,2024-07,Surrey Police,Surrey Police,-0.469516,51.430302,On or near Nelson Road,E01030716,Spelthorne 003G,Other theft,Investigation complete; no suspect identified,
85c7aaa61862b446a92b8aac115eec42b45f35e1239c375730ac4877449f29b2,2024-07,Surrey Police,Surrey Police,-0.466742,51.429366,On or near Fordbridge Road,E01030716,Spelthorne 003G,Public order,Unable to prosecute suspect,
a42c24ee448ff0df2cf0e29c4f7c19e101a1b3b970552e1bd222f7f6743b0c2f,2024-07,Surrey Police,Surrey Police,-0.468985,51.430241,On or near Fairholme Road,E01030716,Spelthorne 003G,Vehicle crime,Investigation complete; no suspect identified,
21a56b32cfc88c9e7d0377df8f562c5290ae30e9d632bd8b67d7d80dbbb02339,2024-07,Surrey Police,Surrey Police,-0.466956,51.431141,On or near Springfield Road,E01030716,Spelthorne 003G,Violence and sexual offences,Unable to prosecute suspect,
8329fbf0fd214693a2e23fb08188fe4393f4d58ec1eed824674df3ad410108aa,2024-07,Surrey Police,Surrey Police,-0.469516,51.430302,On or near Nelson Road,E01030716,Spelthorne 003G,Other crime,Unable to prosecute suspect,
bb4e2c13e509fcba8a5d2cab13f2dc6731f3ec0463f83432f8306482bcfac1af,2024-07,Surrey Police,Surrey Police,-0.499958,51.437233,On or near A308,E01030734,Spelthorne 004A,Public order,Unable to prosecute suspect,
5fa7d1bc9ff92e19f7f57c6f3f58b83b69e4298addc285ce6dee5f6fcacc171e,2024-07,Surrey Police,Surrey Police,-0.496711,51.434044,On or near Leacroft Close,E01030734,Spelthorne 004A,Violence and sexual offences,Unable to prosecute suspect,
04faacdf00cbc70d34b95fcc2656ee76294789721633879f4d15c73d6d1f2b4b,2024-07,Surrey Police,Surrey Police,-0.496711,51.434044,On or near Leacroft Close,E01030734,Spelthorne 004A,Violence and sexual offences,Unable to prosecute suspect,
,2024-07,Surrey Police,Surrey Police,-0.514726,51.437475,On or near Wraysbury Gardens,E01030735,Spelthorne 004B,Anti-social behaviour,,
a1554fca67cd420c7416bf54ed32ebadbc0e5281ff0a7d08e55e0d5ea31b9324,2024-07,Surrey Police,Surrey Police,-0.516177,51.434454,On or near Bridge Close,E01030735,Spelthorne 004B,Criminal damage and arson,Unable to prosecute suspect,
93de566b2a8fc2b75da2f9440596ec524a26be8cb786b7d1f9db3619ed035a0e,2024-07,Surrey Police,Surrey Police,-0.516100,51.435469,On or near The Maltings,E01030735,Spelthorne 004B,Public order,Unable to prosecute suspect,
856710a76e940f711da8f6042c3c7451f068b43321eca8b8985bbf44d8e1aeb1,2024-07,Surrey Police,Surrey Police,-0.513262,51.436485,On or near Parking Area,E01030735,Spelthorne 004B,Shoplifting,Investigation complete; no suspect identified,
897c47ced43cc37d0d33ac261c21bcc6ec46d9eff469f3613937d1b4a388bd31,2024-07,Surrey Police,Surrey Police,-0.512511,51.436134,On or near Mustard Mill Road,E01030735,Spelthorne 004B,Vehicle crime,Investigation complete; no suspect identified,
3495436e70c57043e46bff6a582005d0c9c47c8eee886803194532c32529c3e7,2024-07,Surrey Police,Surrey Police,-0.510675,51.437738,On or near Robin Way,E01030735,Spelthorne 004B,Violence and sexual offences,Unable to prosecute suspect,
89f4c37d300a91052be631af01f03cb055ecc843d53d311f4a0d4311382c0eaa,2024-07,Surrey Police,Surrey Police,-0.512511,51.436134,On or near Mustard Mill Road,E01030735,Spelthorne 004B,Violence and sexual offences,Status update unavailable,
bc5a1135a08d3b1820342fcbe10cfc395a9df571519d3b6d4f04f1d8e834a551,2024-07,Surrey Police,Surrey Police,-0.515762,51.434358,On or near Bridge Street,E01030735,Spelthorne 004B,Violence and sexual offences,Unable to prosecute suspect,
e563493e8b2e18c5dbb8c4cafd9f7f811019667f60c61895b4076db177751b75,2024-07,Surrey Police,Surrey Police,-0.509497,51.437219,On or near Waters Drive,E01030735,Spelthorne 004B,Violence and sexual offences,Investigation complete; no suspect identified,
678f87c652bd9268b2b192d56c9a52e8d0af6716a3a8f48112dee7a9186922ef,2024-07,Surrey Police,Surrey Police,-0.518584,51.437874,On or near Green Park,E01030735,Spelthorne 004B,Violence and sexual offences,Status update unavailable,
,2024-07,Surrey Police,Surrey Police,-0.494772,51.429127,On or near Stainash Crescent,E01030737,Spelthorne 004D,Anti-social behaviour,,
,2024-07,Surrey Police,Surrey Police,-0.496254,51.430873,On or near Priory Green,E01030737,Spelthorne 004D,Anti-social behaviour,,
07cf43d851702dd30f559de28115f3939116cb4108c322e6e42198c32271cc30,2024-07,Surrey Police,Surrey Police,-0.506138,51.434362,On or near George Street,E01030737,Spelthorne 004D,Drugs,Investigation complete; no suspect identified,
ba13a1c35c7a244970537b0a036bf6209132c988d593e4686bea2743d28d58f6,2024-07,Surrey Police,Surrey Police,-0.499971,51.431568,On or near Chiltern Close,E01030737,Spelthorne 004D,Other theft,Unable to prosecute suspect,
82574c840e82028aadd1cff4f27600675f756aee93e628ddc5f3491a0950fd58,2024-07,Surrey Police,Surrey Police,-0.494772,51.429127,On or near Stainash Crescent,E01030737,Spelthorne 004D,Violence and sexual offences,Awaiting court outcome,
269279afe075a73e4c25f6b5e28a913021858ba4e2ddb2a7573fba2a511aaab5,2024-07,Surrey Police,Surrey Police,-0.506138,51.434362,On or near George Street,E01030737,Spelthorne 004D,Violence and sexual offences,Unable to prosecute suspect,
6b479865163687c071e8acbb52550148c223e2dd0ab347ea013d7181b870ed9d,2024-07,Surrey Police,Surrey Police,-0.495057,51.433141,On or near The Sidings,E01030737,Spelthorne 004D,Violence and sexual offences,Unable to prosecute suspect,
15caec7b43f09c1eb467653b482f6c7ed60cd8b23be7e67ac2c8b12163d0937a,2024-07,Surrey Police,Surrey Police,-0.496253,51.431754,On or near Chestnut Manor Close,E01030737,Spelthorne 004D,Violence and sexual offences,Status update unavailable,
d50d65fcb874cdca0ffbe7664bf8a0485f5fdbdf32954af91824789037cac6cd,2024-07,Surrey Police,Surrey Police,-0.494772,51.429127,On or near Stainash Crescent,E01030737,Spelthorne 004D,Violence and sexual offences,Court result unavailable,
b55aaeb5b057fff076ff3f4584ae47cd6f650586673043ae2bde00e99068c5f1,2024-07,Surrey Police,Surrey Police,-0.495057,51.433141,On or near The Sidings,E01030737,Spelthorne 004D,Violence and sexual offences,Unable to prosecute suspect,
,2024-07,Surrey Police,Surrey Police,-0.504787,51.429012,On or near Wyatt Road,E01030738,Spelthorne 004E,Anti-social behaviour,,
,2024-07,Surrey Police,Surrey Police,-0.502933,51.430742,On or near Broadacre,E01030738,Spelthorne 004E,Anti-social behaviour,,
,2024-07,Surrey Police,Surrey Police,-0.500319,51.429297,On or near Knowle Green,E01030738,Spelthorne 004E,Anti-social behaviour,,
03b4bcf7fdb2460b6d48e64aa2d6314c6139f6c3db91e29adfa4488e7512da3a,2024-07,Surrey Police,Surrey Police,-0.502026,51.428123,On or near Duncan Gardens,E01030738,Spelthorne 004E,Burglary,Unable to prosecute suspect,
53e5131441e786d0b96086208b85ea842738d23d4377b1f076fe818b47cd21f3,2024-07,Surrey Police,Surrey Police,-0.502933,51.430742,On or near Broadacre,E01030738,Spelthorne 004E,Other theft,Investigation complete; no suspect identified,
dfb518a5c119c198aab1a3e43e19f3b9d4308325d5b8791cc2d21d374b2a5d7f,2024-07,Surrey Police,Surrey Police,-0.502933,51.430742,On or near Broadacre,E01030738,Spelthorne 004E,Public order,Unable to prosecute suspect,
12901cef7fc4186c779f5f0685314a87859cdb306ae8792c5cc2e56101da3da2,2024-07,Surrey Police,Surrey Police,-0.504496,51.430007,On or near Budebury Road,E01030738,Spelthorne 004E,Public order,Unable to prosecute suspect,
5c4151f81e0f577f370c1c93aa91a6136e3cbdfe8efa025024fd102ec808a6c6,2024-07,Surrey Police,Surrey Police,-0.502933,51.430742,On or near Broadacre,E01030738,Spelthorne 004E,Public order,Unable to prosecute suspect,
31e182ebd0d719056ef6c9e569c5ac2711ef0189bfe40f387ff2d35fa11d0c46,2024-07,Surrey Police,Surrey Police,-0.502933,51.430742,On or near Broadacre,E01030738,Spelthorne 004E,Public order,Unable to prosecute suspect,
b809ac61a2024a31fa2c5dd13e02c1e3b63d073c0e5f1d3e5d510930fe0d69ce,2024-07,Surrey Police,Surrey Police,-0.500319,51.429297,On or near Knowle Green,E01030738,Spelthorne 004E,Public order,Unable to prosecute suspect,
be6e187ffb2365aac57b486b4bab7fb3956895022889a12312b9632d4ec960df,2024-07,Surrey Police,Surrey Police,-0.502026,51.428123,On or near Duncan Gardens,E01030738,Spelthorne 004E,Violence and sexual offences,Unable to prosecute suspect,
db98e0d89a0066fb09f6583a0781dac03b39b1fc9a20c0f896aaa90ddf3a9a31,2024-07,Surrey Police,Surrey Police,-0.502933,51.430742,On or near Broadacre,E01030738,Spelthorne 004E,Violence and sexual offences,Unable to prosecute suspect,
93b6b8a9037bd4ed2ff3833db595a53c9df5baed2e36bbc89446f0f09fa1bf46,2024-07,Surrey Police,Surrey Police,-0.502026,51.428123,On or near Duncan Gardens,E01030738,Spelthorne 004E,Violence and sexual offences,Unable to prosecute suspect,
314cadafcb77ffd830cc9e1dd95fd46975a5328187918ca8114ce0d8d612c252,2024-07,Surrey Police,Surrey Police,-0.502026,51.428123,On or near Duncan Gardens,E01030738,Spelthorne 004E,Violence and sexual offences,Unable to prosecute suspect,
b7947616bc0b443f38df58075cd1e238730e75c25abcdd9461198f3ce93a1eeb,2024-07,Surrey Police,Surrey Police,-0.500319,51.429297,On or near Knowle Green,E01030738,Spelthorne 004E,Violence and sexual offences,Court result unavailable,
e5ee25c519b0b612a80d721820bb8c2d9927de1e07ab23e770213d0c5e8bfc2e,2024-07,Surrey Police,Surrey Police,-0.502026,51.428123,On or near Duncan Gardens,E01030738,Spelthorne 004E,Violence and sexual offences,Court result unavailable,
b847d977528863ce44c6fe57bbd652b6625e877038faada748f7e4d9d289f9e1,2024-07,Surrey Police,Surrey Police,-0.504787,51.429012,On or near Wyatt Road,E01030738,Spelthorne 004E,Violence and sexual offences,Further action is not in the public interest,
b35829b403d35ba19415298c7d1f2ff6789a873a974bb95d8e0f0f80931e4f1a,2024-07,Surrey Police,Surrey Police,-0.500319,51.429297,On or near Knowle Green,E01030738,Spelthorne 004E,Other crime,Unable to prosecute suspect,
,2024-07,Surrey Police,Surrey Police,-0.510239,51.434333,On or near High Street,E01034291,Spelthorne 004F,Anti-social behaviour,,
,2024-07,Surrey Police,Surrey Police,-0.510239,51.434333,On or near High Street,E01034291,Spelthorne 004F,Anti-social behaviour,,
,2024-07,Surrey Police,Surrey Police,-0.510239,51.434333,On or near High Street,E01034291,Spelthorne 004F,Anti-social behaviour,,
,2024-07,Surrey Police,Surrey Police,-0.509399,51.432475,On or near Bus/Coach Station,E01034291,Spelthorne 004F,Anti-social behaviour,,
,2024-07,Surrey Police,Surrey Police,-0.511330,51.435714,On or near Shopping Area,E01034291,Spelthorne 004F,Anti-social behaviour,,
,2024-07,Surrey Police,Surrey Police,-0.503799,51.435915,On or near New Street,E01034291,Spelthorne 004F,Anti-social behaviour,,
,2024-07,Surrey Police,Surrey Police,-0.509380,51.430213,On or near Prospect Place,E01034291,Spelthorne 004F,Anti-social behaviour,,
,2024-07,Surrey Police,Surrey Police,-0.510239,51.434333,On or near High Street,E01034291,Spelthorne 004F,Anti-social behaviour,,
,2024-07,Surrey Police,Surrey Police,-0.511330,51.435714,On or near Shopping Area,E01034291,Spelthorne 004F,Anti-social behaviour,,
,2024-07,Surrey Police,Surrey Police,-0.511330,51.435714,On or near Shopping Area,E01034291,Spelthorne 004F,Anti-social behaviour,,
ba2702479a6f178490b5b94204d48d3ff959553ae1e471d91be73c5bb5ec275e,2024-07,Surrey Police,Surrey Police,-0.510239,51.434333,On or near High Street,E01034291,Spelthorne 004F,Bicycle theft,Investigation complete; no suspect identified,
6f37c576c4e9380adcd88a9355677f312dbefa3360a2890d62d17a5333415101,2024-07,Surrey Police,Surrey Police,-0.510239,51.434333,On or near High Street,E01034291,Spelthorne 004F,Bicycle theft,Investigation complete; no suspect identified,
33db800647a03c5a7ec9a81c23aa0e43f10cc7221229535b4ec6b7ea6958d3ba,2024-07,Surrey Police,Surrey Police,-0.503799,51.435915,On or near New Street,E01034291,Spelthorne 004F,Burglary,Unable to prosecute suspect,
1256743d33deaf5bb484425fa27b8b2248ce1dbd02cff1afe626173310d2c7bd,2024-07,Surrey Police,Surrey Police,-0.512547,51.435019,On or near Parking Area,E01034291,Spelthorne 004F,Criminal damage and arson,Unable to prosecute suspect,
2f07c304c235a1e2b6f2a65140918b04a8f30e0544e070988552af424f29a6d0,2024-07,Surrey Police,Surrey Police,-0.509326,51.431885,On or near Parking Area,E01034291,Spelthorne 004F,Criminal damage and arson,Court result unavailable,
187b9811cb0db94bc246d56834f779566872e8cc195d0bfbfe240a703d3dc54b,2024-07,Surrey Police,Surrey Police,-0.510239,51.434333,On or near High Street,E01034291,Spelthorne 004F,Criminal damage and arson,Investigation complete; no suspect identified,
0110d900ce938c4ca42d381a48e8ac67305eb87ad7fa518e37d1a2c3a3234934,2024-07,Surrey Police,Surrey Police,-0.511330,51.435714,On or near Shopping Area,E01034291,Spelthorne 004F,Criminal damage and arson,Investigation complete; no suspect identified,
25515bf974cc157c01e1123edd026cdde77767560b32fb6ea520d9fa6ad8b78e,2024-07,Surrey Police,Surrey Police,-0.508381,51.433078,On or near South Street,E01034291,Spelthorne 004F,Criminal damage and arson,Unable to prosecute suspect,
2edb902abfa067f3a95ed48524d60eda97ef50cd8a17e2b6344589411b0bb71f,2024-07,Surrey Police,Surrey Police,-0.511330,51.435714,On or near Shopping Area,E01034291,Spelthorne 004F,Other theft,Status update unavailable,
03b1bf72c1eda0914de3ec6fb743bc1139b0f0421db05ec60a31f96d72ea1452,2024-07,Surrey Police,Surrey Police,-0.510239,51.434333,On or near High Street,E01034291,Spelthorne 004F,Other theft,Unable to prosecute suspect,
b3b65ac619a16818bd69e44cb6ed5b4c3f4b6e9d3b72be23a0d354599bb9cae0,2024-07,Surrey Police,Surrey Police,-0.512547,51.435019,On or near Parking Area,E01034291,Spelthorne 004F,Other theft,Investigation complete; no suspect identified,
afdbca98dea9caf5004b1921b206143d87fa6c7a4e141238b234f6191004329b,2024-07,Surrey Police,Surrey Police,-0.514905,51.433745,On or near Clarence Street,E01034291,Spelthorne 004F,Other theft,Unable to prosecute suspect,
3335a8eeb7134e245cc21b7b8ac1993b6f0de5bf35076905d461e46e4855a191,2024-07,Surrey Police,Surrey Police,-0.512547,51.435019,On or near Parking Area,E01034291,Spelthorne 004F,Other theft,Investigation complete; no suspect identified,
b9f05a5a07b74f9f0cbfe16a609894abc904222fa3562a5306141c644a2267a8,2024-07,Surrey Police,Surrey Police,-0.511947,51.434004,On or near Tilly'S Lane,E01034291,Spelthorne 004F,Other theft,Investigation complete; no suspect identified,
e45fdc738ba829c5177c78a753ecfaca154b7bf74b125d361cfb86a25fed6fab,2024-07,Surrey Police,Surrey Police,-0.510239,51.434333,On or near High Street,E01034291,Spelthorne 004F,Public order,Investigation complete; no suspect identified,
eddaa46fd2ff70cbc9c89eac0b4de6f9d192d233c618b827c1a2613c24d55dba,2024-07,Surrey Police,Surrey Police,-0.511781,51.436025,On or near Supermarket,E01034291,Spelthorne 004F,Public order,Unable to prosecute suspect,
852faa6ce06f2e0d3130cf7b7f5925cb9aafbf3bdcb456bc8b26bfb7dbbdb064,2024-07,Surrey Police,Surrey Police,-0.514905,51.433745,On or near Clarence Street,E01034291,Spelthorne 004F,Public order,Unable to prosecute suspect,
3e8a1dbedca6b221b6c3ebab0143902495dad148170fb29b907413b745167484,2024-07,Surrey Police,Surrey Police,-0.506095,51.435216,On or near A308,E01034291,Spelthorne 004F,Public order,Unable to prosecute suspect,
529e8054425bb8dfc9506e03eeeda15bc19ff9e37860b58deb4ec46674a3612c,2024-07,Surrey Police,Surrey Police,-0.510239,51.434333,On or near High Street,E01034291,Spelthorne 004F,Public order,Unable to prosecute suspect,
96a2f0290f6f79711526007bff478990ee20191c920f2bb15214093630bc672c,2024-07,Surrey Police,Surrey Police,-0.511781,51.436025,On or near Supermarket,E01034291,Spelthorne 004F,Public order,Unable to prosecute suspect,
6b82f0e1a1fbc5d730275812b1e620e1fcade69c4a5274b5ee3e5907dd4a8a76,2024-07,Surrey Police,Surrey Police,-0.511330,51.435714,On or near Shopping Area,E01034291,Spelthorne 004F,Public order,Unable to prosecute suspect,
9aea7b1e0a83fa2ba9c47c79728edfa46a778fa24944c4ccaac96d4e0674a743,2024-07,Surrey Police,Surrey Police,-0.506095,51.435216,On or near A308,E01034291,Spelthorne 004F,Public order,Investigation complete; no suspect identified,
64aaceddf9150c32e8c536c12b09d4ee936bdade7c571ee6e658e486d4fdf200,2024-07,Surrey Police,Surrey Police,-0.503799,51.435915,On or near New Street,E01034291,Spelthorne 004F,Public order,Unable to prosecute suspect,
093f485a7c4e10de7ebbba7b26bbe80565ca40a8393370dacf15e2ea85a6d264,2024-07,Surrey Police,Surrey Police,-0.504495,51.437084,On or near Birch Green,E01034291,Spelthorne 004F,Public order,Unable to prosecute suspect,
28e870e677ee04948d5acfab73054258e6c79930c2b3050218c4499101709840,2024-07,Surrey Police,Surrey Police,-0.509290,51.432541,On or near Staines Bus Station,E01034291,Spelthorne 004F,Public order,Unable to prosecute suspect,
bd087206d13b7070d7153d27801ea199273fe95166a7499000557eb935c90e73,2024-07,Surrey Police,Surrey Police,-0.511947,51.434004,On or near Tilly'S Lane,E01034291,Spelthorne 004F,Public order,Unable to prosecute suspect,
92b41d7cde1ee602f7523de58c7b9aeffa264fa57847c580ed35dff2dcf07724,2024-07,Surrey Police,Surrey Police,-0.511330,51.435714,On or near Shopping Area,E01034291,Spelthorne 004F,Public order,Investigation complete; no suspect identified,
8e6801f091e174a94a9747495e7ce90fda34014b17143fb7ff68448f3f4514b3,2024-07,Surrey Police,Surrey Police,-0.510239,51.434333,On or near High Street,E01034291,Spelthorne 004F,Public order,Investigation complete; no suspect identified,
0500c1300c51c6be8b5dec4cf48a4281bd02e72b3de06648c7ce6511a66b4140,2024-07,Surrey Police,Surrey Police,-0.510239,51.434333,On or near High Street,E01034291,Spelthorne 004F,Public order,Unable to prosecute suspect,
4d8cb7d380bb61485660da117e1c7dcece623192e85116c136303250a40040f4,2024-07,Surrey Police,Surrey Police,-0.509290,51.432541,On or near Staines Bus Station,E01034291,Spelthorne 004F,Public order,Investigation complete; no suspect identified,
2d5cd9f1ce410ab9e9c4f94795aab1455b59e81ffd5d65a9bd83fd413ab6b3cf,2024-07,Surrey Police,Surrey Police,-0.511947,51.434004,On or near Tilly'S Lane,E01034291,Spelthorne 004F,Public order,Investigation complete; no suspect identified,
9eec9b9834743f1f08161c7478bc04ddf6232874e509dafe3c04769a9ad4d701,2024-07,Surrey Police,Surrey Police,-0.509380,51.430213,On or near Prospect Place,E01034291,Spelthorne 004F,Public order,Unable to prosecute suspect,
1300199ce98543f813d1efeacc3aa9b773a4ab60704e44a4bfd12a9e94b8070a,2024-07,Surrey Police,Surrey Police,-0.512547,51.435019,On or near Parking Area,E01034291,Spelthorne 004F,Robbery,Unable to prosecute suspect,
867ef4dd79a66f055b86f3b7ef9cc63665be30cf581b923e637fd8e69eecfa95,2024-07,Surrey Police,Surrey Police,-0.511781,51.436025,On or near Supermarket,E01034291,Spelthorne 004F,Shoplifting,Unable to prosecute suspect,
41027abc4769d44a09fe241b065c1f9bc40911409ef268b1edf4d1107b8929a9,2024-07,Surrey Police,Surrey Police,-0.506095,51.435216,On or near A308,E01034291,Spelthorne 004F,Shoplifting,Unable to prosecute suspect,
c365c8a0e35b85fdaa88e83dcdd47dc2c10db03a188c88bdb5407bc24edef100,2024-07,Surrey Police,Surrey Police,-0.509590,51.433489,On or near Shopping Area,E01034291,Spelthorne 004F,Shoplifting,Unable to prosecute suspect,
185df37ac0fda2dc80b35a200a10037b6125c2fa1932bf8a0cb7d570475aef76,2024-07,Surrey Police,Surrey Police,-0.510239,51.434333,On or near High Street,E01034291,Spelthorne 004F,Shoplifting,Unable to prosecute suspect,
205042abe6047d0accc3792806370873d3d93d1221fba0e885e9bbb01a5d1d17,2024-07,Surrey Police,Surrey Police,-0.510239,51.434333,On or near High Street,E01034291,Spelthorne 004F,Shoplifting,Investigation complete; no suspect identified,
1bbf47e5c8e917ec2c66f2dd4b2e40fbf87c2b0f185febe23681ef18316d6bdb,2024-07,Surrey Police,Surrey Police,-0.511781,51.436025,On or near Supermarket,E01034291,Spelthorne 004F,Shoplifting,Investigation complete; no suspect identified,
d2bf36fe326f3f7ad72a9e9a15e8d6731be3db407dfa81331c7489684d67a163,2024-07,Surrey Police,Surrey Police,-0.506095,51.435216,On or near A308,E01034291,Spelthorne 004F,Shoplifting,Investigation complete; no suspect identified,
19c79ad7db7be1d99d60ca221351c2489f7b2fd0245ce84a15ca0c19ef5a8c2a,2024-07,Surrey Police,Surrey Police,-0.511330,51.435714,On or near Shopping Area,E01034291,Spelthorne 004F,Shoplifting,Awaiting court outcome,
b0d863be8693a1356ae1ee455ba848d8295d829d566e4771c5e0afaae633e01c,2024-07,Surrey Police,Surrey Police,-0.510239,51.434333,On or near High Street,E01034291,Spelthorne 004F,Shoplifting,Unable to prosecute suspect,
920e370767751f1836e4cb055670b6f0fce82f9845d99b64af81930988afe955,2024-07,Surrey Police,Surrey Police,-0.511947,51.434004,On or near Tilly'S Lane,E01034291,Spelthorne 004F,Shoplifting,Unable to prosecute suspect,
cdc34fb65c4848a56e76a6994ac24d65aa6d53c5bdcf1624822ba7479789e4bd,2024-07,Surrey Police,Surrey Police,-0.511330,51.435714,On or near Shopping Area,E01034291,Spelthorne 004F,Shoplifting,Investigation complete; no suspect identified,
45b31995666a3d08391173c2b817cf8fa7df82c76a7d40d4a8a64fe6bef21ccc,2024-07,Surrey Police,Surrey Police,-0.510239,51.434333,On or near High Street,E01034291,Spelthorne 004F,Shoplifting,Unable to prosecute suspect,
c985582cbfc70b8880ffa840403df287f2393cca31f7789c96ef435177170683,2024-07,Surrey Police,Surrey Police,-0.510239,51.434333,On or near High Street,E01034291,Spelthorne 004F,Shoplifting,Investigation complete; no suspect identified,
78cce69703b6c36a693f693cbf3cad3a2cfafd603a4f6cc6ca8278fb2cb987d9,2024-07,Surrey Police,Surrey Police,-0.511330,51.435714,On or near Shopping Area,E01034291,Spelthorne 004F,Shoplifting,Investigation complete; no suspect identified,
965a835a84f992956eb7e740f3b6c8216da810d51da56fa3fbe652676a33abac,2024-07,Surrey Police,Surrey Police,-0.511781,51.436025,On or near Supermarket,E01034291,Spelthorne 004F,Shoplifting,Court result unavailable,
ef7b413665238ff87adabb8c250aa4cec64db7b3e0284a40a39f1e876e8a27ce,2024-07,Surrey Police,Surrey Police,-0.509590,51.433489,On or near Shopping Area,E01034291,Spelthorne 004F,Shoplifting,Investigation complete; no suspect identified,
c9e8d4d9d9c372e4aa9d720f85f0c128a63b2cf8793862d0378eeb2563884fb4,2024-07,Surrey Police,Surrey Police,-0.510239,51.434333,On or near High Street,E01034291,Spelthorne 004F,Shoplifting,Unable to prosecute suspect,
0fdc89c614433dca8f045afcf00c76c6c6823c43a2ffca47874e92139a71ec37,2024-07,Surrey Police,Surrey Police,-0.510239,51.434333,On or near High Street,E01034291,Spelthorne 004F,Shoplifting,Status update unavailable,
566998e95c60313e1de1fff77011350a7c474ddbddbe36542f5f3f6b1d46997c,2024-07,Surrey Police,Surrey Police,-0.510239,51.434333,On or near High Street,E01034291,Spelthorne 004F,Shoplifting,Investigation complete; no suspect identified,
e52f354903af55855a89b01bb5cbbfc146191daa3de68ffb56e3b434f0cb66a7,2024-07,Surrey Police,Surrey Police,-0.509590,51.433489,On or near Shopping Area,E01034291,Spelthorne 004F,Shoplifting,Unable to prosecute suspect,
ce144e64e05daf3663398dffca138fe68b033a24f7b28b0082c9402fe0dfa0c4,2024-07,Surrey Police,Surrey Police,-0.511330,51.435714,On or near Shopping Area,E01034291,Spelthorne 004F,Shoplifting,Court result unavailable,
17258a6c6e3813f0e7abad9db463ccebfa4919d50481a4fc89ec2b0f3074399a,2024-07,Surrey Police,Surrey Police,-0.514658,51.432915,On or near Colnebridge Close,E01034291,Spelthorne 004F,Theft from the person,Unable to prosecute suspect,
14ad67311a156888783bc3222c92096341c9b04df97f7619a9eda41542d4c24e,2024-07,Surrey Police,Surrey Police,-0.511947,51.434004,On or near Tilly'S Lane,E01034291,Spelthorne 004F,Theft from the person,Investigation complete; no suspect identified,
4e9514a73658be843c1dda4cdcf3cf20a3adc3c8fe10776567d54c5656449392,2024-07,Surrey Police,Surrey Police,-0.511947,51.434004,On or near Tilly'S Lane,E01034291,Spelthorne 004F,Vehicle crime,Investigation complete; no suspect identified,
d699da37c935771a78b065cee387c4484c10e4fbe759d8f42fdaed2992c69cf3,2024-07,Surrey Police,Surrey Police,-0.503799,51.435915,On or near New Street,E01034291,Spelthorne 004F,Vehicle crime,Unable to prosecute suspect,
677d462bf492220847d516a7666860e882a8eb9517c360d9001653a91ec4f09c,2024-07,Surrey Police,Surrey Police,-0.511947,51.434004,On or near Tilly'S Lane,E01034291,Spelthorne 004F,Violence and sexual offences,Unable to prosecute suspect,
fdb42c478dc3cece8f05ab4ce876d43288f2dbd54f4fbda6d416ac47c44e4fe0,2024-07,Surrey Police,Surrey Police,-0.511781,51.436025,On or near Supermarket,E01034291,Spelthorne 004F,Violence and sexual offences,Investigation complete; no suspect identified,
96e17e0d27c9db730c427b8dc88c33349883d39e9254613147e931c511455377,2024-07,Surrey Police,Surrey Police,-0.514905,51.433745,On or near Clarence Street,E01034291,Spelthorne 004F,Violence and sexual offences,Unable to prosecute suspect,
96459b3eb3182408c8b45d1ef2dfff30c24f594931ecb924ce3eaba4152e5a7a,2024-07,Surrey Police,Surrey Police,-0.509073,51.436998,On or near Swallow Close,E01034291,Spelthorne 004F,Violence and sexual offences,Unable to prosecute suspect,
955d93f52b755ae93c61dff2466b2b983cd4ef42819f4e66ddde5380dd27dbd8,2024-07,Surrey Police,Surrey Police,-0.506095,51.435216,On or near A308,E01034291,Spelthorne 004F,Violence and sexual offences,Unable to prosecute suspect,
d149df2b5079a67497ed0f3b19711129073d4a50ccf7f0e8d9bf340fe6d085b7,2024-07,Surrey Police,Surrey Police,-0.509189,51.435642,On or near Mill Mead,E01034291,Spelthorne 004F,Violence and sexual offences,Further action is not in the public interest,
ac5cf11004f4d3c45765aec9bce93a0eba6a972fd24927dcc8f8f06b1f9ff4d8,2024-07,Surrey Police,Surrey Police,-0.514905,51.433745,On or near Clarence Street,E01034291,Spelthorne 004F,Violence and sexual offences,Local resolution,
2659a5ae79bde5a487ba15ce8c754271c1c5611790b99b62fdcbd9dae162e6d2,2024-07,Surrey Police,Surrey Police,-0.506095,51.435216,On or near A308,E01034291,Spelthorne 004F,Violence and sexual offences,Unable to prosecute suspect,
e639eb48c0627f1ec2ce5282b943b309982e832549e891faf3af36661e913503,2024-07,Surrey Police,Surrey Police,-0.509590,51.433489,On or near Shopping Area,E01034291,Spelthorne 004F,Violence and sexual offences,Status update unavailable,
bb0182301101f30edd35efd94558bedf75b2cd9046e5e9118944eab7eb7651aa,2024-07,Surrey Police,Surrey Police,-0.514658,51.432915,On or near Colnebridge Close,E01034291,Spelthorne 004F,Violence and sexual offences,Unable to prosecute suspect,
4ba2a12e45640112e380b6830392d018eb869aedb4c2ea4956eec9661b3d11ea,2024-07,Surrey Police,Surrey Police,-0.511947,51.434004,On or near Tilly'S Lane,E01034291,Spelthorne 004F,Violence and sexual offences,Unable to prosecute suspect,
03b973885173d1902973884e6cfbafa3aa8f2a8abb9c1bd70cf5ba0e3e720200,2024-07,Surrey Police,Surrey Police,-0.506095,51.435216,On or near A308,E01034291,Spelthorne 004F,Violence and sexual offences,Investigation complete; no suspect identified,
adc90ee671be10ac5a879c24a20eddcaa97e02977cea3a8058e9877ec578ed94,2024-07,Surrey Police,Surrey Police,-0.509326,51.431885,On or near Parking Area,E01034291,Spelthorne 004F,Violence and sexual offences,Investigation complete; no suspect identified,
0a1b37931698e4b2169947bb97ad4a89b4aa0c12c757d8ad6282c45c04ac7636,2024-07,Surrey Police,Surrey Police,-0.509073,51.436998,On or near Swallow Close,E01034291,Spelthorne 004F,Violence and sexual offences,Unable to prosecute suspect,
2c4cb4eb86d1124f70ebe5a7f8715e991f89d679bac38e792ff8b071a3f2298c,2024-07,Surrey Police,Surrey Police,-0.510239,51.434333,On or near High Street,E01034291,Spelthorne 004F,Violence and sexual offences,Unable to prosecute suspect,
d9e68368ea295bf72f03c2a90f6d5863bbca8178292e2e5ca05e5cc1cfa0f146,2024-07,Surrey Police,Surrey Police,-0.506729,51.431213,On or near Augur Close,E01034291,Spelthorne 004F,Violence and sexual offences,Unable to prosecute suspect,
30d019afa02dfe695d8b085ed9b3be470a97cf256fa1e3cec2f7fd328423c97d,2024-07,Surrey Police,Surrey Police,-0.512547,51.435019,On or near Parking Area,E01034291,Spelthorne 004F,Violence and sexual offences,Unable to prosecute suspect,
dc598a48b1b0e9e698bc5557ca0a2368ed662b82ed98216eb561326154a8363a,2024-07,Surrey Police,Surrey Police,-0.506095,51.435216,On or near A308,E01034291,Spelthorne 004F,Violence and sexual offences,Unable to prosecute suspect,
572991946215bfae7099f60cafcb95ffe1bc4b004c8a7d0f4bbc12dcd2244e5b,2024-07,Surrey Police,Surrey Police,-0.514658,51.432915,On or near Colnebridge Close,E01034291,Spelthorne 004F,Violence and sexual offences,Offender given a caution,
a17b3e8f5720ef292f1e9f8df1185f19ecfb140923dc6de47793db1007ff0fb4,2024-07,Surrey Police,Surrey Police,-0.514658,51.432915,On or near Colnebridge Close,E01034291,Spelthorne 004F,Violence and sexual offences,Unable to prosecute suspect,
abe1fc7610b7b5674babafe3b52a2235fa2df6ba390e7bfb5cb0023a7dbbb71f,2024-07,Surrey Police,Surrey Police,-0.509326,51.431885,On or near Parking Area,E01034291,Spelthorne 004F,Violence and sexual offences,Investigation complete; no suspect identified,
e0f975dd4b3f799da5b16312ecda1658de7b8ac5934599bb90fd92c92dcc05b1,2024-07,Surrey Police,Surrey Police,-0.511947,51.434004,On or near Tilly'S Lane,E01034291,Spelthorne 004F,Violence and sexual offences,Investigation complete; no suspect identified,
bfc28ab6c5748f3abf6df99c42509d84785cd5f804da728579e5f4eaf29b6ff5,2024-07,Surrey Police,Surrey Police,-0.512547,51.435019,On or near Parking Area,E01034291,Spelthorne 004F,Violence and sexual offences,Unable to prosecute suspect,
5ea2d23d9d92c681376f75a5109c337980d2a0816df78c916a79dab51e235ef9,2024-07,Surrey Police,Surrey Police,-0.511947,51.434004,On or near Tilly'S Lane,E01034291,Spelthorne 004F,Violence and sexual offences,Investigation complete; no suspect identified,
a1b391dcb1468b988db9a4212a2ce1a26c50a641d916b95980c406ddb08200d0,2024-07,Surrey Police,Surrey Police,-0.509399,51.432475,On or near Bus/Coach Station,E01034291,Spelthorne 004F,Violence and sexual offences,Local resolution,
,2024-07,Surrey Police,Surrey Police,-0.505257,51.434468,On or near Matthews Lane,E01034292,Spelthorne 004G,Anti-social behaviour,,
,2024-07,Surrey Police,Surrey Police,-0.502928,51.432649,On or near Parking Area,E01034292,Spelthorne 004G,Anti-social behaviour,,
,2024-07,Surrey Police,Surrey Police,-0.502928,51.432649,On or near Parking Area,E01034292,Spelthorne 004G,Anti-social behaviour,,
7585ce67067911316d4143d514a33cb9e64e3755960cbc5186c0a085f6626874,2024-07,Surrey Police,Surrey Police,-0.505587,51.436693,On or near Fairfield Avenue,E01034292,Spelthorne 004G,Burglary,Investigation complete; no suspect identified,
b210b02502d39a26a8c138156ed6eae7c43b903a178969f4ae8a2fd362734243,2024-07,Surrey Police,Surrey Police,-0.505257,51.434468,On or near Matthews Lane,E01034292,Spelthorne 004G,Burglary,Unable to prosecute suspect,
512e41ad6085f5b24e3d6f3eebbe1823e013a94e9c307be212275c08b41fedeb,2024-07,Surrey Police,Surrey Police,-0.505257,51.434468,On or near Matthews Lane,E01034292,Spelthorne 004G,Criminal damage and arson,Court result unavailable,
b832d114d23315086c7f7095ce6434e2c41262aff24e3dfdf46080dbaf1946b0,2024-07,Surrey Police,Surrey Police,-0.505257,51.434468,On or near Matthews Lane,E01034292,Spelthorne 004G,Criminal damage and arson,Court result unavailable,
aeb0f8894f75ac2c3bb461a0e27dff962ce6e412847d5b6bbbae04bf16fd19db,2024-07,Surrey Police,Surrey Police,-0.505257,51.434468,On or near Matthews Lane,E01034292,Spelthorne 004G,Criminal damage and arson,Court result unavailable,
f6ad79a6ddc91b356a6d54ecf19640da504b100918ca8426c4f36ebd99d7d1a4,2024-07,Surrey Police,Surrey Police,-0.503048,51.432938,On or near Station Approach,E01034292,Spelthorne 004G,Criminal damage and arson,Investigation complete; no suspect identified,
28cf852f08f0218d7ea67a614d7f1c20a75f91bf5324a5a3db4b3dde25309a3f,2024-07,Surrey Police,Surrey Police,-0.505257,51.434468,On or near Matthews Lane,E01034292,Spelthorne 004G,Possession of weapons,Unable to prosecute suspect,
f574551d7bae0d99d7d2d127f53e42f5f2ee9632c39c39618d61c0bee4a4c255,2024-07,Surrey Police,Surrey Police,-0.505257,51.434468,On or near Matthews Lane,E01034292,Spelthorne 004G,Public order,Awaiting court outcome,
bff9ca732e1c60ec2736f2ae672ea4e3212534d4e1326641d81812eca79034ca,2024-07,Surrey Police,Surrey Police,-0.505257,51.434468,On or near Matthews Lane,E01034292,Spelthorne 004G,Public order,Unable to prosecute suspect,
1770209e69d5096291847b73455002b8bdeab4be0efaad9b24f48a27773d6897,2024-07,Surrey Police,Surrey Police,-0.505257,51.434468,On or near Matthews Lane,E01034292,Spelthorne 004G,Public order,Status update unavailable,
66d468033daf92fda31157ed961dc6f3a105c5de57a4acb41b7c044b4a5c2507,2024-07,Surrey Police,Surrey Police,-0.505257,51.434468,On or near Matthews Lane,E01034292,Spelthorne 004G,Public order,Court result unavailable,
5b1958eae60855d8ed1276e2c0502bfbf1a8eca897951edc3489ae058ea6d5db,2024-07,Surrey Police,Surrey Police,-0.505257,51.434468,On or near Matthews Lane,E01034292,Spelthorne 004G,Public order,Awaiting court outcome,
6d3f7bd644b31b4a820241ade9e7d0cb6bc4e351910cca35536c0710347f48b3,2024-07,Surrey Police,Surrey Police,-0.505257,51.434468,On or near Matthews Lane,E01034292,Spelthorne 004G,Public order,Awaiting court outcome,
c88660fe4adef8a8fcdb84581c9726b8cc0f9388ffe4dde3212a29bfef46ba9c,2024-07,Surrey Police,Surrey Police,-0.505257,51.434468,On or near Matthews Lane,E01034292,Spelthorne 004G,Public order,Awaiting court outcome,
20aebd628bcc6bf39d99ff855f9ce40b4e784604c4b16b73c6647db3177146bd,2024-07,Surrey Police,Surrey Police,-0.505257,51.434468,On or near Matthews Lane,E01034292,Spelthorne 004G,Public order,Court result unavailable,
c67c3ab3fc79c67c3f9447597b66ad54c71174850957485752df9e8b0d2a49e9,2024-07,Surrey Police,Surrey Police,-0.505257,51.434468,On or near Matthews Lane,E01034292,Spelthorne 004G,Shoplifting,Unable to prosecute suspect,
899ecdaae3d0a1fcc663b5dc73b3539f4767a7393c448f4cd6586e460b9bb722,2024-07,Surrey Police,Surrey Police,-0.505257,51.434468,On or near Matthews Lane,E01034292,Spelthorne 004G,Violence and sexual offences,Status update unavailable,
e0371bb85d0fac2f18c1ab673030311d2e84743224fe585b24ae2253803e18e0,2024-07,Surrey Police,Surrey Police,-0.505257,51.434468,On or near Matthews Lane,E01034292,Spelthorne 004G,Violence and sexual offences,Court result unavailable,
bed885afa0c763734c8a5e021758aa871be089e4a1c0f9c9bc76209496ae83eb,2024-07,Surrey Police,Surrey Police,-0.505257,51.434468,On or near Matthews Lane,E01034292,Spelthorne 004G,Violence and sexual offences,Court result unavailable,
dfff0a49b0b910406497170064cecd359b56b41e77d14ec92ee2d15fe4d751f9,2024-07,Surrey Police,Surrey Police,-0.503048,51.432938,On or near Station Approach,E01034292,Spelthorne 004G,Violence and sexual offences,Unable to prosecute suspect,
c1a35581ad705d5a77d1ce06ed6734ec48850a3750baab8423b5c7958796ccf5,2024-07,Surrey Police,Surrey Police,-0.502097,51.435174,On or near Sidney Road,E01034292,Spelthorne 004G,Violence and sexual offences,Unable to prosecute suspect,
6ed41ebfd6c58e52bb84338f568ede86628ae4458da3a1571cb0193851a5aed0,2024-07,Surrey Police,Surrey Police,-0.505257,51.434468,On or near Matthews Lane,E01034292,Spelthorne 004G,Violence and sexual offences,Unable to prosecute suspect,
738410975d4ee79b0734e3b077a9016c9a3b34ece802494fca14568f86f16484,2024-07,Surrey Police,Surrey Police,-0.505257,51.434468,On or near Matthews Lane,E01034292,Spelthorne 004G,Violence and sexual offences,Court result unavailable,
,2024-07,Surrey Police,Surrey Police,-0.452643,51.429415,On or near Elm Tree Close,E01030701,Spelthorne 005A,Anti-social behaviour,,
,2024-07,Surrey Police,Surrey Police,-0.451792,51.429035,On or near Dingle Road,E01030701,Spelthorne 005A,Anti-social behaviour,,
,2024-07,Surrey Police,Surrey Police,-0.446206,51.429608,On or near New Park Road,E01030701,Spelthorne 005A,Anti-social behaviour,,
,2024-07,Surrey Police,Surrey Police,-0.446294,51.426597,On or near Garden Close,E01030701,Spelthorne 005A,Anti-social behaviour,,
3c6da0bdacd97e94c77e31e2438747a7515fafbde1336a1d2d8604f6edfa4eb9,2024-07,Surrey Police,Surrey Police,-0.452643,51.429415,On or near Elm Tree Close,E01030701,Spelthorne 005A,Other theft,Unable to prosecute suspect,
5492dcd385bfaa986c70fa01f4bd430b5c8531c7348ce27437833abb7519971f,2024-07,Surrey Police,Surrey Police,-0.447875,51.429604,On or near Park Road,E01030701,Spelthorne 005A,Public order,Unable to prosecute suspect,
bb046aebe6bfd5ecea42be1e4c6571e2cff5adae84a66785e56c0d191a95a66e,2024-07,Surrey Police,Surrey Police,-0.446206,51.429608,On or near New Park Road,E01030701,Spelthorne 005A,Vehicle crime,Investigation complete; no suspect identified,
af2e8f5a92c4d3a22044c3f5be82de9b57d8dc19f767a31829c6cfc3f5c18b4d,2024-07,Surrey Police,Surrey Police,-0.447875,51.429604,On or near Park Road,E01030701,Spelthorne 005A,Violence and sexual offences,Further action is not in the public interest,
881047191c180293692eea27bb23da76bbd72f3de75c1004a7a5b8edaa639e6f,2024-07,Surrey Police,Surrey Police,-0.455709,51.430211,On or near St Michaels Road,E01030702,Spelthorne 005B,Other theft,Unable to prosecute suspect,
8cec927f41d1bb1738abe61a247d23ad3c5ec2760aadc08b43ce3fe25294d16b,2024-07,Surrey Police,Surrey Police,-0.453532,51.427781,On or near Lucie Avenue,E01030702,Spelthorne 005B,Other theft,Unable to prosecute suspect,
1584b962288d624758936ebe1daa265f110d5603f0d9773e012d9e883f1aa5a8,2024-07,Surrey Police,Surrey Police,-0.456048,51.431240,On or near B377,E01030702,Spelthorne 005B,Vehicle crime,Investigation complete; no suspect identified,
419943a89f2ae0262ecd9541566995cd55466f18011779f582aa652296c06d1e,2024-07,Surrey Police,Surrey Police,-0.455709,51.430211,On or near St Michaels Road,E01030702,Spelthorne 005B,Violence and sexual offences,Unable to prosecute suspect,
d8aa947c0c9d3caee5ae16a44fe26efb1d1375d69047a83bf19a94197d3cb729,2024-07,Surrey Police,Surrey Police,-0.453585,51.427062,On or near Sydney Crescent,E01030702,Spelthorne 005B,Violence and sexual offences,Unable to prosecute suspect,
9e4d932c88c7e0ed80261cb5d4125eae3cf90deb041a90af5c7098faf262282d,2024-07,Surrey Police,Surrey Police,-0.453532,51.427781,On or near Lucie Avenue,E01030702,Spelthorne 005B,Violence and sexual offences,Further action is not in the public interest,
97fd18a9226570c21bf8a3e93df3dbc5317c09729bedb60aa5d8ee25e1b97fe9,2024-07,Surrey Police,Surrey Police,-0.455709,51.430211,On or near St Michaels Road,E01030702,Spelthorne 005B,Other crime,Unable to prosecute suspect,
,2024-07,Surrey Police,Surrey Police,-0.456299,51.436171,On or near Parkland Road,E01030703,Spelthorne 005C,Anti-social behaviour,,
,2024-07,Surrey Police,Surrey Police,-0.449253,51.432239,On or near Chalmers Road,E01030703,Spelthorne 005C,Anti-social behaviour,,
,2024-07,Surrey Police,Surrey Police,-0.449253,51.432239,On or near Chalmers Road,E01030703,Spelthorne 005C,Anti-social behaviour,,
,2024-07,Surrey Police,Surrey Police,-0.449253,51.432239,On or near Chalmers Road,E01030703,Spelthorne 005C,Anti-social behaviour,,
49ec9f132f71cdf5d81abea191d2eaa642a15c3c58eb054739d40b2c1cda1937,2024-07,Surrey Police,Surrey Police,-0.445840,51.430647,On or near St Paul'S Close,E01030703,Spelthorne 005C,Burglary,Unable to prosecute suspect,
9ee3ba259955f85fbb48d15ab186cfd4233eb1d27296e26df2b3823885c83359,2024-07,Surrey Police,Surrey Police,-0.452988,51.433241,On or near Chestnut Close,E01030703,Spelthorne 005C,Burglary,Investigation complete; no suspect identified,
72b91ef1c6ffb10b4d845db1c234df7c91a5484c69591f2ac846ace338d3db24,2024-07,Surrey Police,Surrey Police,-0.445730,51.430924,On or near Coolgardie Road,E01030703,Spelthorne 005C,Criminal damage and arson,Unable to prosecute suspect,
d6a263112fe53b935dd3e60ee239b568dad033019a1b5dc53f18d20cb1d06f1f,2024-07,Surrey Police,Surrey Police,-0.449253,51.432239,On or near Chalmers Road,E01030703,Spelthorne 005C,Drugs,Unable to prosecute suspect,
d30074f57e15ff124a2fda565132e3345566cdffbc12961d760397f9b2cccffc,2024-07,Surrey Police,Surrey Police,-0.448487,51.432777,On or near Feltham Road,E01030703,Spelthorne 005C,Drugs,Investigation complete; no suspect identified,
1ec8cd377c61f70d1c59fc0bd8b33586a3ddd8c0d73bc9912123f79b1458e590,2024-07,Surrey Police,Surrey Police,-0.448487,51.432777,On or near Feltham Road,E01030703,Spelthorne 005C,Other theft,Unable to prosecute suspect,
19ff5ea970a30e0a2928ddfbd6bdcc65fe817ba6f0bcd311a01d3d1b84186ce4,2024-07,Surrey Police,Surrey Police,-0.448487,51.432777,On or near Feltham Road,E01030703,Spelthorne 005C,Public order,Status update unavailable,
2bb5a89baddd4e63e660453a0462ba69dcbd4e75dcfc66c22a239a121973f936,2024-07,Surrey Police,Surrey Police,-0.449253,51.432239,On or near Chalmers Road,E01030703,Spelthorne 005C,Public order,Unable to prosecute suspect,
2a73846c84e3d998865db1a0239063e92de644e05d11dc623f9f99c831a12e46,2024-07,Surrey Police,Surrey Police,-0.445840,51.430647,On or near St Paul'S Close,E01030703,Spelthorne 005C,Violence and sexual offences,Unable to prosecute suspect,
d8d3eae771be2c463429a993fdc343acb742e176157676213b256b2c49fa667c,2024-07,Surrey Police,Surrey Police,-0.450403,51.432254,On or near St Margarets Avenue,E01030703,Spelthorne 005C,Violence and sexual offences,Unable to prosecute suspect,
559dbf0e42a1430f8429cac44023669f2bcdbff44b4c61fe6354674b45736a0d,2024-07,Surrey Police,Surrey Police,-0.449253,51.432239,On or near Chalmers Road,E01030703,Spelthorne 005C,Violence and sexual offences,Further investigation is not in the public interest,
,2024-07,Surrey Police,Surrey Police,-0.455332,51.435412,On or near B3003,E01030704,Spelthorne 005D,Anti-social behaviour,,
,2024-07,Surrey Police,Surrey Police,-0.455332,51.435412,On or near B3003,E01030704,Spelthorne 005D,Anti-social behaviour,,
,2024-07,Surrey Police,Surrey Police,-0.455332,51.435412,On or near B3003,E01030704,Spelthorne 005D,Anti-social behaviour,,
,2024-07,Surrey Police,Surrey Police,-0.461244,51.432001,On or near Elmcroft Drive,E01030704,Spelthorne 005D,Anti-social behaviour,,
127ba011ce7f72633e7b3a2418ba875dcc1b8735086aa84ebb4d7c01778ba0d9,2024-07,Surrey Police,Surrey Police,-0.459587,51.429947,On or near Fontmell Close,E01030704,Spelthorne 005D,Drugs,Unable to prosecute suspect,
225bf653fe0cc82388d31dbf799fed60bcf4dc8d0e1432176c4178fab4521caa,2024-07,Surrey Police,Surrey Police,-0.455964,51.434162,On or near Rosa Avenue,E01030704,Spelthorne 005D,Possession of weapons,Court result unavailable,
883eacafeb7316e55477ff9ea1de8f28241046fcfe4a48cc9c4e085089051c7a,2024-07,Surrey Police,Surrey Police,-0.458677,51.434764,On or near Parkland Grove,E01030704,Spelthorne 005D,Robbery,Unable to prosecute suspect,
e1b000c771907eff411c2c6bc0e5dcb89f1588fde5b2ad443858279b1c4d8226,2024-07,Surrey Police,Surrey Police,-0.455332,51.435412,On or near B3003,E01030704,Spelthorne 005D,Violence and sexual offences,Investigation complete; no suspect identified,
a72aa1088711fb4e823f831cfba0b893c48f8847357fb4b34d541984c9a7c32c,2024-07,Surrey Police,Surrey Police,-0.459587,51.429947,On or near Fontmell Close,E01030704,Spelthorne 005D,Violence and sexual offences,Unable to prosecute suspect,
7e569f40ce4e853956b853f88c1e4399fd72f40d7ba0321b19509cc0897e3da5,2024-07,Surrey Police,Surrey Police,-0.455332,51.435412,On or near B3003,E01030704,Spelthorne 005D,Violence and sexual offences,Investigation complete; no suspect identified,
add620284fbfdf0ec18e9dd215e311f2449bc5e5b7a2624c28a4d9599697f4d1,2024-07,Surrey Police,Surrey Police,-0.459587,51.429947,On or near Fontmell Close,E01030704,Spelthorne 005D,Violence and sexual offences,Offender given a caution,
70bab67849b507972356d8e608968f546ef1815bf867df341a2de33686b9ed86,2024-07,Surrey Police,Surrey Police,-0.461244,51.432001,On or near Elmcroft Drive,E01030704,Spelthorne 005D,Other crime,Status update unavailable,
e6f64b34a1c4cf4f77ee8796f69788d728fd45524d92204d0553dad494b0af2d,2024-07,Surrey Police,Surrey Police,-0.452693,51.424937,On or near Denman Drive,E01030705,Spelthorne 005E,Criminal damage and arson,Unable to prosecute suspect,
9c5ac00ca5f19bf218a37706f376276b16d2588ae08f109a0ba467bb30b4026d,2024-07,Surrey Police,Surrey Police,-0.458535,51.429169,On or near Limes Close,E01030705,Spelthorne 005E,Drugs,Unable to prosecute suspect,
ecee7c1ff0a5f35c0b85cf56b5b9ab46a505399ee3ce2bf64c196f314664d0ca,2024-07,Surrey Police,Surrey Police,-0.458535,51.429169,On or near Limes Close,E01030705,Spelthorne 005E,Other theft,Unable to prosecute suspect,
021c25ff6623c2e521b15b85266ed7680999095f39760bfba70250b89be9a22c,2024-07,Surrey Police,Surrey Police,-0.442363,51.434323,On or near Anderson Drive,E01030706,Spelthorne 005F,Burglary,Status update unavailable,
045f0c64561b355234669e1d8de2707c7cac58efc6f7c7928c5337299a937b86,2024-07,Surrey Police,Surrey Police,-0.442753,51.432152,On or near Sandell'S Avenue,E01030706,Spelthorne 005F,Drugs,Investigation complete; no suspect identified,
3241ab455adf185c631dbd8f135754fb070761251d001310ae8108cded936fea,2024-07,Surrey Police,Surrey Police,-0.449425,51.433113,On or near Wye Close,E01030706,Spelthorne 005F,Public order,Court result unavailable,
2260440e95e0d4ab8e54b963d30f294ff442e5352a17de122295843c931b15ec,2024-07,Surrey Police,Surrey Police,-0.441160,51.432041,On or near Wren'S Avenue,E01030706,Spelthorne 005F,Public order,Unable to prosecute suspect,
,2024-07,Surrey Police,Surrey Police,-0.442726,51.429149,On or near Mornington Road,E01030697,Spelthorne 006A,Anti-social behaviour,,
,2024-07,Surrey Police,Surrey Police,-0.444763,51.428897,On or near Poplar Road,E01030697,Spelthorne 006A,Anti-social behaviour,,
,2024-07,Surrey Police,Surrey Police,-0.445675,51.428297,On or near Romney Close,E01030697,Spelthorne 006A,Anti-social behaviour,,
993ba7d4da7908349e985a25d0d7dac5550adfe53b2bfe15f0cbe34ece28aea5,2024-07,Surrey Police,Surrey Police,-0.444082,51.426064,On or near Hogarth Avenue,E01030697,Spelthorne 006A,Criminal damage and arson,Investigation complete; no suspect identified,
844277f2262880c18358d4ae221e893023c9a859634fd06ceacc0d7e9bad2236,2024-07,Surrey Police,Surrey Police,-0.444584,51.423985,On or near Conway Drive,E01030697,Spelthorne 006A,Public order,Unable to prosecute suspect,
816f9a743cd1b6d728fa3377dd65d57b7c2a1bfb323b41babcd631fffc068016,2024-07,Surrey Police,Surrey Police,-0.446246,51.425032,On or near Orchard Avenue,E01030697,Spelthorne 006A,Public order,Unable to prosecute suspect,
c2de8fc0b575b33ffa9909ada645786b0be6b88d705044e4147b49d07eb79926,2024-07,Surrey Police,Surrey Police,-0.446246,51.425032,On or near Orchard Avenue,E01030697,Spelthorne 006A,Vehicle crime,Investigation complete; no suspect identified,
6e7a975efa00f6caaf659fe1c35cc58c85f1ca65efcaae18e7e0ed9ef16c4ae5,2024-07,Surrey Police,Surrey Police,-0.444276,51.428827,On or near Laurel Gardens,E01030697,Spelthorne 006A,Violence and sexual offences,Unable to prosecute suspect,
,2024-07,Surrey Police,Surrey Police,-0.446937,51.425014,On or near Carew Road,E01030698,Spelthorne 006B,Anti-social behaviour,,
b7e1268773a82558eb4f4304c57d073dcdf66414d2e61e5ffeccd11e1e85c590,2024-07,Surrey Police,Surrey Police,-0.437893,51.426198,On or near Feltham Hill Road,E01030698,Spelthorne 006B,Criminal damage and arson,Investigation complete; no suspect identified,
5d5046c3d112481d0e0f8be2eeb83d9098633f614546c6b4690e5bf11fa9abd7,2024-07,Surrey Police,Surrey Police,-0.442371,51.422247,On or near Staines Road West,E01030698,Spelthorne 006B,Drugs,Local resolution,
36f0cea475b6a460d9a5044f9ddd072618be510cefc041cb1c409c4cbac495f5,2024-07,Surrey Police,Surrey Police,-0.438373,51.425197,On or near Saxon Road,E01030698,Spelthorne 006B,Drugs,Unable to prosecute suspect,
8daa1a3e54a9b0924c55386a890384524f9161c555d7a28bac6a87bcfe479487,2024-07,Surrey Police,Surrey Police,-0.438334,51.424234,On or near Tudor Road,E01030698,Spelthorne 006B,Public order,Unable to prosecute suspect,
7a5c9ee8e0c00b56ba203da65ced35886c8628575eb223b995c5745c47c2ae49,2024-07,Surrey Police,Surrey Police,-0.438334,51.424234,On or near Tudor Road,E01030698,Spelthorne 006B,Public order,Unable to prosecute suspect,
46205d2a9304b003b1649de06b3feb5d8c642d7055142d136ffdd2143b3db28f,2024-07,Surrey Police,Surrey Police,-0.448080,51.423114,On or near Petrol Station,E01030698,Spelthorne 006B,Shoplifting,Court result unavailable,
329020be7e53c443847f751ff19ec7e293331bf4917d6cf9efbe52d4f4e6c366,2024-07,Surrey Police,Surrey Police,-0.448080,51.423114,On or near Petrol Station,E01030698,Spelthorne 006B,Shoplifting,Investigation complete; no suspect identified,
f3d09d81b2228062fde085e1d405482ebaaad614a22225f56b4d848f5f14536a,2024-07,Surrey Police,Surrey Police,-0.448080,51.423114,On or near Petrol Station,E01030698,Spelthorne 006B,Shoplifting,Unable to prosecute suspect,
cfa3260aae91e737eab7e63f064e5a05943442f37e8f5b63c4f4f3909fd6fe77,2024-07,Surrey Police,Surrey Police,-0.448080,51.423114,On or near Petrol Station,E01030698,Spelthorne 006B,Shoplifting,Investigation complete; no suspect identified,
d600d51e104b74b4909060e73faac2e613ff68172efae14d9aee397ca1ab83b3,2024-07,Surrey Police,Surrey Police,-0.448080,51.423114,On or near Petrol Station,E01030698,Spelthorne 006B,Shoplifting,Unable to prosecute suspect,
f75a8c63643bbc0103b2856741235dedc7bcc706b7f15a122806eae76f5c7fd6,2024-07,Surrey Police,Surrey Police,-0.438373,51.425197,On or near Saxon Road,E01030698,Spelthorne 006B,Vehicle crime,Investigation complete; no suspect identified,
7ec469f6e01f73d4094ad5fdfb428ea2bdcd32812f2d93748aede9d8da893651,2024-07,Surrey Police,Surrey Police,-0.438373,51.425197,On or near Saxon Road,E01030698,Spelthorne 006B,Vehicle crime,Investigation complete; no suspect identified,
59ad34946aec815b052b3f475bf27da70b6d914652d63958e2ffb78b4f8ea8b7,2024-07,Surrey Police,Surrey Police,-0.441009,51.424657,On or near Elgin Avenue,E01030698,Spelthorne 006B,Vehicle crime,Investigation complete; no suspect identified,
12bcda7b63540cc67dbdf6a3fb5f748fa8cdcf69fa03dc76ee897b5da41e8558,2024-07,Surrey Police,Surrey Police,-0.438334,51.424234,On or near Tudor Road,E01030698,Spelthorne 006B,Violence and sexual offences,Unable to prosecute suspect,
05ab171a63a309a9e4082d65851b216b0ffba125e1902ee8679d254590f51b02,2024-07,Surrey Police,Surrey Police,-0.438334,51.424234,On or near Tudor Road,E01030698,Spelthorne 006B,Violence and sexual offences,Investigation complete; no suspect identified,
64eb63c22a40cb069d1033927e68b7c19a54284622e5fe203709ee1f0821701a,2024-07,Surrey Police,Surrey Police,-0.442236,51.426220,On or near Elgin Avenue,E01030698,Spelthorne 006B,Violence and sexual offences,Unable to prosecute suspect,
097c18c585c947e49b7cb65ab02c744fbd295e520dcf4c751a89ceb05b2b74e8,2024-07,Surrey Police,Surrey Police,-0.439809,51.422734,On or near Maple Court,E01030698,Spelthorne 006B,Violence and sexual offences,Investigation complete; no suspect identified,
1b9ec143644e9b4156e80f65699a62c290665f414e74e8d670b99e8da3b51ab7,2024-07,Surrey Police,Surrey Police,-0.442618,51.423851,On or near Cecil Road,E01030698,Spelthorne 006B,Violence and sexual offences,Unable to prosecute suspect,
29046759fe061e908ee61cde0f5399c742521a0511e82fe3d5f33c82c54eebde,2024-07,Surrey Police,Surrey Police,-0.439525,51.423450,On or near Norman Road,E01030698,Spelthorne 006B,Violence and sexual offences,Unable to prosecute suspect,
5cccb93ac3bee9cc09f182fd3bc2a5b49915aa0509c8e60e9d85a0a99d7a0c9e,2024-07,Surrey Police,Surrey Police,-0.438334,51.424234,On or near Tudor Road,E01030698,Spelthorne 006B,Violence and sexual offences,Investigation complete; no suspect identified,
,2024-07,Surrey Police,Surrey Police,-0.432537,51.425065,On or near Hyde Terrace,E01030699,Spelthorne 006C,Anti-social behaviour,,
,2024-07,Surrey Police,Surrey Police,-0.427922,51.428375,On or near Chertsey Road,E01030699,Spelthorne 006C,Anti-social behaviour,,
5a70cc401b01c07e6bba2085a732c20fbc4389e594baa114ad057201db988447,2024-07,Surrey Police,Surrey Police,-0.431496,51.424808,On or near Hyde Close,E01030699,Spelthorne 006C,Criminal damage and arson,Unable to prosecute suspect,
ada8dad347c532059f1cffac07758710ba3b7abcf91fc7374eb5c959fb811393,2024-07,Surrey Police,Surrey Police,-0.431496,51.424808,On or near Hyde Close,E01030699,Spelthorne 006C,Criminal damage and arson,Unable to prosecute suspect,
cd350ee40b1a965233c3268ba4aafc53461acecd87b0dc0d0e94c9b72c3119d1,2024-07,Surrey Police,Surrey Police,-0.431496,51.424808,On or near Hyde Close,E01030699,Spelthorne 006C,Drugs,Local resolution,
2dbe31cc10a015cce52f36f7ed95576291dbc6f2848d2f789b6811e0238b9f27,2024-07,Surrey Police,Surrey Police,-0.441672,51.430106,On or near Ashgrove Road,E01030699,Spelthorne 006C,Other theft,Investigation complete; no suspect identified,
40e92eba0c40e3575e606ba35034ed91ea02cded7cf804ba5e69b7c6d72d25cd,2024-07,Surrey Police,Surrey Police,-0.440411,51.427850,On or near Junction Road,E01030699,Spelthorne 006C,Public order,Unable to prosecute suspect,
ab6e6469ee9ce9f1e2b220053cc385bd28199d741dee46b6fc7173df31ccfd3c,2024-07,Surrey Police,Surrey Police,-0.427922,51.428375,On or near Chertsey Road,E01030699,Spelthorne 006C,Vehicle crime,Investigation complete; no suspect identified,
c5760f16f90722886515a80b16417b4e5a10c0ee162b2b2bb4594c9bc9005ede,2024-07,Surrey Police,Surrey Police,-0.427381,51.424439,On or near Cadbury Road,E01030699,Spelthorne 006C,Violence and sexual offences,Unable to prosecute suspect,
7c1c897955efef3486560ee499f482bf2a2f22119e76b69aebea215ec91a6477,2024-07,Surrey Police,Surrey Police,-0.427381,51.424439,On or near Cadbury Road,E01030699,Spelthorne 006C,Violence and sexual offences,Unable to prosecute suspect,
,2024-07,Surrey Police,Surrey Police,-0.434267,51.425376,On or near Chertsey Road,E01030700,Spelthorne 006D,Anti-social behaviour,,
85bfc5a8e3c3678173fb68808c3c84d89a433117c5bea05e6c44a2dbb0c8f939,2024-07,Surrey Police,Surrey Police,-0.434267,51.425376,On or near Chertsey Road,E01030700,Spelthorne 006D,Public order,Unable to prosecute suspect,
c286a2034db50078ed7402a97fb4a605356f0830ab8a964ca67aeda3e58ce5e5,2024-07,Surrey Police,Surrey Police,-0.438376,51.421708,On or near Staines Road West,E01030700,Spelthorne 006D,Vehicle crime,Investigation complete; no suspect identified,
3a0188a615ccd799545fe03d68eeb11fd802dcd44747eb7e39c1a7a5a400498a,2024-07,Surrey Police,Surrey Police,-0.437326,51.422557,On or near The Drive,E01030700,Spelthorne 006D,Violence and sexual offences,Unable to prosecute suspect,
706b5350fb34f1a998116b7147f36c94ea9a54784661fd4efdb4080d9ce2ea5b,2024-07,Surrey Police,Surrey Police,-0.432588,51.421892,On or near Warren Road,E01030700,Spelthorne 006D,Violence and sexual offences,Unable to prosecute suspect,
358385717d8d179bfdfd3e3cd6d905b8c5d453f24ccc4251084a67bbf0d60405,2024-07,Surrey Police,Surrey Police,-0.434267,51.425376,On or near Chertsey Road,E01030700,Spelthorne 006D,Violence and sexual offences,Unable to prosecute suspect,
43d1c403588d479350e6cd7207560c2e1a55d6efd2aaece4dd3e1c11a24b9d4f,2024-07,Surrey Police,Surrey Police,-0.432588,51.421892,On or near Warren Road,E01030700,Spelthorne 006D,Violence and sexual offences,Unable to prosecute suspect,
7de30a60e362a92d221b97b2e275685c87b939e7f205260522b012976a827f27,2024-07,Surrey Police,Surrey Police,-0.429420,51.420761,On or near A244,E01030700,Spelthorne 006D,Violence and sexual offences,Status update unavailable,
e16c796ba0ee90d71cb58f2fdbf56eff0b293a8a6859830df3b2206641b987ce,2024-07,Surrey Police,Surrey Police,-0.429420,51.420761,On or near A244,E01030700,Spelthorne 006D,Violence and sexual offences,Unable to prosecute suspect,
91d68d5d484d507fa590128a36db611c9e1d1a20783f62f734059530235f5611,2024-07,Surrey Police,Surrey Police,-0.432588,51.421892,On or near Warren Road,E01030700,Spelthorne 006D,Violence and sexual offences,Unable to prosecute suspect,
,2024-07,Surrey Police,Surrey Police,-0.431550,51.414819,On or near Owen Close,E01030725,Spelthorne 006E,Anti-social behaviour,,
,2024-07,Surrey Police,Surrey Police,-0.431550,51.414819,On or near Owen Close,E01030725,Spelthorne 006E,Anti-social behaviour,,
,2024-07,Surrey Police,Surrey Police,-0.430988,51.418642,On or near Windmill Close,E01030725,Spelthorne 006E,Anti-social behaviour,,
0ce393c899aa4252dc96ffb8ec4b99a38deecdd98e418756db05c6a26a4c7956,2024-07,Surrey Police,Surrey Police,-0.430816,51.416940,On or near Windmill Road,E01030725,Spelthorne 006E,Burglary,Investigation complete; no suspect identified,
4a6daa86b1b32b77dfd3527bfee2383b62c6efb4a235c6eadc8a0dd74fd6c122,2024-07,Surrey Police,Surrey Police,-0.444843,51.422289,On or near Petrol Station,E01030725,Spelthorne 006E,Burglary,Investigation complete; no suspect identified,
eab1f9bfa5c6d564ac01c0e62300144d1dbcdb7072a2ff7f11f494164c6e78a6,2024-07,Surrey Police,Surrey Police,-0.444106,51.422396,On or near Staines Road West,E01030725,Spelthorne 006E,Criminal damage and arson,Status update unavailable,
2b625ad39354aac785c662276b12950dedd1cd2a9c8b1e441566139653c90aac,2024-07,Surrey Police,Surrey Police,-0.431730,51.417977,On or near International Way,E01030725,Spelthorne 006E,Drugs,Local resolution,
8a1f235421cd6f5b0268e99c60ac7a133984af0a6d476b8fe2af7705c587da40,2024-07,Surrey Police,Surrey Police,-0.444843,51.422289,On or near Petrol Station,E01030725,Spelthorne 006E,Other theft,Court result unavailable,
3c804fb1aaef308a44944ae505264387251e7becbba2b24fd9931d753e56cf7a,2024-07,Surrey Police,Surrey Police,-0.444843,51.422289,On or near Petrol Station,E01030725,Spelthorne 006E,Other theft,Unable to prosecute suspect,
9d48fca17274b63d3c3725429c133203117220040698a13b442f0ee25fa4a4b0,2024-07,Surrey Police,Surrey Police,-0.440888,51.421436,On or near Rowland Way,E01030725,Spelthorne 006E,Other theft,Investigation complete; no suspect identified,
c9b2b978657bed4a120c5c4086d0671ed98e79a4b4675306779d0b17c453b7f1,2024-07,Surrey Police,Surrey Police,-0.444843,51.422289,On or near Petrol Station,E01030725,Spelthorne 006E,Other theft,Investigation complete; no suspect identified,
74e4e5f3543081b385a456dd7e24458da63923866843c2e244bae5732ceec9b1,2024-07,Surrey Police,Surrey Police,-0.444843,51.422289,On or near Petrol Station,E01030725,Spelthorne 006E,Other theft,Investigation complete; no suspect identified,
dbba72ffacdbec06b79a243836a1c4b39ed68f386d75f83ba4a6705059494ad7,2024-07,Surrey Police,Surrey Police,-0.431875,51.417107,On or near Lincoln Way,E01030725,Spelthorne 006E,Violence and sexual offences,Awaiting court outcome,
8628a20c9055e309c6403ff3a556dffdb8a19df4028d8b9a6c582baa58a304da,2024-07,Surrey Police,Surrey Police,-0.431875,51.417107,On or near Lincoln Way,E01030725,Spelthorne 006E,Violence and sexual offences,Awaiting court outcome,
546825bd088d5773b79706590f4256af5004818857544d4570c2c28f910c9436,2024-07,Surrey Police,Surrey Police,-0.483048,51.417385,On or near Greenway Drive,E01030729,Spelthorne 007A,Burglary,Unable to prosecute suspect,
678b6738dd6d587dbdc110670090665c259a66f2872afd5b112e131b9619d71c,2024-07,Surrey Police,Surrey Police,-0.493174,51.415600,On or near Northfield Road,E01030729,Spelthorne 007A,Criminal damage and arson,Unable to prosecute suspect,
b291506c3b3546a088f72bd8a0a43a276a4bbd137f2082f9b5ba148fcb6c8dd4,2024-07,Surrey Police,Surrey Police,-0.493174,51.415600,On or near Northfield Road,E01030729,Spelthorne 007A,Criminal damage and arson,Unable to prosecute suspect,
b6f1351c42f4f12974686a3cb51f86632b5de56b0f5f32811b0f719435519f28,2024-07,Surrey Police,Surrey Police,-0.488610,51.421440,On or near Brightside Avenue,E01030729,Spelthorne 007A,Criminal damage and arson,Unable to prosecute suspect,
72feaf6a99457693bebfb7128f1c1748075ecf3d46e21614594d4736053a6a4e,2024-07,Surrey Police,Surrey Police,-0.493174,51.415600,On or near Northfield Road,E01030729,Spelthorne 007A,Criminal damage and arson,Unable to prosecute suspect,
6d50b31266d3e6d9e4a94fe154e87d6ae9b86f10c434512b80cba0b7c0013602,2024-07,Surrey Police,Surrey Police,-0.480957,51.421036,On or near Lucan Drive,E01030729,Spelthorne 007A,Other theft,Investigation complete; no suspect identified,
5955f0277bdabd0f21ce5e212cca19596077be7db2a29f7d22fde1297a0e2461,2024-07,Surrey Police,Surrey Police,-0.479546,51.422375,On or near Tavistock Close,E01030729,Spelthorne 007A,Other theft,Unable to prosecute suspect,
acfd1a763215f8da9590c5bcf8001ab4e52b529aab26c3ab6aac35ffdd65f91c,2024-07,Surrey Police,Surrey Police,-0.488610,51.421440,On or near Brightside Avenue,E01030729,Spelthorne 007A,Public order,Investigation complete; no suspect identified,
756823e655585089bcae3a93f7ee148afc94faa2bae072309aa2c788736ef63d,2024-07,Surrey Police,Surrey Police,-0.488610,51.421440,On or near Brightside Avenue,E01030729,Spelthorne 007A,Public order,Unable to prosecute suspect,
15b98e1d014492093cfb8958cbd37098a9260845d1574ca14c51685c405a6b2d,2024-07,Surrey Police,Surrey Police,-0.488610,51.421440,On or near Brightside Avenue,E01030729,Spelthorne 007A,Violence and sexual offences,Unable to prosecute suspect,
,2024-07,Surrey Police,Surrey Police,-0.487669,51.423343,On or near Thickthorne Lane,E01030739,Spelthorne 007B,Anti-social behaviour,,
,2024-07,Surrey Police,Surrey Police,-0.481245,51.423638,On or near Margaret Close,E01030739,Spelthorne 007B,Anti-social behaviour,,
bbc7b263d1e082b08d114bef8710863d8b40f7ad858c1c6ba6e247be2e6b4bc7,2024-07,Surrey Police,Surrey Police,-0.483011,51.425459,On or near Edinburgh Drive,E01030739,Spelthorne 007B,Criminal damage and arson,Investigation complete; no suspect identified,
b0dff7cc62e86706a5aad66175ad65f2abcea7b9535b1e436ba1fee7538df33f,2024-07,Surrey Police,Surrey Police,-0.476523,51.425061,On or near York Close,E01030739,Spelthorne 007B,Criminal damage and arson,Unable to prosecute suspect,
d617945e1d3fa49f6415cfa44b92ddc4c638ec8c5d42da56acc825dba7abb5e0,2024-07,Surrey Police,Surrey Police,-0.486186,51.422524,On or near Berryscroft Road,E01030739,Spelthorne 007B,Public order,Investigation complete; no suspect identified,
6d2ca68dd881c76e380fc6bac8bf9780f24131372e1fc2f8eabe249baa29bd92,2024-07,Surrey Police,Surrey Police,-0.481682,51.424777,On or near Kent Close,E01030739,Spelthorne 007B,Public order,Investigation complete; no suspect identified,
0ee7c3059baad72cdf8717e088197afd58853a825c1e768b6e804362e24fde5a,2024-07,Surrey Police,Surrey Police,-0.482858,51.422697,On or near Greene Fielde End,E01030739,Spelthorne 007B,Violence and sexual offences,Unable to prosecute suspect,
3237c35a94200e78eb403030af4106bb975a0e7e35684b675e2d479276ff1500,2024-07,Surrey Police,Surrey Police,-0.481245,51.423638,On or near Margaret Close,E01030739,Spelthorne 007B,Violence and sexual offences,Investigation complete; no suspect identified,
829339363de5bcd11556015a730a348b44982aeb5d95d6544b4b4f4c8a087457,2024-07,Surrey Police,Surrey Police,-0.478342,51.424437,On or near Booth Drive,E01030739,Spelthorne 007B,Violence and sexual offences,Unable to prosecute suspect,
1ef981fc8d19829b3edf1d34ab67703fad8ef77644e29098529b044f59341d8e,2024-07,Surrey Police,Surrey Police,-0.481245,51.423638,On or near Margaret Close,E01030739,Spelthorne 007B,Violence and sexual offences,Unable to prosecute suspect,
cf3ecef4d4193781a54e6bceb6376ddb619df475f9d40384d1ce2419c3ca8533,2024-07,Surrey Police,Surrey Police,-0.478342,51.424437,On or near Booth Drive,E01030739,Spelthorne 007B,Violence and sexual offences,Unable to prosecute suspect,
,2024-07,Surrey Police,Surrey Police,-0.482047,51.428954,On or near Hensworth Road,E01030740,Spelthorne 007C,Anti-social behaviour,,
7971b28c9466915e32a11c628814e7e03a31191dba339f0568bc51be23986257,2024-07,Surrey Police,Surrey Police,-0.483129,51.427979,On or near Kingston Crescent,E01030740,Spelthorne 007C,Criminal damage and arson,Awaiting court outcome,
7d468966332f75ff0e4c29f520aed63224db03ccd135f4b3d70994bb41982c9c,2024-07,Surrey Police,Surrey Police,-0.483022,51.426862,On or near Kingston Road,E01030740,Spelthorne 007C,Other theft,Unable to prosecute suspect,
46c63ab8ac91e821461ade0df608ba1eda8c271daacc6529bef05462e0214256,2024-07,Surrey Police,Surrey Police,-0.479718,51.429778,On or near Staines By-Pass,E01030740,Spelthorne 007C,Other theft,Unable to prosecute suspect,
4f139e52c8a6d57668b1f955517c74d51d77c5fac30fa6550eeabfd110723312,2024-07,Surrey Police,Surrey Police,-0.475143,51.425897,On or near Kingston Road,E01030740,Spelthorne 007C,Public order,Court result unavailable,
a9750cbd1997b08da52c00963de19f3dd74b058706c8d83ec1a3a08fa4eb0d40,2024-07,Surrey Police,Surrey Police,-0.475143,51.425897,On or near Kingston Road,E01030740,Spelthorne 007C,Violence and sexual offences,Status update unavailable,
b139637b65824af0da1d0eafcc014ef82275ce1756094540cd6d0f90ce1f42c2,2024-07,Surrey Police,Surrey Police,-0.482047,51.428954,On or near Hensworth Road,E01030740,Spelthorne 007C,Violence and sexual offences,Unable to prosecute suspect,
966f7f54e2da20053de76b89520407929e3260713a81f245b2b76ee4d6e9e6e8,2024-07,Surrey Police,Surrey Police,-0.487783,51.429478,On or near Strode'S Crescent,E01030740,Spelthorne 007C,Violence and sexual offences,Action to be taken by another organisation,
97f719a0ce9179d9d8787f01a911c7e9d7b4b2329b5b2abdfdb7266977a98585,2024-07,Surrey Police,Surrey Police,-0.475143,51.425897,On or near Kingston Road,E01030740,Spelthorne 007C,Violence and sexual offences,Unable to prosecute suspect,
,2024-07,Surrey Police,Surrey Police,-0.489469,51.427233,On or near Bramley Close,E01030741,Spelthorne 007D,Anti-social behaviour,,
8e994ea51b0742b151a5cc583b8d129e9952fb9cbf17dba10885b8d502092163,2024-07,Surrey Police,Surrey Police,-0.488701,51.427385,On or near Cromwell Close,E01030741,Spelthorne 007D,Bicycle theft,Unable to prosecute suspect,
3fe80d6e5c30d555472224e27463deb44a02c27b9eb2852a672f685658f89cf0,2024-07,Surrey Police,Surrey Police,-0.489586,51.425418,On or near Ash Grove,E01030741,Spelthorne 007D,Violence and sexual offences,Status update unavailable,
20ccb42cb9f75568878df7d5034e793d65fe4dfe8eb1dae414ce6a853bd43aea,2024-07,Surrey Police,Surrey Police,-0.491150,51.425960,On or near Cherry Tree Avenue,E01030741,Spelthorne 007D,Violence and sexual offences,Awaiting court outcome,
bbd03a4eac8047b8ac94ada929b4c935765d01fef6625db4a0d0a80f528b06b5,2024-07,Surrey Police,Surrey Police,-0.486803,51.428233,On or near Warwick Avenue,E01030741,Spelthorne 007D,Violence and sexual offences,Unable to prosecute suspect,
aad8566aed7c6f8db444d2846ae831f799533900ad25271fb82ced88462c966a,2024-07,Surrey Police,Surrey Police,-0.488701,51.427385,On or near Cromwell Close,E01030741,Spelthorne 007D,Violence and sexual offences,Further action is not in the public interest,
5e8db827a4708dfae8f060388fe3b74e99db653744e3d7eb5043955696edc1c5,2024-07,Surrey Police,Surrey Police,-0.488701,51.427385,On or near Cromwell Close,E01030741,Spelthorne 007D,Violence and sexual offences,Unable to prosecute suspect,
4fedd784f1578575d4ea5179f01c2ca5fc466ad0e8a1532ee2bd3d15bf194bd9,2024-07,Surrey Police,Surrey Police,-0.493176,51.427776,On or near Fairlawns Close,E01030741,Spelthorne 007D,Other crime,Unable to prosecute suspect,
,2024-07,Surrey Police,Surrey Police,-0.420739,51.429754,On or near Groveley Road,E01030748,Spelthorne 008A,Anti-social behaviour,,
cc10c95966177fc41a5f994a0daca5314b9b32d347856014ca7a32ff1971b35e,2024-07,Surrey Police,Surrey Police,-0.421143,51.427628,On or near The Rowans,E01030748,Spelthorne 008A,Other theft,Investigation complete; no suspect identified,
4d4933d0866b4cbf44a04e4645e316b84df58ba72d2151cf17de13fe5473d382,2024-07,Surrey Police,Surrey Police,-0.417866,51.422548,On or near Bingley Road,E01030748,Spelthorne 008A,Public order,Unable to prosecute suspect,
76b7b0765aa3b5fce707d97bc325f137b1d23dd493ee22735af18e5f1179c912,2024-07,Surrey Police,Surrey Police,-0.417367,51.422856,On or near Windsor Road,E01030748,Spelthorne 008A,Public order,Unable to prosecute suspect,
0eaab1ac2982c830d2e47662c32817759122879915bb5fb3d43c788bcb9450ec,2024-07,Surrey Police,Surrey Police,-0.418518,51.426172,On or near Bryony Way,E01030748,Spelthorne 008A,Violence and sexual offences,Action to be taken by another organisation,
54543dd96d60fab69d1c31999a3daa3e6f8c4c50253a5293dd560c998aadf3f2,2024-07,Surrey Police,Surrey Police,-0.418857,51.424684,On or near Heatherlands,E01030748,Spelthorne 008A,Violence and sexual offences,Unable to prosecute suspect,
3cb415ba84b905d256c3bcd96afd36466e35e3d1f170559150db41abeddf313a,2024-07,Surrey Police,Surrey Police,-0.422676,51.429078,On or near Cumbernauld Gardens,E01030748,Spelthorne 008A,Violence and sexual offences,Unable to prosecute suspect,
,2024-07,Surrey Police,Surrey Police,-0.414373,51.427896,On or near Kenyngton Drive,E01030749,Spelthorne 008B,Anti-social behaviour,,
,2024-07,Surrey Police,Surrey Police,-0.417241,51.428151,On or near Parking Area,E01030749,Spelthorne 008B,Anti-social behaviour,,
cec2c1d6ecbdc12f1239343328d986a90a429fb4299cdc648774600296a422a9,2024-07,Surrey Police,Surrey Police,-0.415465,51.427120,On or near Churchill Way,E01030749,Spelthorne 008B,Other theft,Investigation complete; no suspect identified,
accded4d8849ba71f2c9932651cf44f68552605ad7bd1b9b3e578fe5229bdf2e,2024-07,Surrey Police,Surrey Police,-0.417241,51.428151,On or near Parking Area,E01030749,Spelthorne 008B,Public order,Unable to prosecute suspect,
0adddb93250054fd45d72a7458744b3b7659f11b7a7063fcdc9fb8355ca55a53,2024-07,Surrey Police,Surrey Police,-0.414373,51.427896,On or near Kenyngton Drive,E01030749,Spelthorne 008B,Other crime,Unable to prosecute suspect,
e0da6ce44cae8110c44e13a8e5c58cd8960c320ee6d8ad655626980220fe017a,2024-07,Surrey Police,Surrey Police,-0.422783,51.425959,On or near Cavendish Road,E01030750,Spelthorne 008C,Criminal damage and arson,Investigation complete; no suspect identified,
7001a9e3705756ae2b6c06691b34fa7f236c6a380f3a250d8aa2ed35b845b240,2024-07,Surrey Police,Surrey Police,-0.426219,51.426437,On or near Camilla Close,E01030750,Spelthorne 008C,Drugs,Status update unavailable,
a984ec183dc1db949ee241a608715558099898ddb1546ba19065fd5d15c38370,2024-07,Surrey Police,Surrey Police,-0.422119,51.426445,On or near Fisk Close,E01030750,Spelthorne 008C,Other theft,Investigation complete; no suspect identified,
03a45890ed33be8abe9c844586f2a53c2807a4648a12bcf9d9d5dfa77b47efec,2024-07,Surrey Police,Surrey Police,-0.426691,51.426102,On or near Marlin Close,E01030750,Spelthorne 008C,Robbery,Investigation complete; no suspect identified,
47c1d17faaf55469921f162e742ae566f3a4d243cd9babf9d328fcd1e0008f30,2024-07,Surrey Police,Surrey Police,-0.422119,51.426445,On or near Fisk Close,E01030750,Spelthorne 008C,Violence and sexual offences,Action to be taken by another organisation,
38911c8e03d8836b773f69d927e3ca440d84715fea5cf7b16711eaad48474c5b,2024-07,Surrey Police,Surrey Police,-0.423464,51.422902,On or near Green Lane,E01030750,Spelthorne 008C,Violence and sexual offences,Action to be taken by another organisation,
de1c8930210562b8b1b24de94d09333a962b9a4d231b6dddd1c7d683638de4d7,2024-07,Surrey Police,Surrey Police,-0.422938,51.423552,On or near Green Leas Close,E01030750,Spelthorne 008C,Violence and sexual offences,Unable to prosecute suspect,
55ffc3ba86b16fe12b994746ce8bdb6f3be11dae88c28b2b0b1a0b29787f873c,2024-07,Surrey Police,Surrey Police,-0.425735,51.422933,On or near Aragon Close,E01030750,Spelthorne 008C,Violence and sexual offences,Unable to prosecute suspect,
ef52c1b35d5685ba638d1b4666560afc379ca625350b69989644991e7d851a50,2024-07,Surrey Police,Surrey Police,-0.422069,51.422883,On or near Green Leas,E01030750,Spelthorne 008C,Violence and sexual offences,Unable to prosecute suspect,
68ad6fd55b4bc0baa55b088720bbf66e865b6b19ca80d87bfc548a11511e005c,2024-07,Surrey Police,Surrey Police,-0.421587,51.425611,On or near Broad Oak,E01030750,Spelthorne 008C,Violence and sexual offences,Unable to prosecute suspect,
3765bb5e15991a66277f4ed981290a9041535c9b797f24ee74b92ce65a6f87f2,2024-07,Surrey Police,Surrey Police,-0.424496,51.425929,On or near Cavendish Court,E01030750,Spelthorne 008C,Violence and sexual offences,Investigation complete; no suspect identified,
,2024-07,Surrey Police,Surrey Police,-0.421567,51.420772,On or near Heathcroft Avenue,E01030751,Spelthorne 008D,Anti-social behaviour,,
,2024-07,Surrey Police,Surrey Police,-0.418587,51.420418,On or near The Haven,E01030751,Spelthorne 008D,Anti-social behaviour,,
,2024-07,Surrey Police,Surrey Police,-0.421390,51.419628,On or near The Parade,E01030751,Spelthorne 008D,Anti-social behaviour,,
,2024-07,Surrey Police,Surrey Police,-0.425215,51.421739,On or near Avon Road,E01030751,Spelthorne 008D,Anti-social behaviour,,
,2024-07,Surrey Police,Surrey Police,-0.421390,51.419628,On or near The Parade,E01030751,Spelthorne 008D,Anti-social behaviour,,
f15aa18ed4bb9eed384964c9f7fdcf08009ad473856c1f2c7226c716919a4c07,2024-07,Surrey Police,Surrey Police,-0.421390,51.419628,On or near The Parade,E01030751,Spelthorne 008D,Criminal damage and arson,Investigation complete; no suspect identified,
755d05000f9a9062fcb3bd1ed6c64cdc6d6ca76f26ce7ac2a9c0a4f9a87a271c,2024-07,Surrey Police,Surrey Police,-0.424696,51.423863,On or near Catherine Drive,E01030751,Spelthorne 008D,Criminal damage and arson,Investigation complete; no suspect identified,
6aefb5c2548b9e8f17094e170c438dedf3434aa865c5f1d3973543776e515453,2024-07,Surrey Police,Surrey Police,-0.421032,51.418931,On or near Shopping Area,E01030751,Spelthorne 008D,Public order,Unable to prosecute suspect,
187dd1ca0a2f59019dc12775e1c3f7b67e6149f1073beaabdd618fb15d7f84d0,2024-07,Surrey Police,Surrey Police,-0.419740,51.421593,On or near Heath Grove,E01030751,Spelthorne 008D,Public order,Unable to prosecute suspect,
b1ba16ea624864c84bae7b261383b96ac649304394163f349229cd128c7d513d,2024-07,Surrey Police,Surrey Police,-0.421390,51.419628,On or near The Parade,E01030751,Spelthorne 008D,Public order,Unable to prosecute suspect,
ea55bc2c05fdc3aab9b9563d8266c79b6fe0b1fd80f079fce5f87cbc2b17df54,2024-07,Surrey Police,Surrey Police,-0.421032,51.418931,On or near Shopping Area,E01030751,Spelthorne 008D,Shoplifting,Investigation complete; no suspect identified,
275b07a14c9480dcaf58656f3c97734c58635da7ce4975656ab67b617ee27a47,2024-07,Surrey Police,Surrey Police,-0.421567,51.420772,On or near Heathcroft Avenue,E01030751,Spelthorne 008D,Vehicle crime,Investigation complete; no suspect identified,
15a88cea181fd5f72efbcd673adbe87c32badaa82b35434265e2efc2e8b2eac9,2024-07,Surrey Police,Surrey Police,-0.421567,51.420772,On or near Heathcroft Avenue,E01030751,Spelthorne 008D,Vehicle crime,Investigation complete; no suspect identified,
394fd87bb6a3d008c9e68cb0af3bc21b0bf915e7e8ec90c541a964a3c91e57d5,2024-07,Surrey Police,Surrey Police,-0.421567,51.420772,On or near Heathcroft Avenue,E01030751,Spelthorne 008D,Violence and sexual offences,Status update unavailable,
05e21d628407b1505c92163e92382140703f57c4f1cfe04ef84bb95970ba3848,2024-07,Surrey Police,Surrey Police,-0.421032,51.418931,On or near Shopping Area,E01030751,Spelthorne 008D,Violence and sexual offences,Unable to prosecute suspect,
c6cd8113363ebb13db92a98cd4867cbdc91b1814ffaa52c789ed5c7347aacfc7,2024-07,Surrey Police,Surrey Police,-0.418587,51.420418,On or near The Haven,E01030751,Spelthorne 008D,Violence and sexual offences,Unable to prosecute suspect,
2a12d2ed49e402c69c8ed0bb0844df3773f5cd10b8a8ba930a052c47ef244fbf,2024-07,Surrey Police,Surrey Police,-0.421032,51.418931,On or near Shopping Area,E01030751,Spelthorne 008D,Violence and sexual offences,Unable to prosecute suspect,
,2024-07,Surrey Police,Surrey Police,-0.423574,51.419271,On or near Forest Drive,E01030752,Spelthorne 008E,Anti-social behaviour,,
,2024-07,Surrey Police,Surrey Police,-0.422252,51.418830,On or near Crossways,E01030752,Spelthorne 008E,Anti-social behaviour,,
,2024-07,Surrey Police,Surrey Police,-0.425674,51.419272,On or near Spelthorne Grove,E01030752,Spelthorne 008E,Anti-social behaviour,,
,2024-07,Surrey Police,Surrey Police,-0.423574,51.419271,On or near Forest Drive,E01030752,Spelthorne 008E,Anti-social behaviour,,
,2024-07,Surrey Police,Surrey Police,-0.423574,51.419271,On or near Forest Drive,E01030752,Spelthorne 008E,Anti-social behaviour,,
,2024-07,Surrey Police,Surrey Police,-0.423574,51.419271,On or near Forest Drive,E01030752,Spelthorne 008E,Anti-social behaviour,,
,2024-07,Surrey Police,Surrey Police,-0.423574,51.419271,On or near Forest Drive,E01030752,Spelthorne 008E,Anti-social behaviour,,
,2024-07,Surrey Police,Surrey Police,-0.425674,51.419272,On or near Spelthorne Grove,E01030752,Spelthorne 008E,Anti-social behaviour,,
,2024-07,Surrey Police,Surrey Police,-0.425674,51.419272,On or near Spelthorne Grove,E01030752,Spelthorne 008E,Anti-social behaviour,,
eba007fa9f71f58e107b4b03bd015d4efeef087de5155bb5ca517830e88d53e8,2024-07,Surrey Police,Surrey Police,-0.424872,51.417085,On or near Supermarket,E01030752,Spelthorne 008E,Criminal damage and arson,Investigation complete; no suspect identified,
f8d72b12fb82ad0bf99dbaa1694144ba00658d55dfefc97cfa8f678e42f5b459,2024-07,Surrey Police,Surrey Police,-0.423574,51.419271,On or near Forest Drive,E01030752,Spelthorne 008E,Criminal damage and arson,Unable to prosecute suspect,
2e30a44d32f7475fbc123657da226e4a8ba2e3257926239a12c3ae2a5bb7dfc4,2024-07,Surrey Police,Surrey Police,-0.427618,51.419631,On or near Percy Bryant Road,E01030752,Spelthorne 008E,Drugs,Unable to prosecute suspect,
195874d20e67153e2a8d637445e1540a9c9e7bc26c37f6b097d4d39911d9f806,2024-07,Surrey Police,Surrey Police,-0.425674,51.419272,On or near Spelthorne Grove,E01030752,Spelthorne 008E,Other theft,Unable to prosecute suspect,
b7e9869c256bc14900a3262a158f597ee833ccfd1539b0fc3d2fe3b3b6e125bd,2024-07,Surrey Police,Surrey Police,-0.424872,51.417085,On or near Supermarket,E01030752,Spelthorne 008E,Other theft,Investigation complete; no suspect identified,
09f2247356ab2d803e52a7eb0dd819272cb7e05a2ca2ab103135a2f5d32e3660,2024-07,Surrey Police,Surrey Police,-0.425674,51.419272,On or near Spelthorne Grove,E01030752,Spelthorne 008E,Other theft,Status update unavailable,
e7952cba578e582c942aed1cc5f5568355505fd334b418e4b0b030ddd7e32ce5,2024-07,Surrey Police,Surrey Police,-0.424872,51.417085,On or near Supermarket,E01030752,Spelthorne 008E,Public order,Court result unavailable,
809fca6f05cc1d7d4a6cd6355d354868c257b9300148db179b383a6f26d661b6,2024-07,Surrey Police,Surrey Police,-0.424872,51.417085,On or near Supermarket,E01030752,Spelthorne 008E,Public order,Status update unavailable,
2d69e239d21b8c021d72b77d1f12a901c93f33705d2bf8b6213a9e4002568236,2024-07,Surrey Police,Surrey Police,-0.425674,51.419272,On or near Spelthorne Grove,E01030752,Spelthorne 008E,Public order,Unable to prosecute suspect,
a2d7aac85fde380ba764c05736bc3ab583c8b01a38e0338f8e74078807f6382c,2024-07,Surrey Police,Surrey Police,-0.424872,51.417085,On or near Supermarket,E01030752,Spelthorne 008E,Shoplifting,Unable to prosecute suspect,
a858206332bdd44447df7df9bbfd4add1cb5330f5b85be85c229bad4c0ab81f9,2024-07,Surrey Police,Surrey Police,-0.424872,51.417085,On or near Supermarket,E01030752,Spelthorne 008E,Shoplifting,Investigation complete; no suspect identified,
04cccae3447916d483977329a699fd65344668d2744fb8e5ff253bd195e41460,2024-07,Surrey Police,Surrey Police,-0.424872,51.417085,On or near Supermarket,E01030752,Spelthorne 008E,Shoplifting,Status update unavailable,
8695ab82a0b58b4d038522a7765b6f635f0cca2b4bbc76a93614f596df95a7cb,2024-07,Surrey Police,Surrey Police,-0.424872,51.417085,On or near Supermarket,E01030752,Spelthorne 008E,Shoplifting,Investigation complete; no suspect identified,
8ddd1ed3da0275a285243ac0ebd394a036377c05de98a73ffc6b854e8c35a9b5,2024-07,Surrey Police,Surrey Police,-0.424872,51.417085,On or near Supermarket,E01030752,Spelthorne 008E,Shoplifting,Court result unavailable,
68fdc432200666351e2e588c991383abcaca60481963e45b4525c1ec8b5dd9d6,2024-07,Surrey Police,Surrey Police,-0.424872,51.417085,On or near Supermarket,E01030752,Spelthorne 008E,Shoplifting,Investigation complete; no suspect identified,
8dbb2702c1ba09df0850afd91ecdb2e82f94f89d3051f6367ec32cecf85f7027,2024-07,Surrey Police,Surrey Police,-0.423574,51.419271,On or near Forest Drive,E01030752,Spelthorne 008E,Violence and sexual offences,Unable to prosecute suspect,
225fa44612efa497f4bcf7a4a5580ac8c0f47d9991fd63e61779daaebc32b491,2024-07,Surrey Police,Surrey Police,-0.424872,51.417085,On or near Supermarket,E01030752,Spelthorne 008E,Violence and sexual offences,Investigation complete; no suspect identified,
edc63f9ceee5caaa7a1795ed40c1924331305d30ac8f3204bdb485b11abc399c,2024-07,Surrey Police,Surrey Police,-0.424872,51.417085,On or near Supermarket,E01030752,Spelthorne 008E,Violence and sexual offences,Unable to prosecute suspect,
3ddb9468e13198d1e87bac19bcda7f5096765cfa2800c9cd8a016f3b5eb34237,2024-07,Surrey Police,Surrey Police,-0.423574,51.419271,On or near Forest Drive,E01030752,Spelthorne 008E,Violence and sexual offences,Unable to prosecute suspect,
8a79e0cc2c5a2234e2bad9e3274275db3a67fd796952ec9147e7b1c325d27d12,2024-07,Surrey Police,Surrey Police,-0.422252,51.418830,On or near Crossways,E01030752,Spelthorne 008E,Violence and sexual offences,Awaiting court outcome,
b7c4b0b901986dd83d316fe2094b0b7478e5cf5298439213d30faeebd4d468c9,2024-07,Surrey Police,Surrey Police,-0.423574,51.419271,On or near Forest Drive,E01030752,Spelthorne 008E,Violence and sexual offences,Investigation complete; no suspect identified,
ea52e57263869fb074d5296b6d4630c311f54e51580ccf6e280abcd8f595f5c9,2024-07,Surrey Police,Surrey Police,-0.423574,51.419271,On or near Forest Drive,E01030752,Spelthorne 008E,Violence and sexual offences,Unable to prosecute suspect,
fb8fe95aa4f52e7f66500f75684130833be92afb80268c234134e4d1432c4d11,2024-07,Surrey Police,Surrey Police,-0.424872,51.417085,On or near Supermarket,E01030752,Spelthorne 008E,Violence and sexual offences,Unable to prosecute suspect,
b01c3a32be3d46220959c86793325fc0c779da81fb736f04b17b9f531ff69821,2024-07,Surrey Police,Surrey Police,-0.424872,51.417085,On or near Supermarket,E01030752,Spelthorne 008E,Violence and sexual offences,Local resolution,
8e2a81cadd50f385474937b501ddcb08ba092dc4644445a162ecabbfde2ca153,2024-07,Surrey Police,Surrey Police,-0.424872,51.417085,On or near Supermarket,E01030752,Spelthorne 008E,Violence and sexual offences,Unable to prosecute suspect,
db68adcd0c6e298cbf12b33a828f67cafea1c342d395c39f557bb1d176a3e88f,2024-07,Surrey Police,Surrey Police,-0.425674,51.419272,On or near Spelthorne Grove,E01030752,Spelthorne 008E,Violence and sexual offences,Unable to prosecute suspect,
c79aa917974cfa82c28bb07f1bee6dc7b24bf3d0f907e395303f15d19bd3f1ae,2024-07,Surrey Police,Surrey Police,-0.492112,51.422951,On or near Pavilion Gardens,E01030726,Spelthorne 009A,Vehicle crime,Unable to prosecute suspect,
bc7e59896a742f027170f82eb88ace228ac2f70e78d9c61e8719a507fcbe88fd,2024-07,Surrey Police,Surrey Police,-0.492112,51.422951,On or near Pavilion Gardens,E01030726,Spelthorne 009A,Violence and sexual offences,Status update unavailable,
,2024-07,Surrey Police,Surrey Police,-0.507154,51.427460,On or near Riverfield Road,E01030727,Spelthorne 009B,Anti-social behaviour,,
,2024-07,Surrey Police,Surrey Police,-0.508675,51.428010,On or near St Peter'S Close,E01030727,Spelthorne 009B,Anti-social behaviour,,
475e38e4eff5b3965011392dc5cde92dbe482f655af676c500bc5c9783d7331d,2024-07,Surrey Police,Surrey Police,-0.505106,51.422326,On or near Meadway Close,E01030727,Spelthorne 009B,Burglary,Awaiting court outcome,
b1531f47b83c269bfb9ba04079b512c44cb838430c704ad4fd60992f54d02228,2024-07,Surrey Police,Surrey Police,-0.508309,51.422034,On or near St Olave'S Close,E01030727,Spelthorne 009B,Burglary,Investigation complete; no suspect identified,
05da12398bcce9084664ae1f51c24cf4428179e89be58821035d28ca5a1662b3,2024-07,Surrey Police,Surrey Police,-0.508110,51.423282,On or near Penton Road,E01030727,Spelthorne 009B,Violence and sexual offences,Unable to prosecute suspect,
e518f2869deebaa98fa38b93a9b09c803b1245207f502533f7999883960671f1,2024-07,Surrey Police,Surrey Police,-0.505106,51.422326,On or near Meadway Close,E01030727,Spelthorne 009B,Violence and sexual offences,Unable to prosecute suspect,
b59c1468fc8fa4b3421f61f8ff4a2a66d7a3e438331a4db340888bad41844417,2024-07,Surrey Police,Surrey Police,-0.505106,51.422326,On or near Meadway Close,E01030727,Spelthorne 009B,Violence and sexual offences,Unable to prosecute suspect,
df810344d50d51d285df48cfc136796a5e2fba95693eb26a8d090d2a57687d2a,2024-07,Surrey Police,Surrey Police,-0.504864,51.424904,On or near Laleham Road,E01030727,Spelthorne 009B,Violence and sexual offences,Further action is not in the public interest,
4d18018441804b0e31fdab51ee7a8fda3c205cd3923a46820a6cbebf918fe15e,2024-07,Surrey Police,Surrey Police,-0.508110,51.423282,On or near Penton Road,E01030727,Spelthorne 009B,Violence and sexual offences,Unable to prosecute suspect,
47d45916b364df614b7e18b83a8a5487867f42afd519c461da09e156d988490a,2024-07,Surrey Police,Surrey Police,-0.505106,51.422326,On or near Meadway Close,E01030727,Spelthorne 009B,Violence and sexual offences,Unable to prosecute suspect,
a1ab2ac4e3b3fb89ef79ce3968035b8503453f1e2662a23c6c00aec03b912923,2024-07,Surrey Police,Surrey Police,-0.505106,51.422326,On or near Meadway Close,E01030727,Spelthorne 009B,Violence and sexual offences,Unable to prosecute suspect,
,2024-07,Surrey Police,Surrey Police,-0.498276,51.418327,On or near Brambledown,E01030728,Spelthorne 009C,Anti-social behaviour,,
b101ce6d218006d2724e742d1cbba87da5d4b5bc0b25619362a7f847af5b7617,2024-07,Surrey Police,Surrey Police,-0.494306,51.414841,On or near Staines Road,E01030728,Spelthorne 009C,Criminal damage and arson,Investigation complete; no suspect identified,
f57379fea41cf44ba00ba2324d15cdef99f970ab5b7fd9d04d6d5d2ba1deac22,2024-07,Surrey Police,Surrey Police,-0.506712,51.420728,On or near Avondale Avenue,E01030728,Spelthorne 009C,Other theft,Investigation complete; no suspect identified,
521bf790a62c8978bc833f6822685ccc1e03c85d221daab56ee165588a24a6f4,2024-07,Surrey Police,Surrey Police,-0.497499,51.417886,On or near Hereford Close,E01030728,Spelthorne 009C,Other theft,Investigation complete; no suspect identified,
d97d7d47be0699fe8206b8ff8fe8bbc3a9dea8d0b00d13c7f241455b7c980321,2024-07,Surrey Police,Surrey Police,-0.506712,51.420728,On or near Avondale Avenue,E01030728,Spelthorne 009C,Possession of weapons,Unable to prosecute suspect,
3956b4b708107419d6364e4075b59afa62bf3bffde4efa8b5dfc0437f143078a,2024-07,Surrey Police,Surrey Police,-0.506712,51.420728,On or near Avondale Avenue,E01030728,Spelthorne 009C,Public order,Court result unavailable,
5e362eb7827abd9aead8261d944ba052e48c7fdc0b7cbc8960d46eb97819a01b,2024-07,Surrey Police,Surrey Police,-0.506584,51.418038,On or near River Road,E01030728,Spelthorne 009C,Public order,Unable to prosecute suspect,
fbce67280f0c428a279f0864f1680848011918ded06e705aa294e65ca071d129,2024-07,Surrey Police,Surrey Police,-0.497499,51.417886,On or near Hereford Close,E01030728,Spelthorne 009C,Other crime,Status update unavailable,
,2024-07,Surrey Police,Surrey Police,-0.501630,51.424386,On or near Octavia Way,E01030742,Spelthorne 009D,Anti-social behaviour,,
,2024-07,Surrey Police,Surrey Police,-0.497213,51.428826,On or near Knowle Park Avenue,E01030742,Spelthorne 009D,Anti-social behaviour,,
,2024-07,Surrey Police,Surrey Police,-0.495878,51.426965,On or near Witheygate Avenue,E01030742,Spelthorne 009D,Anti-social behaviour,,
,2024-07,Surrey Police,Surrey Police,-0.496775,51.428568,On or near Gordon Close,E01030742,Spelthorne 009D,Anti-social behaviour,,
9ffbdd62c5702e56f9a61fb5cfc0fd3a0ad01d16c79b1782a34791db0cb905b4,2024-07,Surrey Police,Surrey Police,-0.495714,51.424076,On or near The Glade,E01030742,Spelthorne 009D,Public order,Unable to prosecute suspect,
4e564ac90b29d0e3824519d4824339a6fac37fa223fe6d42bfb2005be4615cb6,2024-07,Surrey Police,Surrey Police,-0.497213,51.428826,On or near Knowle Park Avenue,E01030742,Spelthorne 009D,Public order,Investigation complete; no suspect identified,
6b2d220211275860468f4912b7282ff009be45f480041b24d2689da1580e89bf,2024-07,Surrey Police,Surrey Police,-0.500151,51.424763,On or near Parkside Place,E01030742,Spelthorne 009D,Vehicle crime,Investigation complete; no suspect identified,
fb5f343593c446249017fa7473094eadfe65f618b63735290c81dc5baf2ab2d5,2024-07,Surrey Police,Surrey Police,-0.501630,51.424386,On or near Octavia Way,E01030742,Spelthorne 009D,Violence and sexual offences,Unable to prosecute suspect,
11ceb2d9f070f9bfa2959d5297a1b477e37e0382987d9ba4a83b66a726348a68,2024-07,Surrey Police,Surrey Police,-0.497213,51.428826,On or near Knowle Park Avenue,E01030742,Spelthorne 009D,Violence and sexual offences,Unable to prosecute suspect,
c16d453756b4593a889f97627ebc22593e192ae63955cabbd0ceba481fe845c8,2024-07,Surrey Police,Surrey Police,-0.496270,51.429506,On or near Kingston Road,E01030742,Spelthorne 009D,Violence and sexual offences,Status update unavailable,
a4fd76ad4d9d655123b0f2f9ac62cdbec5ec8212d7e7719984b67acc719217a1,2024-07,Surrey Police,Surrey Police,-0.496270,51.429506,On or near Kingston Road,E01030742,Spelthorne 009D,Violence and sexual offences,Status update unavailable,
925260b94ef5520a3afa31ef1ce5911d2dc9f66f199f8537bd131aea13252f0b,2024-07,Surrey Police,Surrey Police,-0.501630,51.424386,On or near Octavia Way,E01030742,Spelthorne 009D,Violence and sexual offences,Court result unavailable,
52a92ee811f88a1f7851bce611c7ce98b562b48d73f75a66be675a0fa007d943,2024-07,Surrey Police,Surrey Police,-0.501630,51.424386,On or near Octavia Way,E01030742,Spelthorne 009D,Violence and sexual offences,Status update unavailable,
,2024-07,Surrey Police,Surrey Police,-0.413426,51.406248,On or near Parking Area,E01030753,Spelthorne 010A,Anti-social behaviour,,
,2024-07,Surrey Police,Surrey Police,-0.407601,51.405881,On or near Thames Street,E01030753,Spelthorne 010A,Anti-social behaviour,,
,2024-07,Surrey Police,Surrey Police,-0.403170,51.407197,On or near Parking Area,E01030753,Spelthorne 010A,Anti-social behaviour,,
,2024-07,Surrey Police,Surrey Police,-0.403174,51.410794,On or near French Street,E01030753,Spelthorne 010A,Anti-social behaviour,,
6e2eee70236ee3f87da284928b32a4e6288550ba3445e28041a439ca96fa10f6,2024-07,Surrey Police,Surrey Police,-0.403170,51.407197,On or near Parking Area,E01030753,Spelthorne 010A,Burglary,Unable to prosecute suspect,
c3b4911510901c5df956b129b2c756ab9952bb4d2dea98945149df5dc348f731,2024-07,Surrey Police,Surrey Police,-0.403170,51.407197,On or near Parking Area,E01030753,Spelthorne 010A,Criminal damage and arson,Status update unavailable,
57a65a02fae1154b4a34255bfc593f2e72de189266f9a3e333ddf28b9e14b17e,2024-07,Surrey Police,Surrey Police,-0.403170,51.407197,On or near Parking Area,E01030753,Spelthorne 010A,Public order,Unable to prosecute suspect,
57a094d3669f2f807c3b06250973bfc8d5a90634f6df101ad200f913a6d9575d,2024-07,Surrey Police,Surrey Police,-0.403170,51.407197,On or near Parking Area,E01030753,Spelthorne 010A,Violence and sexual offences,Unable to prosecute suspect,
c25235a3fdd45f5ade422827c9398f200a53f65ee5ca40c5d58b08b7f29b1a36,2024-07,Surrey Police,Surrey Police,-0.406108,51.406625,On or near Avenue Parade,E01030753,Spelthorne 010A,Violence and sexual offences,Investigation complete; no suspect identified,
79685fdc4dbcab34603348fa65332a574acf87d12c48573f04ab347e982b4ddb,2024-07,Surrey Police,Surrey Police,-0.403399,51.408036,On or near Elizabeth Gardens,E01030753,Spelthorne 010A,Violence and sexual offences,Awaiting court outcome,
073296408334018484edd80ce47fb92a87e600de8fa5964a883f85b55290793c,2024-07,Surrey Police,Surrey Police,-0.411968,51.405158,On or near Church Street,E01030753,Spelthorne 010A,Violence and sexual offences,Unable to prosecute suspect,
ea1bb09cb249effd7dcf3afb86b3624344b340b31e70cd43a6a0144cf59cfdef,2024-07,Surrey Police,Surrey Police,-0.418889,51.413336,On or near Heathlands Close,E01030753,Spelthorne 010A,Violence and sexual offences,Investigation complete; no suspect identified,
1455d60fa3be2f7f96ece0139e2dc195af07d2cebb597372b42a65ca2ae488d9,2024-07,Surrey Police,Surrey Police,-0.403399,51.408036,On or near Elizabeth Gardens,E01030753,Spelthorne 010A,Violence and sexual offences,Unable to prosecute suspect,
374bfce45f37ad45055cd8c5536a4f1e709183b5b480fe9f7bdac53c499fdfbb,2024-07,Surrey Police,Surrey Police,-0.403170,51.407197,On or near Parking Area,E01030753,Spelthorne 010A,Violence and sexual offences,Unable to prosecute suspect,
,2024-07,Surrey Police,Surrey Police,-0.418258,51.415791,On or near Heritage Close,E01030754,Spelthorne 010B,Anti-social behaviour,,
,2024-07,Surrey Police,Surrey Police,-0.411917,51.417837,On or near Summer Trees,E01030754,Spelthorne 010B,Anti-social behaviour,,
6570a3bcd76fdd10ac9a3e2465600f468efd87cff16719a425ebe7c7958bb7cd,2024-07,Surrey Police,Surrey Police,-0.410615,51.412657,On or near Manor Lane,E01030754,Spelthorne 010B,Other theft,Investigation complete; no suspect identified,
f8c4c197b8103ee94d66366f69114a44f85fac62e4a7619977b080ff14e18626,2024-07,Surrey Police,Surrey Police,-0.413345,51.414816,On or near Cagney Close,E01030754,Spelthorne 010B,Other theft,Investigation complete; no suspect identified,
3f4e9275e17ee830b296453adaaaedacb6709809ba39ef4fd2b33ae775f796db,2024-07,Surrey Police,Surrey Police,-0.415322,51.413021,On or near Sports/Recreation Area,E01030754,Spelthorne 010B,Vehicle crime,Investigation complete; no suspect identified,
78f12adaf0ad849c22fd9843768b1ed16dbd0445aa962a2f6eb5a339606df6c7,2024-07,Surrey Police,Surrey Police,-0.411417,51.414017,On or near Roper Crescent,E01030754,Spelthorne 010B,Vehicle crime,Court result unavailable,
c55cf43448e936d6fbb29cd900dd5b95a6882d38f7e41ecf2b263516df44f8a0,2024-07,Surrey Police,Surrey Police,-0.412642,51.415994,On or near Dyas Road,E01030754,Spelthorne 010B,Violence and sexual offences,Unable to prosecute suspect,
,2024-07,Surrey Police,Surrey Police,-0.410704,51.421714,On or near Country Way,E01030755,Spelthorne 010C,Anti-social behaviour,,
,2024-07,Surrey Police,Surrey Police,-0.408766,51.417875,On or near A308,E01030755,Spelthorne 010C,Anti-social behaviour,,
59b5c4d7ad4e1ee0d069477a1198fe64350532f97656771bf0f496378187d335,2024-07,Surrey Police,Surrey Police,-0.411822,51.420587,On or near Orchard Road,E01030755,Spelthorne 010C,Criminal damage and arson,Court result unavailable,
97f13bc5b9ec35c2a30d988bea7331ebc556d79bf51e42346a7d4173138b52c7,2024-07,Surrey Police,Surrey Police,-0.415725,51.420019,On or near Parking Area,E01030755,Spelthorne 010C,Criminal damage and arson,Unable to prosecute suspect,
19854835feec82b0cc8ea5a589087ddc4671d67e7b7a3aa08a9261c23824fa62,2024-07,Surrey Police,Surrey Police,-0.418204,51.418596,On or near Station Road,E01030755,Spelthorne 010C,Criminal damage and arson,Investigation complete; no suspect identified,
aee13fa5cf727e78bb318340ee1343f45115cb84eb95b2ac7f59b58d6df81745,2024-07,Surrey Police,Surrey Police,-0.412186,51.421698,On or near A316,E01030755,Spelthorne 010C,Other theft,Investigation complete; no suspect identified,
8c98af31339ec4af87901a78c36aefde5049db6ea1122d4109df39c5fb75a1d8,2024-07,Surrey Police,Surrey Police,-0.414662,51.420814,On or near Hanworth Road,E01030755,Spelthorne 010C,Public order,Status update unavailable,
663694584520b50c39d6d5fcc81b3be9bce9a2729e230a22819db74049063275,2024-07,Surrey Police,Surrey Police,-0.418204,51.418596,On or near Station Road,E01030755,Spelthorne 010C,Public order,Investigation complete; no suspect identified,
ced599ee0f9e78f671b2e547dd264172520536495009e47f919e5f48ff26237e,2024-07,Surrey Police,Surrey Police,-0.412186,51.421698,On or near A316,E01030755,Spelthorne 010C,Vehicle crime,Investigation complete; no suspect identified,
5417ee56ecee9ea4f142d937334a538a283a780c8ea6fea5af86774d25edfb38,2024-07,Surrey Police,Surrey Police,-0.412186,51.421698,On or near A316,E01030755,Spelthorne 010C,Vehicle crime,Investigation complete; no suspect identified,
444782eaedbfc77f7ea74e82c2140aeab2b8fca29ec751f1b91dae5a1a3b6e8b,2024-07,Surrey Police,Surrey Police,-0.405358,51.411246,On or near Sunna Gardens,E01030755,Spelthorne 010C,Vehicle crime,Investigation complete; no suspect identified,
6d6f493ce44c4b985612bf5b7c37756f78ad630dafb15c9057e08433f1b8e67c,2024-07,Surrey Police,Surrey Police,-0.412186,51.421698,On or near A316,E01030755,Spelthorne 010C,Vehicle crime,Investigation complete; no suspect identified,
0b54d327f90978e88d68165dcac2c21ca9406942c399f6f05b83051e28e447b2,2024-07,Surrey Police,Surrey Police,-0.413966,51.418898,On or near Priory Close,E01030755,Spelthorne 010C,Violence and sexual offences,Unable to prosecute suspect,
aee558e93e79395645f218ac2314f800d880f1af6359b26d4174b07cbf3a11e6,2024-07,Surrey Police,Surrey Police,-0.418204,51.418596,On or near Station Road,E01030755,Spelthorne 010C,Violence and sexual offences,Unable to prosecute suspect,
c373252d5f1133ffdfe9066ca69ce872cef40e3d1d59466870be738a1d2eae21,2024-07,Surrey Police,Surrey Police,-0.406206,51.415394,On or near Belgrave Road,E01030755,Spelthorne 010C,Violence and sexual offences,Unable to prosecute suspect,
60a01d90ad119e1cd2fae00b9a36cc9f759b5b1d96053f95d1e86e77b25c340d,2024-07,Surrey Police,Surrey Police,-0.415952,51.419690,On or near Sundeala Close,E01030755,Spelthorne 010C,Violence and sexual offences,Unable to prosecute suspect,
e894ddb062fbb99fd34acfd3acc8586e25d5264680982521f325c765c882a831,2024-07,Surrey Police,Surrey Police,-0.412186,51.421698,On or near A316,E01030755,Spelthorne 010C,Violence and sexual offences,Unable to prosecute suspect,
1840348fcdb380a5276b7afde3fd51e6e1093194360213a3ad135014e538157b,2024-07,Surrey Police,Surrey Police,-0.410704,51.421714,On or near Country Way,E01030755,Spelthorne 010C,Violence and sexual offences,Unable to prosecute suspect,
bee290de537eb071e1684593ae0b285ff15b2e86a150d2e8cb59b43c46cc1140,2024-07,Surrey Police,Surrey Police,-0.413966,51.418898,On or near Priory Close,E01030755,Spelthorne 010C,Violence and sexual offences,Unable to prosecute suspect,
ae7e5718d8229e43b81ab230e0fe404937563ab1d64849ca03b9b7663b043ae1,2024-07,Surrey Police,Surrey Police,-0.413966,51.418898,On or near Priory Close,E01030755,Spelthorne 010C,Violence and sexual offences,Status update unavailable,
b2469aa36ac0a960ee22bb6f8f7eb43c2b9eeeed74d1b5d67924c0173f430013,2024-07,Surrey Police,Surrey Police,-0.418204,51.418596,On or near Station Road,E01030755,Spelthorne 010C,Violence and sexual offences,Unable to prosecute suspect,
,2024-07,Surrey Police,Surrey Police,-0.396843,51.409268,On or near Sunbury Court,E01030756,Spelthorne 010D,Anti-social behaviour,,
,2024-07,Surrey Police,Surrey Police,-0.404026,51.413575,On or near Bowater Gardens,E01030756,Spelthorne 010D,Anti-social behaviour,,
8f6e5acc84496c18a52a5b6e155b733141309cc088691c130dd32ba2591b91a9,2024-07,Surrey Police,Surrey Police,-0.401196,51.408968,On or near The Pennards,E01030756,Spelthorne 010D,Violence and sexual offences,Unable to prosecute suspect,
,2024-07,Surrey Police,Surrey Police,-0.426364,51.411755,On or near Peregrine Road,E01030717,Spelthorne 011A,Anti-social behaviour,,
35f96edb6616d441b23be1bec4cd8d81ab87305303f35eab7897c9652e0d877d,2024-07,Surrey Police,Surrey Police,-0.431548,51.408164,On or near Parking Area,E01030717,Spelthorne 011A,Public order,Investigation complete; no suspect identified,
bea7b82eec54f08f22372e588747c25df979ce84bba8340c9cdc6e7f51ec2732,2024-07,Surrey Police,Surrey Police,-0.432823,51.409971,On or near Birch Grove,E01030717,Spelthorne 011A,Vehicle crime,Investigation complete; no suspect identified,
084b90df4c42f7a95832f7c7408a015c4d8c8b120dd5675f8db275fcec9307cb,2024-07,Surrey Police,Surrey Police,-0.425029,51.411269,On or near Layton'S Lane,E01030717,Spelthorne 011A,Violence and sexual offences,Investigation complete; no suspect identified,
dc6581e1d61b56ae0411f18247cd98e14c35449a7979f286870c0d36a2b915e9,2024-07,Surrey Police,Surrey Police,-0.427065,51.412672,On or near Parking Area,E01030717,Spelthorne 011A,Violence and sexual offences,Unable to prosecute suspect,
6a90c1a1533093bcbc02670ca4f2f11c3a1f3c3445d6faf7843a70d8172d0cb1,2024-07,Surrey Police,Surrey Police,-0.419222,51.414941,On or near Springfield Grove,E01030718,Spelthorne 011B,Criminal damage and arson,Investigation complete; no suspect identified,
a0d9826cac230d22ee09aec496639df746359af5d27d4e6f63b41077007c607a,2024-07,Surrey Police,Surrey Police,-0.423109,51.412727,On or near Ravendale Road,E01030718,Spelthorne 011B,Other theft,Investigation complete; no suspect identified,
8efcdb86ded29df1e8ffdd00c821ee173576c123bcee92304b664d69b224b1a9,2024-07,Surrey Police,Surrey Police,-0.420645,51.414555,On or near Ravenscourt,E01030718,Spelthorne 011B,Possession of weapons,Unable to prosecute suspect,
1e8cb7c430fac9efd19319af14fee9814a8755153c663e41b9a9706e9f01bc27,2024-07,Surrey Police,Surrey Police,-0.423760,51.413437,On or near Nursery Road,E01030718,Spelthorne 011B,Public order,Investigation complete; no suspect identified,
4bf5795baf3e653c590b109814856f756edf74782b05a5de458dd5fd2b4ce60f,2024-07,Surrey Police,Surrey Police,-0.423760,51.413437,On or near Nursery Road,E01030718,Spelthorne 011B,Shoplifting,Unable to prosecute suspect,
d27295d65a2ab7c94502b0d376ee239e6963063df5ac7fbd3c878545534f9f2d,2024-07,Surrey Police,Surrey Police,-0.420645,51.414555,On or near Ravenscourt,E01030718,Spelthorne 011B,Violence and sexual offences,Unable to prosecute suspect,
6a4d630d2bbda9f43813b7605e8ef0720f16cd2ba9005835b348291ea42ed772,2024-07,Surrey Police,Surrey Police,-0.419652,51.416241,On or near Homewaters Avenue,E01030718,Spelthorne 011B,Violence and sexual offences,Awaiting court outcome,
a772051990747d9de7683bce9e2a1c3f7499f0b7a64ffd86027cb15147fa1143,2024-07,Surrey Police,Surrey Police,-0.424317,51.414830,On or near Evelyn Crescent,E01030718,Spelthorne 011B,Violence and sexual offences,Court result unavailable,
7e985ad365508073c0bcf0fa7cc0cb7131b59529bd5b041f33607d3d40159884,2024-07,Surrey Police,Surrey Police,-0.419652,51.416241,On or near Homewaters Avenue,E01030718,Spelthorne 011B,Violence and sexual offences,Court result unavailable,
aa0586c30f25995ada8f2363149f80bbfb0fee1ae5eb4229deae4118d7d9fd6e,2024-07,Surrey Police,Surrey Police,-0.420645,51.414555,On or near Ravenscourt,E01030718,Spelthorne 011B,Violence and sexual offences,Investigation complete; no suspect identified,
4868bf53b85b629e72861916528ce42ba37d3b2d85005f57241067cc73f38212,2024-07,Surrey Police,Surrey Police,-0.419652,51.416241,On or near Homewaters Avenue,E01030718,Spelthorne 011B,Violence and sexual offences,Court result unavailable,
,2024-07,Surrey Police,Surrey Police,-0.429460,51.406158,On or near Stirling Avenue,E01030719,Spelthorne 011C,Anti-social behaviour,,
36efff834fd54dcd1e77916f5e8a47f13bd1f6ea52f5f69ffa248a2a6ba6808e,2024-07,Surrey Police,Surrey Police,-0.431887,51.399096,On or near Roxford Close,E01030719,Spelthorne 011C,Criminal damage and arson,Investigation complete; no suspect identified,
d5525cf4a0f2ecb7a8448d130a046d1e47704d3d7d71ec24b1341ed3d479b6b7,2024-07,Surrey Police,Surrey Police,-0.436158,51.402839,On or near Wallace Close,E01030719,Spelthorne 011C,Criminal damage and arson,Investigation complete; no suspect identified,
0fd445da39fbca86801557ea92f0450f4652a5f5deefef9659381091872dc617,2024-07,Surrey Police,Surrey Police,-0.436606,51.403187,On or near Hawthorn Way,E01030719,Spelthorne 011C,Other theft,Investigation complete; no suspect identified,
e4bb5298a1d879222b78a250a49a8dcc877a488cb04ceead233275eca3f4dc5c,2024-07,Surrey Police,Surrey Police,-0.436606,51.403187,On or near Hawthorn Way,E01030719,Spelthorne 011C,Public order,Unable to prosecute suspect,
a3a7743250fd69a725b7abce3fbd574daeda46afc9008fe8225e79866f410a5d,2024-07,Surrey Police,Surrey Police,-0.433040,51.402798,On or near Annett Close,E01030719,Spelthorne 011C,Vehicle crime,Unable to prosecute suspect,
e87909fdf2a601d0abb596b810ff015bf570c3281ac8410c6db15d67b2073731,2024-07,Surrey Police,Surrey Police,-0.434525,51.403942,On or near Cherry Way,E01030719,Spelthorne 011C,Violence and sexual offences,Status update unavailable,
42621702cb2d6cdbafbaae49a25ed6b06ea68422162118d67a6a1c8b72ad3600,2024-07,Surrey Police,Surrey Police,-0.431910,51.400948,On or near Home Farm Close,E01030719,Spelthorne 011C,Violence and sexual offences,Unable to prosecute suspect,
2882ff06a08fa4f2dc3c515b6289f68222f2a89ff78e82a4f38178734ca95179,2024-07,Surrey Police,Surrey Police,-0.432959,51.404730,On or near Blackberry Close,E01030719,Spelthorne 011C,Violence and sexual offences,Unable to prosecute suspect,
,2024-07,Surrey Police,Surrey Police,-0.414358,51.405478,On or near Bridle Close,E01030720,Spelthorne 011D,Anti-social behaviour,,
,2024-07,Surrey Police,Surrey Police,-0.414972,51.406026,On or near Blacksmith Close,E01030720,Spelthorne 011D,Anti-social behaviour,,
,2024-07,Surrey Police,Surrey Police,-0.415756,51.400389,On or near Willow Way,E01030720,Spelthorne 011D,Anti-social behaviour,,
174a368090664906e09c032e9843706d35dbf63460534650c3eea2361a9a3991,2024-07,Surrey Police,Surrey Police,-0.416335,51.404444,On or near Farrier Close,E01030720,Spelthorne 011D,Criminal damage and arson,Investigation complete; no suspect identified,
857a901d51b67f0ddf067b8d81a5fe1086e955cd55990c3040a4d84a2d98d8ae,2024-07,Surrey Police,Surrey Police,-0.416283,51.407617,On or near Lyndhurst Avenue,E01030720,Spelthorne 011D,Other theft,Status update unavailable,
a7fac67e95e346293b8bb5de2de7fd28e7c211ac40b88bbcbfa1187aee2d21d4,2024-07,Surrey Police,Surrey Police,-0.413721,51.404786,On or near Stile Path,E01030720,Spelthorne 011D,Public order,Unable to prosecute suspect,
2ddaceb51a0b2b012f366a406e9d4951a3a0e13af7102926109c33ede4aa3422,2024-07,Surrey Police,Surrey Police,-0.414972,51.406026,On or near Blacksmith Close,E01030720,Spelthorne 011D,Violence and sexual offences,Unable to prosecute suspect,
12495300727fb84a41563d6038d33e3742bd2078d88ba90c95a2407170d40575,2024-07,Surrey Police,Surrey Police,-0.418012,51.404161,On or near Martingale Close,E01030720,Spelthorne 011D,Violence and sexual offences,Investigation complete; no suspect identified,
21f7dd61211806592bcef5c3f3e2d8842a377490dc10d9e0e9dff18d05e3a052,2024-07,Surrey Police,Surrey Police,-0.415756,51.400389,On or near Willow Way,E01030720,Spelthorne 011D,Violence and sexual offences,Unable to prosecute suspect,
7ee7077ec3ef38946223cd086992f3391b2110ca40cd2c904670539f04294b33,2024-07,Surrey Police,Surrey Police,-0.413275,51.402289,On or near Parke Road,E01030720,Spelthorne 011D,Violence and sexual offences,Investigation complete; no suspect identified,
078b4d7e85854333a7bf87801a5b5df0093c25515cef481dcbf27da2740d7778,2024-07,Surrey Police,Surrey Police,-0.416283,51.407617,On or near Lyndhurst Avenue,E01030720,Spelthorne 011D,Other crime,Unable to prosecute suspect,
,2024-07,Surrey Police,Surrey Police,-0.485255,51.411110,On or near Grange Place,E01030721,Spelthorne 012A,Anti-social behaviour,,
,2024-07,Surrey Police,Surrey Police,-0.491123,51.407571,On or near Condor Road,E01030721,Spelthorne 012A,Anti-social behaviour,,
,2024-07,Surrey Police,Surrey Police,-0.488582,51.407457,On or near Shepperton Road,E01030721,Spelthorne 012A,Anti-social behaviour,,
9b0ff4fd7a7efcb719993f4076d485170bac0a82d4bd398c25c92afc1c556437,2024-07,Surrey Police,Surrey Police,-0.490781,51.407045,On or near Ferry Lane,E01030721,Spelthorne 012A,Criminal damage and arson,Investigation complete; no suspect identified,
4ac4e977c3dfa7eed64d4f2cc23c4d20eb403dfc53496b8d60c9dafd3f7d01cb,2024-07,Surrey Police,Surrey Police,-0.485255,51.411110,On or near Grange Place,E01030721,Spelthorne 012A,Criminal damage and arson,Status update unavailable,
af30e211483283902aa82fd480afe3891b64713de1b13b7412679be98018c8de,2024-07,Surrey Police,Surrey Police,-0.476425,51.397714,On or near Littleton Lane,E01030721,Spelthorne 012A,Other theft,Status update unavailable,
e9644c01404336a48b3e07fbf7bc6167da16db4484b125c9e9cb3d1a9d1de929,2024-07,Surrey Police,Surrey Police,-0.491063,51.405034,On or near Parking Area,E01030721,Spelthorne 012A,Vehicle crime,Investigation complete; no suspect identified,
866091154cf0a71b30759fb5cfc7d575c577da414140f9484ed7692cceccb93c,2024-07,Surrey Police,Surrey Police,-0.463257,51.405896,On or near Goddard Close,E01030721,Spelthorne 012A,Violence and sexual offences,Unable to prosecute suspect,
a30bc30669656d72b17f57cc661dea26cd4e473b3eb131fff6efaa542dbb016d,2024-07,Surrey Police,Surrey Police,-0.469714,51.409280,On or near Korda Close,E01030721,Spelthorne 012A,Violence and sexual offences,Unable to prosecute suspect,
0e850a504470ff6a31fd879486cfa4e413d7ea2ac861ad9eb42336520f33b391,2024-07,Surrey Police,Surrey Police,-0.492520,51.412310,On or near Beech Tree Lane,E01030721,Spelthorne 012A,Violence and sexual offences,Status update unavailable,
b0fc05531c636ac67cf3a4a7d35457e4b4c83b39217e45176c66a6068069e6d7,2024-07,Surrey Police,Surrey Police,-0.470516,51.408526,On or near Lion Close,E01030721,Spelthorne 012A,Violence and sexual offences,Unable to prosecute suspect,
0a45dec57edf09fb973b9ff97f7277669be13b18e1368b24a72d84c9b80db07e,2024-07,Surrey Police,Surrey Police,-0.485255,51.411110,On or near Grange Place,E01030721,Spelthorne 012A,Violence and sexual offences,Unable to prosecute suspect,
dfc8ea0d4f2243b8760f26fd1a27fb407644671dc60fab92f3b5efd83c37e37a,2024-07,Surrey Police,Surrey Police,-0.488582,51.407457,On or near Shepperton Road,E01030721,Spelthorne 012A,Violence and sexual offences,Unable to prosecute suspect,
f5006c0c6043486a3d072c8689dfebf803e0cd07d496d422f478bacb2fe3d783,2024-07,Surrey Police,Surrey Police,-0.443620,51.415951,On or near Perendale Drive,E01030721,Spelthorne 012A,Other crime,Status update unavailable,
,2024-07,Surrey Police,Surrey Police,-0.444038,51.410417,On or near Crosswell Close,E01030722,Spelthorne 012B,Anti-social behaviour,,
,2024-07,Surrey Police,Surrey Police,-0.431088,51.414030,On or near Windmill Road West,E01030722,Spelthorne 012B,Anti-social behaviour,,
41f1b4e1085e701e1c33ff12494010b3163a90e11bfdcaa9cecc4498c18f651c,2024-07,Surrey Police,Surrey Police,-0.443913,51.411557,On or near Charlton Road,E01030722,Spelthorne 012B,Criminal damage and arson,Investigation complete; no suspect identified,
25601cde05ce490ef4a81fe783d141d669523abcbba3ba6a9105c10e23d2faa9,2024-07,Surrey Police,Surrey Police,-0.443834,51.413040,On or near Andrews Gate,E01030722,Spelthorne 012B,Public order,Unable to prosecute suspect,
f32110bd8d6e82bfc9c0f3769a1866d425f650a695d00676651e6093c8b75c0f,2024-07,Surrey Police,Surrey Police,-0.432179,51.414512,On or near Dolphin Road South,E01030722,Spelthorne 012B,Shoplifting,Investigation complete; no suspect identified,
3770605176311f94ba0b612dd9e52a45e881551d8a37210858e40081d5be9415,2024-07,Surrey Police,Surrey Police,-0.443737,51.412095,On or near Charlton Road,E01030722,Spelthorne 012B,Violence and sexual offences,Unable to prosecute suspect,
,2024-07,Surrey Police,Surrey Police,-0.463742,51.395714,On or near Sheep Walk,E01030723,Spelthorne 012C,Anti-social behaviour,,
13499a53596c32eefa3781e855fa19dcede9d8252af7a81cba98c88a7779e37d,2024-07,Surrey Police,Surrey Police,-0.464950,51.400415,On or near Fairview Drive,E01030723,Spelthorne 012C,Criminal damage and arson,Investigation complete; no suspect identified,
6fde26e2f2ab741919f576d3b7046f456fbc514c636e9625ab8838bcbd3d1b42,2024-07,Surrey Police,Surrey Police,-0.464683,51.401517,On or near Yew Trees,E01030723,Spelthorne 012C,Criminal damage and arson,Unable to prosecute suspect,
dc9889a067c27f40092a5322740773839ba7f3ac69fea0f677e0c82be1731e0d,2024-07,Surrey Police,Surrey Police,-0.464950,51.400415,On or near Fairview Drive,E01030723,Spelthorne 012C,Criminal damage and arson,Investigation complete; no suspect identified,
db18856bc2765bc044ad185c29175d1669fb94c735300d8eced6502e56559a35,2024-07,Surrey Police,Surrey Police,-0.464683,51.401517,On or near Yew Trees,E01030723,Spelthorne 012C,Drugs,Further action is not in the public interest,
f7abd2d02968ef56c19e581b190d708a2b9bbb7f47e7c3cc6f0abb2a2f42bb7e,2024-07,Surrey Police,Surrey Police,-0.462488,51.400958,On or near Laleham Road,E01030723,Spelthorne 012C,Other theft,Unable to prosecute suspect,
97809296b20274e1b8d4c3ffec4d3da7b83a3252c8205990202b84cda906a748,2024-07,Surrey Police,Surrey Police,-0.464641,51.402344,On or near Winchstone Close,E01030723,Spelthorne 012C,Public order,Investigation complete; no suspect identified,
6c093a289663438d256a61c080b2a7724990d99828529a3569afcb438ab3fa2b,2024-07,Surrey Police,Surrey Police,-0.459572,51.400884,On or near Ford Close,E01030723,Spelthorne 012C,Violence and sexual offences,Unable to prosecute suspect,
5bba84c96bb3384f8332eb557be3e3b24a3ce6bb2f3599c4cbfc8e4a00cda793,2024-07,Surrey Police,Surrey Police,-0.462488,51.400958,On or near Laleham Road,E01030723,Spelthorne 012C,Violence and sexual offences,Unable to prosecute suspect,
a2390a32074b9f114f20f5d2b5ab73239c88480bd7aaad1cc1d1a4c16a732a51,2024-07,Surrey Police,Surrey Police,-0.462488,51.400958,On or near Laleham Road,E01030723,Spelthorne 012C,Other crime,Investigation complete; no suspect identified,
,2024-07,Surrey Police,Surrey Police,-0.454917,51.397819,On or near Harrison Way,E01030724,Spelthorne 012D,Anti-social behaviour,,
ddc535657a1209d66334fca70d10c291ce3e8eb2c3c3d0d7c7bcbab9fe6631a5,2024-07,Surrey Police,Surrey Police,-0.461500,51.397833,On or near Thornhill Way,E01030724,Spelthorne 012D,Criminal damage and arson,Unable to prosecute suspect,
a0c10f66d5d46d8221e2d7b7ed7e7c56ca9d9b50d35366fb86bfee431455597f,2024-07,Surrey Police,Surrey Police,-0.461500,51.397833,On or near Thornhill Way,E01030724,Spelthorne 012D,Public order,Status update unavailable,
b2f80bc2d5e899eae933f4045d6a33a4a8c4702597f110789dbae90e920e58d3,2024-07,Surrey Police,Surrey Police,-0.456656,51.398246,On or near Pentland Avenue,E01030724,Spelthorne 012D,Violence and sexual offences,Status update unavailable,
a3fcbb5fffde98a9d2786e4798cc2f8e1a29432d078a11e9daf252622ea604d6,2024-07,Surrey Police,Surrey Police,-0.461500,51.397833,On or near Thornhill Way,E01030724,Spelthorne 012D,Violence and sexual offences,Unable to prosecute suspect,
e87655da34677ec047bb3b2c9eafa153cd8d572ce3b1afc2af17cc5ca3181b90,2024-07,Surrey Police,Surrey Police,-0.454917,51.397819,On or near Harrison Way,E01030724,Spelthorne 012D,Violence and sexual offences,Unable to prosecute suspect,
adec3ef130aef04bebf31ef51026697173f75eb78347c18d319586e46d98645a,2024-07,Surrey Police,Surrey Police,-0.454917,51.397819,On or near Harrison Way,E01030724,Spelthorne 012D,Violence and sexual offences,Unable to prosecute suspect,
2b312331a2ec934769ceb3d00c5fa554108ae89ca92253fa4c899dcf5c64254d,2024-07,Surrey Police,Surrey Police,-0.460215,51.398437,On or near Sheep Walk,E01030724,Spelthorne 012D,Violence and sexual offences,Unable to prosecute suspect,
,2024-07,Surrey Police,Surrey Police,-0.460264,51.388825,On or near Range Way,E01030730,Spelthorne 013A,Anti-social behaviour,,
,2024-07,Surrey Police,Surrey Police,-0.457438,51.387808,On or near Chertsey Road,E01030730,Spelthorne 013A,Anti-social behaviour,,
,2024-07,Surrey Police,Surrey Police,-0.466073,51.390052,On or near Chertsey Road,E01030730,Spelthorne 013A,Anti-social behaviour,,
,2024-07,Surrey Police,Surrey Police,-0.456806,51.391648,On or near Renfree Way,E01030730,Spelthorne 013A,Anti-social behaviour,,
,2024-07,Surrey Police,Surrey Police,-0.452226,51.389384,On or near Manor House Court,E01030730,Spelthorne 013A,Anti-social behaviour,,
,2024-07,Surrey Police,Surrey Police,-0.469476,51.387552,On or near Dockett Eddy Lane,E01030730,Spelthorne 013A,Anti-social behaviour,,
0e141d93de7a13903c164b216d4efb5c237c5da9bf355f6fbb163a67aed8d639,2024-07,Surrey Police,Surrey Police,-0.485889,51.390589,On or near Thames Side,E01030730,Spelthorne 013A,Burglary,Unable to prosecute suspect,
a4cb9a9403c062e99db8fcf57c098184b5e8d779f46e30119d5820b345d70782,2024-07,Surrey Police,Surrey Police,-0.466073,51.390052,On or near Chertsey Road,E01030730,Spelthorne 013A,Other theft,Investigation complete; no suspect identified,
cf10910dfa8817a2244b9c558128a9243e3bc55a1f6a11dedb9c0e8d11dca5cd,2024-07,Surrey Police,Surrey Police,-0.466295,51.383823,On or near Reed Place,E01030730,Spelthorne 013A,Other theft,Investigation complete; no suspect identified,
f3f7918817157f7d869a662035064972e433668528286dd5b8357c274078db54,2024-07,Surrey Police,Surrey Police,-0.458165,51.385011,On or near Ferry Lane,E01030730,Spelthorne 013A,Other theft,Investigation complete; no suspect identified,
0702e4a93b6ea4850c07fc59c43dfbad75a46fbb178db0dd7c50de0095e606e9,2024-07,Surrey Police,Surrey Police,-0.466295,51.383823,On or near Reed Place,E01030730,Spelthorne 013A,Other theft,Status update unavailable,
9f69c56765baffe0a414a18406edb64d4a444af42f5e09e687b774d917db1e2e,2024-07,Surrey Police,Surrey Police,-0.448177,51.396480,On or near Station Road,E01030730,Spelthorne 013A,Possession of weapons,Unable to prosecute suspect,
39eeca96a12982810bc7a249daf909460de154fd529b7f34aeeb1f9b09dc67e7,2024-07,Surrey Police,Surrey Police,-0.483438,51.389100,On or near Parking Area,E01030730,Spelthorne 013A,Vehicle crime,Investigation complete; no suspect identified,
77b9c1d08f1007ddf13a9b65806a5b29dfc78d736be7ccbcb07134a9a4f8c046,2024-07,Surrey Police,Surrey Police,-0.448177,51.396480,On or near Station Road,E01030730,Spelthorne 013A,Vehicle crime,Investigation complete; no suspect identified,
df23e0a3fc2d733030020d13c91b0cafb51840f31ea59a2eb4a40d878ff94d4f,2024-07,Surrey Police,Surrey Police,-0.474707,51.390596,On or near B375,E01030730,Spelthorne 013A,Violence and sexual offences,Court result unavailable,
5aed8694002d0d6110911042dc973d5a76b6c0ac7f2ec40adbd53564533a9590,2024-07,Surrey Police,Surrey Police,-0.485889,51.390589,On or near Thames Side,E01030730,Spelthorne 013A,Violence and sexual offences,Unable to prosecute suspect,
346b5dcc9232705a4fd447310e3bdbb5751115cea3fa5e4efd7df2b7ae434d48,2024-07,Surrey Police,Surrey Police,-0.466073,51.390052,On or near Chertsey Road,E01030730,Spelthorne 013A,Violence and sexual offences,Unable to prosecute suspect,
9f4168e5d8d48fa76e9525c3c44ec65da3379207847ce643f6185726834d155b,2024-07,Surrey Police,Surrey Police,-0.485889,51.390589,On or near Thames Side,E01030730,Spelthorne 013A,Violence and sexual offences,Unable to prosecute suspect,
e5f540caad6be0fb8bb392a0ad9a497b393acd80f911068bdd157f61188c1eb1,2024-07,Surrey Police,Surrey Police,-0.441516,51.397902,On or near Fairwater Drive,E01030731,Spelthorne 013B,Burglary,Unable to prosecute suspect,
59fb88817b2d0651abae7aca40446df05179bcb55c1f97ef209000201c9116d1,2024-07,Surrey Police,Surrey Police,-0.441396,51.395527,On or near Richmond Drive,E01030731,Spelthorne 013B,Burglary,Investigation complete; no suspect identified,
607101c3c8e95f086a6b99c44b21c4828d62c39d05c0256c4eebaa8464847d78,2024-07,Surrey Police,Surrey Police,-0.441396,51.395527,On or near Richmond Drive,E01030731,Spelthorne 013B,Burglary,Investigation complete; no suspect identified,
bcae6ced8da21e254ee78a56f99628f9f61b832a3f5dbeabf1a18ab94a6b3ab9,2024-07,Surrey Police,Surrey Police,-0.438948,51.395638,On or near Nell Gwynn Avenue,E01030731,Spelthorne 013B,Drugs,Status update unavailable,
61f9d97d27900806b65012b6df6d071f074e03bf555e218ca0bf6aa512d857cd,2024-07,Surrey Police,Surrey Police,-0.437045,51.395379,On or near West Way,E01030731,Spelthorne 013B,Drugs,Investigation complete; no suspect identified,
7fe9ead80eb0a62df3c3b1dbcab2c5f3aebe24fd6162edf0cb3d8dacf0fd6515,2024-07,Surrey Police,Surrey Police,-0.446958,51.396823,On or near Shepperton,E01030731,Spelthorne 013B,Other theft,Investigation complete; no suspect identified,
5573b9511e3d994c246b62b08eeccfe5c7a721217c58fb3366841cd3c86ea9d0,2024-07,Surrey Police,Surrey Police,-0.441516,51.397902,On or near Fairwater Drive,E01030731,Spelthorne 013B,Public order,Unable to prosecute suspect,
8da88dd6c9a8d385f71832e14bcec5da5c63a97d84cb6b123eca74293cc4268b,2024-07,Surrey Police,Surrey Police,-0.441516,51.397902,On or near Fairwater Drive,E01030731,Spelthorne 013B,Public order,Status update unavailable,
8ca5f18ada7a3d85dce83430912effc6885f28f05c7f3c54cd1f42c0a960d1aa,2024-07,Surrey Police,Surrey Police,-0.447009,51.396572,On or near Station Approach,E01030731,Spelthorne 013B,Vehicle crime,Investigation complete; no suspect identified,
11d9c88b9d4e46a8f7f70700c10fdecc9e54aa1b4025858e7d6db6fba915d5ab,2024-07,Surrey Police,Surrey Police,-0.437045,51.395379,On or near West Way,E01030731,Spelthorne 013B,Vehicle crime,Investigation complete; no suspect identified,
1256901def72de5dd6bfc1c859dfdc1b4547a250b52313a6e6e66838317f7092,2024-07,Surrey Police,Surrey Police,-0.444345,51.397130,On or near Govett Avenue,E01030731,Spelthorne 013B,Vehicle crime,Investigation complete; no suspect identified,
a17584a028a84536a4ea87b4f2cbb45120832dd854da64911eedd5116b4c4373,2024-07,Surrey Police,Surrey Police,-0.440565,51.397970,On or near Catlin Crescent,E01030731,Spelthorne 013B,Vehicle crime,Unable to prosecute suspect,
d24d020161c9a53bb222bee326767dbba1573f6be08e7c70f206b7601d0afd67,2024-07,Surrey Police,Surrey Police,-0.444345,51.397130,On or near Govett Avenue,E01030731,Spelthorne 013B,Violence and sexual offences,Awaiting court outcome,
0cab123ab31fb8d20783a14e29cb63234b13f4da1873982a93a498eaaa0d5dcf,2024-07,Surrey Police,Surrey Police,-0.441516,51.397902,On or near Fairwater Drive,E01030731,Spelthorne 013B,Violence and sexual offences,Unable to prosecute suspect,
99eaa2d91b5df327f8304b98090fa6f66f43aa1873f3465200e68ae62d5f6792,2024-07,Surrey Police,Surrey Police,-0.441516,51.397902,On or near Fairwater Drive,E01030731,Spelthorne 013B,Violence and sexual offences,Investigation complete; no suspect identified,
80c1221c9c277741110d46934ea8bf6b6e799d9868d2dbbc5a403c7a74b739c6,2024-07,Surrey Police,Surrey Police,-0.441516,51.397902,On or near Fairwater Drive,E01030731,Spelthorne 013B,Violence and sexual offences,Unable to prosecute suspect,
b751dd7db0e67e80530938b0e18bb6aff0731305a3d57eb747c39e4a4d173c53,2024-07,Surrey Police,Surrey Police,-0.441516,51.397902,On or near Fairwater Drive,E01030731,Spelthorne 013B,Violence and sexual offences,Unable to prosecute suspect,
3c533fa1f450e7b3cb52da6ff92bc62db4efd3288a6241ffebe893e8834bfca9,2024-07,Surrey Police,Surrey Police,-0.441516,51.397902,On or near Fairwater Drive,E01030731,Spelthorne 013B,Violence and sexual offences,Court result unavailable,
226c5f83c5469b7a1f4f90630b71f450d1ddcd921332f6d3ace65f8caa83899c,2024-07,Surrey Police,Surrey Police,-0.440565,51.397970,On or near Catlin Crescent,E01030731,Spelthorne 013B,Violence and sexual offences,Court result unavailable,
a563b05b5daa5d5d54ff7e0f4bf46616b0e740898ddd28b9acb53f9c43ba4b08,2024-07,Surrey Police,Surrey Police,-0.434966,51.396079,On or near Gaston Bridge Road,E01030731,Spelthorne 013B,Violence and sexual offences,Unable to prosecute suspect,
80204d4859190fda34f986916381ac2b39fb42ed9bde15f0d30615b5089207c4,2024-07,Surrey Police,Surrey Police,-0.441516,51.397902,On or near Fairwater Drive,E01030731,Spelthorne 013B,Violence and sexual offences,Unable to prosecute suspect,
3ca533ee9a89e9da78baf9d2e8f2ef47a89a9ccdf3655c8e4c4ee6b487e9cd1c,2024-07,Surrey Police,Surrey Police,-0.441725,51.396403,On or near Green Lane,E01030731,Spelthorne 013B,Violence and sexual offences,Investigation complete; no suspect identified,
c3c8b712c85d58681a895e2b27dafd3396c8a324b09f41c60376f92cfddec5e6,2024-07,Surrey Police,Surrey Police,-0.441516,51.397902,On or near Fairwater Drive,E01030731,Spelthorne 013B,Violence and sexual offences,Court result unavailable,
abd7565f9b4009b9be51e21938cbb8128901037ffb1118049bc7fa1f2dbe074d,2024-07,Surrey Police,Surrey Police,-0.447009,51.396572,On or near Station Approach,E01030731,Spelthorne 013B,Violence and sexual offences,Unable to prosecute suspect,
,2024-07,Surrey Police,Surrey Police,-0.431871,51.388628,On or near Swan Walk,E01030732,Spelthorne 013C,Anti-social behaviour,,
,2024-07,Surrey Police,Surrey Police,-0.442213,51.392210,On or near Old Halliford Place,E01030732,Spelthorne 013C,Anti-social behaviour,,
,2024-07,Surrey Police,Surrey Police,-0.431101,51.385929,On or near Parking Area,E01030732,Spelthorne 013C,Anti-social behaviour,,
,2024-07,Surrey Police,Surrey Police,-0.431871,51.388628,On or near Swan Walk,E01030732,Spelthorne 013C,Anti-social behaviour,,
,2024-07,Surrey Police,Surrey Police,-0.429770,51.388717,On or near Riverside,E01030732,Spelthorne 013C,Anti-social behaviour,,
,2024-07,Surrey Police,Surrey Police,-0.431101,51.385929,On or near Parking Area,E01030732,Spelthorne 013C,Anti-social behaviour,,
,2024-07,Surrey Police,Surrey Police,-0.433183,51.388934,On or near Sherbourne Gardens,E01030732,Spelthorne 013C,Anti-social behaviour,,
,2024-07,Surrey Police,Surrey Police,-0.431871,51.388628,On or near Swan Walk,E01030732,Spelthorne 013C,Anti-social behaviour,,
,2024-07,Surrey Police,Surrey Police,-0.429770,51.388717,On or near Riverside,E01030732,Spelthorne 013C,Anti-social behaviour,,
,2024-07,Surrey Police,Surrey Police,-0.429770,51.388717,On or near Riverside,E01030732,Spelthorne 013C,Anti-social behaviour,,
,2024-07,Surrey Police,Surrey Police,-0.431871,51.388628,On or near Swan Walk,E01030732,Spelthorne 013C,Anti-social behaviour,,
636457b3498fe32c6b760d6607211d91af9d18a35777e9a2fa1b6b968976366c,2024-07,Surrey Police,Surrey Police,-0.442213,51.392210,On or near Old Halliford Place,E01030732,Spelthorne 013C,Criminal damage and arson,Investigation complete; no suspect identified,
5872a02220b433d4916db05c1e3bff09398f1fb86b426a740f25c4c7543f3168,2024-07,Surrey Police,Surrey Police,-0.436758,51.386517,On or near Thames Meadow,E01030732,Spelthorne 013C,Drugs,Status update unavailable,
732c94a77987524d00e2c51e93ed368252269c411af209bcaf72b02e621f8187,2024-07,Surrey Police,Surrey Police,-0.436758,51.386517,On or near Thames Meadow,E01030732,Spelthorne 013C,Public order,Investigation complete; no suspect identified,
1dbadce9dec6b8914d22740aad2205ab2b7981240b740364ad4d06601444b664,2024-07,Surrey Police,Surrey Police,-0.438021,51.388252,On or near Dunally Park,E01030732,Spelthorne 013C,Violence and sexual offences,Unable to prosecute suspect,
,2024-07,Surrey Police,Surrey Police,-0.448152,51.395077,On or near Supermarket,E01030733,Spelthorne 013D,Anti-social behaviour,,
,2024-07,Surrey Police,Surrey Police,-0.448152,51.395077,On or near Supermarket,E01030733,Spelthorne 013D,Anti-social behaviour,,
238717dbd91c2da478d5f3e2bf10cbbdd4a105bbec606c9194a0ccec387bd1e4,2024-07,Surrey Police,Surrey Police,-0.444275,51.395826,On or near Kilmiston Avenue,E01030733,Spelthorne 013D,Burglary,Investigation complete; no suspect identified,
0cd06edfdf54f7788ab9559adbf78b6470d530203296a028b007c28b00173de5,2024-07,Surrey Police,Surrey Police,-0.450239,51.392443,On or near Westbury Close,E01030733,Spelthorne 013D,Burglary,Investigation complete; no suspect identified,
b35565a089347670c9e62e2b5da09b87de238ab4374a33aa341c55b42d5faa79,2024-07,Surrey Police,Surrey Police,-0.448633,51.393608,On or near High Street,E01030733,Spelthorne 013D,Public order,Investigation complete; no suspect identified,
17c269a955d98d33765f2275f1fd4addde4bc1feb71a57314ec4f4d0cbbed02e,2024-07,Surrey Police,Surrey Police,-0.448152,51.395077,On or near Supermarket,E01030733,Spelthorne 013D,Public order,Investigation complete; no suspect identified,
f2e1ecb512fdd567546dffe4a95861fa525169fa467d2bc2258718368ffe2c62,2024-07,Surrey Police,Surrey Police,-0.448633,51.393608,On or near High Street,E01030733,Spelthorne 013D,Robbery,Investigation complete; no suspect identified,
88b1ca65acb3c370cfe1bc01ed2f68de91a9986d2ec6dc20af74e9a68ecbac5e,2024-07,Surrey Police,Surrey Police,-0.448633,51.393608,On or near High Street,E01030733,Spelthorne 013D,Shoplifting,Court result unavailable,
fd496b472927f0645d1a397ecb680123110ff29def0c5936a3f36074108fb4d6,2024-07,Surrey Police,Surrey Police,-0.448633,51.393608,On or near High Street,E01030733,Spelthorne 013D,Shoplifting,Investigation complete; no suspect identified,
8b87bf008c966c8626ff4b508062259b6b72f8185576ce5857e75bd99d99cf62,2024-07,Surrey Police,Surrey Police,-0.448152,51.395077,On or near Supermarket,E01030733,Spelthorne 013D,Shoplifting,Investigation complete; no suspect identified,
724980ef57758acf0daff973286395784f141ec81cce24aa3fa033550e4d6019,2024-07,Surrey Police,Surrey Police,-0.448152,51.395077,On or near Supermarket,E01030733,Spelthorne 013D,Shoplifting,Investigation complete; no suspect identified,
0cc229a14e28c932c31c382db2671d61907b9c33fba91845144c3c76a98ad36a,2024-07,Surrey Police,Surrey Police,-0.448633,51.393608,On or near High Street,E01030733,Spelthorne 013D,Shoplifting,Awaiting court outcome,
d001c4e1e9964930cac526c3c041463d1d8f0836b3fc6fe122e34cd8e29f231d,2024-07,Surrey Police,Surrey Police,-0.448633,51.393608,On or near High Street,E01030733,Spelthorne 013D,Shoplifting,Awaiting court outcome,
fb3634401df8d0e782e6c78a3781168bd57b357d465edd63edea31fb9cc9842c,2024-07,Surrey Police,Surrey Police,-0.448633,51.393608,On or near High Street,E01030733,Spelthorne 013D,Vehicle crime,Investigation complete; no suspect identified,
07d9607dff2525914e298e4ae4aafe5bbd5123801605503e59320f87e9b75185,2024-07,Surrey Police,Surrey Police,-0.446052,51.392171,On or near Parking Area,E01030733,Spelthorne 013D,Vehicle crime,Investigation complete; no suspect identified,
a47b837acc44920c0585f49fd3351cf4f968df886e1ed789cc85dc54382801c8,2024-07,Surrey Police,Surrey Police,-0.446052,51.392171,On or near Parking Area,E01030733,Spelthorne 013D,Vehicle crime,Investigation complete; no suspect identified,
0ae549e5e7ea5e32546c5f07e0df3b5f4ecda5f080f82614e3515d25a7421c4b,2024-07,Surrey Police,Surrey Police,-0.448152,51.395077,On or near Supermarket,E01030733,Spelthorne 013D,Violence and sexual offences,Investigation complete; no suspect identified,
97871e299577480a5eb88f2f903160db52a60646c4cb288ffc108fc2342ecb71,2024-07,Surrey Police,Surrey Police,-0.442618,51.393403,On or near Manygate Lane,E01030733,Spelthorne 013D,Violence and sexual offences,Unable to prosecute suspect,
,2024-07,Surrey Police,Surrey Police,-0.605958,51.355147,On or near Oakhurst,E01030763,Surrey Heath 001A,Anti-social behaviour,,
,2024-07,Surrey Police,Surrey Police,-0.614729,51.375780,On or near Parking Area,E01030763,Surrey Heath 001A,Anti-social behaviour,,
,2024-07,Surrey Police,Surrey Police,-0.605958,51.355147,On or near Oakhurst,E01030763,Surrey Heath 001A,Anti-social behaviour,,
,2024-07,Surrey Police,Surrey Police,-0.614729,51.375780,On or near Parking Area,E01030763,Surrey Heath 001A,Anti-social behaviour,,
,2024-07,Surrey Police,Surrey Police,-0.614729,51.375780,On or near Parking Area,E01030763,Surrey Heath 001A,Anti-social behaviour,,
,2024-07,Surrey Police,Surrey Police,-0.624222,51.373360,On or near Park/Open Space,E01030763,Surrey Heath 001A,Anti-social behaviour,,
,2024-07,Surrey Police,Surrey Police,-0.605849,51.353554,On or near Fowlers Mead,E01030763,Surrey Heath 001A,Anti-social behaviour,,
,2024-07,Surrey Police,Surrey Police,-0.614729,51.375780,On or near Parking Area,E01030763,Surrey Heath 001A,Anti-social behaviour,,
,2024-07,Surrey Police,Surrey Police,-0.614729,51.375780,On or near Parking Area,E01030763,Surrey Heath 001A,Anti-social behaviour,,
,2024-07,Surrey Police,Surrey Police,-0.616295,51.366240,On or near Chestnut Lane,E01030763,Surrey Heath 001A,Anti-social behaviour,,
,2024-07,Surrey Police,Surrey Police,-0.614729,51.375780,On or near Parking Area,E01030763,Surrey Heath 001A,Anti-social behaviour,,
,2024-07,Surrey Police,Surrey Police,-0.614729,51.375780,On or near Parking Area,E01030763,Surrey Heath 001A,Anti-social behaviour,,
c53d62ac5896f262d12d2c1e337f327d8bda03d2eb12c3d8197b7bebcf94c2ed,2024-07,Surrey Police,Surrey Police,-0.577309,51.349524,On or near Chertsey Road,E01030763,Surrey Heath 001A,Drugs,Court result unavailable,
db2e3ff1ca85baa66b71e436c536e153f639c9366bd80eca9e3905ac73d71b9d,2024-07,Surrey Police,Surrey Police,-0.607743,51.359745,On or near Heather Way,E01030763,Surrey Heath 001A,Other theft,Unable to prosecute suspect,
bd2fad5f2e0357eb59ecc40f6492503c5a9a4ffdf3ea45276f726d028e83027d,2024-07,Surrey Police,Surrey Police,-0.577309,51.349524,On or near Chertsey Road,E01030763,Surrey Heath 001A,Other theft,Investigation complete; no suspect identified,
b24affc3be9aa2964a99e2a513dcc2cb1da35bc4ee29f73e4c53f9b618fd3afb,2024-07,Surrey Police,Surrey Police,-0.637585,51.372029,On or near Parking Area,E01030763,Surrey Heath 001A,Violence and sexual offences,Unable to prosecute suspect,
3c06ce2ca162d4db3d0fbd4d45e06f51fa725c015100225c41acba9f353fee98,2024-07,Surrey Police,Surrey Police,-0.605849,51.353554,On or near Fowlers Mead,E01030763,Surrey Heath 001A,Violence and sexual offences,Investigation complete; no suspect identified,
d372551449ccbbdcd7ff44d2d51d7d9e1737c3a16a1a12d797fa09b0b6838e15,2024-07,Surrey Police,Surrey Police,-0.637585,51.372029,On or near Parking Area,E01030763,Surrey Heath 001A,Violence and sexual offences,Unable to prosecute suspect,
31b3d40a982090bd5802699c349168bf701c5ed87f1001b95e65c91d86263846,2024-07,Surrey Police,Surrey Police,-0.577309,51.349524,On or near Chertsey Road,E01030763,Surrey Heath 001A,Other crime,Court result unavailable,
ba086fa3c0063d2e1ab079f057387cadf85bf6a34014160ee8e54c693ba8db50,2024-07,Surrey Police,Surrey Police,-0.603012,51.345310,On or near Petrol Station,E01030764,Surrey Heath 001B,Criminal damage and arson,Investigation complete; no suspect identified,
6621ffffc8792078a5f16b6d0e531cd127784d30886eb902c2d8179247c5335b,2024-07,Surrey Police,Surrey Police,-0.603012,51.345310,On or near Petrol Station,E01030764,Surrey Heath 001B,Criminal damage and arson,Investigation complete; no suspect identified,
df56c198c426204d574ff2d7b08f4bfafa8582ba3608cce969026127b9a18399,2024-07,Surrey Police,Surrey Police,-0.603417,51.347563,On or near High Street,E01030764,Surrey Heath 001B,Other theft,Investigation complete; no suspect identified,
4c1ebdee1b9c82012b8b45ad8614fcbdffd38aa1974c34e8f2e38ce55b789f93,2024-07,Surrey Police,Surrey Police,-0.605292,51.347784,On or near Bagshot Road,E01030764,Surrey Heath 001B,Public order,Unable to prosecute suspect,
6d848f76edceeca1e4c48446b1e7d8634b625c302532bcb54096c2b08a778144,2024-07,Surrey Police,Surrey Police,-0.602487,51.350781,On or near Macmahon Close,E01030764,Surrey Heath 001B,Violence and sexual offences,Unable to prosecute suspect,
aff427e81e0e7706f949c75d70bc72216421741f66d324040c71ebc7d43e5fde,2024-07,Surrey Police,Surrey Police,-0.603417,51.347563,On or near High Street,E01030764,Surrey Heath 001B,Violence and sexual offences,Investigation complete; no suspect identified,
b6e2ef99fe734f3d0680fe39a758d49a790e524102a8d43ac444accb8a221ebe,2024-07,Surrey Police,Surrey Police,-0.605307,51.342074,On or near Broadford Lane,E01030764,Surrey Heath 001B,Violence and sexual offences,Investigation complete; no suspect identified,
eec3fcea7fb236c56720db1c9e89fba95cb13aa711960110ebc0a8d281faf2be,2024-07,Surrey Police,Surrey Police,-0.604709,51.354665,On or near Bowling Green Road,E01030765,Surrey Heath 001C,Criminal damage and arson,Awaiting court outcome,
fbce20d4148616adf14891ed74feebc73b9090a7a00331b5fb02e8049e8e7607,2024-07,Surrey Police,Surrey Police,-0.596273,51.351569,On or near Brookleys,E01030765,Surrey Heath 001C,Other theft,Investigation complete; no suspect identified,
be54476b155a7adf20e51b90044e5bbf655f5f39a50216014b0e4a5a7b70c3c5,2024-07,Surrey Police,Surrey Police,-0.603410,51.353939,On or near Windsor Court Road,E01030765,Surrey Heath 001C,Violence and sexual offences,Status update unavailable,
daee9f79a1a72caa3c5fa8ce534b743ca01da8a3de4ebc523a51a9d3a8131147,2024-07,Surrey Police,Surrey Police,-0.599331,51.352074,On or near Delta Close,E01030765,Surrey Heath 001C,Violence and sexual offences,Unable to prosecute suspect,
113c6c7c412064d2a44cc76da263b7d553c0989b40b2948107884273d2644c55,2024-07,Surrey Police,Surrey Police,-0.604105,51.355647,On or near Little Heath Road,E01030765,Surrey Heath 001C,Violence and sexual offences,Local resolution,
bd7ed679ae30edc397518aca77d5d463a239b4e796f2266e80169aa67778f99e,2024-07,Surrey Police,Surrey Police,-0.596273,51.351569,On or near Brookleys,E01030765,Surrey Heath 001C,Violence and sexual offences,Awaiting court outcome,
0ac69f33809fbd22df2551a49a9ea011479e4c3f0c9a2895a8e48538892cf490,2024-07,Surrey Police,Surrey Police,-0.601688,51.353882,On or near Burr Hill Lane,E01030765,Surrey Heath 001C,Violence and sexual offences,Unable to prosecute suspect,
31118d7e399cb5d479a1db8ecaa184bec5d748b11e0b2807fd87d61ad6dee273,2024-07,Surrey Police,Surrey Police,-0.599331,51.352074,On or near Delta Close,E01030765,Surrey Heath 001C,Violence and sexual offences,Unable to prosecute suspect,
07cd9754071be94add1f310a5aebed59fbb12ea5e70b156657c638eb7e72992a,2024-07,Surrey Police,Surrey Police,-0.596273,51.351569,On or near Brookleys,E01030765,Surrey Heath 001C,Other crime,Investigation complete; no suspect identified,
,2024-07,Surrey Police,Surrey Police,-0.655497,51.365249,On or near Updown Hill,E01030809,Surrey Heath 001D,Anti-social behaviour,,
d9e17a70a25c44501c3556416aa16dc5db0e05f75ad2aae63eccb33ba7cf1c23,2024-07,Surrey Police,Surrey Police,-0.659549,51.363254,On or near Hatch End,E01030809,Surrey Heath 001D,Burglary,Investigation complete; no suspect identified,
1ec3cf7b495cc120b23ef7aa58ba7a2a031216d46ea7f99c34cc125b668302d0,2024-07,Surrey Police,Surrey Police,-0.656605,51.360280,On or near Broadway Road,E01030809,Surrey Heath 001D,Shoplifting,Investigation complete; no suspect identified,
99b7d2512c16098b24c7d534dc586cf1144fc92694e3c0a0e32a280c652985e7,2024-07,Surrey Police,Surrey Police,-0.659549,51.363254,On or near Hatch End,E01030809,Surrey Heath 001D,Violence and sexual offences,Unable to prosecute suspect,
eeb2f901dd5fbd931f922f7913aa502a47e179a844343beef0a5eccb5b45029b,2024-07,Surrey Police,Surrey Police,-0.667852,51.373123,On or near Fosters Grove,E01030810,Surrey Heath 001E,Vehicle crime,Local resolution,
1e1142e3c35834ce120e3e021939716939a9fd2fa3665cd62aa1a8bacb591531,2024-07,Surrey Police,Surrey Police,-0.652278,51.368719,On or near Owen Road,E01030811,Surrey Heath 001F,Other theft,Investigation complete; no suspect identified,
,2024-07,Surrey Police,Surrey Police,-0.690365,51.355006,On or near Shire Close,E01030757,Surrey Heath 002A,Anti-social behaviour,,
,2024-07,Surrey Police,Surrey Police,-0.691087,51.355877,On or near Horsebrass Drive,E01030757,Surrey Heath 002A,Anti-social behaviour,,
,2024-07,Surrey Police,Surrey Police,-0.683914,51.358108,On or near Regent Court,E01030757,Surrey Heath 002A,Anti-social behaviour,,
dc4616d81d03085979a641f436d2dd13eca3e2c08578ebff2a825b898aa82a84,2024-07,Surrey Police,Surrey Police,-0.685239,51.355983,On or near Whitmoor Road,E01030757,Surrey Heath 002A,Burglary,Unable to prosecute suspect,
0ab7d8d5e8adc6fa835631c5ec7905bc1f1b6307baec5946163afef2dd9e2e34,2024-07,Surrey Police,Surrey Police,-0.684243,51.358678,On or near Manor Wood Grove,E01030757,Surrey Heath 002A,Criminal damage and arson,Awaiting court outcome,
05014dc3001a666d2e43b04b5191d09015faa7a1ea2ae867e0ffd65efe41b521,2024-07,Surrey Police,Surrey Police,-0.689962,51.353041,On or near Victoria Court,E01030757,Surrey Heath 002A,Drugs,Investigation complete; no suspect identified,
0e1267570d87f846e9ea25ac4e4c37633fe90516e96d13c06f230aa045db1b15,2024-07,Surrey Police,Surrey Police,-0.689962,51.353041,On or near Victoria Court,E01030757,Surrey Heath 002A,Public order,Investigation complete; no suspect identified,
22c83e5d43d9ebf8f716755ac8e610f327b54fff9639ff5332ddfd145d1833ef,2024-07,Surrey Police,Surrey Police,-0.689962,51.353041,On or near Victoria Court,E01030757,Surrey Heath 002A,Public order,Investigation complete; no suspect identified,
a2155cbe9285df1eb7512dfd4dd4d8ef4ff708106b811aaf0b6437492b58e1e9,2024-07,Surrey Police,Surrey Police,-0.694007,51.352196,On or near Southwick,E01030757,Surrey Heath 002A,Violence and sexual offences,Investigation complete; no suspect identified,
60ef5098b8c5c25ed543af6acd2d0cf7fa40ae6b38e16b2e58ff02e7b38265bb,2024-07,Surrey Police,Surrey Police,-0.693540,51.353450,On or near Hawkesworth Drive,E01030757,Surrey Heath 002A,Violence and sexual offences,Unable to prosecute suspect,
e00cc3b864dd2907843ff9e65a3f3555f94f340b4b836db3fd5376d81e6ac3a8,2024-07,Surrey Police,Surrey Police,-0.677647,51.363280,On or near New Road,E01030758,Surrey Heath 002B,Violence and sexual offences,Unable to prosecute suspect,
,2024-07,Surrey Police,Surrey Police,-0.687224,51.358882,On or near Manor Way,E01030759,Surrey Heath 002C,Anti-social behaviour,,
1ce57fcf9c1244c81e44c91c13374022b2f0c8c4a0265a96e5a7d7dadcaaf23b,2024-07,Surrey Police,Surrey Police,-0.694604,51.362022,On or near Park View,E01030759,Surrey Heath 002C,Burglary,Investigation complete; no suspect identified,
61311a81585d73f728c78ada66cc9d1188791fd221388ac138993331955f0272,2024-07,Surrey Police,Surrey Police,-0.694604,51.362022,On or near Park View,E01030759,Surrey Heath 002C,Criminal damage and arson,Unable to prosecute suspect,
690ca6ae250693af8529b71af4cde23c8ce277caccee360add58eaa79d502fb6,2024-07,Surrey Police,Surrey Police,-0.694615,51.361114,On or near London Road,E01030759,Surrey Heath 002C,Other theft,Investigation complete; no suspect identified,
12ab79afd4cdc7436d4d24321bb75f6830d45f53c342f44cd6518e778eb1d815,2024-07,Surrey Police,Surrey Police,-0.688438,51.359642,On or near Hamilton Close,E01030759,Surrey Heath 002C,Public order,Court result unavailable,
c5d47f8fb5d1cec0a92531d5bd7445b0c17aec26d434da724d17741ed8b5fecb,2024-07,Surrey Police,Surrey Police,-0.690864,51.360695,On or near Waverley Road,E01030759,Surrey Heath 002C,Public order,Unable to prosecute suspect,
b3c12ae51ce240fb6739841122693d1141e1eeb0fba50d07329f26b846fcd206,2024-07,Surrey Police,Surrey Police,-0.693057,51.361340,On or near High Street,E01030759,Surrey Heath 002C,Public order,Unable to prosecute suspect,
785830ca8592af9ce916de1db121d25bc41d6fcb7cbf32109cfa2962ab9072a4,2024-07,Surrey Police,Surrey Police,-0.693057,51.361340,On or near High Street,E01030759,Surrey Heath 002C,Public order,Unable to prosecute suspect,
533b9972210fe59d56c682e740f61b8bba6a0f89848f32a1ac22bc5253bd861e,2024-07,Surrey Police,Surrey Police,-0.686064,51.359769,On or near Green Farm Road,E01030759,Surrey Heath 002C,Public order,Awaiting court outcome,
05425d75867345ed5a57270548165b5144e0cab2f8cac22fb1dc8e7221da09cb,2024-07,Surrey Police,Surrey Police,-0.693057,51.361340,On or near High Street,E01030759,Surrey Heath 002C,Public order,Court result unavailable,
5c299df18b2d8363775578c42a77705d2d0d2faaa22180e8783ecec80522aa26,2024-07,Surrey Police,Surrey Police,-0.690864,51.360695,On or near Waverley Road,E01030759,Surrey Heath 002C,Robbery,Unable to prosecute suspect,
7017a5d717ee2c9154616b66b08325bb29fb583dabaf7bdd3bbcf859de6988a3,2024-07,Surrey Police,Surrey Police,-0.690864,51.360695,On or near Waverley Road,E01030759,Surrey Heath 002C,Shoplifting,Investigation complete; no suspect identified,
cdd88ce0ceb62f0044e5dc1aba205a0513ef48f4da27de094d84c7f7b4763785,2024-07,Surrey Police,Surrey Police,-0.690864,51.360695,On or near Waverley Road,E01030759,Surrey Heath 002C,Shoplifting,Unable to prosecute suspect,
8c864e375198a0d790883eb6ab5b10c7a26401e89b363e52617862e96c9be4fa,2024-07,Surrey Police,Surrey Police,-0.691097,51.362586,On or near Bridge Road,E01030759,Surrey Heath 002C,Shoplifting,Investigation complete; no suspect identified,
7034175efb8a16579441fd729df9d21e9e767de06455dcf5b690ca4bb91414f7,2024-07,Surrey Police,Surrey Police,-0.694615,51.361114,On or near London Road,E01030759,Surrey Heath 002C,Violence and sexual offences,Court result unavailable,
33cf061956eb505d11d68308804c5df0d3847d40f5b7c2d7e7d8bf48becf3e43,2024-07,Surrey Police,Surrey Police,-0.694604,51.362022,On or near Park View,E01030759,Surrey Heath 002C,Violence and sexual offences,Investigation complete; no suspect identified,
b253d072c5346dadc8f9a76ace6ecbfcd8271996357aaaebcecd12d447433d37,2024-07,Surrey Police,Surrey Police,-0.687377,51.360080,On or near Heath Road,E01030759,Surrey Heath 002C,Violence and sexual offences,Unable to prosecute suspect,
ba0402f831a2cdc733737dab469105eb78614a87b4048a86536d042b6e6e3aed,2024-07,Surrey Police,Surrey Police,-0.690491,51.362696,On or near Hart Dene Court,E01030759,Surrey Heath 002C,Violence and sexual offences,Unable to prosecute suspect,
6981c846c02b9b80bf708c0412a26eb49d65998b0994d71bc90eb7968497f7d6,2024-07,Surrey Police,Surrey Police,-0.688438,51.359642,On or near Hamilton Close,E01030759,Surrey Heath 002C,Other crime,Court result unavailable,
,2024-07,Surrey Police,Surrey Police,-0.703718,51.353077,On or near Lupin Close,E01030760,Surrey Heath 002D,Anti-social behaviour,,
,2024-07,Surrey Police,Surrey Police,-0.699107,51.357693,On or near Yaverland Drive,E01030760,Surrey Heath 002D,Anti-social behaviour,,
59ff103d0ad3f021cc7d53b5b75846bf0a70760465e8f47caa1edb7426d170ed,2024-07,Surrey Police,Surrey Police,-0.708864,51.357531,On or near College Ride,E01030760,Surrey Heath 002D,Other theft,Unable to prosecute suspect,
35b436815085e4e25cd67e5419de71cb926ed9e7aba42c4425c3687936a5a5d9,2024-07,Surrey Police,Surrey Police,-0.708864,51.357531,On or near College Ride,E01030760,Surrey Heath 002D,Violence and sexual offences,Unable to prosecute suspect,
a37c785556109289c54f99a6a4db9e0fef4cf1ff9571a365032af16c01937d85,2024-07,Surrey Police,Surrey Police,-0.694876,51.358500,On or near Chantry Road,E01030760,Surrey Heath 002D,Violence and sexual offences,Unable to prosecute suspect,
,2024-07,Surrey Police,Surrey Police,-0.672463,51.344832,On or near Blackthorn Drive,E01030778,Surrey Heath 003A,Anti-social behaviour,,
ad0136c9bd038febcbb7c52168466536402438bea3f3b14c1dfecc440ef3d92e,2024-07,Surrey Police,Surrey Police,-0.679029,51.350679,On or near Badger Drive,E01030778,Surrey Heath 003A,Violence and sexual offences,Action to be taken by another organisation,
9ca45f69e0fe50bf89482b78f03eece3186278f8cc5e0e3a081d95c93d5ffd49,2024-07,Surrey Police,Surrey Police,-0.674766,51.345137,On or near Broom Field,E01030778,Surrey Heath 003A,Violence and sexual offences,Court result unavailable,
2b0eee85b2f0700e1058482406d33a17a9873743c903c792f2174b0231d3161f,2024-07,Surrey Police,Surrey Police,-0.674766,51.345137,On or near Broom Field,E01030778,Surrey Heath 003A,Violence and sexual offences,Unable to prosecute suspect,
72f185d24f84fa51511b98f05801e2bc76b6fd9c76a24b7ace159142207fd8a5,2024-07,Surrey Police,Surrey Police,-0.672861,51.345988,On or near The Orchard,E01030778,Surrey Heath 003A,Violence and sexual offences,Status update unavailable,
,2024-07,Surrey Police,Surrey Police,-0.669037,51.346628,On or near Lightwater Meadow,E01030779,Surrey Heath 003B,Anti-social behaviour,,
,2024-07,Surrey Police,Surrey Police,-0.667653,51.348294,On or near Keswick Drive,E01030779,Surrey Heath 003B,Anti-social behaviour,,
,2024-07,Surrey Police,Surrey Police,-0.675445,51.351475,On or near Mount Pleasant Close,E01030781,Surrey Heath 003D,Anti-social behaviour,,
,2024-07,Surrey Police,Surrey Police,-0.671894,51.353593,On or near Hammond Way,E01030781,Surrey Heath 003D,Anti-social behaviour,,
,2024-07,Surrey Police,Surrey Police,-0.677084,51.354893,On or near South Farm Lane,E01030781,Surrey Heath 003D,Anti-social behaviour,,
a1893d383adedaf8b6de7ac043701e3ee31fb8377442912817b1293dc04af973,2024-07,Surrey Police,Surrey Police,-0.677091,51.352177,On or near The Avenue,E01030781,Surrey Heath 003D,Other theft,Unable to prosecute suspect,
16e2f7ccc6ec53c4de5b3ae57884a943f18c6fe4daf16eee1e9e1538c0a4f0fc,2024-07,Surrey Police,Surrey Police,-0.675973,51.353585,On or near The Close,E01030781,Surrey Heath 003D,Public order,Unable to prosecute suspect,
9feb7fdbcb0485f4a46834fb6b188fb81301a623440ab67a344a9bf57d632aa6,2024-07,Surrey Police,Surrey Police,-0.668599,51.350354,On or near Junction Road,E01030781,Surrey Heath 003D,Violence and sexual offences,Unable to prosecute suspect,
,2024-07,Surrey Police,Surrey Police,-0.726302,51.349135,On or near Hampshire Road,E01030786,Surrey Heath 004A,Anti-social behaviour,,
,2024-07,Surrey Police,Surrey Police,-0.725934,51.349463,On or near Berkshire Road,E01030786,Surrey Heath 004A,Anti-social behaviour,,
,2024-07,Surrey Police,Surrey Police,-0.726302,51.349135,On or near Hampshire Road,E01030786,Surrey Heath 004A,Anti-social behaviour,,
67e9ef804a7c82dbf810dfb32e2107091a3d42c0b6a6065d960ffa59ce84b4a7,2024-07,Surrey Police,Surrey Police,-0.717825,51.347792,On or near Dene Close,E01030786,Surrey Heath 004A,Criminal damage and arson,Investigation complete; no suspect identified,
83acac8925e799fd08919db666007b41bd4013c43826184930a8f0b8c114d6c9,2024-07,Surrey Police,Surrey Police,-0.713828,51.350014,On or near The Maultway North,E01030786,Surrey Heath 004A,Drugs,Local resolution,
908ffa1813449ab1d1e2071238ee235d77b7fa28bdecde5c2b64c8452fb5444e,2024-07,Surrey Police,Surrey Police,-0.722969,51.347138,On or near Caesar'S Camp Road,E01030786,Surrey Heath 004A,Violence and sexual offences,Unable to prosecute suspect,
df55f57e7c703eb767db59cdbbc9acf4074ee4b4262aeef60e08324a8b5697c2,2024-07,Surrey Police,Surrey Police,-0.728021,51.349810,On or near Horseshoe Crescent,E01030786,Surrey Heath 004A,Violence and sexual offences,Status update unavailable,
,2024-07,Surrey Police,Surrey Police,-0.730323,51.348621,On or near Star Post Road,E01030787,Surrey Heath 004B,Anti-social behaviour,,
,2024-07,Surrey Police,Surrey Police,-0.725398,51.347066,On or near Deanside,E01030787,Surrey Heath 004B,Anti-social behaviour,,
2deb024222748ae3d8bb4761490d087897731cee6d37bce05fd295da1b9f532f,2024-07,Surrey Police,Surrey Police,-0.734197,51.349238,On or near Academy Close,E01030787,Surrey Heath 004B,Criminal damage and arson,Unable to prosecute suspect,
7d4ea56c67c6a1f2a9fd3d933bc23eb273c3451dc802280c70dbbe0171fb6e0b,2024-07,Surrey Police,Surrey Police,-0.728475,51.348466,On or near Horseshoe Close,E01030787,Surrey Heath 004B,Criminal damage and arson,Investigation complete; no suspect identified,
e4b3e2ba90b81a93a904de75e0205d00b8d972a614cdde19786d7746073dfaed,2024-07,Surrey Police,Surrey Police,-0.732818,51.348234,On or near Wishmoor Close,E01030787,Surrey Heath 004B,Criminal damage and arson,Court result unavailable,
bc260e493abf1bd6518d2bafa53aaf2db2b2bea2e357c3103b3f621b550ad4e7,2024-07,Surrey Police,Surrey Police,-0.728475,51.348466,On or near Horseshoe Close,E01030787,Surrey Heath 004B,Possession of weapons,Further action is not in the public interest,
744fce31b3d047d71afb12ca757b2b7f584459f4fbad79b28a708f26b76b47f0,2024-07,Surrey Police,Surrey Police,-0.732818,51.348234,On or near Wishmoor Close,E01030787,Surrey Heath 004B,Possession of weapons,Court result unavailable,
4c56fa8ee00044fd08249100c714c9fdc24fa3a40e4c472612973d5462f73bd3,2024-07,Surrey Police,Surrey Police,-0.725398,51.347066,On or near Deanside,E01030787,Surrey Heath 004B,Public order,Unable to prosecute suspect,
d0f0f045f469da607dba1a6369d856c7c77d7684b0e95868ed1ccbfda2d7d7be,2024-07,Surrey Police,Surrey Police,-0.725398,51.347066,On or near Deanside,E01030787,Surrey Heath 004B,Public order,Investigation complete; no suspect identified,
a075ef232093de9decf13d68b3a3fa6c687c8d6a181d20e011c23470833f009e,2024-07,Surrey Police,Surrey Police,-0.731418,51.347958,On or near Wishmoor Road,E01030787,Surrey Heath 004B,Public order,Unable to prosecute suspect,
4bdf6a42df76e724fa903ff8582f25772840b807a9f71d37367efac4bdbe04ab,2024-07,Surrey Police,Surrey Police,-0.725398,51.347066,On or near Deanside,E01030787,Surrey Heath 004B,Shoplifting,Investigation complete; no suspect identified,
83eda9d70bb9d5a17041a45fd08cba6035a774ef25f04d3bc593706d45d7de5f,2024-07,Surrey Police,Surrey Police,-0.725398,51.347066,On or near Deanside,E01030787,Surrey Heath 004B,Violence and sexual offences,Unable to prosecute suspect,
,2024-07,Surrey Police,Surrey Police,-0.723691,51.352667,On or near Parking Area,E01030788,Surrey Heath 004C,Anti-social behaviour,,
a8c191e76ad769ca1b094175cbcad8f2f62e633ee10eb9ca340620e919603828,2024-07,Surrey Police,Surrey Police,-0.721163,51.350643,On or near Kingston Road,E01030788,Surrey Heath 004C,Criminal damage and arson,Unable to prosecute suspect,
199bbc0ca6bb9a8ecdd0c17b34a01f2c23c7682ce13c4632cf7fb535d6ed4d27,2024-07,Surrey Police,Surrey Police,-0.721589,51.351826,On or near Wallington Road,E01030788,Surrey Heath 004C,Other theft,Investigation complete; no suspect identified,
7ba570d6d5923a754740c6723a1548e74abfccf190163b61c596120e1bdbaf00,2024-07,Surrey Police,Surrey Police,-0.722490,51.351971,On or near Bracknell Road,E01030788,Surrey Heath 004C,Public order,Unable to prosecute suspect,
7c0ddb5d79ac3144e84810060bf18db6e517e47e681d626feaf4a8809fdb126e,2024-07,Surrey Police,Surrey Police,-0.722490,51.351971,On or near Bracknell Road,E01030788,Surrey Heath 004C,Violence and sexual offences,Unable to prosecute suspect,
ab12d2f544c510e72d9011c4897ea08f53e80f3737f33f2f1c597ce0b790255e,2024-07,Surrey Police,Surrey Police,-0.717373,51.353677,On or near College Ride,E01030788,Surrey Heath 004C,Violence and sexual offences,Investigation complete; no suspect identified,
4c89999d3b6c13a8ad8a79e8cdf716e83870559ff006f15e7682670f50cb3495,2024-07,Surrey Police,Surrey Police,-0.722490,51.351971,On or near Bracknell Road,E01030788,Surrey Heath 004C,Violence and sexual offences,Unable to prosecute suspect,
c1e066086fc82f2fd71db4e05d5a6349079512f859daf644516461f1a2be3b0b,2024-07,Surrey Police,Surrey Police,-0.721163,51.350643,On or near Kingston Road,E01030788,Surrey Heath 004C,Violence and sexual offences,Unable to prosecute suspect,
7c9adb07f77940d02a613aa06db68b9e696427b52a6bff43c12ef8821a0ef8fa,2024-07,Surrey Police,Surrey Police,-0.721163,51.350643,On or near Kingston Road,E01030788,Surrey Heath 004C,Violence and sexual offences,Unable to prosecute suspect,
52cb0e0e8350b12d5ce5e70e6cb588ef8c39e15414fa9a41826c18305a01d28f,2024-07,Surrey Police,Surrey Police,-0.721163,51.350643,On or near Kingston Road,E01030788,Surrey Heath 004C,Violence and sexual offences,Local resolution,
82c69f9594caa450d418c55577e1d975f04a90b5925a0a37dab9412f17c1c963,2024-07,Surrey Police,Surrey Police,-0.717165,51.350851,On or near Mitcham Road,E01030788,Surrey Heath 004C,Violence and sexual offences,Investigation complete; no suspect identified,
02475b24a18f7492a6bee7b4f9e4330592b3aae90444be3b919da254384a3288,2024-07,Surrey Police,Surrey Police,-0.722490,51.351971,On or near Bracknell Road,E01030788,Surrey Heath 004C,Violence and sexual offences,Offender given a caution,
aad84c467b35be0c07492cb09438cb288d280368c3d1da66168b68942e74d875,2024-07,Surrey Police,Surrey Police,-0.721163,51.350643,On or near Kingston Road,E01030788,Surrey Heath 004C,Violence and sexual offences,Unable to prosecute suspect,
,2024-07,Surrey Police,Surrey Police,-0.742088,51.343730,On or near Old Dean Road,E01030801,Surrey Heath 004D,Anti-social behaviour,,
,2024-07,Surrey Police,Surrey Police,-0.742587,51.343349,On or near Barossa Road,E01030801,Surrey Heath 004D,Anti-social behaviour,,
6e6d5eb65d7e11d0f3a96d995d18984d93bb0145007fbb4a7f9cd2331658dc0f,2024-07,Surrey Police,Surrey Police,-0.744424,51.347577,On or near King'S Ride,E01030801,Surrey Heath 004D,Criminal damage and arson,Unable to prosecute suspect,
4883ef93ffc72447779d930dde5e602d832b02c6d39d416916818f1edee0f32f,2024-07,Surrey Police,Surrey Police,-0.742088,51.343730,On or near Old Dean Road,E01030801,Surrey Heath 004D,Criminal damage and arson,Investigation complete; no suspect identified,
6bb6b7436439fba3e3b492d4622d11ee0076029ebb08ff387eb2bb709537d383,2024-07,Surrey Police,Surrey Police,-0.744424,51.347577,On or near King'S Ride,E01030801,Surrey Heath 004D,Criminal damage and arson,Unable to prosecute suspect,
7b49ecd7d2cf0f617b0eb8399e17d9ac93a23e4e9cd81800e4a87494cc62f0de,2024-07,Surrey Police,Surrey Police,-0.742405,51.341584,On or near York Road,E01030801,Surrey Heath 004D,Criminal damage and arson,Investigation complete; no suspect identified,
58f762739126d1cb2bbec5af53efdaaa470998d9013f698bcead33a7f2bb77dc,2024-07,Surrey Police,Surrey Police,-0.742088,51.343730,On or near Old Dean Road,E01030801,Surrey Heath 004D,Public order,Unable to prosecute suspect,
4cc8c22cbe7c9b2695e0c16b2eeed4605a03152430738b17cea01952f9a7dc4d,2024-07,Surrey Police,Surrey Police,-0.744424,51.347577,On or near King'S Ride,E01030801,Surrey Heath 004D,Violence and sexual offences,Unable to prosecute suspect,
11e3dfbb6149dc0fc6a1f82a992e2ed4ba502a3478ea53f0ef0740c611ac40e6,2024-07,Surrey Police,Surrey Police,-0.744424,51.347577,On or near King'S Ride,E01030801,Surrey Heath 004D,Violence and sexual offences,Unable to prosecute suspect,
5fe24287cdf421500560cfb65b845bcb18801d9d5337392e34762061ef43e450,2024-07,Surrey Police,Surrey Police,-0.747810,51.343459,On or near Old Green Lane,E01030801,Surrey Heath 004D,Violence and sexual offences,Unable to prosecute suspect,
8eb18f3f7944fce43dfebc888d2511c3508a3b90516e020bfc57ec2705270c07,2024-07,Surrey Police,Surrey Police,-0.741319,51.350313,On or near Duke Of Cornwall Avenue,E01030801,Surrey Heath 004D,Violence and sexual offences,Unable to prosecute suspect,
0797f12ea0b920c2d295caf17c65f0d80efa7ff18c13051b40dda08c7fae650f,2024-07,Surrey Police,Surrey Police,-0.737153,51.337841,On or near Barn Close,E01030802,Surrey Heath 004E,Violence and sexual offences,Status update unavailable,
3d8298031754caf32f4e5bd6e0dd48c099b8a9668f2568df70f297ccc5fb9ec4,2024-07,Surrey Police,Surrey Police,-0.712185,51.345617,On or near Ramsay Close,E01030796,Surrey Heath 005A,Violence and sexual offences,Unable to prosecute suspect,
01f6f607a890da954a241949a3bfe2a5e467083b1de9ef9e83c2bb890e1c9e85,2024-07,Surrey Police,Surrey Police,-0.711853,51.344157,On or near Waterloo Close,E01030796,Surrey Heath 005A,Violence and sexual offences,Unable to prosecute suspect,
c2b5e2857474b4ff2610cdc2f390ad848076d2c9fef19e9d38c81733addddaf7,2024-07,Surrey Police,Surrey Police,-0.713719,51.343656,On or near Hillcrest Road,E01030796,Surrey Heath 005A,Violence and sexual offences,Unable to prosecute suspect,
dcbac799eb068b4a21f017f6a0b9bbe2b9cb308abe16ed29c3ec4c4e599558bd,2024-07,Surrey Police,Surrey Police,-0.713719,51.343656,On or near Hillcrest Road,E01030796,Surrey Heath 005A,Violence and sexual offences,Unable to prosecute suspect,
d21b83035e227b5c4999da2f34de213d4ee0057b77cc09261ebb74314a9c338a,2024-07,Surrey Police,Surrey Police,-0.711853,51.344157,On or near Waterloo Close,E01030796,Surrey Heath 005A,Violence and sexual offences,Status update unavailable,
41cf39251c36e77100b96922168c5205a652855863464e9f41cc906a39d61f29,2024-07,Surrey Police,Surrey Police,-0.718713,51.336517,On or near Meadows Drive,E01030796,Surrey Heath 005A,Violence and sexual offences,Unable to prosecute suspect,
24f2c48ea1f4089712be7a66c365f9c46288f1f42756f8c2596e9e35f053ee59,2024-07,Surrey Police,Surrey Police,-0.715299,51.341578,On or near Chatsworth Heights,E01030796,Surrey Heath 005A,Violence and sexual offences,Unable to prosecute suspect,
,2024-07,Surrey Police,Surrey Police,-0.725540,51.344522,On or near Cornwall Close,E01030797,Surrey Heath 005B,Anti-social behaviour,,
,2024-07,Surrey Police,Surrey Police,-0.708324,51.343030,On or near Angers Close,E01030797,Surrey Heath 005B,Anti-social behaviour,,
821db36b14466c15df5f29283738d45fb31c7bd102263d3d65763d0aa42e2536,2024-07,Surrey Police,Surrey Police,-0.708324,51.343030,On or near Angers Close,E01030797,Surrey Heath 005B,Criminal damage and arson,Investigation complete; no suspect identified,
62fab1acf167e0fdd87cf2f47368af2d9d9b544975164b2a33aeeee33ecbf179,2024-07,Surrey Police,Surrey Police,-0.712754,51.348357,On or near Maultway Close,E01030797,Surrey Heath 005B,Shoplifting,Investigation complete; no suspect identified,
c2c46b4c8fced5c9d226d19b7887ee576d624459b2ee62705451c8bd4cbfb06f,2024-07,Surrey Police,Surrey Police,-0.710555,51.347416,On or near Maultway Crescent,E01030797,Surrey Heath 005B,Vehicle crime,Investigation complete; no suspect identified,
,2024-07,Surrey Police,Surrey Police,-0.725887,51.336145,On or near Crawley Wood Close,E01030798,Surrey Heath 005C,Anti-social behaviour,,
52ac07edd0934f4c950293584b3863d7a6c018e442e1520ef7d15435a9bf54c0,2024-07,Surrey Police,Surrey Police,-0.729408,51.342244,On or near Middleton Road,E01030798,Surrey Heath 005C,Other theft,Investigation complete; no suspect identified,
7c6cefa88dbf98d4509cd911a9eec82cdf82d278d5956fa93389103fa49e5f61,2024-07,Surrey Police,Surrey Police,-0.723747,51.337723,On or near Copse End,E01030798,Surrey Heath 005C,Other theft,Investigation complete; no suspect identified,
d65ea03fffe5ce6c4c439d96632c92ac7a5690ee218d3154c44766439dc9f29b,2024-07,Surrey Police,Surrey Police,-0.722254,51.338759,On or near Paddock Close,E01030798,Surrey Heath 005C,Other theft,Investigation complete; no suspect identified,
6c48caafef56f7aeb91d33e85d890b568650ccb403a8f1ae2153812971b3aa45,2024-07,Surrey Police,Surrey Police,-0.725887,51.336145,On or near Crawley Wood Close,E01030798,Surrey Heath 005C,Public order,Investigation complete; no suspect identified,
744b229e4017690733a5e37fc4a9f5696142986d57b21b8e19307001599a9812,2024-07,Surrey Police,Surrey Police,-0.725887,51.336145,On or near Crawley Wood Close,E01030798,Surrey Heath 005C,Violence and sexual offences,Unable to prosecute suspect,
a12365a920ea47445cb1b81a778d8b7a952558c9c5b98c2754e1b77f38fc235d,2024-07,Surrey Police,Surrey Police,-0.729550,51.342821,On or near Amberwood Drive,E01030798,Surrey Heath 005C,Violence and sexual offences,Status update unavailable,
3fbbb0cd41873f7262b4a0b034e4bd42f8e1deb6caf243f791e5fe6f2d862f8c,2024-07,Surrey Police,Surrey Police,-0.724600,51.335466,On or near Stockwood Rise,E01030798,Surrey Heath 005C,Violence and sexual offences,Unable to prosecute suspect,
2e13d6259a3d472e55f42d2e431db1c3626e29838d61c30916c06877c2840c8c,2024-07,Surrey Police,Surrey Police,-0.725887,51.336145,On or near Crawley Wood Close,E01030798,Surrey Heath 005C,Violence and sexual offences,Unable to prosecute suspect,
,2024-07,Surrey Police,Surrey Police,-0.725045,51.333394,On or near Claremont Avenue,E01030799,Surrey Heath 005D,Anti-social behaviour,,
57306edf16617ad2d165b2fddc41b53a51cee1f9a152d2c37032bed3291d54f6,2024-07,Surrey Police,Surrey Police,-0.732768,51.332866,On or near Walker'S Ridge,E01030799,Surrey Heath 005D,Violence and sexual offences,Unable to prosecute suspect,
d57aa42805c13fce399b621549c23164a74fa7bd818b13c4132830a200981041,2024-07,Surrey Police,Surrey Police,-0.732768,51.332866,On or near Walker'S Ridge,E01030799,Surrey Heath 005D,Violence and sexual offences,Unable to prosecute suspect,
078303758187d57d9aaf3de4d5c831a1cec0f0eee3baef2892117e9b2c5a891f,2024-07,Surrey Police,Surrey Police,-0.732768,51.332866,On or near Walker'S Ridge,E01030799,Surrey Heath 005D,Violence and sexual offences,Unable to prosecute suspect,
,2024-07,Surrey Police,Surrey Police,-0.744652,51.338164,On or near Nightclub,E01030800,Surrey Heath 005E,Anti-social behaviour,,
,2024-07,Surrey Police,Surrey Police,-0.744652,51.338164,On or near Nightclub,E01030800,Surrey Heath 005E,Anti-social behaviour,,
,2024-07,Surrey Police,Surrey Police,-0.744624,51.337085,On or near Parking Area,E01030800,Surrey Heath 005E,Anti-social behaviour,,
,2024-07,Surrey Police,Surrey Police,-0.746890,51.336633,On or near Albert Road,E01030800,Surrey Heath 005E,Anti-social behaviour,,
,2024-07,Surrey Police,Surrey Police,-0.745774,51.336504,On or near Pembroke Broadway,E01030800,Surrey Heath 005E,Anti-social behaviour,,
8533fbf4d254ebfa1da181fcc6834255b3ad1181573650bb8061dc2033ee2c59,2024-07,Surrey Police,Surrey Police,-0.743887,51.336232,On or near Camberley,E01030800,Surrey Heath 005E,Bicycle theft,Status update unavailable,
acf3ef9d03ea9016fca92e6a9a610dd94b368517adc12fcac6da79a8fb577485,2024-07,Surrey Police,Surrey Police,-0.743887,51.336232,On or near Camberley,E01030800,Surrey Heath 005E,Criminal damage and arson,Investigation complete; no suspect identified,
af80dab1a74193967f3ea7c2112cb9f625abcfe4c6ccc7819bdcc67b9095bf27,2024-07,Surrey Police,Surrey Police,-0.746890,51.336633,On or near Albert Road,E01030800,Surrey Heath 005E,Criminal damage and arson,Investigation complete; no suspect identified,
bbeec99d667397697e25e880e4c103c845774b705152336a81aede5b89c427ee,2024-07,Surrey Police,Surrey Police,-0.744093,51.337628,On or near High Street,E01030800,Surrey Heath 005E,Criminal damage and arson,Unable to prosecute suspect,
3d6b04193cf9540e7c470fa78e86200525fb49e15b2911e6a21051158f6c1d6e,2024-07,Surrey Police,Surrey Police,-0.745638,51.338876,On or near Obelisk Way,E01030800,Surrey Heath 005E,Other theft,Investigation complete; no suspect identified,
028a120fe7923bc72232ff32b147eafb5564e254886b88cac3f3333de43a8bd2,2024-07,Surrey Police,Surrey Police,-0.744652,51.338164,On or near Nightclub,E01030800,Surrey Heath 005E,Other theft,Unable to prosecute suspect,
74f3ef484e8f0b7aa117506b624b27b44334cb508d24209c24764e58d4da501a,2024-07,Surrey Police,Surrey Police,-0.744652,51.338164,On or near Nightclub,E01030800,Surrey Heath 005E,Other theft,Investigation complete; no suspect identified,
3f49a806c6aa52a6f9a8cdad0be7b945a752453e0cb197986e2580fb36d874a3,2024-07,Surrey Police,Surrey Police,-0.746451,51.339065,On or near Parking Area,E01030800,Surrey Heath 005E,Other theft,Investigation complete; no suspect identified,
0d56762ff050b2c47eea7e9bb5cff0b7538c842f4b29beace4c17277baf946d9,2024-07,Surrey Police,Surrey Police,-0.744624,51.337085,On or near Parking Area,E01030800,Surrey Heath 005E,Possession of weapons,Unable to prosecute suspect,
2ba1d59354994251b0982b56ac5a2348e016dd1b6915cf942e9bb45e073672bf,2024-07,Surrey Police,Surrey Police,-0.744093,51.337628,On or near High Street,E01030800,Surrey Heath 005E,Possession of weapons,Status update unavailable,
42f5ec1119eabcec5cb1f9a285e23ad641bd5f2adee0c6d22fb28bdd5c0b900f,2024-07,Surrey Police,Surrey Police,-0.746451,51.339065,On or near Parking Area,E01030800,Surrey Heath 005E,Public order,Investigation complete; no suspect identified,
1d0ea57821c0e6972ef697f5c63c6baedc21af82ad3a1af3187e3a86ea9afe7a,2024-07,Surrey Police,Surrey Police,-0.746451,51.339065,On or near Parking Area,E01030800,Surrey Heath 005E,Public order,Unable to prosecute suspect,
840bb15760df297b3583544b45db645cbc15d00bcd3ea4bf2fb5a73b1d2045dc,2024-07,Surrey Police,Surrey Police,-0.744624,51.337085,On or near Parking Area,E01030800,Surrey Heath 005E,Public order,Unable to prosecute suspect,
e22723fc1367f368565e8973458a192e97ab620f40d3f7341621b5b18cd62a10,2024-07,Surrey Police,Surrey Police,-0.744624,51.337085,On or near Parking Area,E01030800,Surrey Heath 005E,Shoplifting,Investigation complete; no suspect identified,
c5b91f837adab132471cb7b7229805d11e902fc345e073ddca4558e4e11a5810,2024-07,Surrey Police,Surrey Police,-0.744624,51.337085,On or near Parking Area,E01030800,Surrey Heath 005E,Shoplifting,Court result unavailable,
7141dd06a09b28fcc1fefd251f24b5a217e32dafc96541128a7eddde7cd6b4ef,2024-07,Surrey Police,Surrey Police,-0.746890,51.336633,On or near Albert Road,E01030800,Surrey Heath 005E,Shoplifting,Unable to prosecute suspect,
033970f805a1823b4a892fcb45e7effce5a2c0dde0f8161bb8a538fa421d8018,2024-07,Surrey Police,Surrey Police,-0.744652,51.338164,On or near Nightclub,E01030800,Surrey Heath 005E,Shoplifting,Court result unavailable,
a8e9820cc7bea54cd54bf0d322a949a39e4c80e60c58e15b7e483a0ad900e742,2024-07,Surrey Police,Surrey Police,-0.744652,51.338164,On or near Nightclub,E01030800,Surrey Heath 005E,Theft from the person,Investigation complete; no suspect identified,
3bc52288ea4061d4bc8741e1097eaa45b5025b0b661dcdb348102afe3372e967,2024-07,Surrey Police,Surrey Police,-0.744093,51.337628,On or near High Street,E01030800,Surrey Heath 005E,Theft from the person,Unable to prosecute suspect,
352a8b052c9041ce37e393595763856ec3ce83bba610a768a639fbde90e50e3e,2024-07,Surrey Police,Surrey Police,-0.744652,51.338164,On or near Nightclub,E01030800,Surrey Heath 005E,Violence and sexual offences,Unable to prosecute suspect,
1c4588d39f5e95f3ca9190651bb8c83cc42b3b580908ed6172dcdf5b246884d8,2024-07,Surrey Police,Surrey Police,-0.744624,51.337085,On or near Parking Area,E01030800,Surrey Heath 005E,Violence and sexual offences,Unable to prosecute suspect,
89c7afd772807a8f71fedac946055d28328ba392df437d24fba145a37603d20d,2024-07,Surrey Police,Surrey Police,-0.737399,51.326792,On or near Norwich Avenue,E01030800,Surrey Heath 005E,Violence and sexual offences,Unable to prosecute suspect,
fc2c339fa9e7078a83c94c0d14afd17b07639d1497c964044495718ad214a7b8,2024-07,Surrey Police,Surrey Police,-0.744543,51.334279,On or near Court Gardens,E01030800,Surrey Heath 005E,Violence and sexual offences,Investigation complete; no suspect identified,
c88410ac90c0fb5f2585d7162ccb85e30ea391d0124e34f440148447e3dc68e0,2024-07,Surrey Police,Surrey Police,-0.744093,51.337628,On or near High Street,E01030800,Surrey Heath 005E,Violence and sexual offences,Unable to prosecute suspect,
6df1dc86d316429c39212cc4bff194a3b0b3e8a215efab297c3a098058ba39bd,2024-07,Surrey Police,Surrey Police,-0.745638,51.338876,On or near Obelisk Way,E01030800,Surrey Heath 005E,Violence and sexual offences,Unable to prosecute suspect,
e6b770d84e17983f155cc80b4bc6ed6814533ade5cf7254b145e04cee2656b79,2024-07,Surrey Police,Surrey Police,-0.746451,51.339065,On or near Parking Area,E01030800,Surrey Heath 005E,Violence and sexual offences,Investigation complete; no suspect identified,
328148394fe08f7cec54911253196426a49eb0461999d055e17dc4fe7c204f5b,2024-07,Surrey Police,Surrey Police,-0.744264,51.339230,On or near St George'S Road,E01030800,Surrey Heath 005E,Violence and sexual offences,Unable to prosecute suspect,
2fd2e1e6e303dd6578f3fec46b695673e00ed1e196a4cf14f33e487242ffeb28,2024-07,Surrey Police,Surrey Police,-0.744652,51.338164,On or near Nightclub,E01030800,Surrey Heath 005E,Violence and sexual offences,Status update unavailable,
58ce3a586e78f3f4efc85fabd7980726955ee221296b947988a0dc0795fe5ec6,2024-07,Surrey Police,Surrey Police,-0.744652,51.338164,On or near Nightclub,E01030800,Surrey Heath 005E,Violence and sexual offences,Court result unavailable,
282f5f171803d7da06897b4d7a15c0da7cee220da13bbd2e0d657bcc421c70bb,2024-07,Surrey Police,Surrey Police,-0.744652,51.338164,On or near Nightclub,E01030800,Surrey Heath 005E,Violence and sexual offences,Investigation complete; no suspect identified,
76b004670d6d43425ea4eb8806cd0bcaa199bafeb6fa0281737bfa2dd79564f1,2024-07,Surrey Police,Surrey Police,-0.744652,51.338164,On or near Nightclub,E01030800,Surrey Heath 005E,Violence and sexual offences,Investigation complete; no suspect identified,
1f5332a22e4feb626152cb9dae4fd526bdbb895b05b71b9ec0e9f065f514ca12,2024-07,Surrey Police,Surrey Police,-0.744093,51.337628,On or near High Street,E01030800,Surrey Heath 005E,Violence and sexual offences,Unable to prosecute suspect,
e8b40e621aa1201a05ddd2f70eb3251bdeb7b60bc99d539df683d837c70dacf6,2024-07,Surrey Police,Surrey Police,-0.744652,51.338164,On or near Nightclub,E01030800,Surrey Heath 005E,Violence and sexual offences,Unable to prosecute suspect,
,2024-07,Surrey Police,Surrey Police,-0.637224,51.314951,On or near Park/Open Space,E01030761,Surrey Heath 006A,Anti-social behaviour,,
8b183977f82fcda3b6bf67f7f34e271b48d7346fdd9a7479d6f0575f45d709c2,2024-07,Surrey Police,Surrey Police,-0.633485,51.321499,On or near Wyatt Close,E01030761,Surrey Heath 006A,Criminal damage and arson,Investigation complete; no suspect identified,
3f880654fc9b564422940b036a5f5e346d9308d09e7db8d8e33be72355533ce4,2024-07,Surrey Police,Surrey Police,-0.630668,51.321637,On or near Onslow Place,E01030761,Surrey Heath 006A,Drugs,Court result unavailable,
784ef2a05ed62124e498631f369d438cbe13315794b9d9189cc8f8c9680757c5,2024-07,Surrey Police,Surrey Police,-0.632570,51.319923,On or near Michie Court,E01030761,Surrey Heath 006A,Other theft,Investigation complete; no suspect identified,
b89dc657c9ae0f9494bd76e7c320bc11e7e3bc1ba10acdbc55d3c98d41f7f733,2024-07,Surrey Police,Surrey Police,-0.630254,51.321569,On or near Foxleigh Grange,E01030761,Surrey Heath 006A,Other theft,Investigation complete; no suspect identified,
a679bfd1b87cb5e08c40da70c5d247b4ffe4a31c00f7ed585765191fc1a70cd6,2024-07,Surrey Police,Surrey Police,-0.642779,51.323630,On or near Mainstone Road,E01030761,Surrey Heath 006A,Violence and sexual offences,Unable to prosecute suspect,
8553bdc34f0743d2ab8a5c65bcbb428844541d3e8ab6c31414b80582c7d39b0a,2024-07,Surrey Police,Surrey Police,-0.642779,51.323630,On or near Mainstone Road,E01030761,Surrey Heath 006A,Violence and sexual offences,Unable to prosecute suspect,
8483c10e4b953623a4e724ad37151b2b3002a3d3e3dbbfdac437572285286fed,2024-07,Surrey Police,Surrey Police,-0.634668,51.319831,On or near Chatton Row,E01030761,Surrey Heath 006A,Violence and sexual offences,Unable to prosecute suspect,
ba777f5d549144e57d2cd5d871eb5e7a550cc79cdd543ec4e56072a532264d13,2024-07,Surrey Police,Surrey Police,-0.632777,51.323109,On or near Oakwood Court,E01030761,Surrey Heath 006A,Violence and sexual offences,Awaiting court outcome,
a4836a43a54accd1db86874643925f22d040ea461a3dfb39a1568bb7f161fc6c,2024-07,Surrey Police,Surrey Police,-0.633394,51.319735,On or near Fulton Drive,E01030761,Surrey Heath 006A,Violence and sexual offences,Unable to prosecute suspect,
ec689fc723445b79017090bf094714163fe0b39a8d0ddb242c1861017a43eb92,2024-07,Surrey Police,Surrey Police,-0.630254,51.321569,On or near Foxleigh Grange,E01030761,Surrey Heath 006A,Violence and sexual offences,Local resolution,
c2286e66a2efe1f56ba08ba12d5016d0dcbcd1350f09fd5b5b04b516cacaf7ea,2024-07,Surrey Police,Surrey Police,-0.642779,51.323630,On or near Mainstone Road,E01030761,Surrey Heath 006A,Violence and sexual offences,Unable to prosecute suspect,
6095f88d782573e8a276c1ab45a0b1331e8f94f93cd41332bf580b081dae1db2,2024-07,Surrey Police,Surrey Police,-0.642779,51.323630,On or near Mainstone Road,E01030761,Surrey Heath 006A,Violence and sexual offences,Unable to prosecute suspect,
bb27af75059c7b45cddad2f7e26ffb4fddb167aaabe4f104c178e1122ce79ab6,2024-07,Surrey Police,Surrey Police,-0.642779,51.323630,On or near Mainstone Road,E01030761,Surrey Heath 006A,Violence and sexual offences,Unable to prosecute suspect,
bd5683bf4eb648b66d757201b93e3851a92bc859a563b1d8aa6febb1cacdcab3,2024-07,Surrey Police,Surrey Police,-0.642779,51.323630,On or near Mainstone Road,E01030761,Surrey Heath 006A,Violence and sexual offences,Unable to prosecute suspect,
612699337950e1aa235a500b73430463a0cbc24e53ce8e73708aeac22ed6e17e,2024-07,Surrey Police,Surrey Police,-0.642779,51.323630,On or near Mainstone Road,E01030761,Surrey Heath 006A,Other crime,Status update unavailable,
e4351eb7f108cbf5f7489af98c0c44d8276c225fd092d3f3019e7e0dfe395bb2,2024-07,Surrey Police,Surrey Police,-0.642779,51.323630,On or near Mainstone Road,E01030761,Surrey Heath 006A,Other crime,Status update unavailable,
1ef65683318254724fb95507f49db1e7f7fed2743d29d9daf0439a2be260d89f,2024-07,Surrey Police,Surrey Police,-0.642779,51.323630,On or near Mainstone Road,E01030761,Surrey Heath 006A,Other crime,Unable to prosecute suspect,
f14ad696cb94d98655f4fb71bd76c6eae748f9ddbc1a7c0f8c66a53acb51ab0d,2024-07,Surrey Police,Surrey Police,-0.630668,51.321637,On or near Onslow Place,E01030761,Surrey Heath 006A,Other crime,Court result unavailable,
e06c19479482b2e7a1221907364f6a54b0cad0c8bb82e45ebbab48c10a641b60,2024-07,Surrey Police,Surrey Police,-0.630668,51.321637,On or near Onslow Place,E01030761,Surrey Heath 006A,Other crime,Court result unavailable,
7d40f827529e16d01af1ea8ee1d0b2e1f980bbc25031484c31dfed689de8841f,2024-07,Surrey Police,Surrey Police,-0.642779,51.323630,On or near Mainstone Road,E01030761,Surrey Heath 006A,Other crime,Awaiting court outcome,
,2024-07,Surrey Police,Surrey Police,-0.631011,51.328430,On or near Primrose Drive,E01030762,Surrey Heath 006B,Anti-social behaviour,,
4b12fe2ccc30d4c898c7656b967729a784324c6690588dc8f34334d8253ae31f,2024-07,Surrey Police,Surrey Police,-0.640889,51.324948,On or near Cottesloe Close,E01030762,Surrey Heath 006B,Violence and sexual offences,Status update unavailable,
17545cf27023534be191b6ab90105e9cec4669847526253dbf63ab2776861947,2024-07,Surrey Police,Surrey Police,-0.640889,51.324948,On or near Cottesloe Close,E01030762,Surrey Heath 006B,Violence and sexual offences,Unable to prosecute suspect,
8836b6409003189934e7c028c0272397b5df29555398b9f115565cd82fe774c2,2024-07,Surrey Police,Surrey Police,-0.640889,51.324948,On or near Cottesloe Close,E01030762,Surrey Heath 006B,Other crime,Status update unavailable,
,2024-07,Surrey Police,Surrey Police,-0.645299,51.337948,On or near Prunus Close,E01030806,Surrey Heath 006C,Anti-social behaviour,,
,2024-07,Surrey Police,Surrey Police,-0.645299,51.337948,On or near Prunus Close,E01030806,Surrey Heath 006C,Anti-social behaviour,,
3c0300d0ecb3ef28add312744ab9304a1f2f4dea173e0e0b9d079d15094a3c0d,2024-07,Surrey Police,Surrey Police,-0.650495,51.343844,On or near Red Road,E01030806,Surrey Heath 006C,Public order,Further action is not in the public interest,
69be554ff492e905c22fd5ce3e58c87d3bd2839d88d868ad3cbac75c42885f1a,2024-07,Surrey Police,Surrey Police,-0.650495,51.343844,On or near Red Road,E01030806,Surrey Heath 006C,Violence and sexual offences,Unable to prosecute suspect,
,2024-07,Surrey Police,Surrey Police,-0.643083,51.343012,On or near Church Road,E01030807,Surrey Heath 006D,Anti-social behaviour,,
,2024-07,Surrey Police,Surrey Police,-0.633789,51.334946,On or near Boxwood Grove,E01030807,Surrey Heath 006D,Anti-social behaviour,,
f75759168db185cabd58c1555dbb4d232dc2fbaad192c65c882a32a6e59067d5,2024-07,Surrey Police,Surrey Police,-0.641890,51.340111,On or near Meadow Way,E01030807,Surrey Heath 006D,Criminal damage and arson,Unable to prosecute suspect,
7d7c2fabc4f61194760f088f1a55cb04e04a7be0d54d495bcc32e2d807ef2b1e,2024-07,Surrey Police,Surrey Police,-0.644426,51.344205,On or near Windlesham Road,E01030807,Surrey Heath 006D,Other theft,Status update unavailable,
076ef33b567bce3c0354dbec755f296b3cc9b523722f8e9cefc7a5cabc7c28a7,2024-07,Surrey Police,Surrey Police,-0.635552,51.346629,On or near Bagshot Road,E01030807,Surrey Heath 006D,Violence and sexual offences,Unable to prosecute suspect,
a8adbb8624451f5e7738ec048b1100ed547d7def0364ee9388b8df5b4007257d,2024-07,Surrey Police,Surrey Police,-0.637221,51.336370,On or near Willow Green,E01030808,Surrey Heath 006E,Burglary,Unable to prosecute suspect,
,2024-07,Surrey Police,Surrey Police,-0.698755,51.322476,On or near Myers Way,E01030774,Surrey Heath 007A,Anti-social behaviour,,
,2024-07,Surrey Police,Surrey Police,-0.702546,51.325944,On or near Theobalds Way,E01030774,Surrey Heath 007A,Anti-social behaviour,,
723df6f261c4ab1186a023e8b925d4cc8657dc19631c09429042f83069ff5258,2024-07,Surrey Police,Surrey Police,-0.699504,51.326917,On or near Shildon Close,E01030774,Surrey Heath 007A,Violence and sexual offences,Unable to prosecute suspect,
e401bf0d10f501fc79fca61a446e2ee35921672f231ac6004373499e9f7f4be4,2024-07,Surrey Police,Surrey Police,-0.713493,51.327090,On or near Winding Wood Drive,E01030775,Surrey Heath 007B,Violence and sexual offences,Unable to prosecute suspect,
a57261408b41cc7e332570be9f99ded21e9ec33af1b2e5ce1801707327fc6b24,2024-07,Surrey Police,Surrey Police,-0.713493,51.327090,On or near Winding Wood Drive,E01030775,Surrey Heath 007B,Violence and sexual offences,Unable to prosecute suspect,
918a273c1810cf0d96397f4f3fd26c468b9734755290dd7c4a7cdd6f99ee06a6,2024-07,Surrey Police,Surrey Police,-0.699594,51.334409,On or near Brackenwood,E01030776,Surrey Heath 007C,Violence and sexual offences,Unable to prosecute suspect,
,2024-07,Surrey Police,Surrey Police,-0.702048,51.329355,On or near Parking Area,E01030777,Surrey Heath 007D,Anti-social behaviour,,
bff30aeb458c4ada70084593eed68f934c8b664f941667e402ae9a060ff7ac31,2024-07,Surrey Police,Surrey Police,-0.702048,51.329355,On or near Parking Area,E01030777,Surrey Heath 007D,Criminal damage and arson,Investigation complete; no suspect identified,
96d451b2b4a9b2cb099a4261f42605bd7cd56605b0a5dad4e2d3271773b3382d,2024-07,Surrey Police,Surrey Police,-0.709336,51.331522,On or near Francis Way,E01030777,Surrey Heath 007D,Vehicle crime,Investigation complete; no suspect identified,
,2024-07,Surrey Police,Surrey Police,-0.759884,51.328570,On or near Watchmoor Road,E01030793,Surrey Heath 008A,Anti-social behaviour,,
,2024-07,Surrey Police,Surrey Police,-0.766892,51.334885,On or near The Terrace,E01030793,Surrey Heath 008A,Anti-social behaviour,,
,2024-07,Surrey Police,Surrey Police,-0.758330,51.335622,On or near Chapel Road,E01030793,Surrey Heath 008A,Anti-social behaviour,,
,2024-07,Surrey Police,Surrey Police,-0.757913,51.336732,On or near Osnaburgh Hill,E01030793,Surrey Heath 008A,Anti-social behaviour,,
,2024-07,Surrey Police,Surrey Police,-0.760498,51.334565,On or near Sullivan Road,E01030793,Surrey Heath 008A,Anti-social behaviour,,
60f0ca7dc316e8cb48d85b11d9c4c8de327a47f261b9bd9d150d1c3b93d3d4e7,2024-07,Surrey Police,Surrey Police,-0.760237,51.335705,On or near York Terrace Lane,E01030793,Surrey Heath 008A,Criminal damage and arson,Unable to prosecute suspect,
681202f022742d63f6446732cc7989a0ebe99f65b21049e6fd0219ed94dd821d,2024-07,Surrey Police,Surrey Police,-0.757913,51.336732,On or near Osnaburgh Hill,E01030793,Surrey Heath 008A,Criminal damage and arson,Investigation complete; no suspect identified,
1a07a48db1bb51101801cf85c48a9894fbb8702883c555ef95813b559779b436,2024-07,Surrey Police,Surrey Police,-0.760485,51.330789,On or near Surrey Avenue,E01030793,Surrey Heath 008A,Drugs,Local resolution,
69c115dde516391a87aedb7d40125a5e86ff3c2d6856b23f58edac1295d7a8eb,2024-07,Surrey Police,Surrey Police,-0.760237,51.335705,On or near York Terrace Lane,E01030793,Surrey Heath 008A,Other theft,Investigation complete; no suspect identified,
ca7b031f0bc0370926aa8ddb68706de2ebbb1988695a849c03c6ec1e9d6cbc23,2024-07,Surrey Police,Surrey Police,-0.760107,51.335227,On or near Plantation Row,E01030793,Surrey Heath 008A,Public order,Status update unavailable,
e1bf06d1e12b37e052c3c6500e466b65cf5ba63402c795a0dc6a5d7d229e6405,2024-07,Surrey Police,Surrey Police,-0.765302,51.331001,On or near Doman Road,E01030793,Surrey Heath 008A,Vehicle crime,Investigation complete; no suspect identified,
fc922439cb727dd1e2bac6661d8c47cb51452f16f6c5c292eefc02c4cfd05064,2024-07,Surrey Police,Surrey Police,-0.759769,51.331267,On or near Avenue Sucy,E01030793,Surrey Heath 008A,Violence and sexual offences,Action to be taken by another organisation,
1624d625f288db15dfe4f5b0b15274629dd74ba763457afe35937ded8919f581,2024-07,Surrey Police,Surrey Police,-0.760237,51.335705,On or near York Terrace Lane,E01030793,Surrey Heath 008A,Violence and sexual offences,Status update unavailable,
e630e0c698055f974b890078c2c5dba7af53c193b7156076d158691a4fcb5286,2024-07,Surrey Police,Surrey Police,-0.759745,51.333748,On or near Edward Avenue,E01030793,Surrey Heath 008A,Violence and sexual offences,Unable to prosecute suspect,
3d94f23cc5200a465c76355748a2c1e0df2b3f6aa62684664aedb8696b087ba3,2024-07,Surrey Police,Surrey Police,-0.766892,51.334885,On or near The Terrace,E01030793,Surrey Heath 008A,Violence and sexual offences,Unable to prosecute suspect,
0bcd0263f5f0d1a079e64305d1f76c39654cfd9f5b87f547ab120d76ce5641fb,2024-07,Surrey Police,Surrey Police,-0.760498,51.334565,On or near Sullivan Road,E01030793,Surrey Heath 008A,Violence and sexual offences,Unable to prosecute suspect,
e48fc2644bd2aca54a48664b52cb1090537b32ca4e585a155077c400e05360bd,2024-07,Surrey Police,Surrey Police,-0.760237,51.335705,On or near York Terrace Lane,E01030793,Surrey Heath 008A,Violence and sexual offences,Status update unavailable,
220bf182976c056d9975f1e9aa7735a0cfe780babe8a497b017c5da1b2bcf3e0,2024-07,Surrey Police,Surrey Police,-0.760237,51.335705,On or near York Terrace Lane,E01030793,Surrey Heath 008A,Other crime,Further investigation is not in the public interest,
df1ac22d7b680465cf660ca4a502718e14bdf3800ed5ea08a541e0e577bf5bce,2024-07,Surrey Police,Surrey Police,-0.766892,51.334885,On or near The Terrace,E01030793,Surrey Heath 008A,Other crime,Investigation complete; no suspect identified,
,2024-07,Surrey Police,Surrey Police,-0.758078,51.329019,On or near Sinhurst Road,E01030794,Surrey Heath 008B,Anti-social behaviour,,
afee83f1ff4363888ed147e378551af800314a4e8c859c382b15adcc010a1cab,2024-07,Surrey Police,Surrey Police,-0.759173,51.330469,On or near Southway,E01030794,Surrey Heath 008B,Criminal damage and arson,Investigation complete; no suspect identified,
720b2d2d4686e0b0b648a8ad149d7d88c07a395cdf3f11a21432fc928605593f,2024-07,Surrey Police,Surrey Police,-0.758539,51.331622,On or near Eaton Road,E01030794,Surrey Heath 008B,Public order,Unable to prosecute suspect,
575d2897f113826bb4543b097d7fb8bd952ddeb4822d101807e28de64f511434,2024-07,Surrey Police,Surrey Police,-0.759762,51.333119,On or near Alexandra Avenue,E01030794,Surrey Heath 008B,Violence and sexual offences,Status update unavailable,
a02db392d44ec0d8feca4299d0a19828568236109baff4db3362b888d88cc315,2024-07,Surrey Police,Surrey Police,-0.756318,51.329872,On or near Oakley Road,E01030794,Surrey Heath 008B,Violence and sexual offences,Unable to prosecute suspect,
,2024-07,Surrey Police,Surrey Police,-0.750192,51.338206,On or near Lower Charles Street,E01030795,Surrey Heath 008C,Anti-social behaviour,,
,2024-07,Surrey Police,Surrey Police,-0.750192,51.338206,On or near Lower Charles Street,E01030795,Surrey Heath 008C,Anti-social behaviour,,
,2024-07,Surrey Police,Surrey Police,-0.754392,51.337414,On or near Willington Close,E01030795,Surrey Heath 008C,Anti-social behaviour,,
,2024-07,Surrey Police,Surrey Police,-0.748178,51.337321,On or near St Mary'S Road,E01030795,Surrey Heath 008C,Anti-social behaviour,,
5fea9b574a0cb78e6c2fd21b88e09eddf8a5e5484c306cf9d2d833e1a570a191,2024-07,Surrey Police,Surrey Police,-0.754392,51.337414,On or near Willington Close,E01030795,Surrey Heath 008C,Burglary,Unable to prosecute suspect,
7624a76a4c20af58ccd06838393c0211840d884253364b449d881902c864593c,2024-07,Surrey Police,Surrey Police,-0.751133,51.333693,On or near France Hill Drive,E01030795,Surrey Heath 008C,Burglary,Court result unavailable,
c0b7280e8850c93f7644c3e8b56ee29534c0fa13d6d2c19b5e163e763e3d9196,2024-07,Surrey Police,Surrey Police,-0.750192,51.338206,On or near Lower Charles Street,E01030795,Surrey Heath 008C,Criminal damage and arson,Investigation complete; no suspect identified,
e560bc7a2805a245ffe03ef4c2319ab8d5bb588d4d2907e7ff389446df9aad14,2024-07,Surrey Police,Surrey Police,-0.748178,51.337321,On or near St Mary'S Road,E01030795,Surrey Heath 008C,Drugs,Unable to prosecute suspect,
4eaf9e5661f0aa7a8d3652b074e91d2daa3986d191724dcfa11e256359f984f5,2024-07,Surrey Police,Surrey Police,-0.749268,51.337872,On or near Parking Area,E01030795,Surrey Heath 008C,Other theft,Investigation complete; no suspect identified,
43a50cd6a47c5216c005d15987a79ccd80aad5fc6957805736a9baf87311ea8c,2024-07,Surrey Police,Surrey Police,-0.748598,51.336660,On or near Parking Area,E01030795,Surrey Heath 008C,Other theft,Unable to prosecute suspect,
112123463e2ac1d8be2c508e9e3723ca69a94d915ab8bac4551622dca6b104e2,2024-07,Surrey Police,Surrey Police,-0.748598,51.336660,On or near Parking Area,E01030795,Surrey Heath 008C,Other theft,Unable to prosecute suspect,
434a212928d7d4b4c571c42ea5e46cfd734b17ecee7dae5f7ef23aa9bd820359,2024-07,Surrey Police,Surrey Police,-0.749268,51.337872,On or near Parking Area,E01030795,Surrey Heath 008C,Public order,Investigation complete; no suspect identified,
3e30cde4a6b72e039bf9c8cdf61de4fbe6e678799deb8f9a681c2a7bbde9736c,2024-07,Surrey Police,Surrey Police,-0.748964,51.337292,On or near Shopping Area,E01030795,Surrey Heath 008C,Public order,Investigation complete; no suspect identified,
5f97f5bce0c07b3b77c1f214f2c36f55b4977c53c933c80fbf5fff08ec867d0b,2024-07,Surrey Police,Surrey Police,-0.748178,51.337321,On or near St Mary'S Road,E01030795,Surrey Heath 008C,Shoplifting,Investigation complete; no suspect identified,
cb02ec8bfe13e4a4f0297e5e73325624a9c879438ec2f5a630d654d0d611dd71,2024-07,Surrey Police,Surrey Police,-0.748178,51.337321,On or near St Mary'S Road,E01030795,Surrey Heath 008C,Shoplifting,Further action is not in the public interest,
58ced91b532fc5d6105b2a75b01b0018a1471661be2f683ffd9427e55463f5eb,2024-07,Surrey Police,Surrey Police,-0.748178,51.337321,On or near St Mary'S Road,E01030795,Surrey Heath 008C,Shoplifting,Unable to prosecute suspect,
39c2fe85e5cd4b490ed960319e7edf23dbb5b1aa0a76f2d9fad6bcea7352cd5a,2024-07,Surrey Police,Surrey Police,-0.748178,51.337321,On or near St Mary'S Road,E01030795,Surrey Heath 008C,Shoplifting,Investigation complete; no suspect identified,
776c96c980e0ea0d6410ab15c286ecd2d1382f2f2fcfaf3b415799153866f2d7,2024-07,Surrey Police,Surrey Police,-0.748178,51.337321,On or near St Mary'S Road,E01030795,Surrey Heath 008C,Shoplifting,Investigation complete; no suspect identified,
640b6e6d03a04fb6201dcdc513bc9c74e54fec0260f290a076af4fd49bf426ca,2024-07,Surrey Police,Surrey Police,-0.748178,51.337321,On or near St Mary'S Road,E01030795,Surrey Heath 008C,Shoplifting,Unable to prosecute suspect,
3881e01a6759a0f3d13f470c55e6fc535897e586f9fe1737654d56ed17f97fc6,2024-07,Surrey Police,Surrey Police,-0.748178,51.337321,On or near St Mary'S Road,E01030795,Surrey Heath 008C,Theft from the person,Investigation complete; no suspect identified,
de3f080300ba53ce06aa8313d65b2778ae43c99fbcc47daa3f3f2da6c00c477c,2024-07,Surrey Police,Surrey Police,-0.754335,51.334212,On or near The Avenue,E01030795,Surrey Heath 008C,Vehicle crime,Investigation complete; no suspect identified,
2f984cff17d308cc3375ce1ea6511a72b5c48faf838ca60f728982e6e450fc17,2024-07,Surrey Police,Surrey Police,-0.754140,51.337169,On or near Appley Drive,E01030795,Surrey Heath 008C,Vehicle crime,Unable to prosecute suspect,
36eeffc8a645279972a41f5c1d13c43e3f678eda8f3afaef8115c71277674144,2024-07,Surrey Police,Surrey Police,-0.748598,51.336660,On or near Parking Area,E01030795,Surrey Heath 008C,Violence and sexual offences,Status update unavailable,
732dd414877055a9af03a1e3d7e7389747e53aea8a4c91ca8b8c7658e2c7674b,2024-07,Surrey Police,Surrey Police,-0.748826,51.338290,On or near North Court,E01030795,Surrey Heath 008C,Violence and sexual offences,Investigation complete; no suspect identified,
f54633036a54e1bf3515c58a298797b030f69a603151e35133aad240ce580e0f,2024-07,Surrey Police,Surrey Police,-0.753418,51.332008,On or near Robin'S Bow,E01030795,Surrey Heath 008C,Violence and sexual offences,Unable to prosecute suspect,
a0e57207c5e9ea927a836b0ebd53178532c154376dfb102245c91cbe888abd05,2024-07,Surrey Police,Surrey Police,-0.754335,51.334212,On or near The Avenue,E01030795,Surrey Heath 008C,Violence and sexual offences,Action to be taken by another organisation,
,2024-07,Surrey Police,Surrey Police,-0.758234,51.323256,On or near Parking Area,E01030803,Surrey Heath 008D,Anti-social behaviour,,
,2024-07,Surrey Police,Surrey Police,-0.761863,51.323313,On or near Supermarket,E01030803,Surrey Heath 008D,Anti-social behaviour,,
2631fe8cf80377a6f6c8d0289663482851f3024c68592dc76cf436a8356f5d5b,2024-07,Surrey Police,Surrey Police,-0.755699,51.325720,On or near Wilton Road,E01030803,Surrey Heath 008D,Other theft,Investigation complete; no suspect identified,
ad6a317085f38ed0625e504670b6d9fd7d8ff981c5a2d6a7c55e4ffe0bd3f7af,2024-07,Surrey Police,Surrey Police,-0.751921,51.327946,On or near Belmont Mews,E01030803,Surrey Heath 008D,Other theft,Investigation complete; no suspect identified,
ab834f12c9ac4fb7b074c404cc97265b137845909ecd80f7f311ac04891279cd,2024-07,Surrey Police,Surrey Police,-0.761863,51.323313,On or near Supermarket,E01030803,Surrey Heath 008D,Public order,Investigation complete; no suspect identified,
d68b5059b82f71dff1d580e79a2404e3a0c14979ce5ecbc0829a51a56b7cb92e,2024-07,Surrey Police,Surrey Police,-0.754508,51.327821,On or near Dorcas Court,E01030803,Surrey Heath 008D,Public order,Unable to prosecute suspect,
43dc327075cee63cad90b4871818180f6bd02451840ab1e36f7cf42661eab45e,2024-07,Surrey Police,Surrey Police,-0.752349,51.326979,On or near Blenheim Place,E01030803,Surrey Heath 008D,Public order,Unable to prosecute suspect,
76f4e5bd6661f012d30ef8b44bb29bcec5412a5da2499a74cca827001ec7190e,2024-07,Surrey Police,Surrey Police,-0.753769,51.327552,On or near Parking Area,E01030803,Surrey Heath 008D,Public order,Unable to prosecute suspect,
144c6cdb06a4ee7027507eb78eff16db6656fc99452faff72718275e40211853,2024-07,Surrey Police,Surrey Police,-0.761863,51.323313,On or near Supermarket,E01030803,Surrey Heath 008D,Shoplifting,Unable to prosecute suspect,
cf1a823cb53a8e2d49faf1f5c1e0002a81d1f43264ad2e49f235f9be6006832c,2024-07,Surrey Police,Surrey Police,-0.761863,51.323313,On or near Supermarket,E01030803,Surrey Heath 008D,Shoplifting,Investigation complete; no suspect identified,
866f0d80b264b0309bbdf301adf73520dbf131c1cc4f4ce44cae871fb2dd846f,2024-07,Surrey Police,Surrey Police,-0.755699,51.325720,On or near Wilton Road,E01030803,Surrey Heath 008D,Shoplifting,Investigation complete; no suspect identified,
778d437886b13118f1ddfc4c7a2bca732ffcf4b8c32bb63cad5f019de26fd3d0,2024-07,Surrey Police,Surrey Police,-0.761863,51.323313,On or near Supermarket,E01030803,Surrey Heath 008D,Shoplifting,Court result unavailable,
17bb1664d16a346cacabc049ca6e69bb0c0e9a1d0f13cd1e61b440e4058603d5,2024-07,Surrey Police,Surrey Police,-0.761863,51.323313,On or near Supermarket,E01030803,Surrey Heath 008D,Shoplifting,Unable to prosecute suspect,
0edbbc10e7dc5b1b2e4541c5e1467f7b912abcf1ba45081b630b61199f7632cc,2024-07,Surrey Police,Surrey Police,-0.756507,51.320774,On or near Lea Road,E01030803,Surrey Heath 008D,Violence and sexual offences,Unable to prosecute suspect,
ffb08b3cb5f714d320f83c2d90d3bb58f5fa8257d2b7e220ae857e7135db0b9f,2024-07,Surrey Police,Surrey Police,-0.761863,51.323313,On or near Supermarket,E01030803,Surrey Heath 008D,Violence and sexual offences,Unable to prosecute suspect,
8ef62bfc286e8575d6a3aff3894c9c6fa8ad98c1a0605e29793a1ee96b5b16c6,2024-07,Surrey Police,Surrey Police,-0.754925,51.326719,On or near Hunts Lane,E01030803,Surrey Heath 008D,Violence and sexual offences,Unable to prosecute suspect,
57f396706eb946b2c60d0bcddf8870b224bc507f08b777b1fd73659cf9e63e1e,2024-07,Surrey Police,Surrey Police,-0.761863,51.323313,On or near Supermarket,E01030803,Surrey Heath 008D,Violence and sexual offences,Unable to prosecute suspect,
c81320467e82cf19c19a0c70799c1bc58aefd40df9cce11aa95e4305e9f6eb05,2024-07,Surrey Police,Surrey Police,-0.761863,51.323313,On or near Supermarket,E01030803,Surrey Heath 008D,Violence and sexual offences,Unable to prosecute suspect,
7b4583f2bd3cb9fefee7c4782fa2747c7e43fbf410bab36064e7af84deef70d7,2024-07,Surrey Police,Surrey Police,-0.753769,51.327552,On or near Parking Area,E01030803,Surrey Heath 008D,Violence and sexual offences,Unable to prosecute suspect,
2cb80ad864b78fa99906659197770df72db5ec24f4c7db8821205554f6ed2bd5,2024-07,Surrey Police,Surrey Police,-0.758234,51.323256,On or near Parking Area,E01030803,Surrey Heath 008D,Violence and sexual offences,Investigation complete; no suspect identified,
53b9eba5dccf6efbe0d4aa7765e22d209522265420ae28bf08e5f1440912fc09,2024-07,Surrey Police,Surrey Police,-0.751623,51.325173,On or near Hanbury Way,E01030803,Surrey Heath 008D,Violence and sexual offences,Unable to prosecute suspect,
c42a00880b92940594a090092ee0672f14f09e19f1af8fb8a46f59f102c04d75,2024-07,Surrey Police,Surrey Police,-0.761863,51.323313,On or near Supermarket,E01030803,Surrey Heath 008D,Violence and sexual offences,Unable to prosecute suspect,
91c87ec047c79e3c5e18f51a4745de5748b3553f2a2f917bff2fa21c7403b119,2024-07,Surrey Police,Surrey Police,-0.753726,51.328091,On or near Watchetts Road,E01030803,Surrey Heath 008D,Violence and sexual offences,Unable to prosecute suspect,
,2024-07,Surrey Police,Surrey Police,-0.747693,51.333503,On or near Shelley Court,E01030804,Surrey Heath 008E,Anti-social behaviour,,
fe4296faf9e5533d1a818f7f4433840e6dfb6e9592f49691ebf6db0b7686726a,2024-07,Surrey Police,Surrey Police,-0.745518,51.329065,On or near Park Avenue,E01030804,Surrey Heath 008E,Burglary,Investigation complete; no suspect identified,
ec1b1e55d1115f2b13039f1264f6a5101e43f9cff187f74d5b21b7dfbff168aa,2024-07,Surrey Police,Surrey Police,-0.747693,51.333503,On or near Shelley Court,E01030804,Surrey Heath 008E,Criminal damage and arson,Investigation complete; no suspect identified,
d10888f6af57575d8441200c78bc93c5354d415620e3c256f42350f239c5e2ff,2024-07,Surrey Police,Surrey Police,-0.740990,51.325113,On or near The Pavilions End,E01030804,Surrey Heath 008E,Criminal damage and arson,Investigation complete; no suspect identified,
0a20fe98386097befb39c5e5c35bcee85c2a3a7cdf77cebd6f8bb132567d7884,2024-07,Surrey Police,Surrey Police,-0.747693,51.333503,On or near Shelley Court,E01030804,Surrey Heath 008E,Theft from the person,Investigation complete; no suspect identified,
dbe7d9b7dd01331ee4d6b46fc9af27fcf80036e80d391cb1feb63ed6280dd76b,2024-07,Surrey Police,Surrey Police,-0.745075,51.322675,On or near Park/Open Space,E01030804,Surrey Heath 008E,Violence and sexual offences,Offender given a caution,
47541c0806527f55568e564bbaf1b531568eb74cf73c58daddc3c0eea1065743,2024-07,Surrey Police,Surrey Police,-0.747693,51.333503,On or near Shelley Court,E01030804,Surrey Heath 008E,Violence and sexual offences,Investigation complete; no suspect identified,
,2024-07,Surrey Police,Surrey Police,-0.753668,51.320663,On or near James Road,E01030805,Surrey Heath 008F,Anti-social behaviour,,
,2024-07,Surrey Police,Surrey Police,-0.751955,51.324574,On or near Weller Drive,E01030805,Surrey Heath 008F,Anti-social behaviour,,
,2024-07,Surrey Police,Surrey Police,-0.751955,51.324574,On or near Weller Drive,E01030805,Surrey Heath 008F,Anti-social behaviour,,
,2024-07,Surrey Police,Surrey Police,-0.753668,51.320663,On or near James Road,E01030805,Surrey Heath 008F,Anti-social behaviour,,
,2024-07,Surrey Police,Surrey Police,-0.756012,51.318386,On or near Mayfield Road,E01030805,Surrey Heath 008F,Anti-social behaviour,,
,2024-07,Surrey Police,Surrey Police,-0.757766,51.320913,On or near Rivermead Road,E01030805,Surrey Heath 008F,Anti-social behaviour,,
86e2049feb209f6bd4c60855bed6a2e8c92d4bddd7e1880828c7fcd1f2e2c259,2024-07,Surrey Police,Surrey Police,-0.752606,51.318583,On or near Old Pond Close,E01030805,Surrey Heath 008F,Criminal damage and arson,Further action is not in the public interest,
52ccef153a2231faaaf1c88974e2f4d8dc381d8c3b56f6ba0da82d9067162bd4,2024-07,Surrey Police,Surrey Police,-0.752429,51.324049,On or near Farrell Close,E01030805,Surrey Heath 008F,Criminal damage and arson,Investigation complete; no suspect identified,
6d8dd8f6bac1119e838d2454d71113bbd966b5e95afe1ea1cd71ae864b95c431,2024-07,Surrey Police,Surrey Police,-0.752606,51.318583,On or near Old Pond Close,E01030805,Surrey Heath 008F,Criminal damage and arson,Unable to prosecute suspect,
f7e6c8e0c2d1dd855f78d78ed8d20c157d68fa3a4bf2761ba1f979e2edd363bf,2024-07,Surrey Police,Surrey Police,-0.751955,51.324574,On or near Weller Drive,E01030805,Surrey Heath 008F,Possession of weapons,Unable to prosecute suspect,
97871194c8e4dfb1d5b5e513e7e6966920da445a2ed1c1e3ce70947905442472,2024-07,Surrey Police,Surrey Police,-0.757766,51.320913,On or near Rivermead Road,E01030805,Surrey Heath 008F,Violence and sexual offences,Unable to prosecute suspect,
dae5e002fdd376fec75e389007be0c7316d7ed96650aa18e9aa4af47cdde05a2,2024-07,Surrey Police,Surrey Police,-0.751955,51.324574,On or near Weller Drive,E01030805,Surrey Heath 008F,Violence and sexual offences,Unable to prosecute suspect,
b5c66a09199e495117cbe6c2dc2bf0d1e9643ba8a2e3ac9474e1e3d4536ec7c2,2024-07,Surrey Police,Surrey Police,-0.752606,51.318583,On or near Old Pond Close,E01030805,Surrey Heath 008F,Violence and sexual offences,Unable to prosecute suspect,
8b506c7463b77662dc24a5079ded211ae8e2a560ebc3ad6944acb92a61c60184,2024-07,Surrey Police,Surrey Police,-0.752429,51.324049,On or near Farrell Close,E01030805,Surrey Heath 008F,Violence and sexual offences,Further action is not in the public interest,
4d9682adeb5a159b0d419534b84321af4c8fef3e224fec27c8a69c3218bb2f54,2024-07,Surrey Police,Surrey Police,-0.752606,51.318583,On or near Old Pond Close,E01030805,Surrey Heath 008F,Violence and sexual offences,Unable to prosecute suspect,
c5440c2d826fbb802303cafbda31c9700068051bb9b318809c8bf9a73ceb434b,2024-07,Surrey Police,Surrey Police,-0.756012,51.318386,On or near Mayfield Road,E01030805,Surrey Heath 008F,Violence and sexual offences,Awaiting court outcome,
b31cb5cbb5ae5aa744775ca534347296c279b09df2729a876154c6cf086a6e03,2024-07,Surrey Police,Surrey Police,-0.757766,51.320913,On or near Rivermead Road,E01030805,Surrey Heath 008F,Violence and sexual offences,Unable to prosecute suspect,
1ae5f3deacd8168198c9b0aa40a366953add33d0ee89a6bb7edece5bfc88b76c,2024-07,Surrey Police,Surrey Police,-0.752606,51.318583,On or near Old Pond Close,E01030805,Surrey Heath 008F,Violence and sexual offences,Further action is not in the public interest,
01142859b2db0a9474732e5726fdb35577c2188226af5aca3c5756f48b7e42cb,2024-07,Surrey Police,Surrey Police,-0.751955,51.324574,On or near Weller Drive,E01030805,Surrey Heath 008F,Violence and sexual offences,Unable to prosecute suspect,
,2024-07,Surrey Police,Surrey Police,-0.718285,51.335424,On or near Youlden Close,E01030789,Surrey Heath 009A,Anti-social behaviour,,
88f30a92a1a25210f725c743f2bbf303ca5e11f68bfa2af3fc451761e124aea1,2024-07,Surrey Police,Surrey Police,-0.717361,51.333013,On or near Spring Gardens,E01030789,Surrey Heath 009A,Criminal damage and arson,Unable to prosecute suspect,
,2024-07,Surrey Police,Surrey Police,-0.724714,51.324101,On or near Old Pasture Road,E01030790,Surrey Heath 009B,Anti-social behaviour,,
,2024-07,Surrey Police,Surrey Police,-0.724853,51.322205,On or near Heather Mead,E01030790,Surrey Heath 009B,Anti-social behaviour,,
14f201e93c7302917f7ff921f4a05fe4a232d2ede0a701851a025fd5d5f868cf,2024-07,Surrey Police,Surrey Police,-0.732837,51.326176,On or near Scarlet Oaks,E01030790,Surrey Heath 009B,Criminal damage and arson,Investigation complete; no suspect identified,
55289b21b26e1b45aeb809034c1792f7b414e9f2bdf190a730ccd009fb40f144,2024-07,Surrey Police,Surrey Police,-0.724853,51.322205,On or near Heather Mead,E01030790,Surrey Heath 009B,Drugs,Unable to prosecute suspect,
f4723c37dc070db944179b91e0c355f44b2aaa7900e16d35dc0726b5bb425e56,2024-07,Surrey Police,Surrey Police,-0.732837,51.326176,On or near Scarlet Oaks,E01030790,Surrey Heath 009B,Public order,Unable to prosecute suspect,
6794cd40a2fca6c219d153be37ee8f0d8a862401d945bdb7cb01c19e6c9aa262,2024-07,Surrey Police,Surrey Police,-0.732837,51.326176,On or near Scarlet Oaks,E01030790,Surrey Heath 009B,Public order,Unable to prosecute suspect,
82895a3fb3074c8359e052208c714ffd02e6ecc83dd5af0d36da6ed30e2fff8e,2024-07,Surrey Police,Surrey Police,-0.724853,51.322205,On or near Heather Mead,E01030790,Surrey Heath 009B,Violence and sexual offences,Court result unavailable,
f47eac3eac0c5d9e31a12182e39496796690afe15e941951c03fa97c6a763a9c,2024-07,Surrey Police,Surrey Police,-0.727491,51.322791,On or near Mulgrave Road,E01030790,Surrey Heath 009B,Violence and sexual offences,Investigation complete; no suspect identified,
c3459022765634a7e5b76652990c624cf1455b7e0f34f112c585eaa41a730fee,2024-07,Surrey Police,Surrey Police,-0.724853,51.322205,On or near Heather Mead,E01030790,Surrey Heath 009B,Violence and sexual offences,Unable to prosecute suspect,
e635ea8878b418c33ca486f75a6538b615b57589d2b7c0a775046713990d77c1,2024-07,Surrey Police,Surrey Police,-0.732837,51.326176,On or near Scarlet Oaks,E01030790,Surrey Heath 009B,Violence and sexual offences,Unable to prosecute suspect,
,2024-07,Surrey Police,Surrey Police,-0.730559,51.320837,On or near Chobham Road,E01030791,Surrey Heath 009C,Anti-social behaviour,,
,2024-07,Surrey Police,Surrey Police,-0.730559,51.320837,On or near Chobham Road,E01030791,Surrey Heath 009C,Anti-social behaviour,,
,2024-07,Surrey Police,Surrey Police,-0.735462,51.320495,On or near Montrose Close,E01030791,Surrey Heath 009C,Anti-social behaviour,,
c9df7113c0fdc723fa343d1ed4b4dee04c3e8f4143aec48bbea8f379dc586b8c,2024-07,Surrey Police,Surrey Police,-0.740679,51.321261,On or near High Beeches,E01030791,Surrey Heath 009C,Burglary,Unable to prosecute suspect,
b95ed678c8d62be327560b0bdc2b0729aa605e2f6ade015299548c206907e386,2024-07,Surrey Police,Surrey Police,-0.730504,51.322330,On or near Meadway,E01030791,Surrey Heath 009C,Violence and sexual offences,Further action is not in the public interest,
f9a991e7db596db19098b61299a1b3342a5d498ce52e5b7dc241904445ff5a04,2024-07,Surrey Police,Surrey Police,-0.731244,51.321510,On or near Farm Road,E01030791,Surrey Heath 009C,Violence and sexual offences,Unable to prosecute suspect,
4ac388719a4c64b67fd99919bafcbf650c6e1603c51f8f4b8e4d73c23fb3a662,2024-07,Surrey Police,Surrey Police,-0.732006,51.322508,On or near Lanark Close,E01030791,Surrey Heath 009C,Violence and sexual offences,Unable to prosecute suspect,
1a7fedaf806194d3473ae085466ae78f2771368381a33c0e836204944b23b508,2024-07,Surrey Police,Surrey Police,-0.706057,51.340397,On or near Copped Hall Drive,E01030792,Surrey Heath 009D,Drugs,Status update unavailable,
,2024-07,Surrey Police,Surrey Police,-0.749145,51.312854,On or near Farnborough Road,E01030766,Surrey Heath 010A,Anti-social behaviour,,
,2024-07,Surrey Police,Surrey Police,-0.741130,51.315817,On or near The Cloisters,E01030766,Surrey Heath 010A,Anti-social behaviour,,
,2024-07,Surrey Police,Surrey Police,-0.747581,51.313917,On or near Station Road,E01030766,Surrey Heath 010A,Anti-social behaviour,,
632b4a1b881611ff1184df178438f081ebc5bc7237e79fa55a1786deedf891a5,2024-07,Surrey Police,Surrey Police,-0.739979,51.314330,On or near Apex Drive,E01030766,Surrey Heath 010A,Other theft,Status update unavailable,
9a6a9b9787b98eaebdf3ce9cb4be069d1b74d43f1cb1d7b193f88bb3c9fbc315,2024-07,Surrey Police,Surrey Police,-0.744531,51.314217,On or near Hale Way,E01030766,Surrey Heath 010A,Shoplifting,Investigation complete; no suspect identified,
6c6ae2d55ab5fcf331458cae5a9aa30a63355ee62ea4b924080f5a862f18bdb7,2024-07,Surrey Police,Surrey Police,-0.744531,51.314217,On or near Hale Way,E01030766,Surrey Heath 010A,Shoplifting,Investigation complete; no suspect identified,
9fbfe02814e519f9a2c1bf2b43eaf9b8c3b43976d3b535b04fce0415226dc882,2024-07,Surrey Police,Surrey Police,-0.744531,51.314217,On or near Hale Way,E01030766,Surrey Heath 010A,Shoplifting,Investigation complete; no suspect identified,
b9e626a2165d414be51603870341016d52dd7d5b1ca12b75f3a42a0d0763a8bd,2024-07,Surrey Police,Surrey Police,-0.742972,51.312995,On or near Leonard Close,E01030766,Surrey Heath 010A,Vehicle crime,Investigation complete; no suspect identified,
6b9d609d8316eb450825cc59ab89187f205824813f09755a1004aa88fde00f3e,2024-07,Surrey Police,Surrey Police,-0.742129,51.311799,On or near Trafford Road,E01030766,Surrey Heath 010A,Vehicle crime,Investigation complete; no suspect identified,
b9560707ab5ea25f10af0a65582171332f2aa16573c15efef94928b0351cdedf,2024-07,Surrey Police,Surrey Police,-0.742129,51.311799,On or near Trafford Road,E01030766,Surrey Heath 010A,Vehicle crime,Investigation complete; no suspect identified,
1ee2675b9cec47de28a1c1bedb05b01838ff9f7ba4ffa1ec1b864559a598c88d,2024-07,Surrey Police,Surrey Police,-0.741130,51.315817,On or near The Cloisters,E01030766,Surrey Heath 010A,Violence and sexual offences,Unable to prosecute suspect,
2be3941f471899b0cf9d7afdf12225c9591021340b06daeb583aebab79c7c83a,2024-07,Surrey Police,Surrey Police,-0.744531,51.314217,On or near Hale Way,E01030766,Surrey Heath 010A,Violence and sexual offences,Unable to prosecute suspect,
56d5e6c975bcc801bcf180d5f653883e066b86551f32ad374d52bd622c5eb7aa,2024-07,Surrey Police,Surrey Police,-0.747581,51.313917,On or near Station Road,E01030766,Surrey Heath 010A,Violence and sexual offences,Unable to prosecute suspect,
06f156c5cfa95272cf24e9cca7da4869248aec4889751df6260d747fc1eed4b3,2024-07,Surrey Police,Surrey Police,-0.745964,51.311651,On or near Bridgemead,E01030766,Surrey Heath 010A,Violence and sexual offences,Unable to prosecute suspect,
3538bd6c7be1e9893fce34a0409eac38e7f506b39652db4987bd28ac592473d4,2024-07,Surrey Police,Surrey Police,-0.744880,51.313510,On or near Frimley High Street,E01030766,Surrey Heath 010A,Violence and sexual offences,Investigation complete; no suspect identified,
,2024-07,Surrey Police,Surrey Police,-0.734221,51.315545,On or near Stonehouse Rise,E01030767,Surrey Heath 010B,Anti-social behaviour,,
0245d7ae99cf54611a2ce9d376eb4a1b21a0a61a21f7d2c95f07757ac9d48c36,2024-07,Surrey Police,Surrey Police,-0.735488,51.314344,On or near Ansell Road,E01030767,Surrey Heath 010B,Criminal damage and arson,Unable to prosecute suspect,
3f12cf0226e337484f974c22727c958a1bc846d412e6c7796435ea2c51f8253d,2024-07,Surrey Police,Surrey Police,-0.732987,51.313967,On or near Purley Way,E01030767,Surrey Heath 010B,Other theft,Status update unavailable,
d601188e75803317a85e0ef9e8feeb2be3eeb71fb481d103b6cb1bf6a31f045f,2024-07,Surrey Police,Surrey Police,-0.731915,51.315376,On or near Sturdee Close,E01030767,Surrey Heath 010B,Violence and sexual offences,Unable to prosecute suspect,
a9fbc85938d86406cf21cb349a8b6487b68e50560653b519ebf4b1c0da57dfd9,2024-07,Surrey Police,Surrey Police,-0.737706,51.314045,On or near Bryant Close,E01030767,Surrey Heath 010B,Violence and sexual offences,Investigation complete; no suspect identified,
3e19a8b071f569eed642a593d2a406b30d59d3b71fec1968810f066314173618,2024-07,Surrey Police,Surrey Police,-0.735488,51.314344,On or near Ansell Road,E01030767,Surrey Heath 010B,Violence and sexual offences,Unable to prosecute suspect,
f7d4a3dbf1bd5167d25f39842783d64e0de7da594aa6da63f16221d2d61fcbe9,2024-07,Surrey Police,Surrey Police,-0.735488,51.314344,On or near Ansell Road,E01030767,Surrey Heath 010B,Violence and sexual offences,Unable to prosecute suspect,
fb3c07ce904982d077522b05cdb3dc73c1d229a3e1c9290e37f5222c7dce137e,2024-07,Surrey Police,Surrey Police,-0.737706,51.314045,On or near Bryant Close,E01030767,Surrey Heath 010B,Violence and sexual offences,Status update unavailable,
76a18f9cd248f6351b3b567014148d95af6c24430288ddee4baf4f6aa2c29c4c,2024-07,Surrey Police,Surrey Police,-0.737706,51.314045,On or near Bryant Close,E01030767,Surrey Heath 010B,Violence and sexual offences,Status update unavailable,
,2024-07,Surrey Police,Surrey Police,-0.746362,51.319164,On or near Gilbert Road,E01030768,Surrey Heath 010C,Anti-social behaviour,,
,2024-07,Surrey Police,Surrey Police,-0.746362,51.319164,On or near Gilbert Road,E01030768,Surrey Heath 010C,Anti-social behaviour,,
d65b419edae40bd4f52c35aeb096e584b26b1b5c5046d74cdef2450a8ccd3188,2024-07,Surrey Police,Surrey Police,-0.741174,51.318911,On or near Hospital,E01030768,Surrey Heath 010C,Other theft,Status update unavailable,
d664e25b5dc2d25345fab74db4838b4726d628a2529bfdf21aefb7857b94f39f,2024-07,Surrey Police,Surrey Police,-0.741174,51.318911,On or near Hospital,E01030768,Surrey Heath 010C,Public order,Court result unavailable,
a56d77f8b86f271226c4d9bf1edfae6ec7e5426408763a1501db0ab1d35defdb,2024-07,Surrey Police,Surrey Police,-0.734967,51.316074,On or near Field Lane,E01030768,Surrey Heath 010C,Public order,Unable to prosecute suspect,
3bb07e7833747c9b8f2d474c47366845fe99b3097b2c704b7c47672bcf1ae0a1,2024-07,Surrey Police,Surrey Police,-0.741174,51.318911,On or near Hospital,E01030768,Surrey Heath 010C,Public order,Offender given a caution,
77fcc94f2cb74486607cf570d010fc8781e5e1b793c9d9eff50fe7683b659034,2024-07,Surrey Police,Surrey Police,-0.746362,51.319164,On or near Gilbert Road,E01030768,Surrey Heath 010C,Public order,Offender given a caution,
36a50c6f6ea919bfda18ef2fb8cec5f269ad7d3a36e48fe770aa5102b617ee35,2024-07,Surrey Police,Surrey Police,-0.741174,51.318911,On or near Hospital,E01030768,Surrey Heath 010C,Violence and sexual offences,Unable to prosecute suspect,
f7d14ddf16c54103079830d55e4782b88282bdb5715bab217594d5c7193fe1d9,2024-07,Surrey Police,Surrey Police,-0.741174,51.318911,On or near Hospital,E01030768,Surrey Heath 010C,Violence and sexual offences,Unable to prosecute suspect,
e67937e95a6c8c0a7ef17268c4615a501377b4e2ddbee19de7455ce0d4178f98,2024-07,Surrey Police,Surrey Police,-0.741174,51.318911,On or near Hospital,E01030768,Surrey Heath 010C,Violence and sexual offences,Unable to prosecute suspect,
f8d05de424ec41cdbf892aeddb55ed90612b66b2776fc872bb3373dc1aefe2d5,2024-07,Surrey Police,Surrey Police,-0.746362,51.319164,On or near Gilbert Road,E01030768,Surrey Heath 010C,Violence and sexual offences,Status update unavailable,
3d6348ef3593fa53168914557974f7e6d44fe56688e201bd37b497c68c6c2fa2,2024-07,Surrey Police,Surrey Police,-0.741174,51.318911,On or near Hospital,E01030768,Surrey Heath 010C,Violence and sexual offences,Unable to prosecute suspect,
5093ede4dc5e40159b5e201b7deb7f4c0bafbd6a6227031ca0a1068c417ba0d1,2024-07,Surrey Police,Surrey Police,-0.741174,51.318911,On or near Hospital,E01030768,Surrey Heath 010C,Violence and sexual offences,Status update unavailable,
d3f83378a5d8ea4aca96e5b6d5f4dcb8243ae9defa2b627f05be48ef98cf6fa5,2024-07,Surrey Police,Surrey Police,-0.746362,51.319164,On or near Gilbert Road,E01030768,Surrey Heath 010C,Violence and sexual offences,Unable to prosecute suspect,
,2024-07,Surrey Police,Surrey Police,-0.728640,51.320700,On or near The Mallards,E01030769,Surrey Heath 010D,Anti-social behaviour,,
,2024-07,Surrey Police,Surrey Police,-0.728640,51.320700,On or near The Mallards,E01030769,Surrey Heath 010D,Anti-social behaviour,,
,2024-07,Surrey Police,Surrey Police,-0.730268,51.314738,On or near Tintagel Drive,E01030769,Surrey Heath 010D,Anti-social behaviour,,
763172721c0b2005dde3506b1648e69d07ae0d5f7437fc8cce97426bfcbbb5a6,2024-07,Surrey Police,Surrey Police,-0.730268,51.314738,On or near Tintagel Drive,E01030769,Surrey Heath 010D,Criminal damage and arson,Investigation complete; no suspect identified,
9ab6e52ee0138681bd976016e0ba795464034191b7f30657b90b4767606a1c34,2024-07,Surrey Police,Surrey Police,-0.728126,51.315398,On or near Corfe Gardens,E01030769,Surrey Heath 010D,Criminal damage and arson,Investigation complete; no suspect identified,
f95b909e93d2a895d3a3fde4300fe3b7ec521e36befcca0516d4db6aa6469864,2024-07,Surrey Police,Surrey Police,-0.728640,51.320700,On or near The Mallards,E01030769,Surrey Heath 010D,Other theft,Investigation complete; no suspect identified,
1d9a4f43830696fee37fc00369977302905c96b322bd408bf0232b1313d14f43,2024-07,Surrey Police,Surrey Police,-0.728640,51.320700,On or near The Mallards,E01030769,Surrey Heath 010D,Other theft,Status update unavailable,
44f75c093e5988bbf1df8d09101603a9dc46c3dc670904458099b00ff4337269,2024-07,Surrey Police,Surrey Police,-0.729698,51.314596,On or near Buckingham Way,E01030769,Surrey Heath 010D,Violence and sexual offences,Action to be taken by another organisation,
5f04060a843c5703a97a0dc41b123102f187870be40c6edef870634deba765a4,2024-07,Surrey Police,Surrey Police,-0.724348,51.318657,On or near Kenton Close,E01030769,Surrey Heath 010D,Violence and sexual offences,Status update unavailable,
e53fa32f5c46a82ab57dd38d33d62974a2959ec03d9420ef706244c1de1b6b7d,2024-07,Surrey Police,Surrey Police,-0.724348,51.318657,On or near Kenton Close,E01030769,Surrey Heath 010D,Violence and sexual offences,Unable to prosecute suspect,
c77d41407169a33aa6a5848c993ae46e469ecc538a2f841e8b438a97a617e595,2024-07,Surrey Police,Surrey Police,-0.730409,51.318992,On or near Hawkswood Avenue,E01030769,Surrey Heath 010D,Violence and sexual offences,Investigation complete; no suspect identified,
0eae0e57da3557ae023b399c3a24c5380f6fb91e1b68e9ac870f91c5ed807c56,2024-07,Surrey Police,Surrey Police,-0.728640,51.320700,On or near The Mallards,E01030769,Surrey Heath 010D,Other crime,Investigation complete; no suspect identified,
15fbfd4ebb4f5ee21960ed1e4964d254cdad0928d8d718b8f90c3e4aa1339379,2024-07,Surrey Police,Surrey Police,-0.726528,51.302629,On or near Parking Area,E01030770,Surrey Heath 011A,Other theft,Unable to prosecute suspect,
45ebd44de26e04c60c58e5d7b749690650f98f3ad9915784c591d2053c2a2969,2024-07,Surrey Police,Surrey Police,-0.721701,51.305490,On or near Queensway,E01030770,Surrey Heath 011A,Violence and sexual offences,Unable to prosecute suspect,
,2024-07,Surrey Police,Surrey Police,-0.726126,51.312516,On or near Beaumaris Parade,E01030771,Surrey Heath 011B,Anti-social behaviour,,
d9f46c1a7efe873a42bae4460234caa079f14cf2b9a63ba781e06c937cff91ce,2024-07,Surrey Police,Surrey Police,-0.727722,51.311356,On or near Osborne Close,E01030771,Surrey Heath 011B,Vehicle crime,Investigation complete; no suspect identified,
83660242dcd9fed620000befc6c919b5ebd0ee4cbe0b995f20fd18f4411217b4,2024-07,Surrey Police,Surrey Police,-0.727722,51.311356,On or near Osborne Close,E01030771,Surrey Heath 011B,Violence and sexual offences,Unable to prosecute suspect,
e4d7ca09d8794005eda905e1f6a84103ec12939eba84e908c8b1e8fb9abdad80,2024-07,Surrey Police,Surrey Police,-0.727609,51.306607,On or near Parking Area,E01030772,Surrey Heath 011C,Criminal damage and arson,Investigation complete; no suspect identified,
a844b798a7df5a7181d0bbecf061919efeacaa734310ccdcbb1968c9872e93b2,2024-07,Surrey Police,Surrey Police,-0.729628,51.308823,On or near St Andrew'S Way,E01030772,Surrey Heath 011C,Violence and sexual offences,Unable to prosecute suspect,
de97eb4fb00e44f77c67b545565a86b5bccb5a41e3890ea92c0e34688ab8c22b,2024-07,Surrey Police,Surrey Police,-0.729628,51.308823,On or near St Andrew'S Way,E01030772,Surrey Heath 011C,Violence and sexual offences,Unable to prosecute suspect,
5c15099d9d7376b34d7e7e8f512c85150af12d4393cb4ab1df7a6200f6b811be,2024-07,Surrey Police,Surrey Police,-0.730661,51.305705,On or near Elmcroft Close,E01030772,Surrey Heath 011C,Violence and sexual offences,Investigation complete; no suspect identified,
3d67472b06586099d6698bf42f9fab81629b00f6af0242fd550f0013909cc350,2024-07,Surrey Police,Surrey Police,-0.730661,51.305705,On or near Elmcroft Close,E01030772,Surrey Heath 011C,Violence and sexual offences,Investigation complete; no suspect identified,
1d5974f8fb4eb9f85e390a44f76781ea96fb648bcfe2fbcf083a946da473a8d0,2024-07,Surrey Police,Surrey Police,-0.727537,51.302731,On or near Petrol Station,E01030773,Surrey Heath 011D,Other theft,Unable to prosecute suspect,
6f90e09107a5de0bde6d0d444de988b3eec3d030415e2ffafa198c8a512393fb,2024-07,Surrey Police,Surrey Police,-0.727537,51.302731,On or near Petrol Station,E01030773,Surrey Heath 011D,Other theft,Unable to prosecute suspect,
7ef48d52c8ec4a4d52e572dc7afd32d007df895b7f09dc13c2a6bc07837635e5,2024-07,Surrey Police,Surrey Police,-0.726702,51.303620,On or near Buckhurst Road,E01030773,Surrey Heath 011D,Other theft,Unable to prosecute suspect,
ef5f0edd2654e002e0b86227a128e7a0c89850adb92f70afe24a74cc193f015e,2024-07,Surrey Police,Surrey Police,-0.731739,51.305617,On or near Kingsmead,E01030773,Surrey Heath 011D,Violence and sexual offences,Unable to prosecute suspect,
,2024-07,Surrey Police,Surrey Police,-0.732998,51.293267,On or near Willow Close,E01030782,Surrey Heath 012A,Anti-social behaviour,,
8ce64ddf33279b202eafec6b9f226b15a399149c1ac612da79c81ec8fd626530,2024-07,Surrey Police,Surrey Police,-0.725422,51.294407,On or near Wittmead Road,E01030782,Surrey Heath 012A,Public order,Unable to prosecute suspect,
a1e2958b5546979bd18f65e0afc6625a4323189cfb336b620a15c7101cb07a99,2024-07,Surrey Police,Surrey Police,-0.723448,51.293693,On or near Thornyhurst Road,E01030782,Surrey Heath 012A,Violence and sexual offences,Unable to prosecute suspect,
e6fe91a2d3890d06896e88f7180c778555ff371a6cb318a605251082706b3e49,2024-07,Surrey Police,Surrey Police,-0.727372,51.296002,On or near B3411,E01030782,Surrey Heath 012A,Violence and sexual offences,Awaiting court outcome,
25f58691cfafd9fcd4333ef309d7edbfd02cebab2eca5cb1b91e4b245290febf,2024-07,Surrey Police,Surrey Police,-0.727372,51.296002,On or near B3411,E01030782,Surrey Heath 012A,Violence and sexual offences,Awaiting court outcome,
99a279e99489687948006abe726269bb73a1973d1da37514fb9f1816cf03e720,2024-07,Surrey Police,Surrey Police,-0.725422,51.294407,On or near Wittmead Road,E01030782,Surrey Heath 012A,Violence and sexual offences,Unable to prosecute suspect,
d6d38dd80fa76b8590f606cbb6cb2e7ddcfc7b5e12722d215b4b54ae91d98ccb,2024-07,Surrey Police,Surrey Police,-0.727372,51.296002,On or near B3411,E01030782,Surrey Heath 012A,Violence and sexual offences,Awaiting court outcome,
,2024-07,Surrey Police,Surrey Police,-0.722797,51.289757,On or near Lynwood Drive,E01030783,Surrey Heath 012B,Anti-social behaviour,,
,2024-07,Surrey Police,Surrey Police,-0.719827,51.287233,On or near Mytchett Heath,E01030783,Surrey Heath 012B,Anti-social behaviour,,
385500f8360166fe8ebd619d3308c54052aa2c4b39d562990cd0a1175dc00ef8,2024-07,Surrey Police,Surrey Police,-0.728666,51.288607,On or near The Lindens,E01030783,Surrey Heath 012B,Violence and sexual offences,Unable to prosecute suspect,
,2024-07,Surrey Police,Surrey Police,-0.693730,51.311917,On or near Alma Gardens,E01030784,Surrey Heath 012C,Anti-social behaviour,,
,2024-07,Surrey Police,Surrey Police,-0.690616,51.312449,On or near Dettingen Road,E01030784,Surrey Heath 012C,Anti-social behaviour,,
,2024-07,Surrey Police,Surrey Police,-0.703480,51.303995,On or near Brunswick Road,E01030784,Surrey Heath 012C,Anti-social behaviour,,
fac0dc064882b4fc317ab7aa4d94510c01bd5dcc7f04c05b1e4c07d1f350fa42,2024-07,Surrey Police,Surrey Police,-0.706944,51.303755,On or near Thornycroft Avenue,E01030784,Surrey Heath 012C,Burglary,Unable to prosecute suspect,
f8848ccefdbff0477c082916b7f7576c4020129d51481259bf049644bda9b492,2024-07,Surrey Police,Surrey Police,-0.705128,51.307628,On or near Alfriston Road,E01030784,Surrey Heath 012C,Vehicle crime,Investigation complete; no suspect identified,
36cb79224de88a046dd86ad53964676aca6197e21ddd6fd8da87d338230d09a9,2024-07,Surrey Police,Surrey Police,-0.703480,51.303995,On or near Brunswick Road,E01030784,Surrey Heath 012C,Violence and sexual offences,Unable to prosecute suspect,
b70981a3f8a65085b76160f27ce327e5fd2c20fa5f4c1783c439fe453c7ce130,2024-07,Surrey Police,Surrey Police,-0.703889,51.303235,On or near Ridges Rise,E01030784,Surrey Heath 012C,Violence and sexual offences,Status update unavailable,
276cfbd727e2d12d0eb8336696b168e4995ced103f174f59be28ba405d8b62bc,2024-07,Surrey Police,Surrey Police,-0.693730,51.311917,On or near Alma Gardens,E01030784,Surrey Heath 012C,Violence and sexual offences,Unable to prosecute suspect,
022f5ea3b2b18158fd55c3a58da475093978eded514668679a0894ed15de3a83,2024-07,Surrey Police,Surrey Police,-0.706664,51.303014,On or near Bourne Grove,E01030784,Surrey Heath 012C,Violence and sexual offences,Status update unavailable,
1463bc31315cb2a1ec4770033246c082ea582f6d02c64137b7d9c4c762d4d4f7,2024-07,Surrey Police,Surrey Police,-0.706944,51.303755,On or near Thornycroft Avenue,E01030784,Surrey Heath 012C,Violence and sexual offences,Unable to prosecute suspect,
12ce9a40f0650c0335b4840574ae479f1107c05e1b96f56962bb2143972781ba,2024-07,Surrey Police,Surrey Police,-0.705961,51.304023,On or near Huntspill Drive,E01030784,Surrey Heath 012C,Violence and sexual offences,Unable to prosecute suspect,
998e5ac721d44ef034a8ad439f49da8f39d480c9a8ed61d6e8fda9d2e755ca56,2024-07,Surrey Police,Surrey Police,-0.724038,51.281219,On or near Drake Avenue,E01030785,Surrey Heath 012D,Criminal damage and arson,Unable to prosecute suspect,
a0922b5b9785bca2671f33aeb9035ed0583e65832ed2077a09badc15b36b62cb,2024-07,Surrey Police,Surrey Police,-0.727289,51.283412,On or near Lake Avenue,E01030785,Surrey Heath 012D,Criminal damage and arson,Unable to prosecute suspect,
29c255defb1a8739d9c9ed8ad629c32ccfa2c4bfce09856d22aa45a78c19389a,2024-07,Surrey Police,Surrey Police,-0.724187,51.284637,On or near Hazel Road,E01030785,Surrey Heath 012D,Other theft,Investigation complete; no suspect identified,
bafe0168ea534cd829c216e1fe72e0746a716958b4a85d1e72c49d00373152de,2024-07,Surrey Police,Surrey Police,-0.727289,51.283412,On or near Lake Avenue,E01030785,Surrey Heath 012D,Violence and sexual offences,Status update unavailable,
c7c8f15eb56984550cb9f58faceb5662faf08f5f510bfce91deb49fbe616417f,2024-07,Surrey Police,Surrey Police,-0.727289,51.283412,On or near Lake Avenue,E01030785,Surrey Heath 012D,Violence and sexual offences,Unable to prosecute suspect,
55b6253c798ab933f7aa40ddfcac96dad3a1140ad53074587b676491278e27f0,2024-07,Surrey Police,Surrey Police,-0.727289,51.283412,On or near Lake Avenue,E01030785,Surrey Heath 012D,Violence and sexual offences,Status update unavailable,
e1ee7ae733cbd9735c38f9c2901dac64a01c3c597fbf58e98997594b22801184,2024-07,Surrey Police,Surrey Police,-0.235292,51.366013,On or near Chadacre Road,E01004116,Sutton 008A,Burglary,Investigation complete; no suspect identified,
f959eff251035854662ee4bc84188770159c8f587786d35e6c191410bbad32b6,2024-07,Surrey Police,Surrey Police,-0.222233,51.356005,On or near Roberts Close,E01004112,Sutton 016C,Violence and sexual offences,Investigation complete; no suspect identified,
39c2e72ac79a6b70702605550e4493ca4d085e45c1c64b7d216c5efbfeb72f19,2024-07,Surrey Police,Surrey Police,-0.067333,51.301024,On or near Succombs Place,E01030855,Tandridge 002A,Criminal damage and arson,Unable to prosecute suspect,
334e5b2527bf4bdcb80323f8b0f069147eda43b84de8cff6b15ff8d020949195,2024-07,Surrey Police,Surrey Police,-0.063382,51.303899,On or near Old Westhall Close,E01030855,Tandridge 002A,Other theft,Investigation complete; no suspect identified,
b804ffce6a21bac51dab3add53379641cadc32de5883cd39ea34ae9444d9b60b,2024-07,Surrey Police,Surrey Police,-0.072787,51.308488,On or near Oakley Road,E01030855,Tandridge 002A,Other theft,Investigation complete; no suspect identified,
705462cd31814966a34de1b4a3bee987b3b1cbb3fd845d6b02943eae1c50a9bf,2024-07,Surrey Police,Surrey Police,-0.060763,51.301365,On or near Homefield Road,E01030855,Tandridge 002A,Violence and sexual offences,Unable to prosecute suspect,
163e3fe586e81e4b0d7d2384bd05e6c7748cf29255880d77bc81ad547caf9f2e,2024-07,Surrey Police,Surrey Police,-0.065163,51.302823,On or near Narrow Lane,E01030855,Tandridge 002A,Violence and sexual offences,Status update unavailable,
90eb87e1aee4e5246db953f500c1df78299c460613fd99731126f3cbafd317ad,2024-07,Surrey Police,Surrey Police,-0.063135,51.302600,On or near Westhall Park,E01030855,Tandridge 002A,Other crime,Investigation complete; no suspect identified,
0c904ffe7921884edaef024f9aaab445edf542aa45690334d74bc89f73b17fbb,2024-07,Surrey Police,Surrey Police,-0.067177,51.318728,On or near Tithepit Shaw Lane,E01030856,Tandridge 002B,Public order,Action to be taken by another organisation,
4b332b05ecbbe3e4c8da51eb1a44b64bf2c8476f8e33126ed1747e79c18b6e02,2024-07,Surrey Police,Surrey Police,-0.070630,51.315107,On or near Tithepit Shaw Lane,E01030856,Tandridge 002B,Violence and sexual offences,Action to be taken by another organisation,
2bddd12c834aa30064e259833d7c6fa33e50867b1e4521ddca8fd148f39186b2,2024-07,Surrey Police,Surrey Police,-0.064054,51.307355,On or near Hillbury Close,E01030856,Tandridge 002B,Violence and sexual offences,Unable to prosecute suspect,
0b8b5fed0c8767397be6153a50976e8a5fb2d97dbb404ac12feef2a004dd2d96,2024-07,Surrey Police,Surrey Police,-0.064054,51.307355,On or near Hillbury Close,E01030856,Tandridge 002B,Other crime,Unable to prosecute suspect,
,2024-07,Surrey Police,Surrey Police,-0.078704,51.306652,On or near Godstone Road,E01030859,Tandridge 002C,Anti-social behaviour,,
,2024-07,Surrey Police,Surrey Police,-0.078704,51.306652,On or near Godstone Road,E01030859,Tandridge 002C,Anti-social behaviour,,
4fa327a662454cef5f7c8f794d2c9fbf7997f5d220058feef625c35051d781a2,2024-07,Surrey Police,Surrey Police,-0.084565,51.308187,On or near Whytebeam View,E01030859,Tandridge 002C,Burglary,Unable to prosecute suspect,
2be6bcdc8618036de0ea7557d8c2d104270a5abcd7a4f83b0a98fa13fa5fee9e,2024-07,Surrey Police,Surrey Police,-0.080287,51.308584,On or near Flint Place,E01030859,Tandridge 002C,Burglary,Unable to prosecute suspect,
b7fc7ea9c0e10e127f939bfc809246e8114db9b88669716ac4e40a2c0f8166a8,2024-07,Surrey Police,Surrey Police,-0.078704,51.306652,On or near Godstone Road,E01030859,Tandridge 002C,Criminal damage and arson,Unable to prosecute suspect,
4529b5d6b4d9b240677d9e5c8952a7a253d9022141bd298f0ac56cc238dfff7d,2024-07,Surrey Police,Surrey Police,-0.072693,51.297380,On or near Parking Area,E01030859,Tandridge 002C,Drugs,Investigation complete; no suspect identified,
b23a5232532addf0a88cc174af237e7697997c455a827bf1772a8b90474980f1,2024-07,Surrey Police,Surrey Police,-0.085521,51.301773,On or near Torwood Lane,E01030859,Tandridge 002C,Other theft,Investigation complete; no suspect identified,
078c2a9805df32e33ee644968e573e0a072a7b95df7b0903f5ef2b90f62fd185,2024-07,Surrey Police,Surrey Police,-0.064776,51.297690,On or near Stuart Road,E01030859,Tandridge 002C,Public order,Unable to prosecute suspect,
b2c6912a3085b922037b283d293b706236110a1189925a2cd5819702374983ff,2024-07,Surrey Police,Surrey Police,-0.078971,51.307475,On or near Bournefield Road,E01030859,Tandridge 002C,Public order,Unable to prosecute suspect,
002a5324ae775c2c20ef1188e9da199f514ac3456528ca2c2b2008bd03840c0e,2024-07,Surrey Police,Surrey Police,-0.077375,51.304103,On or near Petrol Station,E01030859,Tandridge 002C,Public order,Investigation complete; no suspect identified,
fdb194ef19ea5785d1daf19f21d4e49ab6dd967c34e57b19b5ba4564bb7e5468,2024-07,Surrey Police,Surrey Police,-0.080287,51.308584,On or near Flint Place,E01030859,Tandridge 002C,Public order,Court result unavailable,
ee777995bbe4dbc7501fcad8c8be264ec2cd687c254cc23ae6d06b07f66da464,2024-07,Surrey Police,Surrey Police,-0.078704,51.306652,On or near Godstone Road,E01030859,Tandridge 002C,Vehicle crime,Investigation complete; no suspect identified,
ba1fd8a4df37e97c2441f20225f33743573ab97ed5b186d2d3e544cc4c0f25fe,2024-07,Surrey Police,Surrey Police,-0.077228,51.302473,On or near The Avenue,E01030859,Tandridge 002C,Violence and sexual offences,Unable to prosecute suspect,
e48725f53e1658822f9d6dbee45f886858341f087493636174a171de57bd6b70,2024-07,Surrey Police,Surrey Police,-0.077375,51.304103,On or near Petrol Station,E01030859,Tandridge 002C,Violence and sexual offences,Unable to prosecute suspect,
a811ce0ab864692d50000d7e765eea4a5d4a14e5a88ca051addbfe28d1d103f1,2024-07,Surrey Police,Surrey Police,-0.073710,51.302217,On or near Well Farm Road,E01030859,Tandridge 002C,Violence and sexual offences,Unable to prosecute suspect,
afcc4684fc2d3850f3881da4e8c094266acaad1a76e4f2b1a453826e00171784,2024-07,Surrey Police,Surrey Police,-0.078971,51.307475,On or near Bournefield Road,E01030859,Tandridge 002C,Violence and sexual offences,Unable to prosecute suspect,
b2b3aede32f74cbc68bdf42014be87a0350b7935c7950109ddf98f1bcfdb9da8,2024-07,Surrey Police,Surrey Police,-0.077228,51.302473,On or near The Avenue,E01030859,Tandridge 002C,Violence and sexual offences,Unable to prosecute suspect,
,2024-07,Surrey Police,Surrey Police,-0.080300,51.308971,On or near St Luke'S Road,E01035363,Tandridge 002E,Anti-social behaviour,,
c1bf4caadb73499e39ff85111afeb6d3226ce2bc863999de056ec98558b6af99,2024-07,Surrey Police,Surrey Police,-0.079856,51.312390,On or near Maple Close,E01035363,Tandridge 002E,Shoplifting,Unable to prosecute suspect,
,2024-07,Surrey Police,Surrey Police,-0.079043,51.308492,On or near Station Road,E01035364,Tandridge 002F,Anti-social behaviour,,
,2024-07,Surrey Police,Surrey Police,-0.077831,51.308661,On or near Upper Warlingham,E01035364,Tandridge 002F,Anti-social behaviour,,
,2024-07,Surrey Police,Surrey Police,-0.079595,51.308672,On or near Parking Area,E01035364,Tandridge 002F,Anti-social behaviour,,
,2024-07,Surrey Police,Surrey Police,-0.078293,51.307212,On or near Edgeworth Close,E01035364,Tandridge 002F,Anti-social behaviour,,
,2024-07,Surrey Police,Surrey Police,-0.078293,51.307212,On or near Edgeworth Close,E01035364,Tandridge 002F,Anti-social behaviour,,
0ee8622815976232a0b929c6de6922e69b6617afba44dc9bfb4ef32ed29b2b73,2024-07,Surrey Police,Surrey Police,-0.077209,51.306034,On or near Hillside Road,E01035364,Tandridge 002F,Criminal damage and arson,Investigation complete; no suspect identified,
d548144769cf6c44a20155e5dfa90f63cfc1cd70cee1f0242144d4775716a04f,2024-07,Surrey Police,Surrey Police,-0.077831,51.308661,On or near Upper Warlingham,E01035364,Tandridge 002F,Criminal damage and arson,Investigation complete; no suspect identified,
87593d80577a702f242c9e30b0412ded5919d3b15d648484a5ad23553519a78a,2024-07,Surrey Police,Surrey Police,-0.077209,51.306034,On or near Hillside Road,E01035364,Tandridge 002F,Criminal damage and arson,Unable to prosecute suspect,
1ba807f0d77758d9cca5c87a458aecc137e8ccdb91ba610696a241fd38aaf5da,2024-07,Surrey Police,Surrey Police,-0.079151,51.308997,On or near West View Avenue,E01035364,Tandridge 002F,Drugs,Investigation complete; no suspect identified,
45e846d0863e29ad4087e4527eed56e2961b03640ea29f7fa9bd1fdccff6ae6f,2024-07,Surrey Police,Surrey Police,-0.079043,51.308492,On or near Station Road,E01035364,Tandridge 002F,Public order,Investigation complete; no suspect identified,
db28dc9d0c94bd014125c7fb1efbdf0819ba7e945270e33291758178fb61a7d2,2024-07,Surrey Police,Surrey Police,-0.074500,51.305962,On or near Hillside Road,E01035364,Tandridge 002F,Vehicle crime,Status update unavailable,
03fc304aeded25903f69738dcf5c9f951eab24d6c5590a71b3ed749193542a92,2024-07,Surrey Police,Surrey Police,-0.075402,51.306346,On or near Alpha Court,E01035364,Tandridge 002F,Vehicle crime,Investigation complete; no suspect identified,
08e8c11e1dd45e3a860ad75823aeccd25237f18748f92056ff118ea282f7c62e,2024-07,Surrey Police,Surrey Police,-0.078293,51.307212,On or near Edgeworth Close,E01035364,Tandridge 002F,Violence and sexual offences,Unable to prosecute suspect,
0060e4870a6ab98e6164b294619e1b9136af07b075837ac223378f9625479fc4,2024-07,Surrey Police,Surrey Police,-0.076799,51.310676,On or near Parking Area,E01035364,Tandridge 002F,Violence and sexual offences,Unable to prosecute suspect,
7487ee3d2d91158da6b234ab0232088ef18a0938891e9ff107283190c78f04a7,2024-07,Surrey Police,Surrey Police,-0.077209,51.306034,On or near Hillside Road,E01035364,Tandridge 002F,Violence and sexual offences,Unable to prosecute suspect,
b1ebe21eab4e84091f7a90d20e3b527abc8f85019161e7ca2878da48866273d0,2024-07,Surrey Police,Surrey Police,-0.079043,51.308492,On or near Station Road,E01035364,Tandridge 002F,Violence and sexual offences,Unable to prosecute suspect,
06c4e3181bab507d46e87e64d0017792efc838bdeed2f7772ee96152564b7ad4,2024-07,Surrey Police,Surrey Police,-0.092860,51.298457,On or near Hillhurst Gardens,E01030844,Tandridge 003A,Other theft,Unable to prosecute suspect,
f971aa1f58eb0b5a3ec09d75ca87e9565ceefdce708fa7f8ff1031053e1d53fe,2024-07,Surrey Police,Surrey Police,-0.093381,51.299392,On or near Halton Road,E01030844,Tandridge 003A,Public order,Unable to prosecute suspect,
4d739fd78e05776cb6f3c3c25ea53e6da69487bd72f9a732f8301af2b18162e5,2024-07,Surrey Police,Surrey Police,-0.097341,51.294843,On or near Gordon Road,E01030844,Tandridge 003A,Violence and sexual offences,Unable to prosecute suspect,
777d581218a599072a98b0e5e5358f5b4b39f92fa1b008498d0ef4e0c63d8fb2,2024-07,Surrey Police,Surrey Police,-0.092860,51.298457,On or near Hillhurst Gardens,E01030844,Tandridge 003A,Violence and sexual offences,Unable to prosecute suspect,
ec51ec59dae4c1ffc62db0bf6831511c4a32065c11bc0005ceee84403aeb6b14,2024-07,Surrey Police,Surrey Police,-0.092983,51.295150,On or near Foxon Lane Gardens,E01030844,Tandridge 003A,Violence and sexual offences,Unable to prosecute suspect,
8282af3189cf2c416aad10509cc8b0949d02f34971355843352acc9b85764182,2024-07,Surrey Police,Surrey Police,-0.094143,51.299332,On or near Halton Road,E01030844,Tandridge 003A,Violence and sexual offences,Unable to prosecute suspect,
00618c755cb9b77b1c250847932b59cf87c1ceedd8e0e4578b38a8506415d193,2024-07,Surrey Police,Surrey Police,-0.099549,51.294177,On or near Campbell Road,E01030845,Tandridge 003B,Criminal damage and arson,Investigation complete; no suspect identified,
319515a26cf004f4dceb2270a2897ab22aadce0886ad86738fb6d0decc81a143,2024-07,Surrey Police,Surrey Police,-0.097703,51.291647,On or near Addison Close,E01030845,Tandridge 003B,Violence and sexual offences,Unable to prosecute suspect,
,2024-07,Surrey Police,Surrey Police,-0.091459,51.294882,On or near Buxton Lane,E01030846,Tandridge 003C,Anti-social behaviour,,
41e5207305be61b99132134ab91ee9bd96cd833aa2c7c11abff34fc092fe1227,2024-07,Surrey Police,Surrey Police,-0.091870,51.297757,On or near Rosebriars,E01030846,Tandridge 003C,Criminal damage and arson,Investigation complete; no suspect identified,
3c1597be6b062c3666a3814a6efecaa20bacedc7d6b3351cb734ef4a4ae41181,2024-07,Surrey Police,Surrey Police,-0.087532,51.297570,On or near Alders Grove,E01030846,Tandridge 003C,Other theft,Investigation complete; no suspect identified,
de4bdbcd38b03ef7e7f76d35266f7b5b9802321fbdc79c080da3f64ea193d72a,2024-07,Surrey Police,Surrey Police,-0.095668,51.291605,On or near Garland Way,E01030846,Tandridge 003C,Public order,Investigation complete; no suspect identified,
4dc501902cfb62d311d95fd3dbc207b2ae9f95ce8354b5b6581dd560bfb32435,2024-07,Surrey Police,Surrey Police,-0.091380,51.291598,On or near Longmead Close,E01030846,Tandridge 003C,Violence and sexual offences,Unable to prosecute suspect,
,2024-07,Surrey Police,Surrey Police,-0.104923,51.289075,On or near Cornwallis Close,E01030857,Tandridge 003D,Anti-social behaviour,,
,2024-07,Surrey Police,Surrey Police,-0.104039,51.294520,On or near Thomas Avenue,E01030857,Tandridge 003D,Anti-social behaviour,,
4883b996363e7e7b72f08951d603bc5fcdf267edf6f81d44ae71b7328314689e,2024-07,Surrey Police,Surrey Police,-0.103791,51.290442,On or near Sergeants Place,E01030857,Tandridge 003D,Criminal damage and arson,Investigation complete; no suspect identified,
d9b04d6262e0cd6c933ce127a1dd36d171344dddc44e0c746df0faf6d24ab622,2024-07,Surrey Police,Surrey Police,-0.104039,51.294520,On or near Thomas Avenue,E01030857,Tandridge 003D,Criminal damage and arson,Investigation complete; no suspect identified,
cb84a5dae1bd917215294d448724429770a1d882f3f21ac7132a70e17688e68c,2024-07,Surrey Police,Surrey Police,-0.103666,51.291386,On or near Sports/Recreation Area,E01030857,Tandridge 003D,Other theft,Investigation complete; no suspect identified,
928c42b4c39bed6960b22fa0354f5d4b810916fd0ba5251a49cfda34bb37b301,2024-07,Surrey Police,Surrey Police,-0.101233,51.290522,On or near Supermarket,E01030857,Tandridge 003D,Shoplifting,Unable to prosecute suspect,
d26f980bb8d2c858cb4bd314365023e569113b698941f8ba5f03af5ac7ef46a8,2024-07,Surrey Police,Surrey Police,-0.104039,51.294520,On or near Thomas Avenue,E01030857,Tandridge 003D,Shoplifting,Court result unavailable,
8becbb0d841c7fc63ffaf93dd58005a20b0639b4e628bc2900d4be79c8fac130,2024-07,Surrey Police,Surrey Police,-0.101945,51.289981,On or near Wellington Road,E01030857,Tandridge 003D,Violence and sexual offences,Unable to prosecute suspect,
83816bea1f60801624e683ead4ce4b1c3df6464dbe1d262949f5ebbee687daaf,2024-07,Surrey Police,Surrey Police,-0.104464,51.291847,On or near Coldstream Road,E01030857,Tandridge 003D,Violence and sexual offences,Unable to prosecute suspect,
360a9e77819076f7c397d1261d1bc096a027e65f1fdf63f93de08a31ab8a9fc2,2024-07,Surrey Police,Surrey Police,-0.101233,51.290522,On or near Supermarket,E01030857,Tandridge 003D,Violence and sexual offences,Unable to prosecute suspect,
306daa5ddc950fff3d2e4918754a1d56d8f668865d4f67f85de4c18bd34c0ab8,2024-07,Surrey Police,Surrey Police,-0.102982,51.294062,On or near Windmill Close,E01030857,Tandridge 003D,Violence and sexual offences,Unable to prosecute suspect,
61ac5c626970f57179046da32b0d9710beb0bdcff72e4a3056eb616c82b97e11,2024-07,Surrey Police,Surrey Police,-0.104039,51.294520,On or near Thomas Avenue,E01030857,Tandridge 003D,Violence and sexual offences,Awaiting court outcome,
dac1d222356809187158b2ad06d9719909e15cde21358e8dfcf3b4b30b46afc1,2024-07,Surrey Police,Surrey Police,-0.101233,51.290522,On or near Supermarket,E01030857,Tandridge 003D,Violence and sexual offences,Awaiting court outcome,
d7e888d52bfd6bc81cd7b072b4680994f9adddc53362a4d3aa5adb0b4e6f0d1a,2024-07,Surrey Police,Surrey Police,-0.104039,51.294520,On or near Thomas Avenue,E01030857,Tandridge 003D,Violence and sexual offences,Awaiting court outcome,
8e47683f89ed38f9eb89768df52274abc28ba1a42b61efa9e76b6c804d49278d,2024-07,Surrey Police,Surrey Police,-0.106697,51.292324,On or near Weston Drive,E01030857,Tandridge 003D,Violence and sexual offences,Unable to prosecute suspect,
a1ee77bf56cd9986da9f17d67c89b6c9e706f42357b7d50314d1f1abc31f8bda,2024-07,Surrey Police,Surrey Police,-0.104039,51.294520,On or near Thomas Avenue,E01030857,Tandridge 003D,Other crime,Unable to prosecute suspect,
,2024-07,Surrey Police,Surrey Police,-0.097712,51.288302,On or near Francis Road,E01030858,Tandridge 003E,Anti-social behaviour,,
d03ac0952d3998d6483737c2989e11366a6378a82bb79ff9d4d7435c3631aecb,2024-07,Surrey Police,Surrey Police,-0.098385,51.287297,On or near Soper Drive,E01030858,Tandridge 003E,Drugs,Offender given a caution,
3149f4baf9d657764b9170ad5170198e0d1de32959778c6d07d46a457a0b4e69,2024-07,Surrey Police,Surrey Police,-0.100883,51.291402,On or near Coulsdon Place,E01030858,Tandridge 003E,Other theft,Unable to prosecute suspect,
b89fb62e5e2823f74f96fefcd8078474cb6f31a34ccdf624091a4d1072083329,2024-07,Surrey Police,Surrey Police,-0.100421,51.285567,On or near Gwynne Road,E01030858,Tandridge 003E,Other theft,Investigation complete; no suspect identified,
1f9c4cb84da702cb280934136aed791d2fa2752e810b8ef890d52829ad29364e,2024-07,Surrey Police,Surrey Police,-0.098385,51.287297,On or near Soper Drive,E01030858,Tandridge 003E,Public order,Unable to prosecute suspect,
544fc1a23930180a08ab81dbe6681ab57cb6e899b39c1bc29509d7617eaaee41,2024-07,Surrey Police,Surrey Police,-0.097712,51.288302,On or near Francis Road,E01030858,Tandridge 003E,Public order,Unable to prosecute suspect,
4a46594571f9c69821d67bac7c3e50dbbbcb463ca8c1b5cb0f33473d81b4592f,2024-07,Surrey Police,Surrey Police,-0.098385,51.287297,On or near Soper Drive,E01030858,Tandridge 003E,Public order,Unable to prosecute suspect,
c93b637bffac7582c7bf0b287d3134dab27e424c6fe6fb6a86ab31f722ff68a7,2024-07,Surrey Police,Surrey Police,-0.097712,51.288302,On or near Francis Road,E01030858,Tandridge 003E,Public order,Unable to prosecute suspect,
27978ceb7b30c2655ef5d9966f987bb1cf2b5314323b22c0aaf2a5039d02a1d2,2024-07,Surrey Police,Surrey Police,-0.098385,51.287297,On or near Soper Drive,E01030858,Tandridge 003E,Violence and sexual offences,Unable to prosecute suspect,
eced59129fbf15dc9b47bc1d0df8e260aa68fc4bf61b8a80482a3507674eed52,2024-07,Surrey Police,Surrey Police,-0.098385,51.287297,On or near Soper Drive,E01030858,Tandridge 003E,Violence and sexual offences,Unable to prosecute suspect,
5c8ecb994abaf22ce7d5a4ad72d0f2903431335970b9643cf058f674848a61c5,2024-07,Surrey Police,Surrey Police,-0.098385,51.287297,On or near Soper Drive,E01030858,Tandridge 003E,Violence and sexual offences,Unable to prosecute suspect,
19836c87b7adeafb778801ed595e63d5550ef6ea2256ca43a2dcd92a5ccf5000,2024-07,Surrey Police,Surrey Police,-0.097712,51.288302,On or near Francis Road,E01030858,Tandridge 003E,Violence and sexual offences,Unable to prosecute suspect,
7fbed2e38b9b0bef7a31a191326cd63fa69831aca8aac4a953c6fe828caa1c06,2024-07,Surrey Police,Surrey Police,-0.100883,51.291402,On or near Coulsdon Place,E01030858,Tandridge 003E,Violence and sexual offences,Unable to prosecute suspect,
9fd7a452e3254bf1d6bb5edc4146e2c8220a4c1cdc073c3da399fd53d5fe0a25,2024-07,Surrey Police,Surrey Police,-0.098535,51.284709,On or near Sylvester Place,E01030858,Tandridge 003E,Violence and sexual offences,Investigation complete; no suspect identified,
0d934085c15cdaa6901f6a454a31cf8837d06e8eb868c042f6e90d925c2c4aa2,2024-07,Surrey Police,Surrey Police,-0.088054,51.263252,On or near Gravelly Hill,E01030828,Tandridge 004A,Criminal damage and arson,Investigation complete; no suspect identified,
ffb6cc4edb922f25572337c2d3a75208e847aefd170250b9cbbd6d807e88dd70,2024-07,Surrey Police,Surrey Police,-0.075609,51.281511,On or near Theatre/Concert Hall,E01030829,Tandridge 004B,Burglary,Investigation complete; no suspect identified,
118246dfaad0fda8cc86f1b17a0b8ff456e64e6f28e431a1978a927efe386bbd,2024-07,Surrey Police,Surrey Police,-0.077365,51.281342,On or near Shopping Area,E01030829,Tandridge 004B,Criminal damage and arson,Investigation complete; no suspect identified,
b05d3f5b6a53411a9ddbe6deee5abdda2a806960ad8e3df970e144bbace30db3,2024-07,Surrey Police,Surrey Police,-0.077365,51.281342,On or near Shopping Area,E01030829,Tandridge 004B,Other theft,Local resolution,
194a09be031b25eef5834264ec7063fdc2dc49e586d159670a70a264b1f44822,2024-07,Surrey Police,Surrey Police,-0.077792,51.278327,On or near Tupwood Court,E01030829,Tandridge 004B,Public order,Unable to prosecute suspect,
7dc834d77500f60261adc05b32b2a00752cf79a419cbe407a99f47e12a42651e,2024-07,Surrey Police,Surrey Police,-0.077365,51.281342,On or near Shopping Area,E01030829,Tandridge 004B,Shoplifting,Unable to prosecute suspect,
9429cefa9d2fa715fd2faf248cb17f0e76e57f93f6af20535c5023a511ab185a,2024-07,Surrey Police,Surrey Police,-0.074197,51.280301,On or near Churchview Close,E01030829,Tandridge 004B,Violence and sexual offences,Unable to prosecute suspect,
8b64a1b7c8a92efab23a47d2a14a4ded87efa11cb7b415566940b50c9b541b4e,2024-07,Surrey Police,Surrey Police,-0.078587,51.280238,On or near Eothen Close,E01030829,Tandridge 004B,Violence and sexual offences,Status update unavailable,
ad93791a705e7247e036ce1363fe59f14fcd0a96fa2ddd743763ce14d2c439d9,2024-07,Surrey Police,Surrey Police,-0.081781,51.281351,On or near The Hill,E01030829,Tandridge 004B,Violence and sexual offences,Investigation complete; no suspect identified,
d841d3c533b319811dfcdfdeb462e4116e781734d3d0a1a3729316f0e7308480,2024-07,Surrey Police,Surrey Police,-0.075609,51.281511,On or near Theatre/Concert Hall,E01030829,Tandridge 004B,Violence and sexual offences,Investigation complete; no suspect identified,
7f06b26391af4d89510c1d23df21fcd567adff5adaddb9c23442e9e20a6b2c6f,2024-07,Surrey Police,Surrey Police,-0.075609,51.281511,On or near Theatre/Concert Hall,E01030829,Tandridge 004B,Violence and sexual offences,Investigation complete; no suspect identified,
bcb79117202da96701851d2c29b08363edb9989f4df38fa8fc94e57ff2d25af6,2024-07,Surrey Police,Surrey Police,-0.070688,51.272320,On or near Newstead Rise,E01030830,Tandridge 004C,Drugs,Investigation complete; no suspect identified,
4e11321c5265527facf30a15e09dec2e74e5ab32fad0bcd564a48500646e3617,2024-07,Surrey Police,Surrey Police,-0.075997,51.282516,On or near Police Station,E01030830,Tandridge 004C,Public order,Offender given a caution,
535da75f2ae9ba785ed9000bd7ca77a703de2e0ab480dfcc9d2eb6e6a93f73a8,2024-07,Surrey Police,Surrey Police,-0.075997,51.282516,On or near Police Station,E01030830,Tandridge 004C,Public order,Court result unavailable,
4a114f160cf89eca8248178c50abac45136e2c1d91f5f72661d5542eea146b04,2024-07,Surrey Police,Surrey Police,-0.075997,51.282516,On or near Police Station,E01030830,Tandridge 004C,Public order,Offender given a caution,
2d4c20acbf48ef9e1c6d133cab4453f021c0cf7875ebdc5bb9b4cfdc961f5c43,2024-07,Surrey Police,Surrey Police,-0.070688,51.272320,On or near Newstead Rise,E01030830,Tandridge 004C,Vehicle crime,Investigation complete; no suspect identified,
571e6bcfe503a69d6a8bbf076bd0832104fea0baceb6c3b32236c915fe9f587a,2024-07,Surrey Police,Surrey Police,-0.073143,51.275337,On or near Markville Gardens,E01030830,Tandridge 004C,Violence and sexual offences,Status update unavailable,
,2024-07,Surrey Police,Surrey Police,-0.078362,51.282536,On or near Supermarket,E01030850,Tandridge 004D,Anti-social behaviour,,
,2024-07,Surrey Police,Surrey Police,-0.077810,51.287518,On or near Old School Gardens,E01030850,Tandridge 004D,Anti-social behaviour,,
,2024-07,Surrey Police,Surrey Police,-0.076992,51.283080,On or near Mount Pleasant Road,E01030850,Tandridge 004D,Anti-social behaviour,,
,2024-07,Surrey Police,Surrey Police,-0.076992,51.283080,On or near Mount Pleasant Road,E01030850,Tandridge 004D,Anti-social behaviour,,
,2024-07,Surrey Police,Surrey Police,-0.071875,51.288500,On or near Tillingdown Hill,E01030850,Tandridge 004D,Anti-social behaviour,,
,2024-07,Surrey Police,Surrey Police,-0.071875,51.288500,On or near Tillingdown Hill,E01030850,Tandridge 004D,Anti-social behaviour,,
,2024-07,Surrey Police,Surrey Police,-0.080722,51.287494,On or near High Trees Close,E01030850,Tandridge 004D,Anti-social behaviour,,
20e58ebae09e9afd8cb72452c25a6c3cb2eac8984c708906f68d0458fe37f308,2024-07,Surrey Police,Surrey Police,-0.077810,51.287518,On or near Old School Gardens,E01030850,Tandridge 004D,Criminal damage and arson,Unable to prosecute suspect,
0e0cf15a0ac2bd45b1667e8c50de51e0a7bded3b8b00a0963d7e4b4d662a9ef5,2024-07,Surrey Police,Surrey Police,-0.068764,51.282315,On or near Tillingdown Lane,E01030850,Tandridge 004D,Criminal damage and arson,Local resolution,
17d9e2feab85c206ffaf2b554a50bab1e0de939f214e762838c891c2def266c2,2024-07,Surrey Police,Surrey Police,-0.075806,51.289842,On or near Croydon Road,E01030850,Tandridge 004D,Drugs,Local resolution,
10ef584fd0d120613b562b3f554d5f37b60deaf95b2346daee7da3bb36d46bd6,2024-07,Surrey Police,Surrey Police,-0.078051,51.285517,On or near Farningham Road,E01030850,Tandridge 004D,Other theft,Investigation complete; no suspect identified,
5ee9e19a469e7ed802fd888013d86fc2418b1bef942de6384aa9ff6b4fa4bd38,2024-07,Surrey Police,Surrey Police,-0.078155,51.282002,On or near Station Avenue,E01030850,Tandridge 004D,Other theft,Investigation complete; no suspect identified,
37443ead4cd51208aa121a8ea67f70ce8dbb9d1d73d123f64f46adafc66df0aa,2024-07,Surrey Police,Surrey Police,-0.078591,51.284276,On or near Colin Road,E01030850,Tandridge 004D,Public order,Unable to prosecute suspect,
933bb1c7633abaa2f7ada90dc42c32e90fc6ef3e5a3f3049d7206f9f4eb99025,2024-07,Surrey Police,Surrey Police,-0.078362,51.282536,On or near Supermarket,E01030850,Tandridge 004D,Shoplifting,Unable to prosecute suspect,
589f8d502476085083ce883cdce04021e275a10b08aa9b26953ba836440c75bf,2024-07,Surrey Police,Surrey Police,-0.078362,51.282536,On or near Supermarket,E01030850,Tandridge 004D,Vehicle crime,Status update unavailable,
926cc40b7b7011287aad91306d004169b9820f3f63dc287fb16d98b082608406,2024-07,Surrey Police,Surrey Police,-0.075330,51.290229,On or near Valley Court,E01030850,Tandridge 004D,Violence and sexual offences,Investigation complete; no suspect identified,
08d59157cc84b7292035e5d5cb0e7be1823c60c579137c41ce056543520fcc57,2024-07,Surrey Police,Surrey Police,-0.078880,51.282833,On or near Caterham,E01030850,Tandridge 004D,Violence and sexual offences,Unable to prosecute suspect,
07e1051bd0ac283f7043b1eabe5f77adf2f9a4e6b5cddc8b8b6cfb1c58aac413,2024-07,Surrey Police,Surrey Police,-0.077057,51.287353,On or near Crane Close,E01030850,Tandridge 004D,Violence and sexual offences,Unable to prosecute suspect,
bb6f41ba957119e21d3ea149e136da511e023ffb54661af7c70387df3c7b5482,2024-07,Surrey Police,Surrey Police,-0.077057,51.287353,On or near Crane Close,E01030850,Tandridge 004D,Violence and sexual offences,Unable to prosecute suspect,
73e27ba00f537758ca7565a24f64e63fc3b9e34e4f6350945b38cdb906b48a0e,2024-07,Surrey Police,Surrey Police,-0.078591,51.284276,On or near Colin Road,E01030850,Tandridge 004D,Violence and sexual offences,Unable to prosecute suspect,
f23ac986a9c5de7f45cdfc7735b606c44d8f902489cd09d0de75ac205f968643,2024-07,Surrey Police,Surrey Police,-0.068764,51.282315,On or near Tillingdown Lane,E01030850,Tandridge 004D,Violence and sexual offences,Unable to prosecute suspect,
aac1eac0271182269f41be9be19ee7b8205390aadba6f3951551b4027891aa5f,2024-07,Surrey Police,Surrey Police,-0.076154,51.290081,On or near B2208,E01030850,Tandridge 004D,Violence and sexual offences,Unable to prosecute suspect,
cc7329b9b350586b8fd964d93c2befaa104acf0608de5fb258770d67a1d97056,2024-07,Surrey Police,Surrey Police,-0.068764,51.282315,On or near Tillingdown Lane,E01030850,Tandridge 004D,Violence and sexual offences,Unable to prosecute suspect,
ace742ae3b2da868703bc58604656920e59074362a60127d2fd00cb61282a287,2024-07,Surrey Police,Surrey Police,-0.078319,51.283783,On or near Supermarket,E01030850,Tandridge 004D,Violence and sexual offences,Investigation complete; no suspect identified,
a07809bbdd5af0d8a6c21fb92d7c984cb0f583211a5d4c08f56b1aea4300115d,2024-07,Surrey Police,Surrey Police,-0.077057,51.287353,On or near Crane Close,E01030850,Tandridge 004D,Violence and sexual offences,Unable to prosecute suspect,
298231907d0d520c7a2ece8123fead2e476a4cd0ac225800b1a06d41751a25a6,2024-07,Surrey Police,Surrey Police,-0.072242,51.289666,On or near Abbots Walk,E01030851,Tandridge 004E,Criminal damage and arson,Investigation complete; no suspect identified,
cd7bcee99e81954f7ebed0141ece80f526c0df0df3e2a76fae803f0457a00f74,2024-07,Surrey Police,Surrey Police,-0.078663,51.291813,On or near Milner Close,E01030851,Tandridge 004E,Other theft,Unable to prosecute suspect,
dd6c41846dd3596ede7c3509d56b1c3724282d848be195681663f0e8ca9bacee,2024-07,Surrey Police,Surrey Police,-0.072461,51.291630,On or near Tillingdown Hill,E01030851,Tandridge 004E,Vehicle crime,Investigation complete; no suspect identified,
2511dddc8edc700c10d62098524ffa1203068cc7bfe1de57c3b7877a63295685,2024-07,Surrey Police,Surrey Police,-0.072338,51.290792,On or near Waltham Road,E01030851,Tandridge 004E,Vehicle crime,Investigation complete; no suspect identified,
cf04340188f848bf4d22df026369c3d0e2022f2e9777187b957d18b69cfd7a43,2024-07,Surrey Police,Surrey Police,-0.078835,51.290440,On or near Stafford Road,E01030851,Tandridge 004E,Vehicle crime,Investigation complete; no suspect identified,
642d2415b158eaf9767dc90cfd3998dea8e639a2b95aeac91b3859320f85f0a4,2024-07,Surrey Police,Surrey Police,-0.077203,51.291061,On or near Stafford Rise,E01030851,Tandridge 004E,Vehicle crime,Investigation complete; no suspect identified,
d0654003a916aa851442f192dfa009391d6a8e2447e75eebe1efb7661ee169bd,2024-07,Surrey Police,Surrey Police,-0.078663,51.291813,On or near Milner Close,E01030851,Tandridge 004E,Violence and sexual offences,Unable to prosecute suspect,
ae9d1d1338f529ba4d6043af3c3a8f40f5eca3e53d9614221daa08c599c31559,2024-07,Surrey Police,Surrey Police,-0.077714,51.291878,On or near Milner Approach,E01030851,Tandridge 004E,Violence and sexual offences,Unable to prosecute suspect,
fa42c9de5d0ac81c9934a443c815a85a08af4dd95f37e23589f97ec78b379863,2024-07,Surrey Police,Surrey Police,-0.070441,51.293971,On or near Greenhill Avenue,E01030851,Tandridge 004E,Violence and sexual offences,Unable to prosecute suspect,
,2024-07,Surrey Police,Surrey Police,-0.036344,51.284942,On or near The Crescent,E01030861,Tandridge 004F,Anti-social behaviour,,
,2024-07,Surrey Police,Surrey Police,-0.029713,51.289444,On or near Slines Oak Road,E01030861,Tandridge 004F,Anti-social behaviour,,
,2024-07,Surrey Police,Surrey Police,-0.029713,51.289444,On or near Slines Oak Road,E01030861,Tandridge 004F,Anti-social behaviour,,
941d05ba91aec3926b5129666ea7afa972bcd7ca30a22cc561fcafe3fae3bbc3,2024-07,Surrey Police,Surrey Police,-0.031434,51.285759,On or near Nethern Court Road,E01030861,Tandridge 004F,Other theft,Investigation complete; no suspect identified,
,2024-07,Surrey Police,Surrey Police,-0.104257,51.273201,On or near Willey Farm Lane,E01030820,Tandridge 005A,Anti-social behaviour,,
7796fbe94f7c079c3c734713246632dc8d52d0b59185a544ea365c60fbae3282,2024-07,Surrey Police,Surrey Police,-0.092360,51.276605,On or near Stanstead Road,E01030820,Tandridge 005A,Other theft,Unable to prosecute suspect,
34bd1a9ecfcb92b797c82212aaafb2250e15bdd08bc07aa35a9d58b8f45ca0db,2024-07,Surrey Police,Surrey Police,-0.102955,51.275572,On or near Lavender Close,E01030820,Tandridge 005A,Other theft,Investigation complete; no suspect identified,
c8cbb74818bc847a78eee8eef5cdc5724003fefec8eea90506ee0a26f8f79333,2024-07,Surrey Police,Surrey Police,-0.106845,51.280698,On or near Linden Drive,E01030820,Tandridge 005A,Other theft,Status update unavailable,
,2024-07,Surrey Police,Surrey Police,-0.089079,51.288989,On or near Rochester Gardens,E01030847,Tandridge 005B,Anti-social behaviour,,
,2024-07,Surrey Police,Surrey Police,-0.087665,51.286070,On or near Essendene Close,E01030847,Tandridge 005B,Anti-social behaviour,,
,2024-07,Surrey Police,Surrey Police,-0.091302,51.278593,On or near White Hill Close,E01030847,Tandridge 005B,Anti-social behaviour,,
64e5c231adab496fc97ea63856a0bbcf62185e88815879d7676e6c3af82444ed,2024-07,Surrey Police,Surrey Police,-0.090432,51.280576,On or near Park Avenue,E01030847,Tandridge 005B,Drugs,Investigation complete; no suspect identified,
1c29c05d2c1b311ddf6a812c833e14e16d4e1bbe3b1e260c4c8b949b4fb38d1f,2024-07,Surrey Police,Surrey Police,-0.089539,51.278250,On or near Highview,E01030847,Tandridge 005B,Drugs,Investigation complete; no suspect identified,
ceb93698be392b6d927142b04a7c9959ee017d5072952f07f4df4ec93b20e3c5,2024-07,Surrey Police,Surrey Police,-0.089449,51.288015,On or near Supermarket,E01030847,Tandridge 005B,Drugs,Investigation complete; no suspect identified,
73dca0d628d2db17c662741237b8b6ec5138bf21342600bce6b5763b78ba05f2,2024-07,Surrey Police,Surrey Police,-0.089449,51.288015,On or near Supermarket,E01030847,Tandridge 005B,Other theft,Investigation complete; no suspect identified,
0704a55c17d03fd078b9c8848059f3aadec2846790503aff81c898cc7e06e3a1,2024-07,Surrey Police,Surrey Police,-0.089449,51.288015,On or near Supermarket,E01030847,Tandridge 005B,Other theft,Investigation complete; no suspect identified,
11f0fb6ab4d188efab0cac49c9a2da68a39cbb54b54add882f977196d6dfea19,2024-07,Surrey Police,Surrey Police,-0.089079,51.288989,On or near Rochester Gardens,E01030847,Tandridge 005B,Public order,Investigation complete; no suspect identified,
01881f6c04750124ca73f6f872093f9fd86b643aef1ebd50e82eb119fe24f948,2024-07,Surrey Police,Surrey Police,-0.089449,51.288015,On or near Supermarket,E01030847,Tandridge 005B,Shoplifting,Investigation complete; no suspect identified,
f7f8ce33914797cd44704d795f5a425cf8b5487c8bd8ffec2fc5441646ead91c,2024-07,Surrey Police,Surrey Police,-0.089449,51.288015,On or near Supermarket,E01030847,Tandridge 005B,Shoplifting,Court result unavailable,
dd0d466ec91bc5ba1e9e3503e953c77c964060f815ce6afbc4849148ab4137ed,2024-07,Surrey Police,Surrey Police,-0.089449,51.288015,On or near Supermarket,E01030847,Tandridge 005B,Shoplifting,Court result unavailable,
de0faccbe81c3c50ebcc5b574123871ee02c55b87a588a32b338425053e07db3,2024-07,Surrey Police,Surrey Police,-0.089449,51.288015,On or near Supermarket,E01030847,Tandridge 005B,Shoplifting,Unable to prosecute suspect,
6df6836a7f028b148e26d93e9a0386b6346b933ad190a1e918ae2090785e236f,2024-07,Surrey Police,Surrey Police,-0.089449,51.288015,On or near Supermarket,E01030847,Tandridge 005B,Shoplifting,Investigation complete; no suspect identified,
a5fe68f700f3635dddd1f87706326d803301cc8fe4c8250f199901425b8b220e,2024-07,Surrey Police,Surrey Police,-0.090432,51.280576,On or near Park Avenue,E01030847,Tandridge 005B,Vehicle crime,Investigation complete; no suspect identified,
b113a2f0c81da45e4f2f29099c53d25da705f88ace02a56552165a6d86a288da,2024-07,Surrey Police,Surrey Police,-0.087665,51.286070,On or near Essendene Close,E01030847,Tandridge 005B,Violence and sexual offences,Further action is not in the public interest,
e70bf3c4c266796225433dfc4d27f34e1276deb45a3d8f9fd4812d0bda355d07,2024-07,Surrey Police,Surrey Police,-0.089449,51.288015,On or near Supermarket,E01030847,Tandridge 005B,Violence and sexual offences,Unable to prosecute suspect,
0a2c07b823543f1a837c7697354cb42f31f89375f1bc539e7a3d77a7b33641a8,2024-07,Surrey Police,Surrey Police,-0.094065,51.289448,On or near Money Avenue,E01030848,Tandridge 005C,Burglary,Awaiting court outcome,
73cd9339cb4e3f6a79ce923111e3eba0e7f68550e52da10db23582bdd544dff3,2024-07,Surrey Police,Surrey Police,-0.094709,51.282552,On or near Wood Lane,E01030848,Tandridge 005C,Drugs,Investigation complete; no suspect identified,
a967e2932fb73770ccd6ace4cba7cf8323e2968fc9d83362110262fe192fdb53,2024-07,Surrey Police,Surrey Police,-0.088694,51.285466,On or near Poplar Walk,E01030848,Tandridge 005C,Drugs,Investigation complete; no suspect identified,
8f9a57ab4cb86a278de3a42b76e15abf7e859daa5427418706cc8bb09a35e0d6,2024-07,Surrey Police,Surrey Police,-0.095551,51.285065,On or near B2031,E01030848,Tandridge 005C,Drugs,Investigation complete; no suspect identified,
add5e6a4136b80f46db8483cd118404739cac645037fe96d34bf373fa329e54b,2024-07,Surrey Police,Surrey Police,-0.090747,51.287838,On or near Parking Area,E01030848,Tandridge 005C,Other theft,Unable to prosecute suspect,
702547795b230051c8387a547f002a4de864eeb392ade5b9f41d935afbdd30a6,2024-07,Surrey Police,Surrey Police,-0.090747,51.287838,On or near Parking Area,E01030848,Tandridge 005C,Other theft,Status update unavailable,
39b52a91b51375a273295bd0810387e087a07e303ec7577acbdac2be7995767a,2024-07,Surrey Police,Surrey Police,-0.088694,51.285466,On or near Poplar Walk,E01030848,Tandridge 005C,Other theft,Status update unavailable,
7948f7d1df6193ff02b793126bd5cf2e337928b1f3b721e0603b8055f2b40002,2024-07,Surrey Police,Surrey Police,-0.088290,51.285882,On or near High Street,E01030848,Tandridge 005C,Public order,Investigation complete; no suspect identified,
dfe525d857aac077dc9a6018fa6a13d969389b6059467320013ace4a596ff444,2024-07,Surrey Police,Surrey Police,-0.094065,51.289448,On or near Money Avenue,E01030848,Tandridge 005C,Public order,Investigation complete; no suspect identified,
aa01a9175244c03dd45ae799a236dba050811937030c46f1f71c1cfe0e0e30e4,2024-07,Surrey Police,Surrey Police,-0.094709,51.282552,On or near Wood Lane,E01030848,Tandridge 005C,Public order,Unable to prosecute suspect,
07f7c96b2d2f8697562e72d16598f8522b64543c3184b69316b4498af8db9bf8,2024-07,Surrey Police,Surrey Police,-0.090747,51.287838,On or near Parking Area,E01030848,Tandridge 005C,Public order,Investigation complete; no suspect identified,
dd580aef829c5244cf4ead30b8a80ba6ff825aef4129238a9c9eaa8294d42513,2024-07,Surrey Police,Surrey Police,-0.090747,51.287838,On or near Parking Area,E01030848,Tandridge 005C,Shoplifting,Unable to prosecute suspect,
0ada439cfc0cf00c7055e09cc912e3f1c0a1bc0489b8022c6b83e2520469e847,2024-07,Surrey Police,Surrey Police,-0.095551,51.285065,On or near B2031,E01030848,Tandridge 005C,Shoplifting,Unable to prosecute suspect,
f7e630d42bf510fe2cba1946c96f5bab87f16d1d86115c8ba3666a79e290a32d,2024-07,Surrey Police,Surrey Police,-0.088290,51.285882,On or near High Street,E01030848,Tandridge 005C,Vehicle crime,Investigation complete; no suspect identified,
0eeebfea39ecd37d9419c7908d97ff0689dfc5ebfdba1db2e5c263fc9ff21c11,2024-07,Surrey Police,Surrey Police,-0.090747,51.287838,On or near Parking Area,E01030848,Tandridge 005C,Violence and sexual offences,Awaiting court outcome,
3f782692aa0205b9f0bc8314108ff738245e5ccb9ccc9986db83f27bef4a7c56,2024-07,Surrey Police,Surrey Police,-0.094709,51.282552,On or near Wood Lane,E01030848,Tandridge 005C,Violence and sexual offences,Unable to prosecute suspect,
48ec818dc502995e22e42847a79bda2d66c6b17baad441227843559b28719a38,2024-07,Surrey Police,Surrey Police,0.000956,51.256567,On or near Snatts Hill,E01030831,Tandridge 006A,Burglary,Investigation complete; no suspect identified,
409e5fd4cb1c418ce63bcdc50e0c88a08b4f91e051d7434bdef5f9464cb9a5a5,2024-07,Surrey Police,Surrey Police,0.005470,51.260186,On or near Granville Road,E01030831,Tandridge 006A,Burglary,Investigation complete; no suspect identified,
01bc9503a6efde8f7bd8c0602046e44270a9d3c97f2d892aa1aa9b2c76b880c5,2024-07,Surrey Police,Surrey Police,-0.000760,51.256668,On or near Shopping Area,E01030831,Tandridge 006A,Drugs,Status update unavailable,
8ffc661978a740e072631652904c4cb40e9032235869d14cd70dd3c998f054f5,2024-07,Surrey Police,Surrey Police,0.000147,51.258406,On or near Gresham Road,E01030831,Tandridge 006A,Other theft,Investigation complete; no suspect identified,
273df02db6a63d26efd4cd4ec0865985e16c949216da4e3b38e36ad5fa976e77,2024-07,Surrey Police,Surrey Police,0.008840,51.265155,On or near Water Lane,E01030831,Tandridge 006A,Other theft,Investigation complete; no suspect identified,
04edc209e3e5bb5acdec3dd42c9bfcf51fd9e18a829170993cb0720ed89e5fb1,2024-07,Surrey Police,Surrey Police,0.036700,51.249439,On or near Ridlands Rise,E01030831,Tandridge 006A,Violence and sexual offences,Unable to prosecute suspect,
db13497c844cb4ff6c0e5c7c5264668948c212247844883000ab65929d065955,2024-07,Surrey Police,Surrey Police,-0.000278,51.260167,On or near New Lodge Drive,E01030831,Tandridge 006A,Violence and sexual offences,Unable to prosecute suspect,
51e217273f8b472cd3dd6983b5dd7945f0c2fdd5ae067222c54b9f6b0910667f,2024-07,Surrey Police,Surrey Police,0.019217,51.255956,On or near Kent Hatch Road,E01030832,Tandridge 006B,Burglary,Investigation complete; no suspect identified,
ac64302b75874a560992f688f054c1a19effd6e78da6a9d8a69d7c7ea3daec52,2024-07,Surrey Police,Surrey Police,0.048065,51.260437,On or near Moorhouse Road,E01030832,Tandridge 006B,Burglary,Investigation complete; no suspect identified,
a5810ebeae4f55fefd8f2e5f6b672ec9119a384f969e1e4c8ed388aac41cc09c,2024-07,Surrey Police,Surrey Police,0.040004,51.248015,On or near Tally Road,E01030832,Tandridge 006B,Other theft,Investigation complete; no suspect identified,
2802aba7d67fa28154eed3bcff137786ecbc06d0b97be712a98b3f5ba7cceae5,2024-07,Surrey Police,Surrey Police,0.019217,51.255956,On or near Kent Hatch Road,E01030832,Tandridge 006B,Public order,Investigation complete; no suspect identified,
085a8c64632b46b7cfdae06c1ae8055e95c761499b0d7568dc8226f320848ea9,2024-07,Surrey Police,Surrey Police,0.045962,51.246652,On or near Parking Area,E01030832,Tandridge 006B,Violence and sexual offences,Investigation complete; no suspect identified,
368d440cf009c63d8d398de80b30c31a08846ecd3e31e454950511a9387a1695,2024-07,Surrey Police,Surrey Police,0.019217,51.255956,On or near Kent Hatch Road,E01030832,Tandridge 006B,Violence and sexual offences,Unable to prosecute suspect,
6d092028f018cdb7a961cc71ed5c09bf25919cf4205a4b250875bf067075cb6e,2024-07,Surrey Police,Surrey Police,0.019217,51.255956,On or near Kent Hatch Road,E01030832,Tandridge 006B,Violence and sexual offences,Unable to prosecute suspect,
,2024-07,Surrey Police,Surrey Police,-0.012503,51.265834,On or near Acorn Gardens,E01030836,Tandridge 006C,Anti-social behaviour,,
,2024-07,Surrey Police,Surrey Police,-0.002222,51.256990,On or near Parking Area,E01030836,Tandridge 006C,Anti-social behaviour,,
,2024-07,Surrey Police,Surrey Police,-0.006066,51.257253,On or near Station Road West,E01030836,Tandridge 006C,Anti-social behaviour,,
004a988929abb07801ecb09913966e80f3979bfbe6d944a7cdb8d9ad45780b40,2024-07,Surrey Police,Surrey Police,-0.004576,51.257902,On or near Oxted,E01030836,Tandridge 006C,Criminal damage and arson,Investigation complete; no suspect identified,
029ad36179519af69b1db1ec525bd46ed3a9fbdb7a26d85d1549b8193e6e43e9,2024-07,Surrey Police,Surrey Police,-0.006026,51.256839,On or near Hoskins Walk,E01030836,Tandridge 006C,Drugs,Investigation complete; no suspect identified,
84c2690e7b2a035ed8f243dc9992e29409f5f802feba44fd435dfa9ba28dcbdd,2024-07,Surrey Police,Surrey Police,-0.005626,51.258469,On or near Station Approach,E01030836,Tandridge 006C,Drugs,Investigation complete; no suspect identified,
1b289da47470fa88ad3db46be626771505540bbe296eeb2dad783344404d3ecc,2024-07,Surrey Police,Surrey Police,-0.006066,51.257253,On or near Station Road West,E01030836,Tandridge 006C,Other theft,Investigation complete; no suspect identified,
d9d6e5abbeb9d67b43ac919b14e46983e929b608a26946385de49757db85aaa3,2024-07,Surrey Police,Surrey Police,-0.004394,51.256811,On or near Parking Area,E01030836,Tandridge 006C,Public order,Unable to prosecute suspect,
26ee20b0296ce85f8988f25255b4104861d95b1ce703fa6449157042de3b7ecc,2024-07,Surrey Police,Surrey Police,-0.006066,51.257253,On or near Station Road West,E01030836,Tandridge 006C,Public order,Unable to prosecute suspect,
28f48f650b7aa31984238936f82c0b4b3d2a45d1dc867116b3c63febf40051bc,2024-07,Surrey Police,Surrey Police,-0.004341,51.256046,On or near Supermarket,E01030836,Tandridge 006C,Public order,Unable to prosecute suspect,
74ac2c82e0483988e40367efbeba402b86a3fad791c7106803085fff3bb97b7d,2024-07,Surrey Police,Surrey Police,-0.005626,51.258469,On or near Station Approach,E01030836,Tandridge 006C,Public order,Investigation complete; no suspect identified,
7f55f5a72cc845da7612a2d1cc2314027f62468e1712b3d514485689efc51f9f,2024-07,Surrey Police,Surrey Police,-0.005626,51.258469,On or near Station Approach,E01030836,Tandridge 006C,Public order,Investigation complete; no suspect identified,
5bf4ae1d0f418f474270b6eea04b6d58b02e076256ce959149e24f0a3967783a,2024-07,Surrey Police,Surrey Police,-0.004341,51.256046,On or near Supermarket,E01030836,Tandridge 006C,Shoplifting,Awaiting court outcome,
24292a1c399097da3c277403b67b685232631e81eabefcac7aa0d0749d62c4d8,2024-07,Surrey Police,Surrey Police,-0.004341,51.256046,On or near Supermarket,E01030836,Tandridge 006C,Shoplifting,Unable to prosecute suspect,
7c1ff5468820f7653f7972a5bd5510ca274945444fcb29000632ea94b5dff6f9,2024-07,Surrey Police,Surrey Police,-0.004341,51.256046,On or near Supermarket,E01030836,Tandridge 006C,Shoplifting,Awaiting court outcome,
3ac0b18fe91045010269051c0ec53d6629f03b6c093498dfb0922927197ded03,2024-07,Surrey Police,Surrey Police,-0.002861,51.258439,On or near Amy Road,E01030836,Tandridge 006C,Shoplifting,Unable to prosecute suspect,
95b4d46a72227cb56408fafac510f55659a873ef2b4020d40f0f5c78d38b3304,2024-07,Surrey Police,Surrey Police,-0.006066,51.257253,On or near Station Road West,E01030836,Tandridge 006C,Vehicle crime,Unable to prosecute suspect,
07e4f7446799283766772367e5580a3f5c800f9d5540a144f1d8e1dbae17a06f,2024-07,Surrey Police,Surrey Police,-0.004576,51.257902,On or near Oxted,E01030836,Tandridge 006C,Violence and sexual offences,Unable to prosecute suspect,
3efaf06dcc58acc64c3999246445c84237512ea0a04b16386d9849f69c5ecba0,2024-07,Surrey Police,Surrey Police,-0.004576,51.257902,On or near Oxted,E01030836,Tandridge 006C,Violence and sexual offences,Investigation complete; no suspect identified,
cdb57ee732d03f4cdb20f52bd31d8351264c2758379eb22deb8750f2dac96cc5,2024-07,Surrey Police,Surrey Police,-0.006519,51.258043,On or near Master Close,E01030836,Tandridge 006C,Violence and sexual offences,Unable to prosecute suspect,
8f6520996dae2f534d451531665c531cdc57237b3da9c45bd7e73ca79c3645a7,2024-07,Surrey Police,Surrey Police,-0.006519,51.258043,On or near Master Close,E01030836,Tandridge 006C,Violence and sexual offences,Investigation complete; no suspect identified,
05bc002dfb4da7d03234f3838ba532c7501bc926ea4a5addca4d16925cc1280e,2024-07,Surrey Police,Surrey Police,-0.005626,51.258469,On or near Station Approach,E01030836,Tandridge 006C,Violence and sexual offences,Investigation complete; no suspect identified,
8decb61ce700be5a2d8082ade04d9ac38c036a522ecc58cff21458bc7922de34,2024-07,Surrey Police,Surrey Police,-0.004341,51.256046,On or near Supermarket,E01030836,Tandridge 006C,Violence and sexual offences,Unable to prosecute suspect,
c57d56c86e654f47b9e585af9dfc99cfcd1e22654b010e0aee52896c627b65fa,2024-07,Surrey Police,Surrey Police,-0.004576,51.257902,On or near Oxted,E01030836,Tandridge 006C,Violence and sexual offences,Status update unavailable,
,2024-07,Surrey Police,Surrey Police,-0.016865,51.268066,On or near Chalkpit Lane,E01030837,Tandridge 006D,Anti-social behaviour,,
7641875d4fdc3d5de07598d482f02ca97dc896cdd4348ac9680696b9c0d74e5b,2024-07,Surrey Police,Surrey Police,-0.013107,51.274441,On or near The Ridge,E01030837,Tandridge 006D,Criminal damage and arson,Investigation complete; no suspect identified,
4b194b6d25a1ee64891c9d048b519a0cf514a324846210e6f0cdf500f61e3510,2024-07,Surrey Police,Surrey Police,-0.009824,51.264817,On or near Barnetts Way,E01030837,Tandridge 006D,Criminal damage and arson,Unable to prosecute suspect,
72a2a8be6b7722dc2c4481e59ef39531a382f8606bd73351372070b68e250567,2024-07,Surrey Police,Surrey Police,-0.013185,51.264982,On or near Central Way,E01030837,Tandridge 006D,Public order,Unable to prosecute suspect,
5cef28552b01f2185ad8528dd8a8a4200c0dbb08d25a28eebc9c1837fb3487e3,2024-07,Surrey Police,Surrey Police,-0.008497,51.264345,On or near Silkham Road,E01030837,Tandridge 006D,Public order,Unable to prosecute suspect,
4cb4643b896d7fb5cebaddd393ce99cce7b1d1427ef597e4c3c5ae05790636b4,2024-07,Surrey Police,Surrey Police,-0.009824,51.264817,On or near Barnetts Way,E01030837,Tandridge 006D,Public order,Unable to prosecute suspect,
53e6b6ed5ecfd234fdb0d75b1ffae9463f77f3570e3c70f54f0c50e377c7ff77,2024-07,Surrey Police,Surrey Police,-0.006252,51.264882,On or near Greenacres,E01030837,Tandridge 006D,Violence and sexual offences,Investigation complete; no suspect identified,
,2024-07,Surrey Police,Surrey Police,-0.013587,51.253010,On or near Petrol Station,E01030838,Tandridge 006E,Anti-social behaviour,,
,2024-07,Surrey Police,Surrey Police,-0.033498,51.238751,On or near The Walk,E01030838,Tandridge 006E,Anti-social behaviour,,
,2024-07,Surrey Police,Surrey Police,-0.016968,51.250361,On or near St Clair Close,E01030838,Tandridge 006E,Anti-social behaviour,,
d87a9fdb1cbb02df09f0e772349bd8a0f9580d4d8b932353e2ad8bfc0749724e,2024-07,Surrey Police,Surrey Police,-0.019463,51.251653,On or near Bushey Croft,E01030838,Tandridge 006E,Burglary,Investigation complete; no suspect identified,
daf524b7dc81be967b99af2cd562fe79293b9e70945426f2fd0cbdeb94c0613f,2024-07,Surrey Police,Surrey Police,-0.028105,51.215107,On or near Tandridge Lane,E01030838,Tandridge 006E,Burglary,Investigation complete; no suspect identified,
d5c6f1bdf31a2a978186d353b1aa558f943c100f79c5ec435e5599800855d641,2024-07,Surrey Police,Surrey Police,-0.013583,51.253757,On or near The Haywain,E01030838,Tandridge 006E,Burglary,Investigation complete; no suspect identified,
4160a37bfa9928d342275417f7c74e67131813df23d23b102a68f829878e6bbd,2024-07,Surrey Police,Surrey Police,-0.013587,51.253010,On or near Petrol Station,E01030838,Tandridge 006E,Criminal damage and arson,Status update unavailable,
1203a1f5250913364e458d24af58c076ba877ae5ff2f12d9c970bea3a2de8dd3,2024-07,Surrey Police,Surrey Police,-0.013587,51.253010,On or near Petrol Station,E01030838,Tandridge 006E,Public order,Unable to prosecute suspect,
cd2c40162403b84afd76e1d44237ff9a0a1a81b66d50660ecfc8266c4c122563,2024-07,Surrey Police,Surrey Police,-0.034314,51.193053,On or near Ardenrun,E01030838,Tandridge 006E,Public order,Investigation complete; no suspect identified,
6d8b2cd6c43cde01e01b5ea7792bf60831d33ce4f5ad7e4db823af15c4a3faa9,2024-07,Surrey Police,Surrey Police,-0.013587,51.253010,On or near Petrol Station,E01030838,Tandridge 006E,Public order,Unable to prosecute suspect,
8e96bc06bcf4e52bef4b46d2034314742c8be31ba6143f4996bd9ac749629fbe,2024-07,Surrey Police,Surrey Police,-0.013587,51.253010,On or near Petrol Station,E01030838,Tandridge 006E,Public order,Investigation complete; no suspect identified,
f528c9bb16abcb6a5bfd22d6086662bc571e3f651aa88e025189afdd2e17f60b,2024-07,Surrey Police,Surrey Police,-0.030842,51.231855,On or near Parking Area,E01030838,Tandridge 006E,Public order,Unable to prosecute suspect,
5b0c5e3e5418bd2a2bc5961f61e73f96fae9f187e77ff6a1e4dca509f84596e6,2024-07,Surrey Police,Surrey Police,-0.034550,51.240621,On or near Tandridge Lane,E01030838,Tandridge 006E,Theft from the person,Investigation complete; no suspect identified,
e71895de4fe2425252d2406e8103973e2b5dd900a5f32982a092be32feac3db4,2024-07,Surrey Police,Surrey Police,-0.030842,51.231855,On or near Parking Area,E01030838,Tandridge 006E,Violence and sexual offences,Unable to prosecute suspect,
870395135bc0a441ff6b4128b5fc0584010a15f0540102e748d8cb5cb20d539c,2024-07,Surrey Police,Surrey Police,-0.007578,51.249131,On or near Burntwood Drive,E01030839,Tandridge 006F,Burglary,Investigation complete; no suspect identified,
0edf203c3f61167794d1ef1afab20a85e5d025c746a030a9d37b78072420d653,2024-07,Surrey Police,Surrey Police,0.002433,51.251631,On or near Uvedale Road,E01030839,Tandridge 006F,Burglary,Investigation complete; no suspect identified,
867b2f2634c390ef5330ce179e289d726ec119e70f9fc6d9c128eef98fa1eae4,2024-07,Surrey Police,Surrey Police,-0.007390,51.258786,On or near St Mary'S Close,E01030839,Tandridge 006F,Criminal damage and arson,Investigation complete; no suspect identified,
ae73b71d81a007309099848de7d40cdc5eb251e4fd0074ccd0e897280d3cdc0e,2024-07,Surrey Police,Surrey Police,-0.015522,51.252656,On or near High Street,E01030839,Tandridge 006F,Public order,Unable to prosecute suspect,
7e64c6679d9afd9b9f1d3d3994e4cb2604ead3b05c68d2f73c555234e6c9db68,2024-07,Surrey Police,Surrey Police,-0.011557,51.257194,On or near Wheeler Avenue,E01030839,Tandridge 006F,Vehicle crime,Investigation complete; no suspect identified,
650403c23cc1d7ef74a138add5316af4a5d2f90963afbe95175c457f5bd50608,2024-07,Surrey Police,Surrey Police,-0.007390,51.258786,On or near St Mary'S Close,E01030839,Tandridge 006F,Violence and sexual offences,Status update unavailable,
,2024-07,Surrey Police,Surrey Police,0.013760,51.244242,On or near Hazelwood Road,E01030840,Tandridge 007A,Anti-social behaviour,,
ba200dcffbf6c728c99be2f854298b5278c0b869fd7b7e17fac268868b2658ab,2024-07,Surrey Police,Surrey Police,0.009868,51.241405,On or near Pollards Oak Crescent,E01030840,Tandridge 007A,Drugs,Awaiting court outcome,
53c3d49fc286b96d3aca7c6a6581e0571611f5c4f50fa99962bb7eadb4f84ba1,2024-07,Surrey Police,Surrey Police,0.005829,51.243740,On or near Oak Close,E01030840,Tandridge 007A,Public order,Investigation complete; no suspect identified,
b95119b6958076b15c6531b2dca2f5d39cb4a1d1393de2c423a046802ae11a77,2024-07,Surrey Police,Surrey Police,0.005829,51.243740,On or near Oak Close,E01030840,Tandridge 007A,Public order,Investigation complete; no suspect identified,
1411566a67caec5373d483f716136dc7ce9a86002cd8c29107fff83fb2f45cb8,2024-07,Surrey Police,Surrey Police,0.005829,51.243740,On or near Oak Close,E01030840,Tandridge 007A,Public order,Unable to prosecute suspect,
3418e0c9066ba5f1e8672dcdd39ff9b8692cca619105dcab19678e8ce41b4821,2024-07,Surrey Police,Surrey Police,0.013760,51.244242,On or near Hazelwood Road,E01030840,Tandridge 007A,Vehicle crime,Investigation complete; no suspect identified,
b1be99b65552298d20f8f64b200a233210b395d3aa0343b270757b209de27576,2024-07,Surrey Police,Surrey Police,0.009868,51.241405,On or near Pollards Oak Crescent,E01030840,Tandridge 007A,Violence and sexual offences,Investigation complete; no suspect identified,
45469cd3560d80fd19380f0938187d88fb0c883918e0b37c9ec0552c0d7a66a5,2024-07,Surrey Police,Surrey Police,0.005829,51.243740,On or near Oak Close,E01030840,Tandridge 007A,Violence and sexual offences,Unable to prosecute suspect,
6307a2da8097215689fee9d52a0aad6835bfd93c5eb0279d5d995c53f4ca5635,2024-07,Surrey Police,Surrey Police,0.005829,51.243740,On or near Oak Close,E01030840,Tandridge 007A,Violence and sexual offences,Investigation complete; no suspect identified,
99a0b72f9730f8daea73b6e0221ee159b9f1367d5ed53f0ec677cf9226ec893d,2024-07,Surrey Police,Surrey Police,0.005829,51.243740,On or near Oak Close,E01030840,Tandridge 007A,Violence and sexual offences,Unable to prosecute suspect,
e81bc14bad8465beb67d687a5cf5231c9fed6227f11f9f1c59f4583cb4baea70,2024-07,Surrey Police,Surrey Police,0.005829,51.243740,On or near Oak Close,E01030840,Tandridge 007A,Violence and sexual offences,Investigation complete; no suspect identified,
3e6e98cd6cbe0e28945b41ea7ba66cc8c8973b44ea9cafa8037c2cede17d19bd,2024-07,Surrey Police,Surrey Police,0.008914,51.239559,On or near Holland Crescent,E01030840,Tandridge 007A,Violence and sexual offences,Unable to prosecute suspect,
eac9cab07d590dcf4e420e35670aa3f9d1ffb427260b40f4833c814e8b2660c8,2024-07,Surrey Police,Surrey Police,0.006531,51.241750,On or near Nunappleton Way,E01030840,Tandridge 007A,Violence and sexual offences,Unable to prosecute suspect,
87e708ed3b22558c2dec3f7deb004c7c80be8b7a80240eec66d1a91788972c33,2024-07,Surrey Police,Surrey Police,0.008914,51.239559,On or near Holland Crescent,E01030840,Tandridge 007A,Violence and sexual offences,Unable to prosecute suspect,
b3f228ded385e81cbda39b59907c340274a6bd955f3a02f16de3dc1dc72ac891,2024-07,Surrey Police,Surrey Police,0.009868,51.241405,On or near Pollards Oak Crescent,E01030840,Tandridge 007A,Other crime,Investigation complete; no suspect identified,
a41f15fae3a177e4197b08bc5b87e554ceb600ec83a3c700c83e10c28d25a1df,2024-07,Surrey Police,Surrey Police,0.004607,51.244624,On or near Greenhurst Lane,E01030841,Tandridge 007B,Burglary,Investigation complete; no suspect identified,
4f6b1ca76523aa8144cded6ed6c8283b87f7960367c2a7394532bd6dec10a515,2024-07,Surrey Police,Surrey Police,0.004607,51.244624,On or near Greenhurst Lane,E01030841,Tandridge 007B,Criminal damage and arson,Investigation complete; no suspect identified,
dcb2454ede54bd1b42813c135fa431bd7c0e28e46a43ff8b5ff495114dd84535,2024-07,Surrey Police,Surrey Police,0.001166,51.245565,On or near Oast Road,E01030841,Tandridge 007B,Drugs,Unable to prosecute suspect,
88062d6909a820965657e0dea5b621871cb17b7d7ddcf979145ca23bfc48b3cf,2024-07,Surrey Police,Surrey Police,-0.002419,51.244834,On or near Tanhouse Road,E01030841,Tandridge 007B,Vehicle crime,Investigation complete; no suspect identified,
f1349e1bfb395fa1ef86161f5620bf2e887cbdfca313ce4855763f6f580d835e,2024-07,Surrey Police,Surrey Police,0.003798,51.243163,On or near Meldrum Close,E01030841,Tandridge 007B,Violence and sexual offences,Unable to prosecute suspect,
d43197312e1082a0b2c05b680710db9793f2cbad3eabd8f0701c6438bf925072,2024-07,Surrey Police,Surrey Police,0.003798,51.243163,On or near Meldrum Close,E01030841,Tandridge 007B,Violence and sexual offences,Unable to prosecute suspect,
,2024-07,Surrey Police,Surrey Police,0.013395,51.239824,On or near The Greenway,E01030842,Tandridge 007C,Anti-social behaviour,,
,2024-07,Surrey Police,Surrey Police,0.012129,51.237076,On or near Four Oaks,E01030842,Tandridge 007C,Anti-social behaviour,,
01d0f99d806e91807a45e755e8e9129ab4b02bb0d4e5efd09021bb960310062b,2024-07,Surrey Police,Surrey Police,0.013395,51.239824,On or near The Greenway,E01030842,Tandridge 007C,Criminal damage and arson,Investigation complete; no suspect identified,
cfa543cea24ddda76d1ffeb4c10b9db32cf084768a460bbaef472b3fc5a8e0cb,2024-07,Surrey Police,Surrey Police,0.013395,51.239824,On or near The Greenway,E01030842,Tandridge 007C,Possession of weapons,Unable to prosecute suspect,
407930e38091b55572cf026d668957b5f9a7863d08423e96045072e3a2d90305,2024-07,Surrey Police,Surrey Police,0.013395,51.239824,On or near The Greenway,E01030842,Tandridge 007C,Public order,Unable to prosecute suspect,
e4fa171c6fb5344f3c84cf3a82d372aa2182a7df2af0338910ac1a191a7ab2ef,2024-07,Surrey Police,Surrey Police,0.009718,51.237621,On or near Carrolls Way,E01030842,Tandridge 007C,Public order,Unable to prosecute suspect,
97f17af0f88db21e5f56dc1a7afe18a4dc39a85016d19532e0b30598e88b6857,2024-07,Surrey Police,Surrey Police,0.010450,51.244227,On or near Wolfs Wood,E01030842,Tandridge 007C,Violence and sexual offences,Unable to prosecute suspect,
9638402091228c4e72f52af098bff98b4f881f43cad0e58d24d27a3105b3781a,2024-07,Surrey Police,Surrey Police,0.013395,51.239824,On or near The Greenway,E01030842,Tandridge 007C,Violence and sexual offences,Unable to prosecute suspect,
df493b6c7065dbd6476fea0ae80e9bba3eb757ca1828f5ea787d28d281346104,2024-07,Surrey Police,Surrey Police,0.011682,51.242578,On or near Pollards Oak Road,E01030842,Tandridge 007C,Violence and sexual offences,Investigation complete; no suspect identified,
9ea0b9af63abc44707a7fa6a38ccd5a3695de884039babcb86bb6f08f54ef0e1,2024-07,Surrey Police,Surrey Police,0.012015,51.237734,On or near Four Oaks,E01030842,Tandridge 007C,Violence and sexual offences,Unable to prosecute suspect,
,2024-07,Surrey Police,Surrey Police,0.004052,51.237125,On or near Coltsfoot Lane,E01030843,Tandridge 007D,Anti-social behaviour,,
fa6d0b88b27d0b23ff915c28b7f0f02a9a3abf4737b0bf493982d72f419ce2e8,2024-07,Surrey Police,Surrey Police,0.006397,51.237022,On or near Coldshott,E01030843,Tandridge 007D,Criminal damage and arson,Unable to prosecute suspect,
53bf834960d09da582a94fd3f790082b0ffd1ef5f8fa10877343540f9c6e8add,2024-07,Surrey Police,Surrey Police,0.001971,51.241342,On or near Mill Shaw,E01030843,Tandridge 007D,Criminal damage and arson,Investigation complete; no suspect identified,
15601d5bf1e949d596b8300f2d9b08b513f618677965a06f3e340f83f248921d,2024-07,Surrey Police,Surrey Police,0.008984,51.238533,On or near Barnfield Way,E01030843,Tandridge 007D,Public order,Investigation complete; no suspect identified,
225cb2c4010d4723ff1cae1a4c94e7339ae7312b88de1b9d21499ecac1d10928,2024-07,Surrey Police,Surrey Police,0.008313,51.240235,On or near Rosemary Close,E01030843,Tandridge 007D,Violence and sexual offences,Unable to prosecute suspect,
59227ad66d4764c0a6087b00615ec6fe3ada630678730d9e4d082528820ad23f,2024-07,Surrey Police,Surrey Police,0.006256,51.234452,On or near Warren Lane,E01030843,Tandridge 007D,Violence and sexual offences,Unable to prosecute suspect,
aee654f84f343bce74ed454cca4a725f80a858e87a76b6f246d78f33583f1432,2024-07,Surrey Police,Surrey Police,0.006256,51.234452,On or near Warren Lane,E01030843,Tandridge 007D,Violence and sexual offences,Unable to prosecute suspect,
abcdbd6dc5f413e06e5bf80a18117dae3deb5ef4b322fb8ecbc3af5fe0b22b41,2024-07,Surrey Police,Surrey Police,-0.007476,51.244192,On or near Tanhouse Road,E01030843,Tandridge 007D,Violence and sexual offences,Investigation complete; no suspect identified,
502e6d4b1fdeacab0b196a482bc2cb07bf384729e3895364ed95dff5edd17144,2024-07,Surrey Police,Surrey Police,0.006397,51.237022,On or near Coldshott,E01030843,Tandridge 007D,Violence and sexual offences,Action to be taken by another organisation,
60d1c0b23f8018b501ca60517217414be3ee15243fcbbc66393f75d57e3bd4b5,2024-07,Surrey Police,Surrey Police,0.006397,51.237022,On or near Coldshott,E01030843,Tandridge 007D,Violence and sexual offences,Unable to prosecute suspect,
34f55d2a6aa97de046191160582e25da21ea0eeed4bf0f758c3876ca85851c89,2024-07,Surrey Police,Surrey Police,0.001971,51.241342,On or near Mill Shaw,E01030843,Tandridge 007D,Violence and sexual offences,Unable to prosecute suspect,
,2024-07,Surrey Police,Surrey Police,-0.089536,51.238222,On or near Nightingale Way,E01030812,Tandridge 008A,Anti-social behaviour,,
e6dc07aa209c47101918a5abfb4b3c594bfef3c7931d16d28c36b7428bcf9435,2024-07,Surrey Police,Surrey Police,-0.088002,51.238233,On or near Gayler Close,E01030812,Tandridge 008A,Criminal damage and arson,Investigation complete; no suspect identified,
71d0c6664ee005e52764ac249d9e18a144d593e0638b52ab57e1ece3d6905f30,2024-07,Surrey Police,Surrey Police,-0.078892,51.235458,On or near Rabies Heath Road,E01030812,Tandridge 008A,Drugs,Local resolution,
2b9e2db9a3bf40390a97f7b743dcde006e3dc43cf8b97dfeca79262e283b4af5,2024-07,Surrey Police,Surrey Police,-0.093889,51.238608,On or near Coneybury,E01030812,Tandridge 008A,Public order,Unable to prosecute suspect,
ed81c24a49a0ed7e575c827fa07fd7ea0bcd0f2ce3669a0a5e6defd1a6ee3915,2024-07,Surrey Police,Surrey Police,-0.077508,51.252855,On or near North Park Lane,E01030812,Tandridge 008A,Violence and sexual offences,Further action is not in the public interest,
03a8e31d8ae83a2774b680eb0ce20667e467704d5304cd33c118fcf1ee8fc07f,2024-07,Surrey Police,Surrey Police,-0.099147,51.239998,On or near Grange Close,E01030812,Tandridge 008A,Violence and sexual offences,Unable to prosecute suspect,
,2024-07,Surrey Police,Surrey Police,-0.141467,51.225425,On or near Kings Mill Lane,E01030813,Tandridge 008B,Anti-social behaviour,,
229f4958eb5a739564b381592067152e5b61dce65842343c80fde95bccb95c67,2024-07,Surrey Police,Surrey Police,-0.138330,51.250636,On or near Parking Area,E01030813,Tandridge 008B,Criminal damage and arson,Investigation complete; no suspect identified,
baea49bb5a95c2281c3c859cd0568c34e43524dbe2b3255a02ad6ca199b5da26,2024-07,Surrey Police,Surrey Police,-0.132121,51.230942,On or near Braes Mead,E01030813,Tandridge 008B,Drugs,Investigation complete; no suspect identified,
51e357f74eb2db7cf5933dcfd7171c988ea2c7d2a651b47905e0d623ac364236,2024-07,Surrey Police,Surrey Police,-0.132121,51.230942,On or near Braes Mead,E01030813,Tandridge 008B,Other theft,Investigation complete; no suspect identified,
e40b92b29d7a6fa1ffc9a836fdc1182928b718147571bbec371f465e84a085bb,2024-07,Surrey Police,Surrey Police,-0.132121,51.230942,On or near Braes Mead,E01030813,Tandridge 008B,Shoplifting,Investigation complete; no suspect identified,
371d49bba676b078ee09136930d5f0356145f5aad1dbb4e26cd72d8659ed540e,2024-07,Surrey Police,Surrey Police,-0.140498,51.238441,On or near Parking Area,E01030813,Tandridge 008B,Violence and sexual offences,Local resolution,
eda68377a719b38e23f50de5f50cd9b4f18a2545c3046cec4a409c8dcb473f17,2024-07,Surrey Police,Surrey Police,-0.140498,51.238441,On or near Parking Area,E01030813,Tandridge 008B,Violence and sexual offences,Local resolution,
7f73f1680b2c72d0e8abda5a6971e54662b1c6c3223b9d464dab822d407a21fe,2024-07,Surrey Police,Surrey Police,-0.138330,51.250636,On or near Parking Area,E01030813,Tandridge 008B,Violence and sexual offences,Unable to prosecute suspect,
,2024-07,Surrey Police,Surrey Police,-0.118313,51.224615,On or near Cooper'S Hill Road,E01030814,Tandridge 008C,Anti-social behaviour,,
,2024-07,Surrey Police,Surrey Police,-0.129767,51.197478,On or near Woolborough Lane,E01030814,Tandridge 008C,Anti-social behaviour,,
,2024-07,Surrey Police,Surrey Police,-0.126656,51.209604,On or near Moats Lane,E01030814,Tandridge 008C,Anti-social behaviour,,
01d066f0ea1c745ca2e0234c537096768572ad3336f395327f7c07d946d8fdac,2024-07,Surrey Police,Surrey Police,-0.130637,51.230783,On or near Kentwyns Rise,E01030814,Tandridge 008C,Criminal damage and arson,Awaiting court outcome,
e5903141ed38ce6cd6a84f2e7a969daefae3f954b9771df03ad5edca8deae841,2024-07,Surrey Police,Surrey Police,-0.123736,51.221563,On or near Nutfield Park,E01030814,Tandridge 008C,Criminal damage and arson,Unable to prosecute suspect,
e206ef5afde3e84107a0d26bf593c61ec3d7f9d27469ce44a5fb18d8439956d9,2024-07,Surrey Police,Surrey Police,-0.128473,51.222709,On or near Thepps Close,E01030814,Tandridge 008C,Drugs,Investigation complete; no suspect identified,
02ec13af7f1597d21679fab2c94ec31a449d90487003f47e7b02aef1e0747ca1,2024-07,Surrey Police,Surrey Police,-0.126656,51.209604,On or near Moats Lane,E01030814,Tandridge 008C,Violence and sexual offences,Unable to prosecute suspect,
f65f39cf73a9d955de85b2901af9fcd2db3b465527d8b2008df53f75d888fce5,2024-07,Surrey Police,Surrey Police,-0.118313,51.224615,On or near Cooper'S Hill Road,E01030814,Tandridge 008C,Violence and sexual offences,Investigation complete; no suspect identified,
e666f174a01fb6588a1a8f7fb0ae450c8978c532f494836dc60a7eff78e12902,2024-07,Surrey Police,Surrey Police,-0.128226,51.225724,On or near Sports/Recreation Area,E01030814,Tandridge 008C,Violence and sexual offences,Unable to prosecute suspect,
6cacf0caececd56980a8b05c0384140f35b28382414c18627cd1c9620fe6e057,2024-07,Surrey Police,Surrey Police,-0.130605,51.222042,On or near Kings Cross Lane,E01030814,Tandridge 008C,Other crime,Investigation complete; no suspect identified,
,2024-07,Surrey Police,Surrey Police,-0.092341,51.255247,On or near Green Lane,E01030815,Tandridge 008D,Anti-social behaviour,,
,2024-07,Surrey Police,Surrey Police,-0.110404,51.240791,On or near Castle Street,E01030815,Tandridge 008D,Anti-social behaviour,,
,2024-07,Surrey Police,Surrey Police,-0.122099,51.262491,On or near Warwick Wold Road,E01030815,Tandridge 008D,Anti-social behaviour,,
,2024-07,Surrey Police,Surrey Police,-0.098878,51.241657,On or near Church Lane,E01030815,Tandridge 008D,Anti-social behaviour,,
41c823b1cc7874d90a9f223e504b923b5c806703aa3303552aac260ab41e010d,2024-07,Surrey Police,Surrey Police,-0.110031,51.242197,On or near Barfields,E01030815,Tandridge 008D,Criminal damage and arson,Unable to prosecute suspect,
f700acb3b47693572206fd72ebfa6e3ca6e758adee594a407ddbce6584ac3796,2024-07,Surrey Police,Surrey Police,-0.105521,51.249085,On or near Stychens Lane,E01030815,Tandridge 008D,Vehicle crime,Unable to prosecute suspect,
afe09f6a0fcf214c48f8fb1fc595dd04180f960aed58990d13ebec0856aaca47,2024-07,Surrey Police,Surrey Police,-0.105045,51.239760,On or near Castle Square,E01030815,Tandridge 008D,Violence and sexual offences,Unable to prosecute suspect,
5cc12954375ddb9b4ee6f3ded775f7d8f75782b595c391a60c33acddafae3947,2024-07,Surrey Police,Surrey Police,-0.105301,51.240493,On or near Stychens Close,E01030815,Tandridge 008D,Violence and sexual offences,Investigation complete; no suspect identified,
babacd5c66e2ba5979ba11554efc2e6cca7b40c344e8bf9d556757b8c51b33a8,2024-07,Surrey Police,Surrey Police,-0.110404,51.240791,On or near Castle Street,E01030815,Tandridge 008D,Violence and sexual offences,Unable to prosecute suspect,
,2024-07,Surrey Police,Surrey Police,-0.065577,51.254061,On or near Lindley Road,E01030824,Tandridge 009A,Anti-social behaviour,,
,2024-07,Surrey Police,Surrey Police,-0.066278,51.255116,On or near B2235,E01030824,Tandridge 009A,Anti-social behaviour,,
,2024-07,Surrey Police,Surrey Police,-0.064708,51.255647,On or near Bourne Mews,E01030824,Tandridge 009A,Anti-social behaviour,,
,2024-07,Surrey Police,Surrey Police,-0.065493,51.250948,On or near Salisbury Road,E01030824,Tandridge 009A,Anti-social behaviour,,
,2024-07,Surrey Police,Surrey Police,-0.063686,51.254731,On or near Selbourne Square,E01030824,Tandridge 009A,Anti-social behaviour,,
1ad8977cb274e15b623b8dbc1b2626f99da41120da41b93b5291a5a60b263c1f,2024-07,Surrey Police,Surrey Police,-0.065577,51.254061,On or near Lindley Road,E01030824,Tandridge 009A,Criminal damage and arson,Investigation complete; no suspect identified,
8c4d6862f55bb30e9e861a31448c35b583ec2ab3c40db33fbae4277dfb32e55f,2024-07,Surrey Police,Surrey Police,-0.066278,51.255116,On or near B2235,E01030824,Tandridge 009A,Vehicle crime,Investigation complete; no suspect identified,
46585e99383cf09f2faab955c5df5e3e62aa7d0a34b77433a277d77f71373129,2024-07,Surrey Police,Surrey Police,-0.063896,51.250076,On or near Dewlands,E01030824,Tandridge 009A,Vehicle crime,Investigation complete; no suspect identified,
83f2b853d00988ee636bdf5f6e611ced64326ad28c500791bab02645105d0bb3,2024-07,Surrey Police,Surrey Police,-0.066877,51.254154,On or near Petrol Station,E01030824,Tandridge 009A,Violence and sexual offences,Investigation complete; no suspect identified,
2a2e9849b36e284087ea7bb073ce914f7312a93b94fd584169e784162c0589b4,2024-07,Surrey Police,Surrey Police,-0.066898,51.256394,On or near Fosterdown,E01030824,Tandridge 009A,Violence and sexual offences,Unable to prosecute suspect,
9805e2edc091cdd2e633877cfc423510e1a69d4d23f43486eb7ad9b92a374ccc,2024-07,Surrey Police,Surrey Police,-0.064568,51.253181,On or near Evelyn Gardens,E01030824,Tandridge 009A,Violence and sexual offences,Unable to prosecute suspect,
225a560869c874aede222aeb084f61a69cea9e6952b95b23e2cf28b8f3354256,2024-07,Surrey Police,Surrey Police,-0.066278,51.255116,On or near B2235,E01030824,Tandridge 009A,Violence and sexual offences,Status update unavailable,
b009145a1c15fab02ed675cff1cd6c6e3690a0f3955c21226088a79db4984adf,2024-07,Surrey Police,Surrey Police,-0.065926,51.255982,On or near Bakers Mead,E01030824,Tandridge 009A,Other crime,Further investigation is not in the public interest,
,2024-07,Surrey Police,Surrey Police,-0.070035,51.245492,On or near Ivy Mill Lane,E01030825,Tandridge 009B,Anti-social behaviour,,
,2024-07,Surrey Police,Surrey Police,-0.065790,51.245584,On or near Hillbrow Court,E01030825,Tandridge 009B,Anti-social behaviour,,
,2024-07,Surrey Police,Surrey Police,-0.068734,51.252593,On or near Greenwell Close,E01030825,Tandridge 009B,Anti-social behaviour,,
,2024-07,Surrey Police,Surrey Police,-0.064881,51.260390,On or near Godstone Hill,E01030825,Tandridge 009B,Anti-social behaviour,,
c663ecc8ea1feea43ecde3c94d5df1f9b1a1a9b65b27ec80c2588d58b7d1084f,2024-07,Surrey Police,Surrey Police,-0.058350,51.241225,On or near B2236,E01030825,Tandridge 009B,Burglary,Investigation complete; no suspect identified,
2d3d966781428d8213f548d02990cd591035e6867321559ce8b8aa968e1b35af,2024-07,Surrey Police,Surrey Police,-0.068734,51.252593,On or near Greenwell Close,E01030825,Tandridge 009B,Criminal damage and arson,Unable to prosecute suspect,
e02d99de366b0f6bcdaafef81ff91b0cb914b569f27ade8885fd5c22d103c648,2024-07,Surrey Police,Surrey Police,-0.066698,51.246804,On or near The Green,E01030825,Tandridge 009B,Criminal damage and arson,Investigation complete; no suspect identified,
091a6d9f2a9ce301eba59fba5fb0d27a720caf41bb21a87cd01c442b839c734c,2024-07,Surrey Police,Surrey Police,-0.067696,51.264434,On or near Parking Area,E01030825,Tandridge 009B,Drugs,Local resolution,
e37088c06522cc5b6b4c50a1ac5e49519152f4f417b4eadfd6e8384a47df6404,2024-07,Surrey Police,Surrey Police,-0.070035,51.245492,On or near Ivy Mill Lane,E01030825,Tandridge 009B,Other theft,Investigation complete; no suspect identified,
0279ad37e8598f4360d46b316b11a0ab7dcb2c03df21a6d486c6ee3b630f2deb,2024-07,Surrey Police,Surrey Police,-0.066698,51.246804,On or near The Green,E01030825,Tandridge 009B,Violence and sexual offences,Investigation complete; no suspect identified,
4f3f6779827b86805976129bc5008f0c17c993ffb907401518fc38ee15cb1dc4,2024-07,Surrey Police,Surrey Police,-0.068734,51.252593,On or near Greenwell Close,E01030825,Tandridge 009B,Violence and sexual offences,Status update unavailable,
b0c9892fee8f53af9c0b17f61b6e10a611e8e57f057307e3977421c1f59c75cb,2024-07,Surrey Police,Surrey Police,-0.067220,51.245635,On or near Bell Meadow,E01030825,Tandridge 009B,Violence and sexual offences,Investigation complete; no suspect identified,
3a93a0455cea597565618d7e176cdb6b3102faf6bb572e45408b2a88e5674032,2024-07,Surrey Police,Surrey Police,-0.068633,51.244750,On or near Ivy Mill Close,E01030825,Tandridge 009B,Violence and sexual offences,Unable to prosecute suspect,
67066eeb1df35626a3770ce35efdef2dd47d80f51d7dfc332fc76d7fe0c5835e,2024-07,Surrey Police,Surrey Police,-0.068258,51.248233,On or near Needles Bank,E01030825,Tandridge 009B,Other crime,Unable to prosecute suspect,
602ac94a74504dc6dedbb62a88bf478ebedf5da71fd2c74ae52ba68d6c58210a,2024-07,Surrey Police,Surrey Police,-0.048840,51.219160,On or near Petrol Station,E01030826,Tandridge 009C,Criminal damage and arson,Investigation complete; no suspect identified,
88b0adc0c1f71cd85552541491819282a2b54021bf61cd58e30c8a99e86c2507,2024-07,Surrey Police,Surrey Police,-0.040284,51.218035,On or near Sports/Recreation Area,E01030826,Tandridge 009C,Public order,Unable to prosecute suspect,
32badd5727636602cb0097f663bc2e07b39a013c39005581c3f11ebf5bc8246c,2024-07,Surrey Police,Surrey Police,-0.046095,51.218026,On or near Manor Close,E01030826,Tandridge 009C,Violence and sexual offences,Unable to prosecute suspect,
0dfa732168f3574e5b74cec5ff35324a884e63e317318f7230e7e3a16da27fbb,2024-07,Surrey Police,Surrey Police,-0.048706,51.218259,On or near Grange Court,E01030826,Tandridge 009C,Violence and sexual offences,Unable to prosecute suspect,
9d3c5b9be7380fff765311851375e13e417b072bb48d21376165731a0435e9e5,2024-07,Surrey Police,Surrey Police,-0.050470,51.193099,On or near Anchor Way,E01030827,Tandridge 009D,Burglary,Investigation complete; no suspect identified,
b1ae2cfbda43876d027e5096922e2362984c8b4dd02fd7dbf600f251bafcaa4c,2024-07,Surrey Police,Surrey Police,-0.050360,51.215040,On or near Park/Open Space,E01030827,Tandridge 009D,Other theft,Investigation complete; no suspect identified,
3e0ef3ab26c7c071d7a59425c9f4426a874f0532f4e95aa938a21db849d698e5,2024-07,Surrey Police,Surrey Police,-0.050360,51.215040,On or near Park/Open Space,E01030827,Tandridge 009D,Other theft,Unable to prosecute suspect,
99d9328af851ac66983399b6907487c939c9b3c33443cde44a4c19fbe5d3226e,2024-07,Surrey Police,Surrey Police,-0.064304,51.203149,On or near Carlton Road,E01030827,Tandridge 009D,Vehicle crime,Investigation complete; no suspect identified,
2851d7b83a01927cde673d3bbcf0657093f054777347b2d5f99dfa7082827a13,2024-07,Surrey Police,Surrey Police,-0.050360,51.215040,On or near Park/Open Space,E01030827,Tandridge 009D,Violence and sexual offences,Unable to prosecute suspect,
bf07a08d47beda4564583fb2adc00d012ff1f18226e3016cb76a8f22fd8f7f01,2024-07,Surrey Police,Surrey Police,-0.050470,51.193099,On or near Anchor Way,E01030827,Tandridge 009D,Violence and sexual offences,Unable to prosecute suspect,
7190cc367f4a17d0876c955c20c4ee114d5d201f04703d949e825de1c8c05977,2024-07,Surrey Police,Surrey Police,-0.050360,51.215040,On or near Park/Open Space,E01030827,Tandridge 009D,Violence and sexual offences,Unable to prosecute suspect,
2c6dfb1f03182d109e4e51170a21c7418fa559d433d1ebb5a76134d2909c9147,2024-07,Surrey Police,Surrey Police,-0.050360,51.215040,On or near Park/Open Space,E01030827,Tandridge 009D,Violence and sexual offences,Unable to prosecute suspect,
1bec2f01679c92b7d3bdbc62cdf9bacbcbc642409a97a6855129b436bed0c081,2024-07,Surrey Police,Surrey Police,-0.050360,51.215040,On or near Park/Open Space,E01030827,Tandridge 009D,Violence and sexual offences,Investigation complete; no suspect identified,
648976c79e3c039b38ff4ce32b6050c6338a2ab5b13659791cbbf71e8ab7ecea,2024-07,Surrey Police,Surrey Police,-0.050360,51.215040,On or near Park/Open Space,E01030827,Tandridge 009D,Violence and sexual offences,Unable to prosecute suspect,
4dbdd8947962cd707255991ba98bb14b84ab241242e08fe168a2435f9b15ce25,2024-07,Surrey Police,Surrey Police,-0.050360,51.215040,On or near Park/Open Space,E01030827,Tandridge 009D,Other crime,Unable to prosecute suspect,
,2024-07,Surrey Police,Surrey Police,0.036371,51.192662,On or near Normans Lane,E01030821,Tandridge 010A,Anti-social behaviour,,
,2024-07,Surrey Police,Surrey Police,0.009557,51.157612,On or near Beacon Hill,E01030821,Tandridge 010A,Anti-social behaviour,,
,2024-07,Surrey Police,Surrey Police,0.005031,51.162735,On or near Locks Meadow,E01030821,Tandridge 010A,Anti-social behaviour,,
556e7355a63bdadf254d8ed8564bb8542c3319b779e2382ea5d8803b7462b5a8,2024-07,Surrey Police,Surrey Police,0.032479,51.178377,On or near Starborough Road,E01030821,Tandridge 010A,Burglary,Investigation complete; no suspect identified,
61872d19eefd2ae0e8faf58e72085722cb28e143cad8b2f1eb4734aa75ff1f57,2024-07,Surrey Police,Surrey Police,0.005606,51.159506,On or near Dormans High Street,E01030821,Tandridge 010A,Criminal damage and arson,Investigation complete; no suspect identified,
1b0f8d35ece357c7a918230af63264166600d587179b9b8fe4811084e2611d5a,2024-07,Surrey Police,Surrey Police,0.008217,51.159029,On or near New Farthingdale,E01030821,Tandridge 010A,Criminal damage and arson,Unable to prosecute suspect,
d3d97ea76a06b868388b576220e0f47f8a8eeb75224d2d9d13acd5321b4533f9,2024-07,Surrey Police,Surrey Police,0.001108,51.171247,On or near St Pier'S Lane,E01030821,Tandridge 010A,Criminal damage and arson,Unable to prosecute suspect,
d6a493f2f87cd27a38c2d93518c0a49d75c4c8a78055fd7bd7c25836ec5e6dcb,2024-07,Surrey Police,Surrey Police,0.001108,51.171247,On or near St Pier'S Lane,E01030821,Tandridge 010A,Possession of weapons,Unable to prosecute suspect,
89966cb80206a17167f9e0d465093f16d8036bbf38a9964889ca94d325cab830,2024-07,Surrey Police,Surrey Police,0.008217,51.159029,On or near New Farthingdale,E01030821,Tandridge 010A,Possession of weapons,Unable to prosecute suspect,
d058508430287f75b605fd16faf02db81792d2430074dae60b63e2aac323069c,2024-07,Surrey Police,Surrey Police,0.008217,51.159029,On or near New Farthingdale,E01030821,Tandridge 010A,Public order,Unable to prosecute suspect,
4c7e74adbd972f1f88590ee23e339b7c990fee5c151a3391cb3deb087d1f97f3,2024-07,Surrey Police,Surrey Police,0.008217,51.159029,On or near New Farthingdale,E01030821,Tandridge 010A,Public order,Unable to prosecute suspect,
dcba143f45f698e622e7cbf9e4fe660bd3a46ef58fa9bddd94b5480ffc603b54,2024-07,Surrey Police,Surrey Police,0.001108,51.171247,On or near St Pier'S Lane,E01030821,Tandridge 010A,Public order,Awaiting court outcome,
a7ddc7b66e7b13f7c6553d8f145fd3d948923d1bf0450865659ccd24fec5e32b,2024-07,Surrey Police,Surrey Police,0.005031,51.162735,On or near Locks Meadow,E01030821,Tandridge 010A,Public order,Investigation complete; no suspect identified,
e0ea03d3e5ec4b9594e607d760051155010686ddb1ac247028465c9b72849d52,2024-07,Surrey Police,Surrey Police,0.012671,51.177910,On or near St Pier'S Lane,E01030821,Tandridge 010A,Public order,Investigation complete; no suspect identified,
36365155ecd9f20219a286b50b8928a1c6ccb12c64c1344e5c4501854f85e8d1,2024-07,Surrey Police,Surrey Police,0.005134,51.161060,On or near Sports/Recreation Area,E01030821,Tandridge 010A,Violence and sexual offences,Unable to prosecute suspect,
91f910ba54485e8d463f5898995d772e65d584ba621efb1398d2ff3a0bb16c03,2024-07,Surrey Police,Surrey Police,0.001108,51.171247,On or near St Pier'S Lane,E01030821,Tandridge 010A,Other crime,Unable to prosecute suspect,
7f3b4ae474796a0541fc7a05c7beb8deed2b4133523a6a8239ad2c832a442d07,2024-07,Surrey Police,Surrey Police,0.008217,51.159029,On or near New Farthingdale,E01030821,Tandridge 010A,Other crime,Unable to prosecute suspect,
,2024-07,Surrey Police,Surrey Police,-0.003979,51.156450,On or near Dormans,E01030822,Tandridge 010B,Anti-social behaviour,,
f228db36bf4c936e5304cba8ff40c05d1b781bd6f12ff4c93e1a452d41db2d66,2024-07,Surrey Police,Surrey Police,-0.025712,51.160578,On or near Felcourt Lane,E01030822,Tandridge 010B,Burglary,Investigation complete; no suspect identified,
06d286db1e967faa66b2a9fa131bd2bbc8ac5e7f26255bf5175692e46e7dc929,2024-07,Surrey Police,Surrey Police,0.020020,51.152252,On or near Hollow Lane,E01030822,Tandridge 010B,Violence and sexual offences,Action to be taken by another organisation,
,2024-07,Surrey Police,Surrey Police,-0.019698,51.173444,On or near Drivers Mead,E01030833,Tandridge 010C,Anti-social behaviour,,
a5260fec587e8c5ef94784e2e6b3e793496143cc61202682a0ccdb2fa66f6ff8,2024-07,Surrey Police,Surrey Police,-0.019698,51.173444,On or near Drivers Mead,E01030833,Tandridge 010C,Burglary,Investigation complete; no suspect identified,
7a8242f37f571071949017e72d2f006388cf34433baa4718ee22c3c765aadb57,2024-07,Surrey Police,Surrey Police,-0.019511,51.174799,On or near Plaistow Street,E01030833,Tandridge 010C,Other theft,Unable to prosecute suspect,
63814c4c08499a4070602166ff164685821fa13cfafdf26127d80a0f4ebed8d5,2024-07,Surrey Police,Surrey Police,-0.019698,51.173444,On or near Drivers Mead,E01030833,Tandridge 010C,Public order,Unable to prosecute suspect,
42ca00aebfa2dba465b61af25c9e12610fce715dd7365732d1adfaf1344b0622,2024-07,Surrey Police,Surrey Police,-0.019511,51.174799,On or near Plaistow Street,E01030833,Tandridge 010C,Violence and sexual offences,Investigation complete; no suspect identified,
be222a78afe22d3b8ce0b40d693e8ba436dfe348e1a7c998d1b47ed6f28cb73b,2024-07,Surrey Police,Surrey Police,-0.019698,51.173444,On or near Drivers Mead,E01030833,Tandridge 010C,Violence and sexual offences,Unable to prosecute suspect,
ec100816a5308a7dea7cb8baceb11b972d08d28f59e04b19f2d5c64f73738932,2024-07,Surrey Police,Surrey Police,-0.023666,51.175319,On or near Mount Pleasant Road,E01030833,Tandridge 010C,Violence and sexual offences,Investigation complete; no suspect identified,
,2024-07,Surrey Police,Surrey Police,-0.013583,51.180247,On or near Saxby'S Lane,E01030834,Tandridge 010D,Anti-social behaviour,,
e34f5a007362b17c5e5b1d0b786bb36fdc31c45d7b10278269bae6b1cfc6efb9,2024-07,Surrey Police,Surrey Police,-0.023371,51.183894,On or near Theatre/Concert Hall,E01030834,Tandridge 010D,Violence and sexual offences,Unable to prosecute suspect,
986732d9f286ae03cc9c7f352064ed4f215c1003dc2cedb67bef83cc64a031de,2024-07,Surrey Police,Surrey Police,-0.014939,51.173993,On or near Forge Close,E01030835,Tandridge 010E,Possession of weapons,Unable to prosecute suspect,
9a60ace775e44942a82ef940e704419103b07a740dff955f5d63f101874276c7,2024-07,Surrey Police,Surrey Police,-0.019702,51.176340,On or near Headland Way,E01030835,Tandridge 010E,Public order,Unable to prosecute suspect,
bbb05546969891f1856f4c834193b9f0abbe1c565daa7c04422e5f02008edf9a,2024-07,Surrey Police,Surrey Police,-0.015690,51.176497,On or near College Close,E01030835,Tandridge 010E,Public order,Unable to prosecute suspect,
3d086f3df30c1b482cd730edfe69da424fbe7942df147548c613727648c892e1,2024-07,Surrey Police,Surrey Police,-0.010713,51.182771,On or near Rushfords,E01030835,Tandridge 010E,Shoplifting,Unable to prosecute suspect,
0179ae293380e57fbc41d6957a26f46764c1b40e3935b71e9de45d42dee6526d,2024-07,Surrey Police,Surrey Police,-0.014647,51.173781,On or near Little Stanford Close,E01030835,Tandridge 010E,Violence and sexual offences,Court result unavailable,
42b8cf6e2b7d2780e42f3b1eed5f694fdafaaac3b1b00ddbab7d213390d80589,2024-07,Surrey Police,Surrey Police,-0.014647,51.173781,On or near Little Stanford Close,E01030835,Tandridge 010E,Violence and sexual offences,Unable to prosecute suspect,
3703f4c47e588e91ef2284627d0a30e56b582823cc56a54836129969417229b3,2024-07,Surrey Police,Surrey Police,-0.019289,51.175641,On or near Vicarage Close,E01030835,Tandridge 010E,Violence and sexual offences,Unable to prosecute suspect,
aa3df58016dfacb9dbd5940ae8b29e04ccc146e010b97dd86514eae6bdaef52d,2024-07,Surrey Police,Surrey Police,-0.014647,51.173781,On or near Little Stanford Close,E01030835,Tandridge 010E,Violence and sexual offences,Court result unavailable,
edfe19c2efd938f617fbe09bdc78e759cc8397ad1d021c0d08e68ddf07af9105,2024-07,Surrey Police,Surrey Police,-0.074940,51.154384,On or near West Park Road,E01030816,Tandridge 011A,Burglary,Investigation complete; no suspect identified,
61e0ade57224a70bd2d0c38a8557d5b1a8d130c075b0117c40ca7d89ae9289d4,2024-07,Surrey Police,Surrey Police,-0.115242,51.170410,On or near Hollie Close,E01030816,Tandridge 011A,Burglary,Investigation complete; no suspect identified,
d97df18385a97b6a44473ea3f4d614f7cb3e39a197975a4fa9a0cd22c23f9f4c,2024-07,Surrey Police,Surrey Police,-0.071016,51.167197,On or near Bones Lane,E01030816,Tandridge 011A,Other theft,Investigation complete; no suspect identified,
77a219d357368e9dddc2b62a490d0f37cc0b616ab3a909610f087155b037d3a0,2024-07,Surrey Police,Surrey Police,-0.071016,51.167197,On or near Bones Lane,E01030816,Tandridge 011A,Other theft,Investigation complete; no suspect identified,
b5631c3f64f587fa187364ed56bc66936f54639c0561a492967688d5c5f67687,2024-07,Surrey Police,Surrey Police,-0.076766,51.187832,On or near Whitewood Lane,E01030816,Tandridge 011A,Public order,Status update unavailable,
7e0829550b56b45f1d0cf6a706e4539cab32835d8543242d82ec2045936b5ed9,2024-07,Surrey Police,Surrey Police,-0.053360,51.163586,On or near West Park Road,E01030816,Tandridge 011A,Violence and sexual offences,Action to be taken by another organisation,
a893eb1882aac8e7d2d87feef0574938a87c5015eca3989f6bfd99e5633501e4,2024-07,Surrey Police,Surrey Police,-0.076766,51.187832,On or near Whitewood Lane,E01030816,Tandridge 011A,Violence and sexual offences,Unable to prosecute suspect,
793d592126a36991d5f935cfcf4843525e7b06eade276a6b1da30825459e4d3a,2024-07,Surrey Police,Surrey Police,-0.060554,51.170073,On or near Clay Lane,E01030816,Tandridge 011A,Violence and sexual offences,Status update unavailable,
02e4510c7cbceeda4b9287808d9be25fc603c8989f1eee613de94b108c02d6a7,2024-07,Surrey Police,Surrey Police,-0.081381,51.151819,On or near Perry Wood Park,E01030816,Tandridge 011A,Violence and sexual offences,Unable to prosecute suspect,
0f9b1479ac15e31e9c4060115f76f49eb3b69f0a8c1d6e10690ccd6a356a301a,2024-07,Surrey Police,Surrey Police,-0.053446,51.179542,On or near Maplewood Drive,E01030816,Tandridge 011A,Violence and sexual offences,Status update unavailable,
f093503a5528ec4c69b936e7d83a60e927130632bcb632f7cd76167d5e243d7f,2024-07,Surrey Police,Surrey Police,-0.076766,51.187832,On or near Whitewood Lane,E01030816,Tandridge 011A,Violence and sexual offences,Unable to prosecute suspect,
d158b5c3bf2112c90a219b9de29f8a09c4193ab4da02cb292baf595e86312c0e,2024-07,Surrey Police,Surrey Police,-0.056328,51.180075,On or near Hare Lane,E01030816,Tandridge 011A,Violence and sexual offences,Unable to prosecute suspect,
7f18688c1d2d50e227d9bfe1afedc43d8d9d1366576fcdcdf58d3de643eb273f,2024-07,Surrey Police,Surrey Police,-0.066435,51.157715,On or near Fareview,E01030816,Tandridge 011A,Violence and sexual offences,Investigation complete; no suspect identified,
,2024-07,Surrey Police,Surrey Police,-0.121849,51.203880,On or near Prince Of Wales Road,E01030817,Tandridge 011B,Anti-social behaviour,,
,2024-07,Surrey Police,Surrey Police,-0.120595,51.184741,On or near Rookery Lane,E01030817,Tandridge 011B,Anti-social behaviour,,
,2024-07,Surrey Police,Surrey Police,-0.123051,51.174303,On or near Weatherhill Road,E01030817,Tandridge 011B,Anti-social behaviour,,
,2024-07,Surrey Police,Surrey Police,-0.124628,51.175992,On or near Charlotte Grove,E01030817,Tandridge 011B,Anti-social behaviour,,
9b557d355ecccff93d7234deddf21bda556c66cfd0132eacd857938c21e65fb7,2024-07,Surrey Police,Surrey Police,-0.100379,51.195125,On or near Outwood Lane,E01030817,Tandridge 011B,Criminal damage and arson,Investigation complete; no suspect identified,
9e7076bb55b9723025dc830ab5d9d619085ce63346c02e373090943ac4a5916b,2024-07,Surrey Police,Surrey Police,-0.122506,51.175410,On or near The Cravens,E01030817,Tandridge 011B,Possession of weapons,Unable to prosecute suspect,
daae4da860d2df4d79bfc076d190e63193d5111febe7061a1a5de3358a028069,2024-07,Surrey Police,Surrey Police,-0.125489,51.173101,On or near Grasslands,E01030817,Tandridge 011B,Public order,Unable to prosecute suspect,
0bd01777ac0883e93dcb4c683a235a4de4dd177dd9f52ee5d7babf9871a553fe,2024-07,Surrey Police,Surrey Police,-0.103528,51.192667,On or near Scott'S Hill,E01030817,Tandridge 011B,Vehicle crime,Investigation complete; no suspect identified,
54396eba1bbb9cd7567188e1f3d32b9ef2479db29c2e33ed568d3c3699bb72cd,2024-07,Surrey Police,Surrey Police,-0.122217,51.176880,On or near Hayes Walk,E01030817,Tandridge 011B,Violence and sexual offences,Unable to prosecute suspect,
41c7590982ec1d94764bcc2154b1f7699d03e7dd6648e90afc397ed66c7e38c2,2024-07,Surrey Police,Surrey Police,-0.124628,51.175992,On or near Charlotte Grove,E01030817,Tandridge 011B,Violence and sexual offences,Unable to prosecute suspect,
ef7e50aa66b0079574825291d3a9b83be9c32d42ba46f8dad6e37d18a5133ee5,2024-07,Surrey Police,Surrey Police,-0.100379,51.195125,On or near Outwood Lane,E01030817,Tandridge 011B,Violence and sexual offences,Unable to prosecute suspect,
7b03512b40f9738a2af9038590eecd0b31e4f037ae537219d53a7c4d67a97a96,2024-07,Surrey Police,Surrey Police,-0.124628,51.175992,On or near Charlotte Grove,E01030817,Tandridge 011B,Violence and sexual offences,Unable to prosecute suspect,
fed20e989aac0a160c118fcfc0459ce81193645e6bf31cbde83fcea489fb31e2,2024-07,Surrey Police,Surrey Police,-0.121849,51.203880,On or near Prince Of Wales Road,E01030817,Tandridge 011B,Other crime,Unable to prosecute suspect,
,2024-07,Surrey Police,Surrey Police,-0.117657,51.175386,On or near Carey'S Wood,E01030818,Tandridge 011C,Anti-social behaviour,,
09e954332786a733cedbe65f192d653912ee4e26e9678ffcb7a23fb6ad7b5e7d,2024-07,Surrey Police,Surrey Police,-0.118652,51.175896,On or near Carey'S Close,E01030818,Tandridge 011C,Burglary,Investigation complete; no suspect identified,
3fb39ddd8fc7913c39ac72d550a42b601dfde3e03791c560b810931196ccc031,2024-07,Surrey Police,Surrey Police,-0.118554,51.174069,On or near Tudor Close,E01030818,Tandridge 011C,Other theft,Investigation complete; no suspect identified,
ef716f8a2d122a9405a264efc0377e21a361ee51fd2171e2428ae2a83040cb16,2024-07,Surrey Police,Surrey Police,-0.121226,51.173815,On or near Grangeway,E01030818,Tandridge 011C,Violence and sexual offences,Unable to prosecute suspect,
db141a44d87b9409e24b23f920880d5df3b96cd34f92e87d34cc70a06043e185,2024-07,Surrey Police,Surrey Police,-0.121226,51.173815,On or near Grangeway,E01030818,Tandridge 011C,Violence and sexual offences,Unable to prosecute suspect,
00119559cf8d1101d4273a156c8d07ce9ba390b656ed207f2a7b24be5d189fa5,2024-07,Surrey Police,Surrey Police,-0.114173,51.174511,On or near Churchill Road,E01030818,Tandridge 011C,Violence and sexual offences,Unable to prosecute suspect,
8a0923d3df9814d11ea7dc97c7be5de5673e5503325ddc58e87f2d31745e7893,2024-07,Surrey Police,Surrey Police,-0.121226,51.173815,On or near Grangeway,E01030818,Tandridge 011C,Violence and sexual offences,Unable to prosecute suspect,
,2024-07,Surrey Police,Surrey Police,-0.114086,51.141227,On or near Burstow Gardens,E01030819,Tandridge 011D,Anti-social behaviour,,
,2024-07,Surrey Police,Surrey Police,-0.132218,51.151734,On or near Green Lane,E01030819,Tandridge 011D,Anti-social behaviour,,
9aaa7a072ec70e2fdc250f5f3bd3a1475d2f10b349304951d4565ab61a960652,2024-07,Surrey Police,Surrey Police,-0.131108,51.148056,On or near Shipleybridge Lane,E01030819,Tandridge 011D,Burglary,Investigation complete; no suspect identified,
fc8310d6d2d8cc1c2959984ef817c8aeaa8b58372d9ab29c2fa060fe39fe472b,2024-07,Surrey Police,Surrey Police,-0.113285,51.142643,On or near Copthorne Bank,E01030819,Tandridge 011D,Burglary,Investigation complete; no suspect identified,
0951e6bd9a0d6c029834ca71176781ee54c6327b9742026428a3ce3804c23bb1,2024-07,Surrey Police,Surrey Police,-0.100405,51.148874,On or near Effingham Road,E01030819,Tandridge 011D,Burglary,Investigation complete; no suspect identified,
02076884c0a0a21ff6795e9651c2724ff03a1fc737d7c393975e32ac5ff79eda,2024-07,Surrey Police,Surrey Police,-0.100405,51.148874,On or near Effingham Road,E01030819,Tandridge 011D,Criminal damage and arson,Status update unavailable,
690cc23e1dbce36ec99bc7d71480fd5ad63aa1347c0f556ad71937705d41d533,2024-07,Surrey Police,Surrey Police,-0.112079,51.144153,On or near Copthorne Bank,E01030819,Tandridge 011D,Criminal damage and arson,Investigation complete; no suspect identified,
d59d2f0f65a4d7b77d67bf9660bb3983ef006add0a1b00dd1f3f4d30d16fdddc,2024-07,Surrey Police,Surrey Police,-0.101669,51.151538,On or near Parking Area,E01030819,Tandridge 011D,Criminal damage and arson,Investigation complete; no suspect identified,
72bb4d8c7d6c40309219ca7deadd2f360294cfb473499d8da9ffaab12d7f9b24,2024-07,Surrey Police,Surrey Police,-0.131188,51.153507,On or near Parking Area,E01030819,Tandridge 011D,Other theft,Unable to prosecute suspect,
32f6ba0a90ef966a7042c656f468cd1998e0ada5ef26365c6bd604c03039a6f0,2024-07,Surrey Police,Surrey Police,-0.110954,51.152804,On or near Copthorne Bank,E01030819,Tandridge 011D,Public order,Unable to prosecute suspect,
bda3b05fd320fdf62550ad4022b91ae7b56cb10b2752cd791cc17a843073a099,2024-07,Surrey Police,Surrey Police,-0.103288,51.146223,On or near East Hill Lane,E01030819,Tandridge 011D,Public order,Unable to prosecute suspect,
49a200c426e7e2892d754574001c474df76f1683adde809b8f1b12c76f8359a4,2024-07,Surrey Police,Surrey Police,-0.101669,51.151538,On or near Parking Area,E01030819,Tandridge 011D,Public order,Unable to prosecute suspect,
7722f43a99346983d170ae70c5be867c31137947a1cfde64a5db24d7af8bd8dc,2024-07,Surrey Police,Surrey Police,-0.111181,51.143059,On or near Clay Hall Lane,E01030819,Tandridge 011D,Violence and sexual offences,Unable to prosecute suspect,
71eabd014a801ef8ce900f52cc7ca1aa7c07bb5eafe4802625d17296e9338270,2024-07,Surrey Police,Surrey Police,-0.126844,51.149193,On or near Antlands Lane,E01030819,Tandridge 011D,Violence and sexual offences,Investigation complete; no suspect identified,
904e8786e223efdcd8d60652666950d51934a5851cd4ce23b1b7f9297f4f35d2,2024-07,Surrey Police,Surrey Police,-0.126844,51.149193,On or near Antlands Lane,E01030819,Tandridge 011D,Violence and sexual offences,Investigation complete; no suspect identified,
5cfb26d9db86e0f0e4b8c57b8095dcbb4e8ca0be3a540fa0b5db405bea925bfa,2024-07,Surrey Police,Surrey Police,-0.113285,51.142643,On or near Copthorne Bank,E01030819,Tandridge 011D,Violence and sexual offences,Investigation complete; no suspect identified,
6efc8664929438e2a49b4aad6cea0a7648e1ffe9f31c51d618a74e6e00d36898,2024-07,Surrey Police,Surrey Police,-0.115641,51.171846,On or near Supermarket,E01030819,Tandridge 011D,Violence and sexual offences,Investigation complete; no suspect identified,
887e1851040dfc02c49c22524f7282e35677e796685132bfc957e88817ad209c,2024-07,Surrey Police,Surrey Police,-0.131188,51.153507,On or near Parking Area,E01030819,Tandridge 011D,Violence and sexual offences,Unable to prosecute suspect,
ff11cc643a282b10a458e06c6c90666bf0b9bbd4b6a75f946d478dd444174806,2024-07,Surrey Police,Surrey Police,-0.115641,51.171846,On or near Supermarket,E01030819,Tandridge 011D,Violence and sexual offences,Unable to prosecute suspect,
1b75eda38ac783355e16bd52b299b0e0b2eaa7671b1b77477994b27092867482,2024-07,Surrey Police,Surrey Police,-0.131188,51.153507,On or near Parking Area,E01030819,Tandridge 011D,Violence and sexual offences,Investigation complete; no suspect identified,
dbd014ef9eddd0be9c70cdb52a127d0593928004da443be494995739870c29d6,2024-07,Surrey Police,Surrey Police,-0.115641,51.171846,On or near Supermarket,E01030819,Tandridge 011D,Violence and sexual offences,Unable to prosecute suspect,
7e3fe8034506d5474077d06a4ffa7d2ac12bafab715e3489cf28585a45207388,2024-07,Surrey Police,Surrey Police,-0.131188,51.153507,On or near Parking Area,E01030819,Tandridge 011D,Violence and sexual offences,Investigation complete; no suspect identified,
b677b2385f3e3ffbd435649419f4ca6081a5e34a77d5f2b83ce2d5c6f603af2e,2024-07,Surrey Police,Surrey Police,-0.126844,51.149193,On or near Antlands Lane,E01030819,Tandridge 011D,Violence and sexual offences,Unable to prosecute suspect,
8530b7d638fdf708fedd5343f1d59133a871b284648db15fb61e879c344e6b3b,2024-07,Surrey Police,Surrey Police,-0.089469,51.146762,On or near West Park Road,E01030823,Tandridge 011E,Burglary,Status update unavailable,
df5e0dd3fe498e0d78f40373778e33f8c8431e57f5cf70a48453cd06c64ac8f6,2024-07,Surrey Police,Surrey Police,-0.048141,51.159471,On or near Wire Mill Lane,E01030823,Tandridge 011E,Other theft,Investigation complete; no suspect identified,
b79635d5aada94c9420c4442aa9c78fdac4f33c0b516d761dd1503b807c9389a,2024-07,Surrey Police,Surrey Police,-0.055421,51.144492,On or near Mill Lane,E01030823,Tandridge 011E,Other theft,Awaiting court outcome,
51bf1aadea361f991b659392c0c46c13815d275b60faa86327d2c654ccd087f6,2024-07,Surrey Police,Surrey Police,-0.049024,51.140924,On or near Housman Way,E01030823,Tandridge 011E,Violence and sexual offences,Investigation complete; no suspect identified,
,2024-07,Surrey Police,Surrey Police,-0.030911,51.318088,On or near West Parkside,E01030852,Tandridge 012A,Anti-social behaviour,,
,2024-07,Surrey Police,Surrey Police,-0.030194,51.318751,On or near Tower Place,E01030852,Tandridge 012A,Anti-social behaviour,,
,2024-07,Surrey Police,Surrey Police,-0.032779,51.316348,On or near Parkside Mews,E01030852,Tandridge 012A,Anti-social behaviour,,
,2024-07,Surrey Police,Surrey Police,-0.043374,51.306463,On or near Eden Way,E01030852,Tandridge 012A,Anti-social behaviour,,
,2024-07,Surrey Police,Surrey Police,-0.030911,51.318088,On or near West Parkside,E01030852,Tandridge 012A,Anti-social behaviour,,
,2024-07,Surrey Police,Surrey Police,-0.032779,51.316348,On or near Parkside Mews,E01030852,Tandridge 012A,Anti-social behaviour,,
,2024-07,Surrey Police,Surrey Police,-0.028880,51.318603,On or near East Parkside,E01030852,Tandridge 012A,Anti-social behaviour,,
,2024-07,Surrey Police,Surrey Police,-0.032779,51.316348,On or near Parkside Mews,E01030852,Tandridge 012A,Anti-social behaviour,,
,2024-07,Surrey Police,Surrey Police,-0.030194,51.318751,On or near Tower Place,E01030852,Tandridge 012A,Anti-social behaviour,,
,2024-07,Surrey Police,Surrey Police,-0.043374,51.306463,On or near Eden Way,E01030852,Tandridge 012A,Anti-social behaviour,,
84db83cf2dea81845114b759c58a7bc2ce084ea18af63d1ec4f169f9e8eabe27,2024-07,Surrey Police,Surrey Police,-0.031852,51.313511,On or near Park/Open Space,E01030852,Tandridge 012A,Other theft,Investigation complete; no suspect identified,
d54001a2bb26bcffeded718d1e71020108b48036793bf0914ac6ce1c000629e9,2024-07,Surrey Police,Surrey Police,-0.006633,51.326266,On or near Featherbed Lane,E01030852,Tandridge 012A,Violence and sexual offences,Unable to prosecute suspect,
fdbc62837d4f3494028ebcbbdf5ac06021eb17d6fdd8a97a455df9d558261b75,2024-07,Surrey Police,Surrey Police,-0.030194,51.318751,On or near Tower Place,E01030852,Tandridge 012A,Violence and sexual offences,Investigation complete; no suspect identified,
b3399ebf5128f61490407633dbf327f073a07d9a460b19b722405d9a6f648100,2024-07,Surrey Police,Surrey Police,-0.039744,51.317256,On or near Green Lane,E01030852,Tandridge 012A,Violence and sexual offences,Action to be taken by another organisation,
c8df95282b13eac95e6ae91bc5357ef76195bd5cc623223c320f9d8fd8a96474,2024-07,Surrey Police,Surrey Police,-0.045386,51.305723,On or near Gresham Avenue,E01030852,Tandridge 012A,Violence and sexual offences,Action to be taken by another organisation,
45132b8df93bbb113b1be16c9d459e18e95e25e462c225a40a4edaa5c0a658de,2024-07,Surrey Police,Surrey Police,0.000123,51.311663,On or near Hesiers Hill,E01030852,Tandridge 012A,Violence and sexual offences,Unable to prosecute suspect,
d4e5b0afde3a471e99449e0327be89dab9875c44cd529d3e3a420c2184c1cb63,2024-07,Surrey Police,Surrey Police,-0.014523,51.303441,On or near Broom Bank,E01030852,Tandridge 012A,Violence and sexual offences,Unable to prosecute suspect,
,2024-07,Surrey Police,Surrey Police,-0.054099,51.311048,On or near Elm Road,E01030853,Tandridge 012B,Anti-social behaviour,,
b62429d7974d47a8d9ce238e13e2e44070f77849fb890d7820a624f2a484525c,2024-07,Surrey Police,Surrey Police,-0.055336,51.309279,On or near Supermarket,E01030853,Tandridge 012B,Other theft,Investigation complete; no suspect identified,
e5f979edfa4da904310f0a9b92e82e67666935f3b78d3852229b4c3a27ed70d4,2024-07,Surrey Police,Surrey Police,-0.054313,51.309361,On or near B269,E01030853,Tandridge 012B,Other theft,Investigation complete; no suspect identified,
d513da76871842c424e3461a46ffea3fcbeef6d4c1d0296a74639b890519f96c,2024-07,Surrey Police,Surrey Police,-0.055846,51.310447,On or near Spears Close,E01030853,Tandridge 012B,Public order,Investigation complete; no suspect identified,
cd8e8af957c464ae23fb3e3c4981828ebf779056b0726d3c2eadc604cebf62e0,2024-07,Surrey Police,Surrey Police,-0.055336,51.309279,On or near Supermarket,E01030853,Tandridge 012B,Public order,Investigation complete; no suspect identified,
e0112d9031a53e402323c0860415341f9b73f862fd931c88f3f246f138d496c1,2024-07,Surrey Police,Surrey Police,-0.055336,51.309279,On or near Supermarket,E01030853,Tandridge 012B,Robbery,Unable to prosecute suspect,
eb59124a1c21f1d89c90acb30b127c9b8b8b2f2021445e79b3c43dc080cbe14b,2024-07,Surrey Police,Surrey Police,-0.055336,51.309279,On or near Supermarket,E01030853,Tandridge 012B,Shoplifting,Unable to prosecute suspect,
9df87a1410d2cdd8f32b802a9b9fee6e5a952afe92ef452e334b50b5514def21,2024-07,Surrey Police,Surrey Police,-0.055336,51.309279,On or near Supermarket,E01030853,Tandridge 012B,Shoplifting,Investigation complete; no suspect identified,
d7510d5d2b28fa717e7dd6abf686f8142e2f3dde40cdb8a85037e74c99fdd9c0,2024-07,Surrey Police,Surrey Police,-0.055336,51.309279,On or near Supermarket,E01030853,Tandridge 012B,Shoplifting,Unable to prosecute suspect,
6e291d1574981c9abe92eb1802ae32abd4e0ec3ff903ad7b2724116a27b74fc7,2024-07,Surrey Police,Surrey Police,-0.056143,51.314949,On or near Crewe'S Lane,E01030853,Tandridge 012B,Violence and sexual offences,Unable to prosecute suspect,
36c9776b72fe8de698c1dab66e1748a83e0e2076a1e5e6235f3138e8b573d530,2024-07,Surrey Police,Surrey Police,-0.055846,51.310447,On or near Spears Close,E01030853,Tandridge 012B,Violence and sexual offences,Investigation complete; no suspect identified,
5c6a2298fe5c2c6aaa8cc8a6f8f207ae40f3560ae8a8362e5e9c4c74250e3132,2024-07,Surrey Police,Surrey Police,-0.055336,51.309279,On or near Supermarket,E01030853,Tandridge 012B,Violence and sexual offences,Unable to prosecute suspect,
889326f9c015f1e6fda6fd24c43fd345e6a4c916f06edc7bb96e2a35d65e4f8b,2024-07,Surrey Police,Surrey Police,-0.061771,51.317965,On or near Meadway,E01030853,Tandridge 012B,Other crime,Status update unavailable,
,2024-07,Surrey Police,Surrey Police,-0.055436,51.312671,On or near Church Lane,E01030854,Tandridge 012C,Anti-social behaviour,,
f4d52703ba631b86c2d550f8392780ff80ab95129402c531ab4f186b83ef887a,2024-07,Surrey Police,Surrey Police,-0.045823,51.315352,On or near Crewes Lane,E01030854,Tandridge 012C,Vehicle crime,Investigation complete; no suspect identified,
b5a5c49a7c63fdd0d1054bef5cfe36ac301690e9bbf3af5e143232521064ab2a,2024-07,Surrey Police,Surrey Police,-0.043202,51.311514,On or near Greenhill Lane,E01030854,Tandridge 012C,Vehicle crime,Investigation complete; no suspect identified,
b54e96c18e6853633811f7ef7d8e5e45a4021a257f600deff9e52167be56a582,2024-07,Surrey Police,Surrey Police,-0.045365,51.308906,On or near Fern Close,E01030854,Tandridge 012C,Violence and sexual offences,Unable to prosecute suspect,
9f2da7aef894bc23a1a123697f7dfe75be6e10d626273ef49073f1d30b03e9db,2024-07,Surrey Police,Surrey Police,-0.047973,51.311692,On or near The Copse,E01030854,Tandridge 012C,Violence and sexual offences,Investigation complete; no suspect identified,
,2024-07,Surrey Police,Surrey Police,0.037031,51.271844,On or near Petrol Station,E01032571,Tandridge 012D,Anti-social behaviour,,
,2024-07,Surrey Police,Surrey Police,0.037031,51.271844,On or near Petrol Station,E01032571,Tandridge 012D,Anti-social behaviour,,
,2024-07,Surrey Police,Surrey Police,0.037031,51.271844,On or near Petrol Station,E01032571,Tandridge 012D,Anti-social behaviour,,
,2024-07,Surrey Police,Surrey Police,0.037031,51.271844,On or near Petrol Station,E01032571,Tandridge 012D,Anti-social behaviour,,
9b4b2a11b56fa099413b59ec72cc5f307b1301e20524badbbe56073e4a8d0fad,2024-07,Surrey Police,Surrey Police,0.037031,51.271844,On or near Petrol Station,E01032571,Tandridge 012D,Other theft,Investigation complete; no suspect identified,
ac8a368a7f8444d3f005b0721fd670bf367e550980f95e70eab0e4188f61d481,2024-07,Surrey Police,Surrey Police,0.022563,51.294649,On or near Lusted Hall Lane,E01032571,Tandridge 012D,Robbery,Investigation complete; no suspect identified,
cbc69052fd05139435f1e7b710c04849c140e7eef3bbf87e9976fac94fa4ae2f,2024-07,Surrey Police,Surrey Police,0.022563,51.294649,On or near Lusted Hall Lane,E01032571,Tandridge 012D,Robbery,Status update unavailable,
55afe858f6ea1005214e8a6a9575246e3f686c7056e4bc69f0730096c0f47f14,2024-07,Surrey Police,Surrey Police,0.037031,51.271844,On or near Petrol Station,E01032571,Tandridge 012D,Shoplifting,Status update unavailable,
1eadbc331bc2a3d4e66a5ca293cf767a467c1139579feaf11e8d7800514bac6b,2024-07,Surrey Police,Surrey Police,0.037031,51.271844,On or near Petrol Station,E01032571,Tandridge 012D,Shoplifting,Investigation complete; no suspect identified,
36dbab901c02f2db4d34a9cf060ced3222877ee7dc239e4cb594a8363332f543,2024-07,Surrey Police,Surrey Police,0.037031,51.271844,On or near Petrol Station,E01032571,Tandridge 012D,Theft from the person,Investigation complete; no suspect identified,
12f749e65fa500a9e827e9c1b458c8fce96de05359ff8942694150f38e599f40,2024-07,Surrey Police,Surrey Police,0.025893,51.292739,On or near Vern Place,E01032571,Tandridge 012D,Vehicle crime,Investigation complete; no suspect identified,
024e84832be50a5ab2e46003013c11c91dc0222243f0851d273aace59441b32b,2024-07,Surrey Police,Surrey Police,0.037031,51.271844,On or near Petrol Station,E01032571,Tandridge 012D,Vehicle crime,Investigation complete; no suspect identified,
d89038c09c61071295ddf4de110c2c4d5d6a6d352c270cfdb5098b961995b237,2024-07,Surrey Police,Surrey Police,0.037031,51.271844,On or near Petrol Station,E01032571,Tandridge 012D,Vehicle crime,Investigation complete; no suspect identified,
93f6bc33113c0a2907f9d8cf66891797d706c29043f0c27685884aaa2afdd0f8,2024-07,Surrey Police,Surrey Police,0.037031,51.271844,On or near Petrol Station,E01032571,Tandridge 012D,Vehicle crime,Status update unavailable,
78d89af08f68dc7a5ea2a6f173931e48559ab6cf9021a4ceacd2ad3a7a0e4db0,2024-07,Surrey Police,Surrey Police,0.033667,51.306688,On or near Valley Mushroom Farm,E01032571,Tandridge 012D,Vehicle crime,Investigation complete; no suspect identified,
c3db8f4d2c7f3918fa7c95dafd1a760dbac56f4bbcf7fb047dc9d0d78c743bde,2024-07,Surrey Police,Surrey Police,0.037031,51.271844,On or near Petrol Station,E01032571,Tandridge 012D,Violence and sexual offences,Status update unavailable,
e09e35b94e7fa7faf4b7bf714b46051c81109c1aad06b908111fa494f8d82ddf,2024-07,Surrey Police,Surrey Police,0.037031,51.271844,On or near Petrol Station,E01032571,Tandridge 012D,Violence and sexual offences,Investigation complete; no suspect identified,
,2024-07,Surrey Police,Surrey Police,-0.790294,51.238120,On or near Alma Lane,E01030890,Waverley 001A,Anti-social behaviour,,
,2024-07,Surrey Police,Surrey Police,-0.784260,51.239326,On or near Acorn Keep,E01030890,Waverley 001A,Anti-social behaviour,,
80fe7ec5a319c9df8eca1eb38878ec191db7a55b3d38a47f4d67c1613a917c38,2024-07,Surrey Police,Surrey Police,-0.790807,51.237694,On or near The Dell,E01030890,Waverley 001A,Criminal damage and arson,Investigation complete; no suspect identified,
ec19c525459a92ef5db6525235b1238009377e0334afbf0abe5f29465876b318,2024-07,Surrey Police,Surrey Police,-0.784917,51.237777,On or near Upper Weybourne Lane,E01030890,Waverley 001A,Drugs,Court result unavailable,
1d3cdf796f25376cf749fef1e7ae44fb984afac38cbee3db34997c09ef05411e,2024-07,Surrey Police,Surrey Police,-0.785885,51.240179,On or near Carters Walk,E01030890,Waverley 001A,Vehicle crime,Investigation complete; no suspect identified,
85e6e75a36f7f28539ff39f7292483993b6a90d0cfe4b9320c0be494e1daf73e,2024-07,Surrey Police,Surrey Police,-0.795073,51.237235,On or near B3005,E01030890,Waverley 001A,Violence and sexual offences,Unable to prosecute suspect,
0161e23028ef3869966823dc972c2ce431a85a14f9f7104ffe727c769eaea711,2024-07,Surrey Police,Surrey Police,-0.780726,51.230486,On or near Bullers Road,E01030902,Waverley 001B,Criminal damage and arson,Investigation complete; no suspect identified,
0efc21c2be8cd43a0766687252650fe0f42ae5302793e267e0d8bed47b4a2f13,2024-07,Surrey Police,Surrey Police,-0.777402,51.230746,On or near Sports/Recreation Area,E01030902,Waverley 001B,Other theft,Unable to prosecute suspect,
8fdd67a105f2df5689d8b112109353bc7d4ae688dce6c92cc3d01d7ba8db4e3b,2024-07,Surrey Police,Surrey Police,-0.777402,51.230746,On or near Sports/Recreation Area,E01030902,Waverley 001B,Other theft,Investigation complete; no suspect identified,
002d699ff75394c9655b2811d117b0248782309394213555f6c5bb27e2faf738,2024-07,Surrey Police,Surrey Police,-0.780726,51.230486,On or near Bullers Road,E01030902,Waverley 001B,Public order,Investigation complete; no suspect identified,
ca63f9df50ec791afb4e219931189a77a1d79aaa57dc3648b63101cde043fed6,2024-07,Surrey Police,Surrey Police,-0.776073,51.234744,On or near B3007,E01030902,Waverley 001B,Theft from the person,Investigation complete; no suspect identified,
26b610e879065c12b0b3877d25b7a0d07e5c7650e9705d1559062159462a432f,2024-07,Surrey Police,Surrey Police,-0.777402,51.230746,On or near Sports/Recreation Area,E01030902,Waverley 001B,Vehicle crime,Investigation complete; no suspect identified,
41b3a5920f2fcd8cae0ca3d2628f8540d565467e1d43a318ce50d0212d30cdbc,2024-07,Surrey Police,Surrey Police,-0.772341,51.231810,On or near Green Lane,E01030902,Waverley 001B,Violence and sexual offences,Action to be taken by another organisation,
d84a35cf14022ac251dfd833d30c3173cdf463bfc851fe5e2270a425763b6610,2024-07,Surrey Police,Surrey Police,-0.772006,51.236329,On or near Lea Court,E01030902,Waverley 001B,Violence and sexual offences,Unable to prosecute suspect,
eb823d3dee3e1fb2c0d57ebc74938b757428b21774a59bfe819ca8123fb58f5e,2024-07,Surrey Police,Surrey Police,-0.777777,51.236381,On or near Woodbourne,E01030902,Waverley 001B,Violence and sexual offences,Further action is not in the public interest,
,2024-07,Surrey Police,Surrey Police,-0.761748,51.229450,On or near Green Croft,E01030903,Waverley 001C,Anti-social behaviour,,
76dd7f789f90e730bc38cca03cd00a66ef9c58f9543947cfb03cb408833f64fd,2024-07,Surrey Police,Surrey Police,-0.771679,51.222793,On or near Hurlands Close,E01030903,Waverley 001C,Burglary,Investigation complete; no suspect identified,
9877840a1e4e49928dfb9b0dd93e3170ef2fb67634b33a672e2cf16d2c227cf9,2024-07,Surrey Police,Surrey Police,-0.760727,51.232263,On or near B3208,E01030903,Waverley 001C,Criminal damage and arson,Investigation complete; no suspect identified,
ed11615891db4c705dd371b1cb2850023c22d6172397de6d4e65428757884bea,2024-07,Surrey Police,Surrey Police,-0.763205,51.232280,On or near Orchard Road,E01030903,Waverley 001C,Criminal damage and arson,Investigation complete; no suspect identified,
65c61851f86242b8abc6bbb4ba5ba84dcab6ce26c8078d932492b344aa58a664,2024-07,Surrey Police,Surrey Police,-0.761185,51.230703,On or near Fern Lea,E01030903,Waverley 001C,Criminal damage and arson,Investigation complete; no suspect identified,
f18c9430dcbc61a56561af1ba5d7eab00553fa4178faae6a3c24e19b68877178,2024-07,Surrey Police,Surrey Police,-0.762695,51.229928,On or near The Alders,E01030903,Waverley 001C,Public order,Unable to prosecute suspect,
34d91f0c1ba51d9411216bc5579661b8998da4929fa5b4b2af68568b7355c10c,2024-07,Surrey Police,Surrey Police,-0.763572,51.228741,On or near Parking Area,E01030903,Waverley 001C,Public order,Unable to prosecute suspect,
aedd8578fea78dfdf2afeb638088a5a71146c1588fcf3ae39f6bd0cc3fe8bd79,2024-07,Surrey Police,Surrey Police,-0.760736,51.229817,On or near St George'S Close,E01030903,Waverley 001C,Public order,Unable to prosecute suspect,
f9e563b16d9ed2f7c3d725bc894207c54b1b982ebcffd2950e1ada78565bc0a9,2024-07,Surrey Police,Surrey Police,-0.762095,51.230416,On or near Parking Area,E01030903,Waverley 001C,Shoplifting,Unable to prosecute suspect,
f47fcc6986c8c25cdbc827c40a10b87111291d00b88ff10111e9bbeaa385193c,2024-07,Surrey Police,Surrey Police,-0.762695,51.229928,On or near The Alders,E01030903,Waverley 001C,Vehicle crime,Investigation complete; no suspect identified,
d1d93f115a3451c5c9ca652d7ea640f79bddc5d1926e9f45f1716ab624c54a8a,2024-07,Surrey Police,Surrey Police,-0.760727,51.232263,On or near B3208,E01030903,Waverley 001C,Vehicle crime,Investigation complete; no suspect identified,
5646d6965163a67cf966c24ad55b04eef1a2488559e78c6b58818e1e958e3fc1,2024-07,Surrey Police,Surrey Police,-0.764628,51.227790,On or near Long Barrow Grove,E01030903,Waverley 001C,Violence and sexual offences,Unable to prosecute suspect,
b4fdf540eaeed8296395cd7c8cbd56cb1460389da199db0f496902dd63aeb3bc,2024-07,Surrey Police,Surrey Police,-0.764628,51.227790,On or near Long Barrow Grove,E01030903,Waverley 001C,Violence and sexual offences,Unable to prosecute suspect,
,2024-07,Surrey Police,Surrey Police,-0.778218,51.232726,On or near Mill Stream,E01030904,Waverley 001D,Anti-social behaviour,,
,2024-07,Surrey Police,Surrey Police,-0.778218,51.232726,On or near Mill Stream,E01030904,Waverley 001D,Anti-social behaviour,,
9321275e8ba5f8bf6370072301855de14f605049df18eba5c1b3be388220d57e,2024-07,Surrey Police,Surrey Police,-0.777421,51.232537,On or near Weybourne Road,E01030904,Waverley 001D,Criminal damage and arson,Investigation complete; no suspect identified,
fac4575e08c91f32c81a8b705875576aeadba649fbb38192b50030d1ccfe871a,2024-07,Surrey Police,Surrey Police,-0.778330,51.233347,On or near Coppice Close,E01030904,Waverley 001D,Other theft,Investigation complete; no suspect identified,
c72b024c906ad6b41a8b460ba1a871fe607f50eaa1f3fa372f2177fa4ecb9b8c,2024-07,Surrey Police,Surrey Police,-0.778218,51.232726,On or near Mill Stream,E01030904,Waverley 001D,Violence and sexual offences,Status update unavailable,
7efb3a4ee1672518a3709e9af16881f6ce4e030dfbbfb6a17176597df63ed71b,2024-07,Surrey Police,Surrey Police,-0.780523,51.233829,On or near Newcome Road,E01030904,Waverley 001D,Violence and sexual offences,Unable to prosecute suspect,
9c3a8cd2da736428f93117989ff1119e84330b44664cb903421829ca0453b3df,2024-07,Surrey Police,Surrey Police,-0.793424,51.237308,On or near Beam Hollow,E01030891,Waverley 002A,Burglary,Investigation complete; no suspect identified,
814b1925b8fa969812c9e666684189d789780d28f5b6c71c6e22538ce02a50f0,2024-07,Surrey Police,Surrey Police,-0.792902,51.234793,On or near Heath Lane,E01030891,Waverley 002A,Public order,Investigation complete; no suspect identified,
,2024-07,Surrey Police,Surrey Police,-0.783891,51.230510,On or near Oak Tree View,E01030892,Waverley 002B,Anti-social behaviour,,
f408af48ace465cfc4af8d9ef3b7369ec3e343922fbb8f9cc945a0953d695b3e,2024-07,Surrey Police,Surrey Police,-0.783985,51.231284,On or near Oak Tree View,E01030892,Waverley 002B,Criminal damage and arson,Investigation complete; no suspect identified,
,2024-07,Surrey Police,Surrey Police,-0.802116,51.231894,On or near Farnham Park Close,E01030899,Waverley 002C,Anti-social behaviour,,
0fb1817b1746f47c7a9bb1e58530b74a39b747bea408246071e084d48470c05a,2024-07,Surrey Police,Surrey Police,-0.800869,51.234138,On or near Hereford Lane,E01030899,Waverley 002C,Other theft,Investigation complete; no suspect identified,
d11392cbf0e6db7e86ecb9378f7d93a341c94a73a4ab446767b4719e1971d170,2024-07,Surrey Police,Surrey Police,-0.802948,51.234060,On or near Bishops Road,E01030899,Waverley 002C,Other theft,Investigation complete; no suspect identified,
2c101b5248fe87cc57b0dbcc5e1607ec0e57680410044d380216386aa2f4ee12,2024-07,Surrey Police,Surrey Police,-0.800869,51.234138,On or near Hereford Lane,E01030899,Waverley 002C,Public order,Unable to prosecute suspect,
4261200bf91991810bf51e64ce9b7de9471573a663e97b8347f00a9ded0dd43e,2024-07,Surrey Police,Surrey Police,-0.800869,51.234138,On or near Hereford Lane,E01030899,Waverley 002C,Public order,Unable to prosecute suspect,
0f5162fec65354a43cc0552539c957c836db4f07c7a23b02e05083fcfcb47616,2024-07,Surrey Police,Surrey Police,-0.796248,51.231743,On or near Parkside,E01030899,Waverley 002C,Violence and sexual offences,Unable to prosecute suspect,
4ab4ae23593381f586a44daccf70df2eef048e38450026e9ab92987cf1d26ee1,2024-07,Surrey Police,Surrey Police,-0.808464,51.229000,On or near Armsworth Way,E01030900,Waverley 002D,Violence and sexual offences,Unable to prosecute suspect,
92d945dea25474b0bfd71e2cca8543e3f33a9a046b58551b74f293dbb9bbb965,2024-07,Surrey Police,Surrey Police,-0.808478,51.235681,On or near Upper Hale Road,E01030900,Waverley 002D,Violence and sexual offences,Unable to prosecute suspect,
23d9306adfdc576a746bef27432de7f19f39bee21be6fc15f8a2cb2f5e4006b4,2024-07,Surrey Police,Surrey Police,-0.808478,51.235681,On or near Upper Hale Road,E01030900,Waverley 002D,Violence and sexual offences,Investigation complete; no suspect identified,
,2024-07,Surrey Police,Surrey Police,-0.796905,51.237316,On or near Toplady Place,E01030901,Waverley 002E,Anti-social behaviour,,
,2024-07,Surrey Police,Surrey Police,-0.798019,51.236878,On or near Trimmers Close,E01030901,Waverley 002E,Anti-social behaviour,,
71607fae8d1bc051b5adcaf2f29f661da1710b332d884a8195e9827f798540a4,2024-07,Surrey Police,Surrey Police,-0.799529,51.236651,On or near Perry Way,E01030901,Waverley 002E,Criminal damage and arson,Unable to prosecute suspect,
75547b13873b89481e9c1e3b93cdfda5f84ad35606d4a31ed2985b92c30596db,2024-07,Surrey Police,Surrey Police,-0.805986,51.236204,On or near Blackheath Road,E01030901,Waverley 002E,Public order,Investigation complete; no suspect identified,
0f66aef9d04f92745b7f550513e97af6598de8358649c70f8c42a2b70a4ec86a,2024-07,Surrey Police,Surrey Police,-0.802203,51.237389,On or near Lyall Place,E01030901,Waverley 002E,Vehicle crime,Investigation complete; no suspect identified,
cc02d6f16f3b61934dce64dfb605c2423d9ed9980b0a6662914dd6cc13342f4b,2024-07,Surrey Police,Surrey Police,-0.798530,51.238169,On or near Sturt Road,E01030901,Waverley 002E,Violence and sexual offences,Unable to prosecute suspect,
fab874fb167fbb7fe82dd06d4f07a606e0d7a0d7761309fa99e069a29ca2e626,2024-07,Surrey Police,Surrey Police,-0.798019,51.236878,On or near Trimmers Close,E01030901,Waverley 002E,Violence and sexual offences,Unable to prosecute suspect,
246803402c1ed9a373d5b76860cca6ef5ffe28dfdd4ffcb4fc5e42f38c9ecdad,2024-07,Surrey Police,Surrey Police,-0.805986,51.236204,On or near Blackheath Road,E01030901,Waverley 002E,Violence and sexual offences,Unable to prosecute suspect,
,2024-07,Surrey Police,Surrey Police,-0.812700,51.211337,On or near The Chantrys,E01030884,Waverley 003A,Anti-social behaviour,,
,2024-07,Surrey Police,Surrey Police,-0.813165,51.210496,On or near Coxbridge Meadows,E01030884,Waverley 003A,Anti-social behaviour,,
,2024-07,Surrey Police,Surrey Police,-0.808105,51.211326,On or near West Street,E01030884,Waverley 003A,Anti-social behaviour,,
,2024-07,Surrey Police,Surrey Police,-0.800151,51.210508,On or near Red Lion Lane,E01030884,Waverley 003A,Anti-social behaviour,,
fddbd5a1d2442df15ccb82d0595742343e28b496907f3e8b9a41927707da3799,2024-07,Surrey Police,Surrey Police,-0.812700,51.211337,On or near The Chantrys,E01030884,Waverley 003A,Criminal damage and arson,Unable to prosecute suspect,
d76fc34ea874ad0562820ff05cb35057dfd0ec12ec905894a6f8f0d40637a825,2024-07,Surrey Police,Surrey Police,-0.810156,51.212282,On or near West End Grove,E01030884,Waverley 003A,Other theft,Status update unavailable,
aab1a3945d1f87c981dd2f4dc785a8a9c7549dc6c0668ba7bf0ba0b8dc100fd7,2024-07,Surrey Police,Surrey Police,-0.799346,51.212846,On or near Parking Area,E01030884,Waverley 003A,Other theft,Investigation complete; no suspect identified,
ed5d05ead588eab5019551dd16e77b5576d73c02e713eaa5cbc66e0d8b808129,2024-07,Surrey Police,Surrey Police,-0.812700,51.211337,On or near The Chantrys,E01030884,Waverley 003A,Public order,Unable to prosecute suspect,
89276c318bf4dc2fa479e542d7a7c1c1c925456ee58ae4991e7646cba16daaf9,2024-07,Surrey Police,Surrey Police,-0.812700,51.211337,On or near The Chantrys,E01030884,Waverley 003A,Public order,Court result unavailable,
8d53b1e9d15fb2bfa69c6badd5f8514ad233cdbd4f6160e96cbc78127cb17835,2024-07,Surrey Police,Surrey Police,-0.808320,51.214071,On or near Beavers Road,E01030884,Waverley 003A,Public order,Investigation complete; no suspect identified,
d9358e57ab8a1fcc302279ccafc1ed2049a113d692121f873b5cf77088bbc697,2024-07,Surrey Police,Surrey Police,-0.813165,51.210496,On or near Coxbridge Meadows,E01030884,Waverley 003A,Violence and sexual offences,Unable to prosecute suspect,
ec8c9cc85cd4a0774b40f9a663efc180d8ba03b833f1af6d9b90169c7362f325,2024-07,Surrey Police,Surrey Police,-0.797057,51.211690,On or near Bridge Square,E01030884,Waverley 003A,Violence and sexual offences,Unable to prosecute suspect,
b608dcbecacdf2a9be52ad6a3a0ff14697b77c713986b04820440532b19a5c98,2024-07,Surrey Police,Surrey Police,-0.813165,51.210496,On or near Coxbridge Meadows,E01030884,Waverley 003A,Violence and sexual offences,Unable to prosecute suspect,
fcd35feaf85e935056b95a2001950321aac42a74bb65edd3610b2d24eaeb7b68,2024-07,Surrey Police,Surrey Police,-0.813165,51.210496,On or near Coxbridge Meadows,E01030884,Waverley 003A,Violence and sexual offences,Unable to prosecute suspect,
58501c8d026f2dfbb5d671c484dd28b4b5d2a74160013b41d5c61a77972c1c47,2024-07,Surrey Police,Surrey Police,-0.812700,51.211337,On or near The Chantrys,E01030884,Waverley 003A,Other crime,Awaiting court outcome,
,2024-07,Surrey Police,Surrey Police,-0.802169,51.215510,On or near Supermarket,E01030885,Waverley 003B,Anti-social behaviour,,
,2024-07,Surrey Police,Surrey Police,-0.796478,51.215209,On or near Supermarket,E01030885,Waverley 003B,Anti-social behaviour,,
,2024-07,Surrey Police,Surrey Police,-0.796478,51.215209,On or near Supermarket,E01030885,Waverley 003B,Anti-social behaviour,,
dcdc6852e4c0203d2e9c2bfbc49ec0ff7db351692b6c0e3608b0977164d4e86f,2024-07,Surrey Police,Surrey Police,-0.804039,51.213506,On or near Fenns Yard,E01030885,Waverley 003B,Criminal damage and arson,Investigation complete; no suspect identified,
5ddc10e94ea6c857a16b1f6a86d99cde58a60083c19644f66862563ceb431b00,2024-07,Surrey Police,Surrey Police,-0.797761,51.215447,On or near A325,E01030885,Waverley 003B,Other theft,Status update unavailable,
e70bb89626b7e22d10ea522381f8c51a5dbdf2c770419dcd238aab557cb94861,2024-07,Surrey Police,Surrey Police,-0.795726,51.214428,On or near Brightwells Road,E01030885,Waverley 003B,Other theft,Unable to prosecute suspect,
5340943da39c26cc49a0ab994046ff8dd8f8b5f1ffa82c738d922296722a9f49,2024-07,Surrey Police,Surrey Police,-0.795690,51.214131,On or near South Street,E01030885,Waverley 003B,Other theft,Investigation complete; no suspect identified,
d26a896352002d6b04c236edd9ca93e3d0f6851fbf5c9006e99ea7d9648c8dce,2024-07,Surrey Police,Surrey Police,-0.795726,51.214428,On or near Brightwells Road,E01030885,Waverley 003B,Other theft,Unable to prosecute suspect,
6bea36a06b85f3facd03d8f292bc7ba19b41a40b4bc0bf69187042bfede48782,2024-07,Surrey Police,Surrey Police,-0.805577,51.214951,On or near Falkner Road,E01030885,Waverley 003B,Other theft,Investigation complete; no suspect identified,
cd30544a1dcdb74ec7eab541d37a7b18189f5d9fcc02cdb7b9460c46ed775926,2024-07,Surrey Police,Surrey Police,-0.798730,51.215070,On or near The Borough,E01030885,Waverley 003B,Public order,Unable to prosecute suspect,
a8982bcf0bcbbc761bc7cd5faad16c1be803ebfec28a5734ae9b5bbfd9b550c3,2024-07,Surrey Police,Surrey Police,-0.798730,51.215070,On or near The Borough,E01030885,Waverley 003B,Public order,Unable to prosecute suspect,
5cee94ff6bf607c3cd497365947cccc2d6afe16dd7a85cf740c5ddc740fa36a6,2024-07,Surrey Police,Surrey Police,-0.796478,51.215209,On or near Supermarket,E01030885,Waverley 003B,Public order,Investigation complete; no suspect identified,
cb0873e856541d2dfea42fcc978d7f3697bf06f16bf998347d9ce916a322db26,2024-07,Surrey Police,Surrey Police,-0.798412,51.216290,On or near Bear Lane,E01030885,Waverley 003B,Public order,Investigation complete; no suspect identified,
71e5e814c4c4f465570d4169e3739ed68743f957e35d16661fe5d0e6a115770b,2024-07,Surrey Police,Surrey Police,-0.800522,51.214414,On or near A325,E01030885,Waverley 003B,Public order,Unable to prosecute suspect,
f9f0ec0978183884dabf95b379335d5826f79099f45e9ea0be9422edb43d6365,2024-07,Surrey Police,Surrey Police,-0.796478,51.215209,On or near Supermarket,E01030885,Waverley 003B,Public order,Investigation complete; no suspect identified,
5df8a8eb13758c8ad2ffd27da2c9a6202a18808200b58073ae260908214891ca,2024-07,Surrey Police,Surrey Police,-0.800522,51.214414,On or near A325,E01030885,Waverley 003B,Shoplifting,Court result unavailable,
6beef45d46a0073e90feae0685c8e037f7ceaa2967501794fa352e276d82ed47,2024-07,Surrey Police,Surrey Police,-0.800522,51.214414,On or near A325,E01030885,Waverley 003B,Shoplifting,Unable to prosecute suspect,
9f0d03093efcee554caacefd68c3a4afaaf01b887f343788ea91861fa03627f0,2024-07,Surrey Police,Surrey Police,-0.800522,51.214414,On or near A325,E01030885,Waverley 003B,Shoplifting,Awaiting court outcome,
27dbe84b3c25660ca270dbfc1243b26a2a36541901c15c190d8886f9f8c1d78c,2024-07,Surrey Police,Surrey Police,-0.798730,51.215070,On or near The Borough,E01030885,Waverley 003B,Shoplifting,Investigation complete; no suspect identified,
558d29fbc21060ac976486786721763ba711c26c7e414823b6e824d29b841e7f,2024-07,Surrey Police,Surrey Police,-0.796478,51.215209,On or near Supermarket,E01030885,Waverley 003B,Shoplifting,Court result unavailable,
156f6df769c1303e4aec2604a23d45239018dc7bbc541078d2638575a0ae82d7,2024-07,Surrey Police,Surrey Police,-0.799327,51.214150,On or near Ivy Lane,E01030885,Waverley 003B,Shoplifting,Unable to prosecute suspect,
be8180972e1ad766e7a29210390de0d141612c69c1a39f1e347a61f1aff673a3,2024-07,Surrey Police,Surrey Police,-0.799327,51.214150,On or near Ivy Lane,E01030885,Waverley 003B,Shoplifting,Unable to prosecute suspect,
42b4f41d22731b75dd4a1d4d1756dd1ffe8e059f696d6b022fb1c57cfc00bccb,2024-07,Surrey Police,Surrey Police,-0.797761,51.215447,On or near A325,E01030885,Waverley 003B,Shoplifting,Court result unavailable,
7364ba0c8fae4405170a1454f5809e1a6b6295a7bfd46f74d34ae721cb1ae5ce,2024-07,Surrey Police,Surrey Police,-0.799336,51.213790,On or near Downing Street,E01030885,Waverley 003B,Shoplifting,Investigation complete; no suspect identified,
ea752ed3bb17125e0a3889a4bc27f4c518a88f2077d4716ab75794a3fa86b6fa,2024-07,Surrey Police,Surrey Police,-0.796478,51.215209,On or near Supermarket,E01030885,Waverley 003B,Shoplifting,Investigation complete; no suspect identified,
39c060515c87b7e3d5e734d11f4aa123e2f975c853a9c27f2e8ada4cf80f144e,2024-07,Surrey Police,Surrey Police,-0.796478,51.215209,On or near Supermarket,E01030885,Waverley 003B,Theft from the person,Status update unavailable,
e98ce8b1c84291ff10e55e95e306df9ab367b29c9d49add6be583a995ee81e9b,2024-07,Surrey Police,Surrey Police,-0.802169,51.215510,On or near Supermarket,E01030885,Waverley 003B,Vehicle crime,Status update unavailable,
17feaa462d3ea8cb3dbaf6d64e58136796b937181df342076eb8c81fb9aeafab,2024-07,Surrey Police,Surrey Police,-0.808494,51.215656,On or near Ribston Road,E01030885,Waverley 003B,Violence and sexual offences,Unable to prosecute suspect,
5bc53cf85b355162fa1fe7a20028b17a70ddb9ba769716014caafce7c8972268,2024-07,Surrey Police,Surrey Police,-0.795571,51.212142,On or near Abbey Street,E01030885,Waverley 003B,Violence and sexual offences,Unable to prosecute suspect,
7a6a4913a1d2333b0fa5cc2627d41c954d1f4503c1e3a618adcb268e562287a9,2024-07,Surrey Police,Surrey Police,-0.796767,51.213476,On or near Union Road,E01030885,Waverley 003B,Violence and sexual offences,Investigation complete; no suspect identified,
7da2d434782544c5c016853a2cdb4effa8aeb8b12f620080ebbafc30edca82d5,2024-07,Surrey Police,Surrey Police,-0.808494,51.215656,On or near Ribston Road,E01030885,Waverley 003B,Violence and sexual offences,Unable to prosecute suspect,
18fa8d6399026da684f5068357996ce44931d75d2c30d0c567b5995e0dc716f7,2024-07,Surrey Police,Surrey Police,-0.805577,51.214951,On or near Falkner Road,E01030885,Waverley 003B,Violence and sexual offences,Unable to prosecute suspect,
5535db67e4d64bd9c938c530ca792665f1d351d61cecaf04d8f91456152d2354,2024-07,Surrey Police,Surrey Police,-0.796767,51.213476,On or near Union Road,E01030885,Waverley 003B,Violence and sexual offences,Status update unavailable,
590cd048b90ba0bb7fee64fa4af78c648e1bed21f4d156ce1465f56846f243c5,2024-07,Surrey Police,Surrey Police,-0.798730,51.215070,On or near The Borough,E01030885,Waverley 003B,Violence and sexual offences,Unable to prosecute suspect,
15fbd22aeb1ad9dde2ea55e8af338b6a41db4dfd754472e39e10d7d7743407c7,2024-07,Surrey Police,Surrey Police,-0.797761,51.215447,On or near A325,E01030885,Waverley 003B,Violence and sexual offences,Unable to prosecute suspect,
e52bb809a6d553461fb68b37ee423477eb462205971c1d0eebfab2fa19f1f10b,2024-07,Surrey Police,Surrey Police,-0.798730,51.215070,On or near The Borough,E01030885,Waverley 003B,Violence and sexual offences,Awaiting court outcome,
afbbe4d1f9c69f369ba239d2496eaf6c5f3a9cae2c720fb5eca07947ec27f775,2024-07,Surrey Police,Surrey Police,-0.799336,51.213790,On or near Downing Street,E01030885,Waverley 003B,Other crime,Action to be taken by another organisation,
4ef29c4697b6b32af0be1fc62a54f65b9eced563f9a6c1245fce5b623960eb84,2024-07,Surrey Police,Surrey Police,-0.813703,51.212975,On or near Waynflete Lane,E01030886,Waverley 003C,Violence and sexual offences,Unable to prosecute suspect,
,2024-07,Surrey Police,Surrey Police,-0.779656,51.221671,On or near Farnham Mill Lane,E01030893,Waverley 003D,Anti-social behaviour,,
c5e93e5ffa139f8e6209488d1164d0d0a392e8d6c69a14b40f002b69ce176446,2024-07,Surrey Police,Surrey Police,-0.784305,51.219139,On or near Guildford Road,E01030893,Waverley 003D,Other theft,Investigation complete; no suspect identified,
fbabb13fa156c8bedadab0a81a7ee824c834a1937bc34be0df4f001597d9834c,2024-07,Surrey Police,Surrey Police,-0.779656,51.221671,On or near Farnham Mill Lane,E01030893,Waverley 003D,Other theft,Investigation complete; no suspect identified,
a4b95bf4e493493978fd1407710694f5fb4abcc8d5db6a067b9914f0ce57c73c,2024-07,Surrey Police,Surrey Police,-0.782462,51.220621,On or near Willbury Road,E01030893,Waverley 003D,Public order,Investigation complete; no suspect identified,
3eec376cbd83ae11193cd3ee218ceba3341b2820813c427cf7d58b4f19275bee,2024-07,Surrey Police,Surrey Police,-0.784305,51.219139,On or near Guildford Road,E01030893,Waverley 003D,Public order,Investigation complete; no suspect identified,
e73ef6eb0a7885e27040f32236862d76802b2e8b910d7e131de5a0f7fd714c69,2024-07,Surrey Police,Surrey Police,-0.784305,51.219139,On or near Guildford Road,E01030893,Waverley 003D,Robbery,Unable to prosecute suspect,
de50e5d25bc5dc00bffaf2e64a466e15acddfc5bb88b7d7b9fb5691c88cd34ce,2024-07,Surrey Police,Surrey Police,-0.784305,51.219139,On or near Guildford Road,E01030893,Waverley 003D,Shoplifting,Investigation complete; no suspect identified,
5dd20191f3bb808271b95b0818946caf8e55a7056ff18bd2158e5db7b75f645c,2024-07,Surrey Police,Surrey Police,-0.783967,51.223820,On or near Hale Road,E01030893,Waverley 003D,Violence and sexual offences,Unable to prosecute suspect,
f2d68477f0b63424153f63dee7d400c5fa9fe9ed8ee44d1a01824463cec16386,2024-07,Surrey Police,Surrey Police,-0.782462,51.220621,On or near Willbury Road,E01030893,Waverley 003D,Violence and sexual offences,Unable to prosecute suspect,
7dcfd03745395deadfbb4716592aeae18828f6503d0804858d91a9290e9e3f9b,2024-07,Surrey Police,Surrey Police,-0.783606,51.223377,On or near Petrol Station,E01030893,Waverley 003D,Violence and sexual offences,Investigation complete; no suspect identified,
9b9218ff181252aac049b5f0452026b6f9a8db4793b20eec1e2b971f04701b9a,2024-07,Surrey Police,Surrey Police,-0.783606,51.223377,On or near Petrol Station,E01030893,Waverley 003D,Violence and sexual offences,Unable to prosecute suspect,
7729491fd0032c141c53d603143f099998198438183a8e3e71e66e2ff0bc93cc,2024-07,Surrey Police,Surrey Police,-0.782222,51.222129,On or near Roman Way,E01030893,Waverley 003D,Violence and sexual offences,Unable to prosecute suspect,
,2024-07,Surrey Police,Surrey Police,-0.795900,51.218728,On or near Wykeham Road,E01030895,Waverley 003E,Anti-social behaviour,,
,2024-07,Surrey Police,Surrey Police,-0.794417,51.216860,On or near Supermarket,E01030895,Waverley 003E,Anti-social behaviour,,
,2024-07,Surrey Police,Surrey Police,-0.792491,51.216031,On or near Weybank Close,E01030895,Waverley 003E,Anti-social behaviour,,
,2024-07,Surrey Police,Surrey Police,-0.792491,51.216031,On or near Weybank Close,E01030895,Waverley 003E,Anti-social behaviour,,
,2024-07,Surrey Police,Surrey Police,-0.793913,51.213123,On or near A31,E01030895,Waverley 003E,Anti-social behaviour,,
1a3f74c9aef2dd527b0e3807777fa54c3e297dbd71d689cc3d2cfb546c4eebfb,2024-07,Surrey Police,Surrey Police,-0.794417,51.216860,On or near Supermarket,E01030895,Waverley 003E,Other theft,Investigation complete; no suspect identified,
92b1bf593c54546d8dc7dbc4c8586087806c82d21e366204978977bfc905ed88,2024-07,Surrey Police,Surrey Police,-0.791975,51.217159,On or near Parking Area,E01030895,Waverley 003E,Other theft,Investigation complete; no suspect identified,
b1f4b21caadb67b0e5db5ad85daadf93800cb2e3ca01fa8f21ad73700e21ea53,2024-07,Surrey Police,Surrey Police,-0.794417,51.216860,On or near Supermarket,E01030895,Waverley 003E,Shoplifting,Court result unavailable,
94cdc4a242437bc079672a60babc99a810a0a5a11cf4f67b4afa95890db09d68,2024-07,Surrey Police,Surrey Police,-0.793913,51.213123,On or near A31,E01030895,Waverley 003E,Violence and sexual offences,Unable to prosecute suspect,
cf5ec7f4d391865cbeb8371b84fc51b0f43f0fc7fca33e809ad9caa3e7f3ccb1,2024-07,Surrey Police,Surrey Police,-0.787016,51.219499,On or near Blackstone Place,E01030895,Waverley 003E,Violence and sexual offences,Further action is not in the public interest,
958871b95cc95d20b24e9a47d794c509ff0d205e8cd3a6410edee3751dbcbd39,2024-07,Surrey Police,Surrey Police,-0.797340,51.216746,On or near Cherry Tree Close,E01030895,Waverley 003E,Violence and sexual offences,Unable to prosecute suspect,
adbb94b81217f80abc0b4d3d0a92e0f0ba64ad267810dd253e2ac9f43ca4e7ba,2024-07,Surrey Police,Surrey Police,-0.793913,51.213123,On or near A31,E01030895,Waverley 003E,Violence and sexual offences,Unable to prosecute suspect,
ebc06239d8a99c252994388ac962b907c6e894dcef62d4537c02d17569e1a0b4,2024-07,Surrey Police,Surrey Police,-0.794940,51.218214,On or near Thorold Road,E01030895,Waverley 003E,Violence and sexual offences,Unable to prosecute suspect,
a133d87020a50926e8172c9978522659ddac9140451aa12bc904bc3b560eb4b4,2024-07,Surrey Police,Surrey Police,-0.794233,51.215671,On or near Parking Area,E01030895,Waverley 003E,Other crime,Investigation complete; no suspect identified,
49f5cee4526d378c7bbe36f5e587260a87e7e225b3731aa86349f0a9787a4f67,2024-07,Surrey Police,Surrey Police,-0.791583,51.219556,On or near Stoke Hills,E01030895,Waverley 003E,Other crime,Action to be taken by another organisation,
733043f415e1b9662a25971b57ec0c70c8c4818aca6ad79fc294af7d022633b1,2024-07,Surrey Police,Surrey Police,-0.785904,51.194831,On or near Cricket Lane,E01030881,Waverley 004A,Other theft,Investigation complete; no suspect identified,
9224a59620dda7a21417dae3c4ed795fca6e567611073631cb9a0c1fb10a167b,2024-07,Surrey Police,Surrey Police,-0.785132,51.191541,On or near Old Frensham Road,E01030881,Waverley 004A,Public order,Unable to prosecute suspect,
bde965993b1390f5020375ec97b4166bb17c4a32334a478a89a8d54ecc8d4c9a,2024-07,Surrey Police,Surrey Police,-0.789350,51.203670,On or near Middle Avenue,E01030883,Waverley 004B,Violence and sexual offences,Local resolution,
aa936302bbfe608f70619549323fe61697306a1bf4ac87e7bb061302b0ba7572,2024-07,Surrey Police,Surrey Police,-0.784514,51.211192,On or near B3001,E01030888,Waverley 004C,Public order,Unable to prosecute suspect,
c7a3e4fc669259e8260c0703e439a2944fe9ec02cb842605adc56c0a46ec1fa5,2024-07,Surrey Police,Surrey Police,-0.789509,51.215641,On or near Petrol Station,E01030888,Waverley 004C,Shoplifting,Court result unavailable,
ee2f283e51ec529c0a77cb62f9d6862c9c3a96cf06961ef9f197296ab61e8328,2024-07,Surrey Police,Surrey Police,-0.789509,51.215641,On or near Petrol Station,E01030888,Waverley 004C,Shoplifting,Court result unavailable,
42a4fa344e5c1e897eb17cc336e7680fdcd49ce948c48c9104f738fe70c93514,2024-07,Surrey Police,Surrey Police,-0.789509,51.215641,On or near Petrol Station,E01030888,Waverley 004C,Shoplifting,Court result unavailable,
959b6267b68596d2f150a1ead5c15e522121b48defafdd0dab84b985487fd437,2024-07,Surrey Police,Surrey Police,-0.789509,51.215641,On or near Petrol Station,E01030888,Waverley 004C,Shoplifting,Unable to prosecute suspect,
01fc5dd4fa9f26e69d5087c04317318e166944605f8df82bd8083c889bb5a4b5,2024-07,Surrey Police,Surrey Police,-0.789509,51.215641,On or near Petrol Station,E01030888,Waverley 004C,Shoplifting,Investigation complete; no suspect identified,
ef82820095231ed15f377c3f97dc06ae0732b5f316279d3098416ce4c2d2a187,2024-07,Surrey Police,Surrey Police,-0.789509,51.215641,On or near Petrol Station,E01030888,Waverley 004C,Shoplifting,Court result unavailable,
adce79c5e8450feaa553d5c2d642be95af97bebcfbcebd2e41f6d2ab7207ff5a,2024-07,Surrey Police,Surrey Police,-0.789509,51.215641,On or near Petrol Station,E01030888,Waverley 004C,Shoplifting,Court result unavailable,
afa2edb457006fa624004ec01d6f82412c9852542baf93418bb32a0f9a286bc8,2024-07,Surrey Police,Surrey Police,-0.789509,51.215641,On or near Petrol Station,E01030888,Waverley 004C,Shoplifting,Investigation complete; no suspect identified,
9da66988dabdf915731ae5aaa10f4beefef6816d11cff5beafea4e6fdaefa37d,2024-07,Surrey Police,Surrey Police,-0.789509,51.215641,On or near Petrol Station,E01030888,Waverley 004C,Shoplifting,Court result unavailable,
e5ae9c2b0b634749f2228852b3aa9375aee6de2353843f8ee8635b4fee493798,2024-07,Surrey Police,Surrey Police,-0.793473,51.210223,On or near Wessex Place,E01030888,Waverley 004C,Vehicle crime,Investigation complete; no suspect identified,
5c1488e175c2fdbc2d3b82e4e3c5fb41ad31efc2ac156e570ab77e05e4d1442c,2024-07,Surrey Police,Surrey Police,-0.792960,51.212331,On or near Station Hill,E01030888,Waverley 004C,Violence and sexual offences,Investigation complete; no suspect identified,
,2024-07,Surrey Police,Surrey Police,-0.756909,51.220865,On or near St Georges Road,E01030894,Waverley 004D,Anti-social behaviour,,
c7194298cedcc06df2a9f4e9caf3cd2bd55ca08a6e19b0f2f1546309697c7993,2024-07,Surrey Police,Surrey Police,-0.746092,51.221082,On or near Seale Lane,E01030894,Waverley 004D,Violence and sexual offences,Unable to prosecute suspect,
d01cb35e9c8630c0dcfc4afbe8d11dcf3039683525a5935cf438f1453a058bc9,2024-07,Surrey Police,Surrey Police,-0.609436,51.199297,On or near More Road,E01030911,Waverley 005A,Vehicle crime,Investigation complete; no suspect identified,
37b08f72a84df13237300c91234cf849433e2a62bf84c59bc02512f06f48902f,2024-07,Surrey Police,Surrey Police,-0.612341,51.199331,On or near Meadow Close,E01030911,Waverley 005A,Violence and sexual offences,Local resolution,
33e8e8977b1bb608e9a6cd961a4c80a6bd59b56e60001154ca3fb564188aa936,2024-07,Surrey Police,Surrey Police,-0.612483,51.199854,On or near Binscombe Lane,E01030911,Waverley 005A,Violence and sexual offences,Unable to prosecute suspect,
,2024-07,Surrey Police,Surrey Police,-0.613199,51.203658,On or near Badgers Close,E01030912,Waverley 005B,Anti-social behaviour,,
89dc238e1cb59234e49e0bf7b3208c4a399c504b11a48674f63856195af146d8,2024-07,Surrey Police,Surrey Police,-0.614312,51.205667,On or near Copse Side,E01030912,Waverley 005B,Other theft,Status update unavailable,
bfbfc950a28de299871cac4f3c4c57999778bfb92306303a385e4cac53ef644e,2024-07,Surrey Police,Surrey Police,-0.611783,51.204072,On or near Badgers Close,E01030912,Waverley 005B,Violence and sexual offences,Unable to prosecute suspect,
27bb7740abc822a284a84259095cc8cf86d9747a0e8b1aff7e006aac1dda2c3e,2024-07,Surrey Police,Surrey Police,-0.613694,51.204311,On or near Cherry Tree Lane,E01030912,Waverley 005B,Violence and sexual offences,Unable to prosecute suspect,
,2024-07,Surrey Police,Surrey Police,-0.603099,51.203457,On or near Northbourne,E01030913,Waverley 005C,Anti-social behaviour,,
a0b103f6e18ccaa4c24cc19e92132f6087b26bd68b9e658e531fd43954b2521f,2024-07,Surrey Police,Surrey Police,-0.598199,51.202661,On or near Birch Road,E01030913,Waverley 005C,Violence and sexual offences,Unable to prosecute suspect,
c6e095dc7e2441d787108466177ca4f425dfa4d7352499c872357f216c426a49,2024-07,Surrey Police,Surrey Police,-0.598199,51.202661,On or near Birch Road,E01030913,Waverley 005C,Violence and sexual offences,Unable to prosecute suspect,
e11a47a7f1d75dce3f1540b654212eaf46f325ea5b71b17fdfbc6ccb77489373,2024-07,Surrey Police,Surrey Police,-0.598199,51.202661,On or near Birch Road,E01030913,Waverley 005C,Violence and sexual offences,Unable to prosecute suspect,
af07df72e649a5aa3844c0006306a213e0ff9e498c94cb1482731943a1dc0cf6,2024-07,Surrey Police,Surrey Police,-0.598199,51.202661,On or near Birch Road,E01030913,Waverley 005C,Violence and sexual offences,Unable to prosecute suspect,
,2024-07,Surrey Police,Surrey Police,-0.604377,51.195729,On or near Supermarket,E01030920,Waverley 005D,Anti-social behaviour,,
,2024-07,Surrey Police,Surrey Police,-0.604607,51.197108,On or near Farncombe,E01030920,Waverley 005D,Anti-social behaviour,,
,2024-07,Surrey Police,Surrey Police,-0.604377,51.195729,On or near Supermarket,E01030920,Waverley 005D,Anti-social behaviour,,
a2d88d22193579cf8ae1abfb3a0b726ec6fe5af2207efbaa3a4743cca09d9a1f,2024-07,Surrey Police,Surrey Police,-0.599094,51.199569,On or near Summer'S Road,E01030920,Waverley 005D,Criminal damage and arson,Investigation complete; no suspect identified,
fb12f6606a2f65293b1835acc4b0b58a32d84603abaa2eb267795c3a9e13773d,2024-07,Surrey Police,Surrey Police,-0.599094,51.199569,On or near Summer'S Road,E01030920,Waverley 005D,Criminal damage and arson,Investigation complete; no suspect identified,
55a2cb11ce3411ddc533fc0e912e8b770462df66f9002e5b361a839306032d22,2024-07,Surrey Police,Surrey Police,-0.604377,51.195729,On or near Supermarket,E01030920,Waverley 005D,Drugs,Local resolution,
2199feb236e3edd319870d75f5db9c566ddeec4460a042397b84f3218a302703,2024-07,Surrey Police,Surrey Police,-0.604377,51.195729,On or near Supermarket,E01030920,Waverley 005D,Possession of weapons,Awaiting court outcome,
620c9ed328088c93275a2e1a6fe280c161e41caec01c47c137582efbdccd10d7,2024-07,Surrey Police,Surrey Police,-0.599094,51.199569,On or near Summer'S Road,E01030920,Waverley 005D,Public order,Investigation complete; no suspect identified,
53ed0953a4f7fa637e11ae6992ddfa51db0224042416bd73041a5b46773227c0,2024-07,Surrey Police,Surrey Police,-0.604377,51.195729,On or near Supermarket,E01030920,Waverley 005D,Shoplifting,Unable to prosecute suspect,
1486a1ccf1176c1152598581c5c834817a517439605d0b8ed5a11e9150f7d317,2024-07,Surrey Police,Surrey Police,-0.596783,51.201187,On or near Brookfield,E01030920,Waverley 005D,Violence and sexual offences,Unable to prosecute suspect,
c7fec41665bb80c3a2db21046c0c69939948fc45a7006441be01e6199357933c,2024-07,Surrey Police,Surrey Police,-0.596783,51.201187,On or near Brookfield,E01030920,Waverley 005D,Violence and sexual offences,Unable to prosecute suspect,
b54aa021993abbb0b1bf1474e137d50d5b79cc8445dc8d9ffeffce1d9715010c,2024-07,Surrey Police,Surrey Police,-0.604377,51.195729,On or near Supermarket,E01030920,Waverley 005D,Violence and sexual offences,Unable to prosecute suspect,
,2024-07,Surrey Police,Surrey Police,-0.600958,51.197091,On or near Nursery Road,E01030921,Waverley 005E,Anti-social behaviour,,
,2024-07,Surrey Police,Surrey Police,-0.596509,51.194214,On or near Wyatts Close,E01030921,Waverley 005E,Anti-social behaviour,,
ca0f2930403e45ae0d5a032fdfe1656cafcbdbf388cbc196f9b83edb0a53302c,2024-07,Surrey Police,Surrey Police,-0.604138,51.195106,On or near St John'S Street,E01030921,Waverley 005E,Burglary,Investigation complete; no suspect identified,
7726086562bf0c82a8e23d911255cd4f27370fd2a3bb4f4ae28e6491afe103d3,2024-07,Surrey Police,Surrey Police,-0.599959,51.192745,On or near Meadrow,E01030921,Waverley 005E,Burglary,Unable to prosecute suspect,
2dc0cc058e3478581ef909c0b0b902214db940d1040e3bba839ebe4890f53de6,2024-07,Surrey Police,Surrey Police,-0.600621,51.194506,On or near Bramswell Road,E01030921,Waverley 005E,Criminal damage and arson,Unable to prosecute suspect,
e47508546a11b122e09c2c3acf21c8bf67c88ba55bd4519e66b2aa6ac98107e6,2024-07,Surrey Police,Surrey Police,-0.600776,51.195542,On or near The Circle,E01030921,Waverley 005E,Other theft,Investigation complete; no suspect identified,
273fbf02065051c07a6731fedb535cceaced23e173377fb8a56c53e676447c63,2024-07,Surrey Police,Surrey Police,-0.600776,51.195542,On or near The Circle,E01030921,Waverley 005E,Other theft,Unable to prosecute suspect,
ad3d141e641e7853812949d61194075239b5f255040748208f1dafa19f67e877,2024-07,Surrey Police,Surrey Police,-0.599062,51.193553,On or near Parking Area,E01030921,Waverley 005E,Vehicle crime,Investigation complete; no suspect identified,
4ed17d3a679cde55b51b81b3dc2ce676459715cda893bf66b405b39911d55be4,2024-07,Surrey Police,Surrey Police,-0.799300,51.203071,On or near St John'S Road,E01030887,Waverley 006B,Public order,Unable to prosecute suspect,
e90b5fd1135ba1729c82de5f5b650ce21c5520a6b6022d08cf301545b9b78665,2024-07,Surrey Police,Surrey Police,-0.798502,51.201822,On or near Westbourne Place,E01030887,Waverley 006B,Shoplifting,Unable to prosecute suspect,
f84653d7204a5029f16fc1d2b96fe5da640740a1be7d2b5113471674125ddb31,2024-07,Surrey Police,Surrey Police,-0.799300,51.203071,On or near St John'S Road,E01030887,Waverley 006B,Violence and sexual offences,Status update unavailable,
ae926658c486a700e7c493f277c00cbd7fe54c6b3763eacd5613b46edf467304,2024-07,Surrey Police,Surrey Police,-0.799300,51.203071,On or near St John'S Road,E01030887,Waverley 006B,Violence and sexual offences,Investigation complete; no suspect identified,
a3ececf316cccfd36630cd0530f9b45b8785f099fb041cf9feeca406c0070b35,2024-07,Surrey Police,Surrey Police,-0.799300,51.203071,On or near St John'S Road,E01030887,Waverley 006B,Violence and sexual offences,Unable to prosecute suspect,
1fd9bb1e3723b156db49b5bb6f87e1f87a90513e2c27ab3a4d2f279a8caa3302,2024-07,Surrey Police,Surrey Police,-0.799300,51.203071,On or near St John'S Road,E01030887,Waverley 006B,Violence and sexual offences,Unable to prosecute suspect,
eba8573d13080b073720a087987659e451de2b27d52c487d1bf223f0a77b552d,2024-07,Surrey Police,Surrey Police,-0.799300,51.203071,On or near St John'S Road,E01030887,Waverley 006B,Violence and sexual offences,Status update unavailable,
d2086846a685a48b5d3563e5ed06e08507e3bdaef5b36fa05a04285ffdd83f39,2024-07,Surrey Police,Surrey Police,-0.799300,51.203071,On or near St John'S Road,E01030887,Waverley 006B,Violence and sexual offences,Unable to prosecute suspect,
21ffe6d58e87b01a9b0963c5a6e568db03d878167b7eba6fc0eb5adf91b6ed8b,2024-07,Surrey Police,Surrey Police,-0.799300,51.203071,On or near St John'S Road,E01030887,Waverley 006B,Violence and sexual offences,Unable to prosecute suspect,
,2024-07,Surrey Police,Surrey Police,-0.799991,51.207871,On or near Arthur Close,E01030889,Waverley 006C,Anti-social behaviour,,
2d9d55abfcd094e9ead18ad26b397f5c4541470d2047a5459ce888b11ada92a2,2024-07,Surrey Police,Surrey Police,-0.797234,51.208176,On or near Avon Road,E01030889,Waverley 006C,Criminal damage and arson,Investigation complete; no suspect identified,
0f1c53c89c2bea7406b256f00d616d41886bf3e2a33938782001c222c3a2eea2,2024-07,Surrey Police,Surrey Police,-0.802276,51.205314,On or near Ryle Road,E01030889,Waverley 006C,Public order,Unable to prosecute suspect,
3075d9af290653ddb92146cf8e5e9c210ef0efd46c488ac129f3e59e1bcbc5b5,2024-07,Surrey Police,Surrey Police,-0.795739,51.206766,On or near Searle Road,E01030889,Waverley 006C,Violence and sexual offences,Unable to prosecute suspect,
99d820f5bc46ca38f6d889420394fed4276aeb1bb38c2996c398c6e7746389b2,2024-07,Surrey Police,Surrey Police,-0.795523,51.209561,On or near Barncroft,E01030889,Waverley 006C,Violence and sexual offences,Status update unavailable,
888aabb11de7b5ee82f2fe56ed52cb6d6ecee7d4f0dfe373872217c55fe9093b,2024-07,Surrey Police,Surrey Police,-0.802276,51.205314,On or near Ryle Road,E01030889,Waverley 006C,Violence and sexual offences,Unable to prosecute suspect,
51aef70ea36549ca1a1d0a80a88dc6fdb6f2f6fdfd35207fb8c03571f9595611,2024-07,Surrey Police,Surrey Police,-0.802276,51.205314,On or near Ryle Road,E01030889,Waverley 006C,Violence and sexual offences,Further action is not in the public interest,
,2024-07,Surrey Police,Surrey Police,-0.810328,51.203912,On or near Gullivers Close,E01030896,Waverley 006D,Anti-social behaviour,,
94a3fbdb37aa7c1469b860823db0d7873f574eab221b2bfbaee1ccaf200cba63,2024-07,Surrey Police,Surrey Police,-0.813730,51.203003,On or near The Buntings,E01030896,Waverley 006D,Criminal damage and arson,Further action is not in the public interest,
6c7407ae8d195e5c4f4032cc276f1933f6ee59024217271841210b02b4147cd0,2024-07,Surrey Police,Surrey Police,-0.809752,51.200714,On or near Greenfield Road,E01030896,Waverley 006D,Other theft,Unable to prosecute suspect,
e63949657aeced0ab73a916b17f7d86cdb379cc09474031fc921dc96d5e8235c,2024-07,Surrey Police,Surrey Police,-0.808933,51.201956,On or near Middlefield,E01030896,Waverley 006D,Other theft,Investigation complete; no suspect identified,
60f790e3aa702efc5c370a62b73938cbd7eb70cb8e3c60ff10e8d672c7221c48,2024-07,Surrey Police,Surrey Police,-0.811956,51.202400,On or near Bardsley Drive,E01030896,Waverley 006D,Public order,Unable to prosecute suspect,
10a8f2e44c86d421ea03b6e890c79058abdf9198fe2856dc594da0e02d8bd198,2024-07,Surrey Police,Surrey Police,-0.809752,51.200714,On or near Greenfield Road,E01030896,Waverley 006D,Robbery,Investigation complete; no suspect identified,
b5a7312bb0aa6cd384195561ac80317c3fc5570c9063b0e77f034d612c1ebbd0,2024-07,Surrey Police,Surrey Police,-0.810328,51.203912,On or near Gullivers Close,E01030896,Waverley 006D,Violence and sexual offences,Unable to prosecute suspect,
11409e085e9060034f77bd141bacb3e05e15bd86569d1490dac3eee810ab9dcc,2024-07,Surrey Police,Surrey Police,-0.813082,51.202600,On or near The Old Orchard,E01030896,Waverley 006D,Violence and sexual offences,Unable to prosecute suspect,
6ea75d6aade05f927fdb073a92ae79c384d2a46b6d99645e39e21fe68c3644af,2024-07,Surrey Police,Surrey Police,-0.810328,51.203912,On or near Gullivers Close,E01030896,Waverley 006D,Violence and sexual offences,Unable to prosecute suspect,
8d037b03eb4ceddc322b7b42e33685b836d84c971c3cfc4a3c11a73cf1fb2925,2024-07,Surrey Police,Surrey Police,-0.813730,51.203003,On or near The Buntings,E01030896,Waverley 006D,Violence and sexual offences,Unable to prosecute suspect,
c4a99bad92a4194c0c19a19423b6de49008e9acf3a0f4e9fc79aba1ddd2a3aef,2024-07,Surrey Police,Surrey Police,-0.810328,51.203912,On or near Gullivers Close,E01030896,Waverley 006D,Violence and sexual offences,Unable to prosecute suspect,
e2472059aa1b3dc7b7535d4cad25d37678165318b6375812a53dd71307e72664,2024-07,Surrey Police,Surrey Police,-0.811752,51.201445,On or near Lynton Close,E01030897,Waverley 006E,Other theft,Unable to prosecute suspect,
,2024-07,Surrey Police,Surrey Police,-0.617308,51.184022,On or near Harvest Hill,E01030916,Waverley 007A,Anti-social behaviour,,
,2024-07,Surrey Police,Surrey Police,-0.606901,51.185607,On or near Victoria Road,E01030916,Waverley 007A,Anti-social behaviour,,
459074c92e1b8bb7bc4812d294c4721b329afaa5332839c433216b0cffc37ea9,2024-07,Surrey Police,Surrey Police,-0.609359,51.186652,On or near Bridge Street,E01030916,Waverley 007A,Other theft,Unable to prosecute suspect,
8f4eb4a9eb6298317ae7339d79674e4501e864644a4f6e84a750694b4bf84e05,2024-07,Surrey Police,Surrey Police,-0.601216,51.185755,On or near Scizdons Climb,E01030916,Waverley 007A,Public order,Investigation complete; no suspect identified,
5da98abd97c3c7156779ac62e6db9835b09e4bdcd8db101e7fa2c33b45476a03,2024-07,Surrey Police,Surrey Police,-0.610492,51.187043,On or near Parking Area,E01030916,Waverley 007A,Public order,Unable to prosecute suspect,
afc1f3b39086691e3f68ec67411e52ef58c3c0e8820d0936eb5c48d3d552a8ca,2024-07,Surrey Police,Surrey Police,-0.603515,51.186358,On or near Supermarket,E01030916,Waverley 007A,Shoplifting,Unable to prosecute suspect,
f8e61324b5e4ad70e892ca146bb65a01ab620b84ba260c6f54c92352cf572932,2024-07,Surrey Police,Surrey Police,-0.616488,51.185595,On or near Parking Area,E01030916,Waverley 007A,Vehicle crime,Unable to prosecute suspect,
56f66f5db6c5ed92affdf97924c3d32fae6351ba9354a44fb38e8bb656bd176f,2024-07,Surrey Police,Surrey Police,-0.610395,51.186458,On or near Wiggins Yard,E01030916,Waverley 007A,Violence and sexual offences,Unable to prosecute suspect,
2e3f22eaedf50d6b64654ca6099e8ea346ce16de754be4d8b5b42bd53ca5d09b,2024-07,Surrey Police,Surrey Police,-0.609359,51.186652,On or near Bridge Street,E01030916,Waverley 007A,Violence and sexual offences,Unable to prosecute suspect,
d01401cb94f217d00d73dca629c3e40a7b6a0b2af3ef7bd83a2916b8d1ab854b,2024-07,Surrey Police,Surrey Police,-0.612418,51.185313,On or near Pound Lane,E01030916,Waverley 007A,Violence and sexual offences,Unable to prosecute suspect,
4e56d0e9978282455a2b7edaca59cb24efda76b7af9006cfb59bda0df95c038f,2024-07,Surrey Police,Surrey Police,-0.609364,51.183154,On or near Town End Street,E01030916,Waverley 007A,Violence and sexual offences,Unable to prosecute suspect,
654e598f9cf55f74d429e14e9de6a1e710c823caa4594febfb0858c3a933d13d,2024-07,Surrey Police,Surrey Police,-0.612373,51.184925,On or near Pound Close,E01030916,Waverley 007A,Violence and sexual offences,Unable to prosecute suspect,
3ca6bba8e8c796244e57c66c200f2fc1f358d73c2d72d83d159072df1bcbc8de,2024-07,Surrey Police,Surrey Police,-0.614606,51.185860,On or near Angel Court,E01030916,Waverley 007A,Violence and sexual offences,Investigation complete; no suspect identified,
4f5dd61f86104609eb092e00680b8352d23b858f966bd9f243156fc330e941c9,2024-07,Surrey Police,Surrey Police,-0.617308,51.184022,On or near Harvest Hill,E01030916,Waverley 007A,Violence and sexual offences,Unable to prosecute suspect,
2319426f4e22c97aa79b29e668d12eb46746bd6e948a5727305af57cd04d1e2d,2024-07,Surrey Police,Surrey Police,-0.605749,51.186303,On or near Woolsack Way,E01030916,Waverley 007A,Violence and sexual offences,Investigation complete; no suspect identified,
,2024-07,Surrey Police,Surrey Police,-0.617397,51.195398,On or near Charterhouse Road,E01030917,Waverley 007B,Anti-social behaviour,,
ab9f1fe3c78ac2aa7a84fd3626ba0c5b165d418f79602a8ead8de8e7fb511bd0,2024-07,Surrey Police,Surrey Police,-0.614194,51.195279,On or near Sandy Lane,E01030917,Waverley 007B,Violence and sexual offences,Unable to prosecute suspect,
,2024-07,Surrey Police,Surrey Police,-0.607337,51.192986,On or near Marshall Road,E01030918,Waverley 007C,Anti-social behaviour,,
ff48dfde8e5e37bb03c0df4011ec65502eea3d2e1e32207a772d5d535ce3c3ff,2024-07,Surrey Police,Surrey Police,-0.607870,51.191436,On or near Old Station Way,E01030918,Waverley 007C,Public order,Formal action is not in the public interest,
1edf2d116ce4abb6f8ad6a51c7bb2e1e45093068fc142a7fadd52c758549c8d8,2024-07,Surrey Police,Surrey Police,-0.610484,51.193482,On or near Shadyhanger,E01030918,Waverley 007C,Violence and sexual offences,Unable to prosecute suspect,
9a2a0de8a3df2bf0ecc8555a91d7d1a3de37c4b91a2fc3b4a06a190de6719eb6,2024-07,Surrey Police,Surrey Police,-0.621347,51.196821,On or near Theatre/Concert Hall,E01030919,Waverley 007D,Violence and sexual offences,Unable to prosecute suspect,
b7e043f8feb305faa08963b186adb295dedc9f214e8954642e5eca3e774574b8,2024-07,Surrey Police,Surrey Police,-0.613807,51.194367,On or near Woodcote,E01030919,Waverley 007D,Violence and sexual offences,Unable to prosecute suspect,
,2024-07,Surrey Police,Surrey Police,-0.595851,51.189000,On or near Grange Close,E01030922,Waverley 007E,Anti-social behaviour,,
,2024-07,Surrey Police,Surrey Police,-0.608075,51.188426,On or near Bridge Road,E01030922,Waverley 007E,Anti-social behaviour,,
db51842fcc80e7a5a1bdb84aeed9a99b21457e7a37fca80fd56d996e95ebc31e,2024-07,Surrey Police,Surrey Police,-0.595851,51.189000,On or near Grange Close,E01030922,Waverley 007E,Burglary,Investigation complete; no suspect identified,
79b5076d8db1c4ecfba9310715abc1326b57fa877fbecf7eb6e1af982ff4398f,2024-07,Surrey Police,Surrey Police,-0.595851,51.189000,On or near Grange Close,E01030922,Waverley 007E,Public order,Investigation complete; no suspect identified,
,2024-07,Surrey Police,Surrey Police,-0.539497,51.200819,On or near Barnett Close,E01030863,Waverley 008A,Anti-social behaviour,,
ecb1a1643d4d2fec3731b96f64e0b6dfda69d7ddfeae7bb8d3b438a14bced713,2024-07,Surrey Police,Surrey Police,-0.539497,51.200819,On or near Barnett Close,E01030863,Waverley 008A,Criminal damage and arson,Unable to prosecute suspect,
caa02f7ef267c63e1929273f9148ec9a37c5be54e13faaeb74b5d2811d7c6fea,2024-07,Surrey Police,Surrey Police,-0.519815,51.204794,On or near Sports/Recreation Area,E01030863,Waverley 008A,Public order,Investigation complete; no suspect identified,
241acfb91f4b92ef03534e7b0fa981ba7cba120ac3827389322c560a64945969,2024-07,Surrey Police,Surrey Police,-0.548097,51.196807,On or near The Street,E01030863,Waverley 008A,Public order,Investigation complete; no suspect identified,
b34de8fe61bc8d5b05d08159e37354a48fde1d45d16e73ff842b7941e88b0ccc,2024-07,Surrey Police,Surrey Police,-0.541892,51.202962,On or near Blackheath Grove,E01030863,Waverley 008A,Vehicle crime,Investigation complete; no suspect identified,
,2024-07,Surrey Police,Surrey Police,-0.557696,51.191917,On or near Home Park Close,E01030865,Waverley 008B,Anti-social behaviour,,
,2024-07,Surrey Police,Surrey Police,-0.556674,51.193928,On or near Windrush Close,E01030865,Waverley 008B,Anti-social behaviour,,
,2024-07,Surrey Police,Surrey Police,-0.550162,51.185277,On or near Chestnut Way,E01030865,Waverley 008B,Anti-social behaviour,,
,2024-07,Surrey Police,Surrey Police,-0.550162,51.185277,On or near Chestnut Way,E01030865,Waverley 008B,Anti-social behaviour,,
8e15183b2a387de8f74481846b299b6f86149a858d8c754be8d3e3306c27c075,2024-07,Surrey Police,Surrey Police,-0.557696,51.191917,On or near Home Park Close,E01030865,Waverley 008B,Criminal damage and arson,Investigation complete; no suspect identified,
b4485072e210178ec226968cfbccad048919ebd7c718b2bbd5270623e4379c8b,2024-07,Surrey Police,Surrey Police,-0.553835,51.195017,On or near Firs Avenue,E01030865,Waverley 008B,Other theft,Investigation complete; no suspect identified,
7427520a183d89a5f9a72a633df79fe634df0fee7b9654151596df8d11932072,2024-07,Surrey Police,Surrey Police,-0.556731,51.195313,On or near Hall Road,E01030865,Waverley 008B,Other theft,Investigation complete; no suspect identified,
faeab73056db87b4684ade2387ec7c879e816c12e58761ffc06af252747249fa,2024-07,Surrey Police,Surrey Police,-0.557696,51.191917,On or near Home Park Close,E01030865,Waverley 008B,Public order,Unable to prosecute suspect,
bdfa8b9fac7b5b8f0a7df8718f01aa215b19ee3b5b768827753b0422decb0815,2024-07,Surrey Police,Surrey Police,-0.550162,51.185277,On or near Chestnut Way,E01030865,Waverley 008B,Theft from the person,Unable to prosecute suspect,
ee79c4ce09487adee8c681d7eb5c589e8b39534ff83551ffbe2c5ee3fd9c1ce7,2024-07,Surrey Police,Surrey Police,-0.571934,51.169718,On or near Thorncombe Street,E01030865,Waverley 008B,Violence and sexual offences,Investigation complete; no suspect identified,
087390eb5440164baa217d4fb2aa7538a09f9463df7196dbaec25bada3a74415,2024-07,Surrey Police,Surrey Police,-0.553835,51.195017,On or near Firs Avenue,E01030865,Waverley 008B,Other crime,Further investigation is not in the public interest,
,2024-07,Surrey Police,Surrey Police,-0.529450,51.186862,On or near Nursery Close,E01030940,Waverley 008D,Anti-social behaviour,,
44f4536388b5de3819b4fab8ad2a9c18d4a2b3ec18f0d9cb23a38ce8cb6b20cc,2024-07,Surrey Police,Surrey Police,-0.527857,51.185655,On or near Garden Close,E01030940,Waverley 008D,Violence and sexual offences,Unable to prosecute suspect,
,2024-07,Surrey Police,Surrey Police,-0.808314,51.189342,On or near Broad Ha'Penny,E01030898,Waverley 009A,Anti-social behaviour,,
,2024-07,Surrey Police,Surrey Police,-0.805215,51.191882,On or near Boundstone Close,E01030898,Waverley 009A,Anti-social behaviour,,
,2024-07,Surrey Police,Surrey Police,-0.805215,51.191882,On or near Boundstone Close,E01030898,Waverley 009A,Anti-social behaviour,,
421ec74c0e0afac8c6cf6c59d1cee8844eea03fc5e3b922bb5e2281fa8f84087,2024-07,Surrey Police,Surrey Police,-0.813915,51.188545,On or near Thorn Close,E01030898,Waverley 009A,Criminal damage and arson,Investigation complete; no suspect identified,
b24c541a81c9a09a7d0ee8b28e64b354b82b704937508267f71d8c43d8fd18e5,2024-07,Surrey Police,Surrey Police,-0.808314,51.189342,On or near Broad Ha'Penny,E01030898,Waverley 009A,Other theft,Investigation complete; no suspect identified,
4aaf1720c8b4ab872e8f56347de121047e947f61eb31fb6d01ff13b3e67fd6e3,2024-07,Surrey Police,Surrey Police,-0.811469,51.190202,On or near Vine Way,E01030898,Waverley 009A,Violence and sexual offences,Further action is not in the public interest,
ba19e8ef3c76c23887475a4cde1092e013199fdde1267261a6b465b3649b29a0,2024-07,Surrey Police,Surrey Police,-0.811469,51.190202,On or near Vine Way,E01030898,Waverley 009A,Violence and sexual offences,Further action is not in the public interest,
d35adf58010533a248488e67ec314c223661fdbe7ca027969527c14e4db3d540,2024-07,Surrey Police,Surrey Police,-0.821503,51.199071,On or near Riverdale,E01030905,Waverley 009B,Burglary,Investigation complete; no suspect identified,
cfd28c2b78fc7c6de4761636f49f461272a3c296cdbeb3497f63473e4a0665da,2024-07,Surrey Police,Surrey Police,-0.816271,51.198802,On or near Weavers Gardens,E01030905,Waverley 009B,Possession of weapons,Offender given a caution,
4d5e42a0fb6625ceb1d77997b8daa963ce85653f4ed7422e45ca05cdb36f7e2a,2024-07,Surrey Police,Surrey Police,-0.816216,51.204844,On or near Kingfisher Road,E01030905,Waverley 009B,Public order,Unable to prosecute suspect,
f09c8e9d566c892d176595c0ea09aeb732de5d73e4fdc5713d350bb524e77a1e,2024-07,Surrey Police,Surrey Police,-0.818719,51.201021,On or near Bridge Court,E01030905,Waverley 009B,Public order,Unable to prosecute suspect,
5ac600b627130c4542ae3263aa640603c30f9c1fc17706c89d1994d0124363ae,2024-07,Surrey Police,Surrey Police,-0.818719,51.201021,On or near Bridge Court,E01030905,Waverley 009B,Shoplifting,Investigation complete; no suspect identified,
5c70b1645c7230e5e62516ecf37f2e700e8c303dc471a1468b034d8d2c08b931,2024-07,Surrey Police,Surrey Police,-0.818719,51.201021,On or near Bridge Court,E01030905,Waverley 009B,Shoplifting,Investigation complete; no suspect identified,
dddce1c221b28031692617d4bd179bdf5832b4c7d95bf3f7da0988fdee8fc93c,2024-07,Surrey Police,Surrey Police,-0.816705,51.199175,On or near Church Lane,E01030905,Waverley 009B,Shoplifting,Investigation complete; no suspect identified,
e952a4743d6434567e26f2ad291733e1189d7a2e7b04a643be6be07e117c8211,2024-07,Surrey Police,Surrey Police,-0.821503,51.199071,On or near Riverdale,E01030905,Waverley 009B,Violence and sexual offences,Offender given a caution,
7809cdbf24fbbed621cee0371a3485a5f3dd578752b7b1acb69d9c1d59f57cbf,2024-07,Surrey Police,Surrey Police,-0.815665,51.200091,On or near Beldham Road,E01030905,Waverley 009B,Violence and sexual offences,Unable to prosecute suspect,
,2024-07,Surrey Police,Surrey Police,-0.823229,51.192550,On or near Hollis Wood Drive,E01030906,Waverley 009C,Anti-social behaviour,,
,2024-07,Surrey Police,Surrey Police,-0.823229,51.192550,On or near Hollis Wood Drive,E01030906,Waverley 009C,Anti-social behaviour,,
fa53d348fa04e8fcd63f48bbc11173544785c423469040380b6bd68e5c7250f1,2024-07,Surrey Police,Surrey Police,-0.823397,51.185376,On or near High Street,E01030906,Waverley 009C,Other theft,Investigation complete; no suspect identified,
4d482f2b88a13efd2e96124b0176ed145e5318e37117480217d192959f959190,2024-07,Surrey Police,Surrey Police,-0.809187,51.178236,On or near Parking Area,E01030907,Waverley 009D,Vehicle crime,Investigation complete; no suspect identified,
689a9502e97c0fa94dd5602f82b8950c6a01f1699f9c79471bde47038f2be3c8,2024-07,Surrey Police,Surrey Police,-0.804021,51.187671,On or near Stable Close,E01030907,Waverley 009D,Violence and sexual offences,Investigation complete; no suspect identified,
3d048318dea3f3dd806f63154136e901712f3d0a5380a929aaade09f2bf8561f,2024-07,Surrey Police,Surrey Police,-0.824378,51.182239,On or near Cherry Tree Road,E01030907,Waverley 009D,Violence and sexual offences,Investigation complete; no suspect identified,
654ec90bb309bdbb148fcc7dd196684f6894919561502ecf23c069d254bf5664,2024-07,Surrey Police,Surrey Police,-0.823556,51.183058,On or near Supermarket,E01030907,Waverley 009D,Violence and sexual offences,Unable to prosecute suspect,
cf26a66690471dff821184f4174cc1bd260669cd7150b657deccae0510ac7f73,2024-07,Surrey Police,Surrey Police,-0.800123,51.180176,On or near Gardener'S Hill Road,E01030907,Waverley 009D,Violence and sexual offences,Unable to prosecute suspect,
c2f8c3f3a3881723f1873b3719fe62d5b6a7027caa42059db0936d509de6d8d9,2024-07,Surrey Police,Surrey Police,-0.809187,51.178236,On or near Parking Area,E01030907,Waverley 009D,Violence and sexual offences,Status update unavailable,
,2024-07,Surrey Police,Surrey Police,-0.628764,51.184192,On or near Allden Cottages,E01030914,Waverley 010A,Anti-social behaviour,,
,2024-07,Surrey Police,Surrey Police,-0.625527,51.182374,On or near The Horseshoe,E01030914,Waverley 010A,Anti-social behaviour,,
,2024-07,Surrey Police,Surrey Police,-0.628780,51.184615,On or near Field View Cottages,E01030914,Waverley 010A,Anti-social behaviour,,
,2024-07,Surrey Police,Surrey Police,-0.623936,51.185341,On or near New Way,E01030914,Waverley 010A,Anti-social behaviour,,
a53503f398482941aca8d9784aabe7597688463b6a2f1041815e4cf2ed1451a2,2024-07,Surrey Police,Surrey Police,-0.618376,51.187065,On or near Parking Area,E01030914,Waverley 010A,Violence and sexual offences,Unable to prosecute suspect,
c1150fa025589b0458072dc3771521c00ff8fcb938be1d3fad352a2846bc538a,2024-07,Surrey Police,Surrey Police,-0.617063,51.185035,On or near Parking Area,E01030914,Waverley 010A,Violence and sexual offences,Unable to prosecute suspect,
151302d346438f61c800b8242c1f10e2f5989299a3a130b628133a9f320c41c8,2024-07,Surrey Police,Surrey Police,-0.616985,51.185726,On or near Station Road,E01030914,Waverley 010A,Violence and sexual offences,Unable to prosecute suspect,
,2024-07,Surrey Police,Surrey Police,-0.629884,51.179215,On or near Ockford Ridge,E01030915,Waverley 010B,Anti-social behaviour,,
c0db4faa4fb052b6d8661c1bc8decd21afb9316bb36ec4cca9ebc0f7c2f54efa,2024-07,Surrey Police,Surrey Police,-0.628977,51.181353,On or near Quarry Hill,E01030915,Waverley 010B,Criminal damage and arson,Unable to prosecute suspect,
84b3f3ff872aba42fcf5e1431c6d8d6ddea780a5a062c8e206c9f3ba78bafd08,2024-07,Surrey Police,Surrey Police,-0.628876,51.179922,On or near Whitebeam Way,E01030915,Waverley 010B,Drugs,Local resolution,
1317e9f44b96316ef6697c37697b38b26ddf4e310886da3d8f18f1bf0c57cdd7,2024-07,Surrey Police,Surrey Police,-0.628876,51.179922,On or near Whitebeam Way,E01030915,Waverley 010B,Violence and sexual offences,Unable to prosecute suspect,
78485757e6ec3ab66cc894fae745beaf53b9f08c6f545d2bbd195acd699568ca,2024-07,Surrey Police,Surrey Police,-0.630582,51.178845,On or near Laurel Close,E01030915,Waverley 010B,Violence and sexual offences,Unable to prosecute suspect,
,2024-07,Surrey Police,Surrey Police,-0.612837,51.182800,On or near Birchanger,E01030923,Waverley 010C,Anti-social behaviour,,
1c7acdafcef7ff06b0a857226571f8e70fd493c749fbeb0e9cef1a6eb31f5b1c,2024-07,Surrey Police,Surrey Police,-0.606863,51.177351,On or near The Avenue,E01030923,Waverley 010C,Public order,Unable to prosecute suspect,
297c3408d6f67b96083ad438c931a92e472094e63559cd345b63d2119054bbf4,2024-07,Surrey Police,Surrey Police,-0.614638,51.180474,On or near Ramsden Road,E01030923,Waverley 010C,Violence and sexual offences,Unable to prosecute suspect,
dcfc5a6d51c06e122381d36abe195d3680830e0027aead4f26661bb232fed8a6,2024-07,Surrey Police,Surrey Police,-0.622495,51.176547,On or near Old Barn View,E01030924,Waverley 010D,Violence and sexual offences,Further action is not in the public interest,
67c5aac02d20a5ae8d9d3ceb875e9b85808ca00e11cb87adc6f021761d90f34b,2024-07,Surrey Police,Surrey Police,-0.616765,51.182549,On or near Summerhouse Close,E01030924,Waverley 010D,Other crime,Status update unavailable,
,2024-07,Surrey Police,Surrey Police,-0.620080,51.174558,On or near Ashstead Lane,E01030925,Waverley 010E,Anti-social behaviour,,
d7547b38b3509fb3f5e28c20f5abb45c70a19dde41485d531747e4723fd4cca5,2024-07,Surrey Police,Surrey Police,-0.614736,51.177220,On or near Tuesley Lane,E01030925,Waverley 010E,Violence and sexual offences,Unable to prosecute suspect,
0ae82edd21f79328eac45de330a8d432ee8f7317aa8d5b1f91c216fd231b3004,2024-07,Surrey Police,Surrey Police,-0.610356,51.174434,On or near Park Chase,E01030925,Waverley 010E,Violence and sexual offences,Unable to prosecute suspect,
56d81a398f7a0ee609a4dc43d184c1f8df5977d0093491de92ad8fa80ef437aa,2024-07,Surrey Police,Surrey Police,-0.696953,51.184837,On or near Broomfield,E01030877,Waverley 011A,Burglary,Status update unavailable,
b3e1998712738e8633ce76e1032970b536f1486aa1812c56f38c1663178da7e3,2024-07,Surrey Police,Surrey Police,-0.714152,51.171475,On or near Woolfords Lane,E01030877,Waverley 011A,Burglary,Investigation complete; no suspect identified,
cc4201792f616315931f4a8eefdccc15195cb301e0bb93bea4cce65d192150ed,2024-07,Surrey Police,Surrey Police,-0.704314,51.185647,On or near Farnham Road,E01030877,Waverley 011A,Criminal damage and arson,Investigation complete; no suspect identified,
97b8988864a3f810dc1ffcc8e594f27a1d074b6df4c7523ee616a15adc61c4da,2024-07,Surrey Police,Surrey Police,-0.704314,51.185647,On or near Farnham Road,E01030877,Waverley 011A,Other theft,Investigation complete; no suspect identified,
072cc2488c83221fb6237caa67d676aa1394c0fb9e6daf661af5eedb79dbcb11,2024-07,Surrey Police,Surrey Police,-0.705148,51.184991,On or near Hope Street,E01030877,Waverley 011A,Public order,Awaiting court outcome,
02181e7a3dde2221d91569610665b73acfc5bb040558d1bc79b39729c7a1e286,2024-07,Surrey Police,Surrey Police,-0.700571,51.183888,On or near Springfield,E01030877,Waverley 011A,Violence and sexual offences,Unable to prosecute suspect,
,2024-07,Surrey Police,Surrey Police,-0.696417,51.182538,On or near The Croft,E01030878,Waverley 011B,Anti-social behaviour,,
9a2358f5fe7349d2b7dc160ec791ce65d540a2767ce0eca5330423ef14a27672,2024-07,Surrey Police,Surrey Police,-0.696417,51.182538,On or near The Croft,E01030878,Waverley 011B,Public order,Investigation complete; no suspect identified,
be3338c774d114437de71732aee957569597a41fc7c9d00e4c3dacd21ba0f21f,2024-07,Surrey Police,Surrey Police,-0.696417,51.182538,On or near The Croft,E01030878,Waverley 011B,Public order,Unable to prosecute suspect,
e0895d011f9d5fec44d37b1773ebf34a122bcabd49fb5dceef39824275c38e30,2024-07,Surrey Police,Surrey Police,-0.696417,51.182538,On or near The Croft,E01030878,Waverley 011B,Public order,Status update unavailable,
,2024-07,Surrey Police,Surrey Police,-0.646498,51.172259,On or near Flitwick Grange,E01030937,Waverley 011C,Anti-social behaviour,,
,2024-07,Surrey Police,Surrey Police,-0.665165,51.165735,On or near Park/Open Space,E01030937,Waverley 011C,Anti-social behaviour,,
a23f80fc6e75870425fb24c92a47f7665a458dd59fe5096ac5bf9bb1c18fbdc4,2024-07,Surrey Police,Surrey Police,-0.653673,51.175399,On or near Amberley Road,E01030937,Waverley 011C,Criminal damage and arson,Investigation complete; no suspect identified,
4652694e37640732dd33e84c970d88ebc44522329ab36b2060d8cc88ebe769e5,2024-07,Surrey Police,Surrey Police,-0.644895,51.172276,On or near Portsmouth Road,E01030937,Waverley 011C,Violence and sexual offences,Unable to prosecute suspect,
ba7bab1169ea0799c0101928f71ae4b3ff1d2a4524f509c0160ba1f6e453050f,2024-07,Surrey Police,Surrey Police,-0.646498,51.172259,On or near Flitwick Grange,E01030937,Waverley 011C,Violence and sexual offences,Unable to prosecute suspect,
f5ac07baec6e2032f3269dab62136d9ee2e1f092017363c36627b6dd97c4086d,2024-07,Surrey Police,Surrey Police,-0.644895,51.172276,On or near Portsmouth Road,E01030937,Waverley 011C,Violence and sexual offences,Investigation complete; no suspect identified,
70c7be795da7f4fe6b0edd20932fe8cf949b156c6905af8d25ca36cdcfd782be,2024-07,Surrey Police,Surrey Police,-0.650029,51.176257,On or near Kynance Close,E01030937,Waverley 011C,Violence and sexual offences,Unable to prosecute suspect,
,2024-07,Surrey Police,Surrey Police,-0.640613,51.172461,On or near Meadow Close,E01030938,Waverley 011D,Anti-social behaviour,,
e05b9e12216adb2ff7e73908b35e4ca3ce1c6aa64d8e6a1642a65b5e81fbb7c5,2024-07,Surrey Police,Surrey Police,-0.640933,51.161565,On or near Park/Open Space,E01030938,Waverley 011D,Burglary,Investigation complete; no suspect identified,
e5cbd882a55a8b8e202a219f737b8a8fc40fb5d4905c19c4505e9a8d69eadc48,2024-07,Surrey Police,Surrey Police,-0.640613,51.172461,On or near Meadow Close,E01030938,Waverley 011D,Other theft,Investigation complete; no suspect identified,
deb92a54a4423439a1b6228c958987c2626f912f1ea2a93e072e1365c0ec6a0b,2024-07,Surrey Police,Surrey Police,-0.640613,51.172461,On or near Meadow Close,E01030938,Waverley 011D,Shoplifting,Unable to prosecute suspect,
28d8648805118a64f4ce1e05c274747e19325afd9acd0b5372f1810745b5aebc,2024-07,Surrey Police,Surrey Police,-0.640613,51.172461,On or near Meadow Close,E01030938,Waverley 011D,Shoplifting,Court result unavailable,
dee54d64c91efa7cd7f5978b817ed589fbe83b140a0ec179aeb5c1eebee087d2,2024-07,Surrey Police,Surrey Police,-0.649971,51.168423,On or near Ladycross,E01030938,Waverley 011D,Violence and sexual offences,Action to be taken by another organisation,
328fb55c9576d7c5ce0993401a4a9befdd0751f5ba649ccdc772f19c2ee2e2ca,2024-07,Surrey Police,Surrey Police,-0.646320,51.166592,On or near Busdens Way,E01030938,Waverley 011D,Violence and sexual offences,Further action is not in the public interest,
e798055bd93a2870dcf08b9929a1b27bb4ec97ecfd2acd716b6bf549e69a1f51,2024-07,Surrey Police,Surrey Police,-0.652306,51.160960,On or near Woodpeckers,E01030939,Waverley 011E,Vehicle crime,Investigation complete; no suspect identified,
01b54ad492dce618e5dae7ef769d5dc7abe52b87d8608061ab1f02ded3056424,2024-07,Surrey Police,Surrey Police,-0.651963,51.161450,On or near Swallow Close,E01030939,Waverley 011E,Violence and sexual offences,Unable to prosecute suspect,
b82262d472ebed2e2e527c84d67951d86bffd39f2fc9b9adae7ee81b8c5c4d79,2024-07,Surrey Police,Surrey Police,-0.653547,51.161558,On or near Martins Wood,E01030939,Waverley 011E,Violence and sexual offences,Unable to prosecute suspect,
1a783fa9acbccbe23e4f78eb979875e4939be7075fe6aef379792d9fd3f2ba65,2024-07,Surrey Police,Surrey Police,-0.585502,51.138589,On or near Markwick Lane,E01030864,Waverley 012A,Other theft,Investigation complete; no suspect identified,
ac97bcea26e134fc32e2f6e349d5a2cba4f99ece53ed93972c8eebb5eee47ee2,2024-07,Surrey Police,Surrey Police,-0.551946,51.131982,On or near Park/Open Space,E01030864,Waverley 012A,Other theft,Investigation complete; no suspect identified,
8b5cff1ac64885ec89d61364f389713667daca24fe3a23b4b76ffa66bf74b829,2024-07,Surrey Police,Surrey Police,-0.546220,51.179599,On or near Birtley Road,E01030864,Waverley 012A,Possession of weapons,Further investigation is not in the public interest,
dc2058241008bad0f8d7ea697a772245eab4c9256daba765ec030e8ade111ec6,2024-07,Surrey Police,Surrey Police,-0.625305,51.168676,On or near Chervil Close,E01030864,Waverley 012A,Violence and sexual offences,Unable to prosecute suspect,
c296bcbd0c3496a8b9eb0aa35e4df60d340db9ba937b18390654766331529aa0,2024-07,Surrey Police,Surrey Police,-0.611685,51.155422,On or near Salt Lane,E01030864,Waverley 012A,Other crime,Further investigation is not in the public interest,
,2024-07,Surrey Police,Surrey Police,-0.686602,51.153869,On or near Park/Open Space,E01030879,Waverley 012B,Anti-social behaviour,,
,2024-07,Surrey Police,Surrey Police,-0.706382,51.120411,On or near High Button,E01030879,Waverley 012B,Anti-social behaviour,,
e086718dcbdb31b3296770d0109060d1d709a5382ccd03c836975b147077d49a,2024-07,Surrey Police,Surrey Police,-0.686602,51.153869,On or near Park/Open Space,E01030879,Waverley 012B,Burglary,Status update unavailable,
3f8f7448018cd2400be78d66902b1b93a5b3c9170999d6bd9aa9d4b7c3077e96,2024-07,Surrey Police,Surrey Police,-0.658324,51.134420,On or near Sebastopol Lane,E01030879,Waverley 012B,Vehicle crime,Investigation complete; no suspect identified,
49c49100600558ca971e72ef504bee127940ddb5c505cf4ff637ddcd118f6e25,2024-07,Surrey Police,Surrey Police,-0.693578,51.150367,On or near Cosford Road,E01030879,Waverley 012B,Violence and sexual offences,Status update unavailable,
b90edf6ac896d0b08ff99729d05baa89460bd6811567f7546dbc9248115fbcf5,2024-07,Surrey Police,Surrey Police,-0.714828,51.163458,On or near Park/Open Space,E01030879,Waverley 012B,Violence and sexual offences,Investigation complete; no suspect identified,
0017b70db21b1ea3142fb9be4bb5e420d3bbd7da6b4294557e8d7136af652e1a,2024-07,Surrey Police,Surrey Police,-0.672462,51.137324,On or near Haslemere Road,E01030879,Waverley 012B,Violence and sexual offences,Status update unavailable,
66d1918b27741c5d9c32ef0d965eefc816fc4b3f514f04f76a7ddc495ff4a7ee,2024-07,Surrey Police,Surrey Police,-0.646628,51.155103,On or near Lakes Lane,E01030942,Waverley 012D,Other theft,Investigation complete; no suspect identified,
e02b1b5d647bdf3b5db79b0b2f5fe8cfa0a94d78642e581688f46b203c47d00f,2024-07,Surrey Police,Surrey Police,-0.652689,51.155640,On or near Sunny Hill,E01030943,Waverley 012E,Violence and sexual offences,Unable to prosecute suspect,
6bb9851f67e19eec935391e2309dde4c30d0a26a3f1f219c55d0ec4228377955,2024-07,Surrey Police,Surrey Police,-0.655268,51.155499,On or near Croft Road,E01030943,Waverley 012E,Violence and sexual offences,Unable to prosecute suspect,
5226629e14611639c5c0f654a4b704b2f194c051100e91a31d69a8195199bad8,2024-07,Surrey Police,Surrey Police,-0.650784,51.153298,On or near Middlemarch,E01030943,Waverley 012E,Violence and sexual offences,Investigation complete; no suspect identified,
d0d109c954c122214da7d39218357873622f65acb5239ffa86c3e8c5b14ae99f,2024-07,Surrey Police,Surrey Police,-0.482904,51.149722,On or near Bramley Vale,E01030871,Waverley 013B,Criminal damage and arson,Investigation complete; no suspect identified,
6ba8ac33b9d7a7f0090113a5f25352663f127b503b9cfaf5b4b697d78d3a1aa0,2024-07,Surrey Police,Surrey Police,-0.473146,51.144739,On or near Park Drive,E01030871,Waverley 013B,Criminal damage and arson,Investigation complete; no suspect identified,
03bdf64f11726317ffc54543ddf658c7f5dec694ada6d37815dbc70bf3792891,2024-07,Surrey Police,Surrey Police,-0.474658,51.143967,On or near Taylors Crescent,E01030871,Waverley 013B,Criminal damage and arson,Unable to prosecute suspect,
0383f368e431f7db2a17c3befef77f441a7b0a1a5c075b906d61ae82cccc8dd2,2024-07,Surrey Police,Surrey Police,-0.469153,51.143562,On or near Sapte Close,E01030871,Waverley 013B,Violence and sexual offences,Unable to prosecute suspect,
b1207f70bfa346eaceee628fa4cc4c16e40fd451b099a9afce5d9e36096eeec9,2024-07,Surrey Police,Surrey Police,-0.473146,51.144739,On or near Park Drive,E01030871,Waverley 013B,Other crime,Further investigation is not in the public interest,
,2024-07,Surrey Police,Surrey Police,-0.478756,51.145846,On or near Killicks,E01030872,Waverley 013C,Anti-social behaviour,,
b8e21d161112bf4ec5d53573613575a7946cd5e86d45e6ba301d3feb623ed112,2024-07,Surrey Police,Surrey Police,-0.484125,51.140835,On or near Parking Area,E01030872,Waverley 013C,Possession of weapons,Unable to prosecute suspect,
99dce5bea35a6063416408f863901677eb4349bb278e58e8b19c76899c9e8eef,2024-07,Surrey Police,Surrey Police,-0.483914,51.149015,On or near Hilliards View,E01030872,Waverley 013C,Public order,Unable to prosecute suspect,
2e8ce0d2db10d7ac6ebf7549e6092302cb0167d6a06dcf004fef2bbf4a7b3150,2024-07,Surrey Police,Surrey Police,-0.479456,51.143697,On or near Ewhurst Road,E01030872,Waverley 013C,Violence and sexual offences,Unable to prosecute suspect,
1ea50bb68e08e809706a6c0ce95daea2eb360b93a61baf6921087ee39a9f466a,2024-07,Surrey Police,Surrey Police,-0.485116,51.146810,On or near Thistley Lane,E01030872,Waverley 013C,Violence and sexual offences,Unable to prosecute suspect,
4dbd66959a5bc4a87541e42152888183c266e7ea1d2950858ac5ad61d6ddea52,2024-07,Surrey Police,Surrey Police,-0.485116,51.146810,On or near Thistley Lane,E01030872,Waverley 013C,Violence and sexual offences,Unable to prosecute suspect,
1785bc56e0348288c5f816e2b78dd425f42d98f2eeb6eecfa3a630831bc06a3f,2024-07,Surrey Police,Surrey Police,-0.485116,51.146810,On or near Thistley Lane,E01030872,Waverley 013C,Violence and sexual offences,Unable to prosecute suspect,
305a392ff17ac21953d88ac661e986c82b2eb9c5f46472f0c26cfb7139fd77e9,2024-07,Surrey Police,Surrey Police,-0.478756,51.145846,On or near Killicks,E01030872,Waverley 013C,Violence and sexual offences,Unable to prosecute suspect,
bc79a163761c3bb8d33e76a1b12317063ea3abe4db9ea6ce13bec0375f045512,2024-07,Surrey Police,Surrey Police,-0.476664,51.139056,On or near Queensway,E01030873,Waverley 013D,Drugs,Formal action is not in the public interest,
435977c302c78b4b09bb767ac07a02a819be5f6999e0951c240a85044368ca42,2024-07,Surrey Police,Surrey Police,-0.476564,51.140341,On or near New Park Road,E01030873,Waverley 013D,Violence and sexual offences,Unable to prosecute suspect,
7d9b5fa46afc9d165d94b7def5f2006dd1830991c6c8aeafd928b33f965e3f80,2024-07,Surrey Police,Surrey Police,-0.504194,51.147073,On or near Woodcote,E01030874,Waverley 013E,Drugs,Awaiting court outcome,
75799012c59805842b5ba0d274c9418e5bb24940f0c2b053c8908379f061fd6d,2024-07,Surrey Police,Surrey Police,-0.502506,51.156809,On or near Restwell Avenue,E01030874,Waverley 013E,Violence and sexual offences,Unable to prosecute suspect,
3d0e7af446872dfb7fb6b96cc7f21e9e73da4d92e6e00574b78482cb91843e51,2024-07,Surrey Police,Surrey Police,-0.501639,51.154001,On or near Upfold Close,E01030874,Waverley 013E,Violence and sexual offences,Unable to prosecute suspect,
,2024-07,Surrey Police,Surrey Police,-0.504460,51.142356,On or near New Bridge Road,E01030875,Waverley 013F,Anti-social behaviour,,
c23791525cfc91192fa5130136f4c44878853c17fa6ca9e7a7abea68e47fc3db,2024-07,Surrey Police,Surrey Police,-0.491818,51.141618,On or near Supermarket,E01030875,Waverley 013F,Bicycle theft,Investigation complete; no suspect identified,
c37d85869646939787c9c319891e0ed68d5aadf5f17dc775b573dc91ac51a189,2024-07,Surrey Police,Surrey Police,-0.504460,51.142356,On or near New Bridge Road,E01030875,Waverley 013F,Drugs,Formal action is not in the public interest,
a45eb791157d8b94d00ca1e6730f156370c6822cdfe3be87d73dc64ab0eead00,2024-07,Surrey Police,Surrey Police,-0.490051,51.142773,On or near Sarus Place,E01030875,Waverley 013F,Other theft,Investigation complete; no suspect identified,
2b16ad5d0a58251aaec1a455302843d09b0698031485ab5991e874ec9bca3131,2024-07,Surrey Police,Surrey Police,-0.496863,51.142987,On or near East View Lane,E01030875,Waverley 013F,Other theft,Status update unavailable,
bc97293b6184665c9bad6a7e8d5eed72cfc53f5350dc37686cff6699fd1b278e,2024-07,Surrey Police,Surrey Police,-0.504658,51.148176,On or near Guildford Road,E01030875,Waverley 013F,Other theft,Unable to prosecute suspect,
fc246739ce04dab8f21d76bb2b34748a1e4e7c6f0c775620253c6e03bdf1911a,2024-07,Surrey Police,Surrey Police,-0.491818,51.141618,On or near Supermarket,E01030875,Waverley 013F,Public order,Unable to prosecute suspect,
39ce905e6a6e56a855edd8c6afe66426d32ad85f980e87074b624359250142de,2024-07,Surrey Police,Surrey Police,-0.491818,51.141618,On or near Supermarket,E01030875,Waverley 013F,Public order,Investigation complete; no suspect identified,
178ee0d1b36c90b729d979b4d1c26ddb86a31b575c07eecd16bcec3c5ac8e7f3,2024-07,Surrey Police,Surrey Police,-0.487904,51.139805,On or near Parking Area,E01030875,Waverley 013F,Public order,Unable to prosecute suspect,
bf2311abe1056accd0ad37d771f2e65752947e0c338f9a52823032df68028164,2024-07,Surrey Police,Surrey Police,-0.491818,51.141618,On or near Supermarket,E01030875,Waverley 013F,Shoplifting,Status update unavailable,
f0ac5a547ffcd5193170d3403f31156cf19a402e23651c49f308b999b46696b6,2024-07,Surrey Police,Surrey Police,-0.488986,51.140370,On or near Supermarket,E01030875,Waverley 013F,Violence and sexual offences,Unable to prosecute suspect,
f410e19270bcbb1542fe6691c83702137df41e76780c22b2306b8ad692b982cd,2024-07,Surrey Police,Surrey Police,-0.490051,51.142773,On or near Sarus Place,E01030875,Waverley 013F,Violence and sexual offences,Unable to prosecute suspect,
c3e1b88ac19f88dac58be2f98e885988e15698e2f654e0bd9ed4f7e477c492fe,2024-07,Surrey Police,Surrey Police,-0.496863,51.142987,On or near East View Lane,E01030875,Waverley 013F,Violence and sexual offences,Investigation complete; no suspect identified,
70ae8188f0e9d697f1d9a401209b6960967bd092cc573db6e88b0b9b8e0fd79f,2024-07,Surrey Police,Surrey Police,-0.490773,51.142117,On or near Tylers Court,E01030875,Waverley 013F,Violence and sexual offences,Unable to prosecute suspect,
1039ebdd9d13ca90f0a19441122f8a10669915e6f5b05818b688a8cddd045c74,2024-07,Surrey Police,Surrey Police,-0.485668,51.134731,On or near Northdowns,E01030876,Waverley 013G,Violence and sexual offences,Unable to prosecute suspect,
,2024-07,Surrey Police,Surrey Police,-0.527570,51.127280,On or near Hall Place,E01030862,Waverley 015A,Anti-social behaviour,,
,2024-07,Surrey Police,Surrey Police,-0.524307,51.131007,On or near Parking Area,E01030862,Waverley 015A,Anti-social behaviour,,
,2024-07,Surrey Police,Surrey Police,-0.535297,51.134807,On or near Parking Area,E01030862,Waverley 015A,Anti-social behaviour,,
,2024-07,Surrey Police,Surrey Police,-0.514140,51.109782,On or near Alfold By-Pass,E01030862,Waverley 015A,Anti-social behaviour,,
2db3959c5703ed3fc144a6babbe2ef341ab472264b208f25b8eb21ae8f5852eb,2024-07,Surrey Police,Surrey Police,-0.527570,51.127280,On or near Hall Place,E01030862,Waverley 015A,Burglary,Investigation complete; no suspect identified,
2fb09531ed35a1ff61ea0452a6e69e090c6b84edaef0c244a9619913b829568b,2024-07,Surrey Police,Surrey Police,-0.537157,51.130953,On or near Stovolds Hill,E01030862,Waverley 015A,Criminal damage and arson,Investigation complete; no suspect identified,
f112b049a6dd632a2e1bae2bff375cf9c8e90412ec2bd44790597c460ae81487,2024-07,Surrey Police,Surrey Police,-0.537157,51.130953,On or near Stovolds Hill,E01030862,Waverley 015A,Criminal damage and arson,Investigation complete; no suspect identified,
185d63f852487db19133fe14655a92a9a3f7c9ee3ee9667417c2935e91090d4c,2024-07,Surrey Police,Surrey Police,-0.500333,51.099857,On or near Horsham Road,E01030862,Waverley 015A,Criminal damage and arson,Local resolution,
4508c41cb5cc3ea3d9b1dc68c5e9f41193437fda2f4ff944c250f37a4db42895,2024-07,Surrey Police,Surrey Police,-0.527570,51.127280,On or near Hall Place,E01030862,Waverley 015A,Criminal damage and arson,Investigation complete; no suspect identified,
16d4b732ab4985b762e5c557009948157964da32109d7d39b9d573d9dc6a3384,2024-07,Surrey Police,Surrey Police,-0.521355,51.114235,On or near Farnhurst Lane,E01030862,Waverley 015A,Criminal damage and arson,Unable to prosecute suspect,
4809893d9ba8b5d22c50ba433117478f9c651ad5b7141ab6a349c90b58d7ac6b,2024-07,Surrey Police,Surrey Police,-0.423317,51.107963,On or near Furzen Lane,E01030862,Waverley 015A,Criminal damage and arson,Investigation complete; no suspect identified,
d8c0abcc5296512d9e2a2588e8b3b8f8d926f2763980e5e3c1ec31f33bb6cfca,2024-07,Surrey Police,Surrey Police,-0.510135,51.104893,On or near Petrol Station,E01030862,Waverley 015A,Other theft,Unable to prosecute suspect,
8b6760c35a4756a994dd185b107537860d93876292d64f8c4597d803b25207a6,2024-07,Surrey Police,Surrey Police,-0.517042,51.138739,On or near Essex Drive,E01030862,Waverley 015A,Vehicle crime,Investigation complete; no suspect identified,
0abe6873bebf9b009a3a5ad7f644e05d5096108633970a4b2c90ddd352f21165,2024-07,Surrey Police,Surrey Police,-0.527570,51.127280,On or near Hall Place,E01030862,Waverley 015A,Violence and sexual offences,Investigation complete; no suspect identified,
87443c00e45db168759bbf7b930b86323a3194cd025bec64083e1dd55a3441a6,2024-07,Surrey Police,Surrey Police,-0.537157,51.130953,On or near Stovolds Hill,E01030862,Waverley 015A,Violence and sexual offences,Investigation complete; no suspect identified,
2c2fcc5bb0f3b7c57de668e54b807fef74116a2037681947559a5bc0ea12a0dc,2024-07,Surrey Police,Surrey Police,-0.527570,51.127280,On or near Hall Place,E01030862,Waverley 015A,Other crime,Unable to prosecute suspect,
,2024-07,Surrey Police,Surrey Police,-0.562606,51.118688,On or near Binhams Lea,E01030867,Waverley 015B,Anti-social behaviour,,
2abd0b17781528e06c651baaae44dd8a04acbeb94afd765c3fcb11e83c55dc65,2024-07,Surrey Police,Surrey Police,-0.561904,51.124263,On or near Windways,E01030867,Waverley 015B,Burglary,Unable to prosecute suspect,
9cf58c59988c87626cccd67c61de5178e42051d599354f40a21124c9c03db882,2024-07,Surrey Police,Surrey Police,-0.551914,51.111074,On or near Alfold Road,E01030867,Waverley 015B,Criminal damage and arson,Unable to prosecute suspect,
479f7ff4b8fdf8bc7e6940308d4e527af698ffad93dd3db1ab9314397b9d89c5,2024-07,Surrey Police,Surrey Police,-0.616580,51.102154,On or near Pickhurst Road,E01030867,Waverley 015B,Violence and sexual offences,Investigation complete; no suspect identified,
3f187deedd7056bbcb3cd90026e2a07305942dbaddc2b47968e51fcd14bda3d4,2024-07,Surrey Police,Surrey Police,-0.551914,51.111074,On or near Alfold Road,E01030867,Waverley 015B,Violence and sexual offences,Unable to prosecute suspect,
1db42afc978d9b17b3c6e0770406be1326c5c0001646820a7bf366922e58f51c,2024-07,Surrey Police,Surrey Police,-0.551914,51.111074,On or near Alfold Road,E01030867,Waverley 015B,Violence and sexual offences,Unable to prosecute suspect,
b5f9378fc7009502eb8e800d5f0702675dd4d2462b78bddfe6baa5d373ad0862,2024-07,Surrey Police,Surrey Police,-0.561904,51.124263,On or near Windways,E01030867,Waverley 015B,Violence and sexual offences,Unable to prosecute suspect,
,2024-07,Surrey Police,Surrey Police,-0.638280,51.115646,On or near Ash Vale,E01030868,Waverley 015C,Anti-social behaviour,,
,2024-07,Surrey Police,Surrey Police,-0.628497,51.113780,On or near Sports/Recreation Area,E01030869,Waverley 015D,Anti-social behaviour,,
601d83998814432c9e38f74cd2c22d352ab93b3d37970e47fd96ba955af93155,2024-07,Surrey Police,Surrey Police,-0.645072,51.088576,On or near Petrol Station,E01030869,Waverley 015D,Other theft,Investigation complete; no suspect identified,
af516670d7afcc0952d31b843046ae51fa40044ccec75f0a74f85991fec0bc6d,2024-07,Surrey Police,Surrey Police,-0.630483,51.109224,On or near Mill Lane,E01030869,Waverley 015D,Other theft,Unable to prosecute suspect,
e21875be0adf41b97642de70bc04b6bb13fea2cb07c007416c3688c758da8b8b,2024-07,Surrey Police,Surrey Police,-0.645072,51.088576,On or near Petrol Station,E01030869,Waverley 015D,Shoplifting,Investigation complete; no suspect identified,
64a950ddbc08841f39fb501152779214e19cb6d70b8692c9e13280101c48749c,2024-07,Surrey Police,Surrey Police,-0.628644,51.107161,On or near Turners Mead,E01030869,Waverley 015D,Violence and sexual offences,Unable to prosecute suspect,
,2024-07,Surrey Police,Surrey Police,-0.441556,51.153917,On or near The Street,E01030880,Waverley 015E,Anti-social behaviour,,
,2024-07,Surrey Police,Surrey Police,-0.424818,51.135258,On or near Horsham Lane,E01030880,Waverley 015E,Anti-social behaviour,,
,2024-07,Surrey Police,Surrey Police,-0.441556,51.153917,On or near The Street,E01030880,Waverley 015E,Anti-social behaviour,,
74fa6e713c4d6bfc85e2efe06784498a7c86e95d312d36b6c4f644be6347376c,2024-07,Surrey Police,Surrey Police,-0.448985,51.162217,On or near Coneyhurst Lane,E01030880,Waverley 015E,Criminal damage and arson,Investigation complete; no suspect identified,
2163d31bfd099d1a1db03e7ca5dc4a4cdcd3b457d393cc1486951c409af68b2e,2024-07,Surrey Police,Surrey Police,-0.708176,51.085810,On or near Museum Hill,E01030930,Waverley 016A,Burglary,Investigation complete; no suspect identified,
907178c8ef47c3efe638d0832a1aeb05db85285cbb5dcd6d85e92145478f659b,2024-07,Surrey Police,Surrey Police,-0.710435,51.087750,On or near B2131,E01030930,Waverley 016A,Public order,Unable to prosecute suspect,
0f8ec16fa88bfb8f381c7f561e75560d16bce91b84c9c4f70d6afc83841111f3,2024-07,Surrey Police,Surrey Police,-0.710435,51.087750,On or near B2131,E01030930,Waverley 016A,Violence and sexual offences,Unable to prosecute suspect,
,2024-07,Surrey Police,Surrey Police,-0.721497,51.089233,On or near Shopping Area,E01030931,Waverley 016B,Anti-social behaviour,,
,2024-07,Surrey Police,Surrey Police,-0.721497,51.089233,On or near Shopping Area,E01030931,Waverley 016B,Anti-social behaviour,,
94c0f6a3ec19af431a58d99b76fafe3a84062253227b9a0fd54ed70ff35d196c,2024-07,Surrey Police,Surrey Police,-0.719195,51.085913,On or near Courts Hill Road,E01030931,Waverley 016B,Burglary,Investigation complete; no suspect identified,
fd0957ea5390f543155b06f66b0736b0e1e9b52b8acbc5809bdd445063df110e,2024-07,Surrey Police,Surrey Police,-0.721591,51.084483,On or near Hedgehog Lane,E01030931,Waverley 016B,Burglary,Investigation complete; no suspect identified,
7ece287c2456cc673ff6ffe903f482f38a1b2f2d87c9f157a4576d503d3c388d,2024-07,Surrey Police,Surrey Police,-0.722446,51.088673,On or near Parking Area,E01030931,Waverley 016B,Other theft,Investigation complete; no suspect identified,
,2024-07,Surrey Police,Surrey Police,-0.684338,51.103187,On or near Prestwick Lane,E01030932,Waverley 016C,Anti-social behaviour,,
,2024-07,Surrey Police,Surrey Police,-0.712245,51.100388,On or near Park/Open Space,E01030932,Waverley 016C,Anti-social behaviour,,
94fb56842fcebaaa8a1fc60de78d6379253af1ff3da97b3c5c550cd62e0a58e4,2024-07,Surrey Police,Surrey Police,-0.702751,51.092908,On or near Kemnal Park,E01030932,Waverley 016C,Burglary,Investigation complete; no suspect identified,
7c6b384e05ec7385e151c1ce61e8500a5fad9c817ef59832b35c1ad7c8b73a40,2024-07,Surrey Police,Surrey Police,-0.692199,51.104544,On or near Church Close,E01030932,Waverley 016C,Other theft,Investigation complete; no suspect identified,
4824aeaf51787ca26248b590241c594f6da8e65ec14124583fa735b46be32495,2024-07,Surrey Police,Surrey Police,-0.692199,51.104544,On or near Church Close,E01030932,Waverley 016C,Vehicle crime,Investigation complete; no suspect identified,
cf4d9e75ece39c490ad1938f7530febf0cf7081f30c36eecff12a52da0e4946b,2024-07,Surrey Police,Surrey Police,-0.707742,51.096749,On or near Puckshott Way,E01030932,Waverley 016C,Violence and sexual offences,Unable to prosecute suspect,
429ddbda9b2f270f78671bb17a121017b68f9241dd85ddceb15ed961eb06852b,2024-07,Surrey Police,Surrey Police,-0.707742,51.096749,On or near Puckshott Way,E01030932,Waverley 016C,Violence and sexual offences,Unable to prosecute suspect,
491831fc4f13730993060858cf6360c307222abbad9fecec1e8113f7e7486a64,2024-07,Surrey Police,Surrey Police,-0.699622,51.095517,On or near Highercombe Road,E01030932,Waverley 016C,Violence and sexual offences,Investigation complete; no suspect identified,
b6b93a3e878b0a5ca99fde27547fcc4f88d4c76ad125db1606d87458b2707913,2024-07,Surrey Police,Surrey Police,-0.710259,51.098189,On or near Whitfield Road,E01030932,Waverley 016C,Violence and sexual offences,Unable to prosecute suspect,
5e1e5024d0b50be35f0cc9e38f0dd71d1c194e73cc6f3635b5cb5fedd3426047,2024-07,Surrey Police,Surrey Police,-0.710259,51.098189,On or near Whitfield Road,E01030932,Waverley 016C,Violence and sexual offences,Unable to prosecute suspect,
ea97f3aa4f50d8e9a2655a4a99da05869166f2bfef159f8f72caaeaaedc511c6,2024-07,Surrey Police,Surrey Police,-0.707742,51.096749,On or near Puckshott Way,E01030932,Waverley 016C,Violence and sexual offences,Unable to prosecute suspect,
d7b7e3b05514456a2ce351f15a4bd1c0423e9a3cceb52ff17e343b25a813655f,2024-07,Surrey Police,Surrey Police,-0.710259,51.098189,On or near Whitfield Road,E01030932,Waverley 016C,Violence and sexual offences,Unable to prosecute suspect,
,2024-07,Surrey Police,Surrey Police,-0.710261,51.095014,On or near Playing Field Close,E01030933,Waverley 016D,Anti-social behaviour,,
,2024-07,Surrey Police,Surrey Police,-0.711138,51.088657,On or near Parking Area,E01030933,Waverley 016D,Anti-social behaviour,,
,2024-07,Surrey Police,Surrey Police,-0.708884,51.095251,On or near Bartholomew Close,E01030933,Waverley 016D,Anti-social behaviour,,
,2024-07,Surrey Police,Surrey Police,-0.713264,51.095902,On or near Highbury Grove,E01030933,Waverley 016D,Anti-social behaviour,,
09059fb622a17f801ccd2cefd1f71591686769c696d1046c08b23e69b639f8e9,2024-07,Surrey Police,Surrey Police,-0.711532,51.094516,On or near Kiln Avenue,E01030933,Waverley 016D,Possession of weapons,Further action is not in the public interest,
6e5e4e09652ee01442f4568c87bfe41ca7e47f1425bde1be9acd3e8e562f7f25,2024-07,Surrey Police,Surrey Police,-0.710790,51.088842,On or near Supermarket,E01030933,Waverley 016D,Robbery,Unable to prosecute suspect,
529990ca1c24ceda9fe9f291a5cf9b3ec4a961f2d32b94fb7bac084aad2cf359,2024-07,Surrey Police,Surrey Police,-0.710790,51.088842,On or near Supermarket,E01030933,Waverley 016D,Shoplifting,Investigation complete; no suspect identified,
0d5363cc7c91d18ef5caa47199d960b5cf5ec0218138e0ae804c1820b09b8653,2024-07,Surrey Police,Surrey Police,-0.710790,51.088842,On or near Supermarket,E01030933,Waverley 016D,Shoplifting,Unable to prosecute suspect,
488af845d85b022e41e1b1f426f46d00af72a4ffc2472c97344c3a4f339b8629,2024-07,Surrey Police,Surrey Police,-0.710790,51.088842,On or near Supermarket,E01030933,Waverley 016D,Shoplifting,Court result unavailable,
30e0a5dc2d57374581c7528819ca8f893878148dda3840d07431531a55cf1b1a,2024-07,Surrey Police,Surrey Police,-0.710394,51.088694,On or near Shopping Area,E01030933,Waverley 016D,Shoplifting,Investigation complete; no suspect identified,
142c2a7e2f03e05dd384de89be2de429e944f82783e331ba933a0d5d9035638d,2024-07,Surrey Police,Surrey Police,-0.710790,51.088842,On or near Supermarket,E01030933,Waverley 016D,Shoplifting,Unable to prosecute suspect,
73969be2f9aa77443906032edca815d1c8edd9d45a577c853c0e11ceea79286f,2024-07,Surrey Police,Surrey Police,-0.710790,51.088842,On or near Supermarket,E01030933,Waverley 016D,Shoplifting,Unable to prosecute suspect,
ec3bd3498d1ee7a87d1e367fd6ae0905167d41f1d7129da232fdffb985403086,2024-07,Surrey Police,Surrey Police,-0.710790,51.088842,On or near Supermarket,E01030933,Waverley 016D,Shoplifting,Investigation complete; no suspect identified,
3ee1e27511408f422c0d5dda295cf9b56ad70c27975d5e9fda0dc07eb60c639e,2024-07,Surrey Police,Surrey Police,-0.710790,51.088842,On or near Supermarket,E01030933,Waverley 016D,Shoplifting,Investigation complete; no suspect identified,
8b9b0f6e224d3b8df006f5cf1461901fb9bc2d1849c27acd736ce8000c1ebd70,2024-07,Surrey Police,Surrey Police,-0.712183,51.096276,On or near Chatsworth Avenue,E01030933,Waverley 016D,Violence and sexual offences,Unable to prosecute suspect,
3a54cbdb5ee31330ae14b126175a8271b55f6aa40f46716c10ec71addfe103a2,2024-07,Surrey Police,Surrey Police,-0.710394,51.088694,On or near Shopping Area,E01030933,Waverley 016D,Violence and sexual offences,Unable to prosecute suspect,
c041ab7a3ebc9b8e68210e93ae2641bd2f4cd21e69f01b5acb40a26ecb46e2b0,2024-07,Surrey Police,Surrey Police,-0.708813,51.092148,On or near Church Lane,E01030933,Waverley 016D,Violence and sexual offences,Unable to prosecute suspect,
8134a80aee4c2cc86360f99540b0e0d6ca91a9ec4256f23875a7f25b4de8803e,2024-07,Surrey Police,Surrey Police,-0.710394,51.088694,On or near Shopping Area,E01030933,Waverley 016D,Violence and sexual offences,Unable to prosecute suspect,
e17bd443029c24f87ab6255f2ab656703c2266128c1b480f3ff4c0c4abaacc2c,2024-07,Surrey Police,Surrey Police,-0.740008,51.087137,On or near Herondale,E01030926,Waverley 017A,Burglary,Investigation complete; no suspect identified,
5198e05bb8d297d707899eddbe00116d2dbc92a5efcf80b0e7fb3241cb5a55a6,2024-07,Surrey Police,Surrey Police,-0.733909,51.087728,On or near Junction Place,E01030926,Waverley 017A,Criminal damage and arson,Unable to prosecute suspect,
b734f07980a28edf8f6594be276f19f8a02200e2d39e8a189002a95667419196,2024-07,Surrey Police,Surrey Police,-0.733909,51.087728,On or near Junction Place,E01030926,Waverley 017A,Public order,Investigation complete; no suspect identified,
3c5a402e7280dec76aec5974e7b958e96ba7733c216bf30779bdb549c22b5e61,2024-07,Surrey Police,Surrey Police,-0.733909,51.087728,On or near Junction Place,E01030926,Waverley 017A,Public order,Investigation complete; no suspect identified,
041cdc42910be29cc6c06fe9b5bc945987d6768985d228e6e465e4f9aeeb5628,2024-07,Surrey Police,Surrey Police,-0.736567,51.086597,On or near Liphook Road,E01030926,Waverley 017A,Public order,Unable to prosecute suspect,
430e9d265527f8989609888f2cf5d3630269de7fe7b091c15ee5416dbc49e6b9,2024-07,Surrey Police,Surrey Police,-0.742125,51.087520,On or near Trout Road,E01030926,Waverley 017A,Vehicle crime,Investigation complete; no suspect identified,
2a92ca93e4dde5607da963849e8eb1ef5353cd063b19976b35c09f346635651e,2024-07,Surrey Police,Surrey Police,-0.732900,51.091206,On or near Lion Lane,E01030926,Waverley 017A,Violence and sexual offences,Status update unavailable,
00a74416818b74c247d5e618d527511ce2bef21d9b30e15f42b224b6d0e46bec,2024-07,Surrey Police,Surrey Police,-0.733909,51.087728,On or near Junction Place,E01030926,Waverley 017A,Violence and sexual offences,Unable to prosecute suspect,
5cf6e8ce314d84c14667fa9c5a5f4dfac913bccb0ebe58d2ed80c85ed0f2acb7,2024-07,Surrey Police,Surrey Police,-0.732900,51.091206,On or near Lion Lane,E01030926,Waverley 017A,Violence and sexual offences,Unable to prosecute suspect,
6d97f3f5160a0a02083f01fa6be09033b7a047fcc90743c772e6781fb1a03302,2024-07,Surrey Police,Surrey Police,-0.732945,51.089048,On or near Stile Gardens,E01030926,Waverley 017A,Violence and sexual offences,Awaiting court outcome,
52cea2822e72ac94065b144142123b1ab629df177e62569c3d531bfecb6c4ecc,2024-07,Surrey Police,Surrey Police,-0.742973,51.086261,On or near Mill Close,E01030927,Waverley 017B,Criminal damage and arson,Unable to prosecute suspect,
734d6e36288e4ec9352d8c88e8a5f654a9af13867959e294d8cd5329c395a727,2024-07,Surrey Police,Surrey Police,-0.743305,51.087173,On or near Trendells Place,E01030927,Waverley 017B,Violence and sexual offences,Unable to prosecute suspect,
,2024-07,Surrey Police,Surrey Police,-0.727298,51.087225,On or near St Christopher'S Road,E01030928,Waverley 017C,Anti-social behaviour,,
,2024-07,Surrey Police,Surrey Police,-0.724780,51.086361,On or near Foundry Lane,E01030928,Waverley 017C,Anti-social behaviour,,
,2024-07,Surrey Police,Surrey Police,-0.727201,51.086594,On or near King'S Road,E01030928,Waverley 017C,Anti-social behaviour,,
9ceced7be34c4f8768735e24f217b6c4677558d1ae225418d0c27352a5fe1657,2024-07,Surrey Police,Surrey Police,-0.732283,51.086622,On or near The Meads,E01030928,Waverley 017C,Criminal damage and arson,Investigation complete; no suspect identified,
38695a0acf300e2c70201a21c82ae42409502228b664bec5f0136d1df7bef38a,2024-07,Surrey Police,Surrey Police,-0.727806,51.087949,On or near Wey Hill,E01030928,Waverley 017C,Criminal damage and arson,Investigation complete; no suspect identified,
92a4b3451ea3e886dd3ec9942663de23551770aa7e140e52ad1e1f8620567776,2024-07,Surrey Police,Surrey Police,-0.730029,51.088621,On or near Shopping Area,E01030928,Waverley 017C,Public order,Unable to prosecute suspect,
c41ee41d8f0ee6ce89e36894306fe69f389c52134c193aa52bc178feb1f5c729,2024-07,Surrey Police,Surrey Police,-0.730029,51.088621,On or near Shopping Area,E01030928,Waverley 017C,Shoplifting,Unable to prosecute suspect,
62034b2d0aeb06080c58c5190caf069905792e9334d442875796b5eee6a5b795,2024-07,Surrey Police,Surrey Police,-0.733846,51.086378,On or near Timbermill Court,E01030928,Waverley 017C,Vehicle crime,Investigation complete; no suspect identified,
695429aa3e6ed0b4c61d5112085f1916e029e771d083f08d6bbd041ce4a5eca3,2024-07,Surrey Police,Surrey Police,-0.732283,51.086622,On or near The Meads,E01030928,Waverley 017C,Violence and sexual offences,Status update unavailable,
d9c1594ee2ae9058f8b99a1a408463adf920015ce42a68dded2df2801e5b95ff,2024-07,Surrey Police,Surrey Police,-0.730029,51.088621,On or near Shopping Area,E01030928,Waverley 017C,Violence and sexual offences,Unable to prosecute suspect,
f3067f22e06ca9d95254ba6b14326d802ff66f55039baa3f68cb9c5cf17d740d,2024-07,Surrey Police,Surrey Police,-0.732283,51.086622,On or near The Meads,E01030928,Waverley 017C,Violence and sexual offences,Unable to prosecute suspect,
437e3492788714c0b3adf11b78ebfb4a14384283c77a631959c469e96b6495b5,2024-07,Surrey Police,Surrey Police,-0.730029,51.088621,On or near Shopping Area,E01030928,Waverley 017C,Violence and sexual offences,Unable to prosecute suspect,
8483c6ee271642bf9383122b01dbcff45fd26d70fecfe2b8d4571cc685c79b1c,2024-07,Surrey Police,Surrey Police,-0.730029,51.088621,On or near Shopping Area,E01030928,Waverley 017C,Violence and sexual offences,Unable to prosecute suspect,
840bc2c8738f71d36e234a550349cb402f7a436cc6615cd8bbe255d614132a63,2024-07,Surrey Police,Surrey Police,-0.730029,51.088621,On or near Shopping Area,E01030928,Waverley 017C,Violence and sexual offences,Investigation complete; no suspect identified,
02e81b894863ac21b069629a7780e151e749cc696029413f35259cad898e6da2,2024-07,Surrey Police,Surrey Police,-0.727806,51.087949,On or near Wey Hill,E01030928,Waverley 017C,Other crime,Offender given a caution,
,2024-07,Surrey Police,Surrey Police,-0.736804,51.109173,On or near Parking Area,E01030929,Waverley 017D,Anti-social behaviour,,
,2024-07,Surrey Police,Surrey Police,-0.731764,51.092561,On or near The Avenue,E01030929,Waverley 017D,Anti-social behaviour,,
,2024-07,Surrey Police,Surrey Police,-0.731764,51.092561,On or near The Avenue,E01030929,Waverley 017D,Anti-social behaviour,,
,2024-07,Surrey Police,Surrey Police,-0.746844,51.100987,On or near High Pitfold,E01030929,Waverley 017D,Anti-social behaviour,,
616458c668bda96ef30583e3312bfc4a12dcfc085d22aabcc1f76e91d0ecebe4,2024-07,Surrey Police,Surrey Police,-0.742132,51.103032,On or near Hazel Grove,E01030929,Waverley 017D,Burglary,Investigation complete; no suspect identified,
f4a7d3bf86d88f63f66dfee07634584c0c6b5ceca1e1dd436c097a8bfa7f4a11,2024-07,Surrey Police,Surrey Police,-0.742376,51.102468,On or near Hazel Grove,E01030929,Waverley 017D,Burglary,Investigation complete; no suspect identified,
7f6b8b965ef0d9060edd20db9846dd8c7289b7d937e9f3c8d82af8f884405152,2024-07,Surrey Police,Surrey Police,-0.742132,51.103032,On or near Hazel Grove,E01030929,Waverley 017D,Burglary,Investigation complete; no suspect identified,
e44141b36a91c3c26caa467050109dad4e893ac2fa1b7510d48e10791b28e230,2024-07,Surrey Police,Surrey Police,-0.746844,51.100987,On or near High Pitfold,E01030929,Waverley 017D,Other theft,Investigation complete; no suspect identified,
,2024-07,Surrey Police,Surrey Police,-0.738471,51.138891,On or near Hyde Lane,E01030908,Waverley 018A,Anti-social behaviour,,
ecc9152353a807ed82e312b9f7d87a475ae253341ff1ac36e3329b0e176131c5,2024-07,Surrey Police,Surrey Police,-0.757394,51.162393,On or near Eglinton Road,E01030908,Waverley 018A,Burglary,Investigation complete; no suspect identified,
9835328a46450f67d04bcdec4f1f5b2b43741c54943b481d764db4380c18ecb2,2024-07,Surrey Police,Surrey Police,-0.781680,51.168826,On or near Priory Lane,E01030908,Waverley 018A,Other theft,Investigation complete; no suspect identified,
04797f1972f3d7dd4efe7c00585bd3831603c1a5d95968527278eeb4b24aa8d0,2024-07,Surrey Police,Surrey Police,-0.757378,51.155549,On or near Sandy Lane,E01030908,Waverley 018A,Other theft,Investigation complete; no suspect identified,
d2ba16203fb116ede01a2580e39db5e464e61e8e46d4aee999462ab49844deb8,2024-07,Surrey Police,Surrey Police,-0.757378,51.155549,On or near Sandy Lane,E01030908,Waverley 018A,Other theft,Unable to prosecute suspect,
d8554f67e9fb50ab79ae016c07e51e8f5d305640210fbb536020807d06704cf7,2024-07,Surrey Police,Surrey Police,-0.753972,51.165729,On or near Grange Road,E01030908,Waverley 018A,Public order,Unable to prosecute suspect,
cc1700c68eafa364f3c3258b9e264858f0c8c692f43cedd0ef9368d03cc7860b,2024-07,Surrey Police,Surrey Police,-0.793417,51.152078,On or near Pond Lane,E01030908,Waverley 018A,Vehicle crime,Investigation complete; no suspect identified,
f9f841f59c13245968a6c4aad26e50f96799821d5a45e5623b28f1e62036ceb8,2024-07,Surrey Police,Surrey Police,-0.750526,51.188461,On or near Squires Hill Lane,E01030908,Waverley 018A,Violence and sexual offences,Unable to prosecute suspect,
ffcdacfcbb552aa90eae1fa75800394d2abf8177d70340345239bdce40631636,2024-07,Surrey Police,Surrey Police,-0.793417,51.152078,On or near Pond Lane,E01030908,Waverley 018A,Violence and sexual offences,Unable to prosecute suspect,
5d5cdd0ce3f18b522f8c6bbb884683421218189f7c89b51446f03e2b819322d1,2024-07,Surrey Police,Surrey Police,-0.729367,51.192459,On or near Farnham Road,E01030908,Waverley 018A,Violence and sexual offences,Unable to prosecute suspect,
4b3ad1b7a35fa8c2e8a7c738a3e9bd189ed5c5c83edc6110ec909ceaa7678ac1,2024-07,Surrey Police,Surrey Police,-0.750298,51.179421,On or near Parking Area,E01030908,Waverley 018A,Other crime,Court result unavailable,
,2024-07,Surrey Police,Surrey Police,-0.787196,51.174477,On or near The Reeds Road,E01030909,Waverley 018B,Anti-social behaviour,,
,2024-07,Surrey Police,Surrey Police,-0.794752,51.157928,On or near Parking Area,E01030909,Waverley 018B,Anti-social behaviour,,
,2024-07,Surrey Police,Surrey Police,-0.795833,51.165268,On or near Lovers Lane,E01030909,Waverley 018B,Anti-social behaviour,,
526e572bbf4be0f92d84d42551f35f23658b9a09762570c784ce9e3f3ee68186,2024-07,Surrey Police,Surrey Police,-0.827675,51.159449,On or near Dockenfield Street,E01030909,Waverley 018B,Criminal damage and arson,Investigation complete; no suspect identified,
b6877af03504ecba83ce2f758adc07da993c65e46ff7a2b7c488ae0eab35c875,2024-07,Surrey Police,Surrey Police,-0.795075,51.173524,On or near Holly Bush Lane,E01030909,Waverley 018B,Other theft,Investigation complete; no suspect identified,
3e16db7bb7880e35bddf2bcf25348d733abbbd122bd674ac540b9f2ed65adcf9,2024-07,Surrey Police,Surrey Police,-0.791102,51.176639,On or near Fifield Lane,E01030909,Waverley 018B,Other theft,Investigation complete; no suspect identified,
eb51706c9aa49cfeef514341a91a2159035022186ac44d0212680419af8b6783,2024-07,Surrey Police,Surrey Police,-0.794752,51.157928,On or near Parking Area,E01030909,Waverley 018B,Vehicle crime,Investigation complete; no suspect identified,
b445e1ea5f2315548f148c97fdae69f45e7592b9de917f7a67a2aef865c93d99,2024-07,Surrey Police,Surrey Police,-0.787196,51.174477,On or near The Reeds Road,E01030909,Waverley 018B,Vehicle crime,Investigation complete; no suspect identified,
17135c74cea5a70b6c9b6fed57c40f89093d21c018639fb5c029a82e3c5b4020,2024-07,Surrey Police,Surrey Police,-0.765309,51.142333,On or near Crabtree Lane,E01030910,Waverley 018C,Burglary,Investigation complete; no suspect identified,
d4cba46b759daabc99d4340bdc0486fcd08409a05df98f04b0157cf2a5949bc2,2024-07,Surrey Police,Surrey Police,-0.778583,51.138567,On or near Sports/Recreation Area,E01030910,Waverley 018C,Vehicle crime,Investigation complete; no suspect identified,
791498bd720ab6f4d50f07c3af6d795155f6cd05f49814b61d60f3e43bd698b3,2024-07,Surrey Police,Surrey Police,-0.769992,51.145260,On or near Jumps Road,E01030910,Waverley 018C,Violence and sexual offences,Unable to prosecute suspect,
11e70e5687f47ba2dda93af2fb9c8b7e5993c387306f7592669f0afece8cce4c,2024-07,Surrey Police,Surrey Police,-0.748419,51.126210,On or near Tilford Road,E01030934,Waverley 018D,Public order,Investigation complete; no suspect identified,
5c53015c241a1f98b1fafec4818bbb42eff8f2f394e751ba55af0acd9ae1ef3c,2024-07,Surrey Police,Surrey Police,-0.748419,51.126210,On or near Tilford Road,E01030934,Waverley 018D,Violence and sexual offences,Investigation complete; no suspect identified,
82c2a2ce5dca85ff4b6074257db9aba18749c359ccaace8fb6bc4ca223eea6f6,2024-07,Surrey Police,Surrey Police,-0.748419,51.126210,On or near Tilford Road,E01030934,Waverley 018D,Violence and sexual offences,Investigation complete; no suspect identified,
9eaa9e81619523d59642b962ff9ccd1ec4b85bef69d824ec66dca7b421fed143,2024-07,Surrey Police,Surrey Police,-0.748419,51.126210,On or near Tilford Road,E01030934,Waverley 018D,Violence and sexual offences,Investigation complete; no suspect identified,
,2024-07,Surrey Police,Surrey Police,-0.754191,51.123071,On or near Parking Area,E01030935,Waverley 018E,Anti-social behaviour,,
,2024-07,Surrey Police,Surrey Police,-0.756335,51.125198,On or near Linkside South,E01030935,Waverley 018E,Anti-social behaviour,,
8f3b43c92874a86b9ef585e99ddef5f9f2c0e837579d1695621937824011a784,2024-07,Surrey Police,Surrey Police,-0.754885,51.126495,On or near Sandheath Road,E01030935,Waverley 018E,Other theft,Investigation complete; no suspect identified,
,2024-07,Surrey Police,Surrey Police,-0.737325,51.113286,On or near Tower Road,E01032626,Waverley 018F,Anti-social behaviour,,
,2024-07,Surrey Police,Surrey Police,-0.737325,51.113286,On or near Tower Road,E01032626,Waverley 018F,Anti-social behaviour,,
,2024-07,Surrey Police,Surrey Police,-0.732401,51.114177,On or near Hunters Place,E01032626,Waverley 018F,Anti-social behaviour,,
,2024-07,Surrey Police,Surrey Police,-0.736085,51.112130,On or near Portsmouth Road,E01032626,Waverley 018F,Anti-social behaviour,,
33b96d15cb8d1304b5846f7c9de24ec79daadb13a277dbf3ac8eae526be266cf,2024-07,Surrey Police,Surrey Police,-0.739009,51.115975,On or near Tower Close,E01032626,Waverley 018F,Vehicle crime,Investigation complete; no suspect identified,
28f87d0db5b9bc56b609873776640639a6907205932c9906cbbaf29ea6ce709a,2024-07,Surrey Police,Surrey Police,-0.737325,51.113286,On or near Tower Road,E01032626,Waverley 018F,Violence and sexual offences,Unable to prosecute suspect,
46bcfaa8537421cbd051e585805e3f1621ceb5f323db06cd8e14b055938d4902,2024-07,Surrey Police,Surrey Police,-0.737309,51.120174,On or near Stronsay Close,E01032626,Waverley 018F,Violence and sexual offences,Unable to prosecute suspect,
79f315c222518ca8c0c60c349faecb5189373c239ba9c0c48add1895f6072f64,2024-07,Surrey Police,Surrey Police,-0.571442,51.451767,On or near The Embankment,E01016575,Windsor and Maidenhead 016A,Vehicle crime,Investigation complete; no suspect identified,
4a60844af12012062e8620c4d666e1a1a4c55468d5dd88e938a94bc810edeab0,2024-07,Surrey Police,Surrey Police,-0.650698,51.388286,On or near Devenish Lane,E01016604,Windsor and Maidenhead 018B,Violence and sexual offences,Investigation complete; no suspect identified,
48d41fccf0d3c4b8bb492cc7735b86f9bd510037085ae454cf32868ea127a602,2024-07,Surrey Police,Surrey Police,-0.475835,51.336297,On or near Eden Grove Road,E01030946,Woking 001A,Criminal damage and arson,Unable to prosecute suspect,
519c3e580b107e1deaab3b20efc72a5da5d4a32c160d6f27aaff1db60452c526,2024-07,Surrey Police,Surrey Police,-0.478918,51.335978,On or near Rectory Lane,E01030946,Woking 001A,Drugs,Unable to prosecute suspect,
f1416d27b5ab84c41871659888010ac7054e21b0d248f71d5cdecd725162a354,2024-07,Surrey Police,Surrey Police,-0.479186,51.338715,On or near Stream Close,E01030946,Woking 001A,Public order,Unable to prosecute suspect,
cb867c37cb72c9a5647b4bfb2796dd51e4039754e8e9a2f807fc036d9eaae03a,2024-07,Surrey Police,Surrey Police,-0.479046,51.333407,On or near Glebe Gardens,E01030946,Woking 001A,Vehicle crime,Investigation complete; no suspect identified,
50462fd67fa1e9918888480c87304867dc522dc4d968852c5ec9664146193ead,2024-07,Surrey Police,Surrey Police,-0.479255,51.338365,On or near Parking Area,E01030946,Woking 001A,Violence and sexual offences,Unable to prosecute suspect,
9a87ddb2e786bce9c639109107f7901155c216aede78aab5d53d2ec44ab4f583,2024-07,Surrey Police,Surrey Police,-0.471882,51.332981,On or near Cornwall Avenue,E01030947,Woking 001B,Other theft,Unable to prosecute suspect,
cfe876a6f7e83de5d5aa80464b947b4822c69388ce42941be8472a49d8b313b4,2024-07,Surrey Police,Surrey Police,-0.471003,51.332242,On or near Rutson Road,E01030947,Woking 001B,Violence and sexual offences,Unable to prosecute suspect,
,2024-07,Surrey Police,Surrey Police,-0.472979,51.335415,On or near Church Road,E01030948,Woking 001C,Anti-social behaviour,,
,2024-07,Surrey Police,Surrey Police,-0.471920,51.338773,On or near Farm Close,E01030948,Woking 001C,Anti-social behaviour,,
,2024-07,Surrey Police,Surrey Police,-0.472979,51.335415,On or near Church Road,E01030948,Woking 001C,Anti-social behaviour,,
,2024-07,Surrey Police,Surrey Police,-0.467522,51.337178,On or near Mill Lane,E01030948,Woking 001C,Anti-social behaviour,,
,2024-07,Surrey Police,Surrey Police,-0.472979,51.335415,On or near Church Road,E01030948,Woking 001C,Anti-social behaviour,,
,2024-07,Surrey Police,Surrey Police,-0.468248,51.338662,On or near Grasmere Way,E01030948,Woking 001C,Anti-social behaviour,,
,2024-07,Surrey Police,Surrey Police,-0.472979,51.335415,On or near Church Road,E01030948,Woking 001C,Anti-social behaviour,,
,2024-07,Surrey Police,Surrey Police,-0.472979,51.335415,On or near Church Road,E01030948,Woking 001C,Anti-social behaviour,,
8d1b650410122509b2c27e7a4776a1cfb673637b2a08f3ec9c2de9196fd852ef,2024-07,Surrey Police,Surrey Police,-0.467522,51.337178,On or near Mill Lane,E01030948,Woking 001C,Criminal damage and arson,Investigation complete; no suspect identified,
4ca6aa69029c6bfda01a5b73b9fff3379287b03fb6d3bddc0708e8b48f312f70,2024-07,Surrey Police,Surrey Police,-0.472154,51.338192,On or near Chuters Close,E01030948,Woking 001C,Shoplifting,Unable to prosecute suspect,
779461e38e36596942478f42fb879e1a8687f99c41cde0becee1a5128dc466fc,2024-07,Surrey Police,Surrey Police,-0.472154,51.338192,On or near Chuters Close,E01030948,Woking 001C,Vehicle crime,Investigation complete; no suspect identified,
c39d582f0b962345618da1976de156e20229495f5d3859aa9cf9f513a8775548,2024-07,Surrey Police,Surrey Police,-0.472979,51.335415,On or near Church Road,E01030948,Woking 001C,Violence and sexual offences,Unable to prosecute suspect,
97e5fe136795d9f312736ce284946444053acfc094adbf701f4cc70424de6500,2024-07,Surrey Police,Surrey Police,-0.471214,51.334942,On or near Gaveston Close,E01030948,Woking 001C,Violence and sexual offences,Unable to prosecute suspect,
542b949d4fec69d0b7c32453f9bb1a127fa07486c91fb7e592e3727ab666468f,2024-07,Surrey Police,Surrey Police,-0.475101,51.337223,On or near Mowbray Avenue,E01030948,Woking 001C,Violence and sexual offences,Unable to prosecute suspect,
a0a6602b7b5a3fdab351785b9cefeec43d431da2c4c3033af70166620ac045dc,2024-07,Surrey Police,Surrey Police,-0.475349,51.338836,On or near Beech Close,E01030948,Woking 001C,Violence and sexual offences,Unable to prosecute suspect,
7c119e31f6b4eb622baa52196d0278446f85a2a20d6fe939a959bdccceeb22d2,2024-07,Surrey Police,Surrey Police,-0.472979,51.335415,On or near Church Road,E01030948,Woking 001C,Violence and sexual offences,Status update unavailable,
,2024-07,Surrey Police,Surrey Police,-0.481646,51.342478,On or near Ferney Road,E01030949,Woking 001D,Anti-social behaviour,,
7b9a66604c07923cc2e9a1ed03e403cb5288c9a8fe7187e3ca447eafb2cc2fc8,2024-07,Surrey Police,Surrey Police,-0.480251,51.339942,On or near Parking Area,E01030949,Woking 001D,Vehicle crime,Investigation complete; no suspect identified,
6b7b8e2cbe936a8e98b424b4a2c0e97ae9b5f116071a8cf5bcbbd7acafdfaa6a,2024-07,Surrey Police,Surrey Police,-0.469222,51.336139,On or near Weybarton,E01030950,Woking 001E,Violence and sexual offences,Offender given a caution,
,2024-07,Surrey Police,Surrey Police,-0.529672,51.324108,On or near Blackdown Close,E01030996,Woking 002A,Anti-social behaviour,,
83fc9590e7d333aa860987e2e2bb4ef9eafde7c2ac06bf55814692dfe06983e7,2024-07,Surrey Police,Surrey Police,-0.518788,51.323378,On or near Hamilton Avenue,E01030996,Woking 002A,Other theft,Unable to prosecute suspect,
d1c48e22d7ef9d55cca2c42ff66a3aec0e4c16104119bf3c1c3a95c23418700c,2024-07,Surrey Police,Surrey Police,-0.519651,51.322876,On or near Bray Gardens,E01030996,Woking 002A,Violence and sexual offences,Unable to prosecute suspect,
6a6e3352d29b314116cfddc4cbaba40b8f9884ed1d6f50752e5165491eb670f7,2024-07,Surrey Police,Surrey Police,-0.521409,51.324436,On or near Dean Close,E01030996,Woking 002A,Violence and sexual offences,Unable to prosecute suspect,
223fee5056b1aa9871a3b65118370566c00d23f5491146b12966d0899427af41,2024-07,Surrey Police,Surrey Police,-0.519651,51.322876,On or near Bray Gardens,E01030996,Woking 002A,Violence and sexual offences,Unable to prosecute suspect,
ee04ff3c8b583d2e525337eb9cc6a16abb16db3002847efdf21c47d0e1b87b04,2024-07,Surrey Police,Surrey Police,-0.514514,51.329960,On or near Timber Close,E01030998,Woking 002B,Burglary,Investigation complete; no suspect identified,
f11397335501f9822afba1eec54ce8d4a6b63cfa4699c1c01b156bff6528ccc2,2024-07,Surrey Police,Surrey Police,-0.511863,51.328047,On or near Coldharbour Lane,E01030998,Woking 002B,Criminal damage and arson,Further action is not in the public interest,
ae55ae31f4502c228d00998a9e4a55359a4e8ec65d08a5747a1d46459fb2c13b,2024-07,Surrey Police,Surrey Police,-0.505648,51.325387,On or near Romans Way,E01030998,Woking 002B,Other theft,Investigation complete; no suspect identified,
8a0e158b69380b532eaabe32bc63f4755acf7d9ce230c349af646bb6de112b55,2024-07,Surrey Police,Surrey Police,-0.511544,51.326811,On or near Supermarket,E01030998,Woking 002B,Shoplifting,Unable to prosecute suspect,
719a6ee2fc66b91be750824e0945895fd726e4fa56f93207ad5a39f484002fd9,2024-07,Surrey Police,Surrey Police,-0.511544,51.326811,On or near Supermarket,E01030998,Woking 002B,Shoplifting,Investigation complete; no suspect identified,
,2024-07,Surrey Police,Surrey Police,-0.513251,51.337039,On or near Sheerwater Road,E01031002,Woking 002C,Anti-social behaviour,,
,2024-07,Surrey Police,Surrey Police,-0.510945,51.339096,On or near Woodlands Avenue,E01031002,Woking 002C,Anti-social behaviour,,
a7321274e2f3cdcd16d37e07ee76c31e69afe58b067418597041684f9e88f42b,2024-07,Surrey Police,Surrey Police,-0.509284,51.334524,On or near Oakcroft Road,E01031002,Woking 002C,Criminal damage and arson,Unable to prosecute suspect,
99af4ab58510d51d43ec5deb80fa7a35f4accd19b287a39a7dc945651a1fa704,2024-07,Surrey Police,Surrey Police,-0.511759,51.333468,On or near Fairford Close,E01031002,Woking 002C,Drugs,Local resolution,
cb5cd9db7c8572f3730d96506ce8ec2a80efe45cea2ec4265e72bb69ed3ea5ad,2024-07,Surrey Police,Surrey Police,-0.511254,51.336654,On or near Blenheim Close,E01031002,Woking 002C,Other theft,Unable to prosecute suspect,
4a0e63a8f6da6eb34df3fce13b765aecc457b8bc54b6039d57684ad374c4d5ad,2024-07,Surrey Police,Surrey Police,-0.510945,51.339096,On or near Woodlands Avenue,E01031002,Woking 002C,Public order,Investigation complete; no suspect identified,
78401b3d262e73af7089a303af06e560e4e2a1908723e61144675a9b7eeff9c2,2024-07,Surrey Police,Surrey Police,-0.508867,51.336767,On or near Madeira Crescent,E01031002,Woking 002C,Vehicle crime,Investigation complete; no suspect identified,
,2024-07,Surrey Police,Surrey Police,-0.504377,51.333572,On or near Melbury Close,E01031003,Woking 002D,Anti-social behaviour,,
3058afc8975d4a919e8fdedac2c07231e5f1d955d6c8b561e738419ea15d8b32,2024-07,Surrey Police,Surrey Police,-0.506392,51.335970,On or near Petrol Station,E01031003,Woking 002D,Other theft,Court result unavailable,
9be888cc7416f751fb0d31d4695a817f254731987fe4a877641b3147d0a07fd6,2024-07,Surrey Police,Surrey Police,-0.506392,51.335970,On or near Petrol Station,E01031003,Woking 002D,Shoplifting,Investigation complete; no suspect identified,
d9b782729ce7cf624588c670d6d68e542318c380769e3b97ffebe19530b0caab,2024-07,Surrey Police,Surrey Police,-0.506392,51.335970,On or near Petrol Station,E01031003,Woking 002D,Shoplifting,Unable to prosecute suspect,
9f64a007c046ee44d6b21908650428daca174006426c4b752c8ce9e2431ba139,2024-07,Surrey Police,Surrey Police,-0.506392,51.335970,On or near Petrol Station,E01031003,Woking 002D,Shoplifting,Investigation complete; no suspect identified,
8e78fcdd7ee1df4337771b481e7c545deda672938402027c659e9b6c42e02fb7,2024-07,Surrey Police,Surrey Police,-0.499657,51.337450,On or near Hobbs Close,E01031003,Woking 002D,Violence and sexual offences,Status update unavailable,
265d3cde2600e1e5d500bf890de25b37deebe1d8b469c263b04c9edf141efc73,2024-07,Surrey Police,Surrey Police,-0.490302,51.340774,On or near Blackwood Close,E01031003,Woking 002D,Violence and sexual offences,Unable to prosecute suspect,
,2024-07,Surrey Police,Surrey Police,-0.503913,51.338557,On or near Lavender Park Road,E01031004,Woking 002E,Anti-social behaviour,,
,2024-07,Surrey Police,Surrey Police,-0.505248,51.338142,On or near Station Approach,E01031004,Woking 002E,Anti-social behaviour,,
3518040fd98655a7349d2937bd82aa65528f7a6ed5d3fb901214180bb2554202,2024-07,Surrey Police,Surrey Police,-0.505433,51.335959,On or near Rosemount Avenue,E01031004,Woking 002E,Bicycle theft,Investigation complete; no suspect identified,
d17cfd1a650be8926bcc413e007a433e50e381a7a7cc487306f1ee0b6e664656,2024-07,Surrey Police,Surrey Police,-0.505423,51.339808,On or near West Byfleet,E01031004,Woking 002E,Other theft,Status update unavailable,
1c2c178d63cf8613a357d1fe9e88f27663f4b7d09df982609e5aaeff98bb72f8,2024-07,Surrey Police,Surrey Police,-0.508726,51.340659,On or near Parking Area,E01031004,Woking 002E,Public order,Court result unavailable,
db084203ae57932e396c71becfbffa1f386edbbf7ba39f4273ea37df1cf75e5b,2024-07,Surrey Police,Surrey Police,-0.505578,51.337247,On or near Supermarket,E01031004,Woking 002E,Shoplifting,Investigation complete; no suspect identified,
f34b11c7c5228bd1d73d7dfa6ba435e09f65c97327c47a99706d0b5aed8d77b5,2024-07,Surrey Police,Surrey Police,-0.505578,51.337247,On or near Supermarket,E01031004,Woking 002E,Shoplifting,Investigation complete; no suspect identified,
ef06184f2f17e2429113c346c3beab3ea122522a36b1576898ea1a74eb922b8a,2024-07,Surrey Police,Surrey Police,-0.505578,51.337247,On or near Supermarket,E01031004,Woking 002E,Shoplifting,Court result unavailable,
707dd7ea8d12005e422b50dcceb7a686a005a187e91a0be0a12c6257729b99a1,2024-07,Surrey Police,Surrey Police,-0.505578,51.337247,On or near Supermarket,E01031004,Woking 002E,Shoplifting,Status update unavailable,
f330b971362db6bedb0e6f12100c0dc52972add5c89ddbea21b084b7f8ffd701,2024-07,Surrey Police,Surrey Police,-0.505578,51.337247,On or near Supermarket,E01031004,Woking 002E,Shoplifting,Court result unavailable,
7111db31fc3cf2d900e958fb9c5593165b705e01fea4b4675727fb86268689ca,2024-07,Surrey Police,Surrey Police,-0.510340,51.335617,On or near Regency Drive,E01031004,Woking 002E,Theft from the person,Investigation complete; no suspect identified,
23c0361ee8ac124c2917359b559395efe4dd0c3c3823c46e4ea1aa1947d3dc42,2024-07,Surrey Police,Surrey Police,-0.508025,51.336604,On or near Brantwood Gardens,E01031004,Woking 002E,Vehicle crime,Investigation complete; no suspect identified,
6444271654a70815e6a62da33df97db0d361dc0aab750e62531569874e7c4c27,2024-07,Surrey Police,Surrey Police,-0.505423,51.339808,On or near West Byfleet,E01031004,Woking 002E,Violence and sexual offences,Unable to prosecute suspect,
374fa485c8b82106a270f1d809b31616f07a133e7ca7b069e0ba8aa61ee94e95,2024-07,Surrey Police,Surrey Police,-0.505433,51.335959,On or near Rosemount Avenue,E01031004,Woking 002E,Violence and sexual offences,Unable to prosecute suspect,
43f9a8608a31807d24154354772ae820050f0355d25be041d1b2cf9b2c3b3ddb,2024-07,Surrey Police,Surrey Police,-0.504121,51.341868,On or near Birchwood Drive,E01031004,Woking 002E,Violence and sexual offences,Unable to prosecute suspect,
a8d45aba840431a95f757b2c0f0074df0fcade6266b7acb3351402815620051d,2024-07,Surrey Police,Surrey Police,-0.504121,51.341868,On or near Birchwood Drive,E01031004,Woking 002E,Violence and sexual offences,Investigation complete; no suspect identified,
22f9386365e4536faa1bbbfb87aca5a0031d38397e47717e2ed9da711c581cf5,2024-07,Surrey Police,Surrey Police,-0.505423,51.339808,On or near West Byfleet,E01031004,Woking 002E,Violence and sexual offences,Unable to prosecute suspect,
f0e811a473601dd731cee2b762bc01f6acfcec471d053d82507591dc68089ea2,2024-07,Surrey Police,Surrey Police,-0.508726,51.340659,On or near Parking Area,E01031004,Woking 002E,Violence and sexual offences,Awaiting court outcome,
c94b33edb3a10404283179f4a8a38f497a37a2d1214e94d4e114dc2e36b3a1ab,2024-07,Surrey Police,Surrey Police,-0.501130,51.340688,On or near Camphill Road,E01031004,Woking 002E,Violence and sexual offences,Further investigation is not in the public interest,
8edf51c8ec6b5a2c017a56cca7394d252c90fe2bd364e70e489c16b99917f2d0,2024-07,Surrey Police,Surrey Police,-0.505433,51.335959,On or near Rosemount Avenue,E01031004,Woking 002E,Violence and sexual offences,Unable to prosecute suspect,
,2024-07,Surrey Police,Surrey Police,-0.557299,51.323202,On or near The Grove,E01030964,Woking 003B,Anti-social behaviour,,
,2024-07,Surrey Police,Surrey Police,-0.543364,51.328173,On or near Parking Area,E01030964,Woking 003B,Anti-social behaviour,,
5a72087f2e0bd99b7bd63fb8e81a54d45a8a25fbac34448c9d300425f0ce9f21,2024-07,Surrey Police,Surrey Police,-0.556006,51.330092,On or near Woodham Road,E01030964,Woking 003B,Burglary,Investigation complete; no suspect identified,
73f58e4c5d535b4c6ce4e35ed026812e3961ace1036cbd20e6e226631039c23b,2024-07,Surrey Police,Surrey Police,-0.556006,51.330092,On or near Woodham Road,E01030964,Woking 003B,Criminal damage and arson,Status update unavailable,
f0e6ea8258766e38c0797b4fceafef28c0292a633ee8787d02b296bf64517ab2,2024-07,Surrey Police,Surrey Police,-0.556006,51.330092,On or near Woodham Road,E01030964,Woking 003B,Criminal damage and arson,Status update unavailable,
2c86fd660c746fd08ae8e3a769018fbac5a3e8689bd0a21860be8d43835ce6a6,2024-07,Surrey Police,Surrey Police,-0.557299,51.323202,On or near The Grove,E01030964,Woking 003B,Drugs,Local resolution,
18a5fbbe12e51dc000777b47b6f62b6adf0a849fa7a67d1ace13300f2de10b62,2024-07,Surrey Police,Surrey Police,-0.557676,51.332226,On or near Penhurst,E01030964,Woking 003B,Other theft,Investigation complete; no suspect identified,
359c91979935bf40b4d055b433e5aa1c305904eac403a5308399394b6e7e9998,2024-07,Surrey Police,Surrey Police,-0.556006,51.330092,On or near Woodham Road,E01030964,Woking 003B,Other theft,Unable to prosecute suspect,
2dddff6bdd9882a861ec8f9d216aa53714db50cb40a43b80f63c25860d963dfc,2024-07,Surrey Police,Surrey Police,-0.556006,51.330092,On or near Woodham Road,E01030964,Woking 003B,Violence and sexual offences,Unable to prosecute suspect,
f340990c43602e9d7bd132ab213ff7d8eecddd463bfea58d6adaed5dfe623382,2024-07,Surrey Police,Surrey Police,-0.556006,51.330092,On or near Woodham Road,E01030964,Woking 003B,Violence and sexual offences,Status update unavailable,
8e115cc9dcd5ced310b51c8ac552d00f8cf292d38c06d0078a751000d07f2672,2024-07,Surrey Police,Surrey Police,-0.556006,51.330092,On or near Woodham Road,E01030964,Woking 003B,Violence and sexual offences,Status update unavailable,
9fae3706115cea860b3d6397b185e472dca9472d04b76328489062a90c754d5d,2024-07,Surrey Police,Surrey Police,-0.557299,51.323202,On or near The Grove,E01030964,Woking 003B,Violence and sexual offences,Investigation complete; no suspect identified,
80c5f0605b3018993acdcaa6e365c8a676033ba36f1e8ac7bb03446a72034070,2024-07,Surrey Police,Surrey Police,-0.541775,51.343839,On or near Parking Area,E01030965,Woking 003C,Burglary,Unable to prosecute suspect,
02b68b49237eb518b01f68aef1a8f251978a15314a3ff6feda58ecb56949f13a,2024-07,Surrey Police,Surrey Police,-0.518476,51.338850,On or near Lock Close,E01030965,Woking 003C,Public order,Unable to prosecute suspect,
339402aa948dda65bd853910ad1d40364aa3e8f196c68ff11a7e183e19624e4a,2024-07,Surrey Police,Surrey Police,-0.565868,51.331922,On or near Cheapside,E01030965,Woking 003C,Public order,Unable to prosecute suspect,
db7cfb044ba0b21c99e2e9f1a28958925bc3020ddc7bfed88a55eff85632a42e,2024-07,Surrey Police,Surrey Police,-0.529312,51.338042,On or near Laurel Crescent,E01030965,Woking 003C,Vehicle crime,Investigation complete; no suspect identified,
1fb1a9183e300537764c70c8391cfdcf85ca67fc27574bd268b1293825ca3c4d,2024-07,Surrey Police,Surrey Police,-0.531853,51.337148,On or near Woodham Gate,E01030965,Woking 003C,Vehicle crime,Investigation complete; no suspect identified,
5bf225d74177ad969a9013de66a43d1fd46bd487e3a1edf31c7d9d7c2454251f,2024-07,Surrey Police,Surrey Police,-0.541775,51.343839,On or near Parking Area,E01030965,Woking 003C,Violence and sexual offences,Unable to prosecute suspect,
066c5cf439a985f33f665fe8c5450a1a7ca188a03f86c1fd3728c48a33605305,2024-07,Surrey Police,Surrey Police,-0.531853,51.337148,On or near Woodham Gate,E01030965,Woking 003C,Violence and sexual offences,Status update unavailable,
f8b764e9cf09da5d4559b9e5927d12daf95287186021aa273b4ce39801883db0,2024-07,Surrey Police,Surrey Police,-0.529312,51.338042,On or near Laurel Crescent,E01030965,Woking 003C,Violence and sexual offences,Awaiting court outcome,
c3662748fcff0066612d51ea95be9e53a560b38d72f2c05b9eef2fca57bec92d,2024-07,Surrey Police,Surrey Police,-0.572914,51.326882,On or near Hammond Road,E01030966,Woking 003D,Drugs,Status update unavailable,
239c6104c6ce05501cc7e83f2e92216e37a2e768dc7d0da1b9c4dea070d9789d,2024-07,Surrey Police,Surrey Police,-0.572914,51.326882,On or near Hammond Road,E01030966,Woking 003D,Drugs,Further action is not in the public interest,
adf5dfc503ecefc182589754a99c679eb9c7458c8e0536dc3637710cd6195d66,2024-07,Surrey Police,Surrey Police,-0.572914,51.326882,On or near Hammond Road,E01030966,Woking 003D,Violence and sexual offences,Further action is not in the public interest,
37d07f26b7a79b56074472381b00ff75c566336b38f5790046daa4ab809287d3,2024-07,Surrey Police,Surrey Police,-0.574404,51.327907,On or near Grobars Avenue,E01030966,Woking 003D,Violence and sexual offences,Unable to prosecute suspect,
4221badd3b216a8faca1add7dfd533ae91756ae91db670576c9a1ae10790cf7a,2024-07,Surrey Police,Surrey Police,-0.572351,51.328377,On or near Morton Road,E01030966,Woking 003D,Other crime,Action to be taken by another organisation,
,2024-07,Surrey Police,Surrey Police,-0.590457,51.326753,On or near Watts Lea,E01030967,Woking 003E,Anti-social behaviour,,
2f183649b56555c41566ca13585056df12a49c9abdc0d34a35077817f04f0e57,2024-07,Surrey Police,Surrey Police,-0.585472,51.324571,On or near Kestrel Way,E01030967,Woking 003E,Theft from the person,Unable to prosecute suspect,
e634fa568883a37efaaa403060379e4dd07eabcb1a4dcbdd1f29a769713eb6a1,2024-07,Surrey Police,Surrey Police,-0.581884,51.325516,On or near The Orchard,E01030967,Woking 003E,Violence and sexual offences,Investigation complete; no suspect identified,
2ed927f33606aa9dfbe02112c90ea92d74b51817ad3fbc752a4c18c87b5430e4,2024-07,Surrey Police,Surrey Police,-0.586648,51.324898,On or near Shopping Area,E01030967,Woking 003E,Violence and sexual offences,Local resolution,
91c0b1afb42e9f5738e1543ac8b769cf323fc5ffb4ecfdfddfe63c862f3dcf8c,2024-07,Surrey Police,Surrey Police,-0.584709,51.326045,On or near Kestrel Way,E01030967,Woking 003E,Violence and sexual offences,Unable to prosecute suspect,
,2024-07,Surrey Police,Surrey Police,-0.570384,51.324252,On or near Pares Close,E01030968,Woking 003F,Anti-social behaviour,,
,2024-07,Surrey Police,Surrey Police,-0.569815,51.324772,On or near Sports/Recreation Area,E01030968,Woking 003F,Anti-social behaviour,,
0d38cfd7338dc0d2f06b0872ba483ab265baaed6f8f9669bf7f16681d91194b8,2024-07,Surrey Police,Surrey Police,-0.560371,51.321792,On or near Parking Area,E01030968,Woking 003F,Burglary,Investigation complete; no suspect identified,
2687f5b4e6bc0be7356300f555179f440698689b0d6ea909eb0914a37f6cc6ae,2024-07,Surrey Police,Surrey Police,-0.562831,51.324367,On or near The Larches,E01030968,Woking 003F,Criminal damage and arson,Unable to prosecute suspect,
37e3b1ac5f26ddb647a98a7dc1fdd94fa99095bc0d96d5421b8b530792b04a27,2024-07,Surrey Police,Surrey Police,-0.570384,51.324252,On or near Pares Close,E01030968,Woking 003F,Criminal damage and arson,Investigation complete; no suspect identified,
c8beb21bde4dfb80d46d1d7026d53cadaefe58841ca037fbc1605e245f0fb906,2024-07,Surrey Police,Surrey Police,-0.564092,51.320758,On or near Brewery Road,E01030968,Woking 003F,Drugs,Further action is not in the public interest,
91a5db3799aa9a580567c994a3298b4b2ea96a638294d9dd84c73824fb1bc257,2024-07,Surrey Police,Surrey Police,-0.561318,51.321345,On or near Parking Area,E01030968,Woking 003F,Robbery,Unable to prosecute suspect,
89d126b9f6409d52485c017c4f7a6b515bfa21d0f8c191408f234a4c93122274,2024-07,Surrey Police,Surrey Police,-0.560371,51.321792,On or near Parking Area,E01030968,Woking 003F,Theft from the person,Investigation complete; no suspect identified,
d9628b86fc4baa390f02ccdf659cb9c32bfa9379da4dd03d33afa338b1d39959,2024-07,Surrey Police,Surrey Police,-0.564092,51.320758,On or near Brewery Road,E01030968,Woking 003F,Violence and sexual offences,Status update unavailable,
17764e8547579b765eea8bcdfe5bfd8912b56b83192bd102d65fc4c11b3afe5b,2024-07,Surrey Police,Surrey Police,-0.560855,51.322832,On or near Broomhall Road,E01030968,Woking 003F,Violence and sexual offences,Unable to prosecute suspect,
a42892f2d3527c3142901be43d59d7f9c7d6de7319d95d6079138fa38b73ac06,2024-07,Surrey Police,Surrey Police,-0.560371,51.321792,On or near Parking Area,E01030968,Woking 003F,Violence and sexual offences,Status update unavailable,
0c3109b73f5cab97af1d15841ca8b6aeb36bc13fcc102315b4634713ec5c11ed,2024-07,Surrey Police,Surrey Police,-0.569901,51.323626,On or near Wilson Way,E01030968,Woking 003F,Violence and sexual offences,Action to be taken by another organisation,
,2024-07,Surrey Police,Surrey Police,-0.544269,51.325415,On or near Kerry Terrace,E01030980,Woking 004A,Anti-social behaviour,,
,2024-07,Surrey Police,Surrey Police,-0.549323,51.322645,On or near Hall Place,E01030980,Woking 004A,Anti-social behaviour,,
,2024-07,Surrey Police,Surrey Police,-0.543730,51.326595,On or near Walton Terrace,E01030980,Woking 004A,Anti-social behaviour,,
37af4ebe3550661213161bb36d353e20c55bc384b233170962d72cd63b37903e,2024-07,Surrey Police,Surrey Police,-0.545454,51.324260,On or near Kings Road,E01030980,Woking 004A,Possession of weapons,Investigation complete; no suspect identified,
b6ee321d308040ba692056265e800aed4ae0ff96c3700849ac439b0e98c84632,2024-07,Surrey Police,Surrey Police,-0.542469,51.325149,On or near Monument Mews,E01030980,Woking 004A,Public order,Investigation complete; no suspect identified,
3dcd4c587532a5f0ec6e341add1016e120cdcc01838ae61ab2fab837dab4740c,2024-07,Surrey Police,Surrey Police,-0.546885,51.323936,On or near Eastbrook Close,E01030980,Woking 004A,Vehicle crime,Investigation complete; no suspect identified,
58c4af4d77dd8728a45774a896f5f2cc06d43b9c3976f4ab1765a50b2d5310f5,2024-07,Surrey Police,Surrey Police,-0.544709,51.324665,On or near Kilrush Terrace,E01030980,Woking 004A,Violence and sexual offences,Unable to prosecute suspect,
2a623ec253abb9012ef526e741b20904862e053ca968aff84411a9f8371e79b9,2024-07,Surrey Police,Surrey Police,-0.545454,51.324260,On or near Kings Road,E01030980,Woking 004A,Other crime,Unable to prosecute suspect,
0befa8547ae1057447aa7bcc64225edf189ed8dbff02b574bbe29c12058e0dc6,2024-07,Surrey Police,Surrey Police,-0.537514,51.324377,On or near Kent Road,E01030981,Woking 004B,Drugs,Investigation complete; no suspect identified,
b77e2eae1c2897ad080ecf0ce637d21adb86736910bfe7d87cc278485748e528,2024-07,Surrey Police,Surrey Police,-0.538730,51.324033,On or near Princess Gardens,E01030981,Woking 004B,Drugs,Local resolution,
16f671d78aa04f0b56e9ac4c19f627849cd55a6c88dcbde4708fd8754fecf529,2024-07,Surrey Police,Surrey Police,-0.536086,51.325052,On or near Princess Road,E01030981,Woking 004B,Public order,Unable to prosecute suspect,
bc156bb130feb0f1ee6ec9c3529d1dcb01b950a77fad8108a11dbb99094dd5b5,2024-07,Surrey Police,Surrey Police,-0.538730,51.324033,On or near Princess Gardens,E01030981,Woking 004B,Vehicle crime,Investigation complete; no suspect identified,
8166d3d206042458b45097b359d2083aec6e0208672206d449ff8bb1cb1dd1e7,2024-07,Surrey Police,Surrey Police,-0.536490,51.323636,On or near Beaufort Road,E01030981,Woking 004B,Violence and sexual offences,Unable to prosecute suspect,
1ce701ec7209dcc5538a79c41396aaf76d495c01da182ba6ed4d27f80916c315,2024-07,Surrey Police,Surrey Police,-0.536490,51.323636,On or near Beaufort Road,E01030981,Woking 004B,Violence and sexual offences,Unable to prosecute suspect,
2c0e86b8d64b4868247909091acbfa1610a80c38aefdbe53d217c9490ef74af7,2024-07,Surrey Police,Surrey Police,-0.536490,51.323636,On or near Beaufort Road,E01030981,Woking 004B,Violence and sexual offences,Court result unavailable,
9ba6231b3940ebc856c85697c4713f2cfa5c202744e099c453688b574084c7ca,2024-07,Surrey Police,Surrey Police,-0.536490,51.323636,On or near Beaufort Road,E01030981,Woking 004B,Violence and sexual offences,Court result unavailable,
28df4f252abab87d671c417c532cf7b881c9fbf055b136eeb66e7da9ea19b1d3,2024-07,Surrey Police,Surrey Police,-0.536086,51.325052,On or near Princess Road,E01030981,Woking 004B,Violence and sexual offences,Investigation complete; no suspect identified,
,2024-07,Surrey Police,Surrey Police,-0.550230,51.322539,On or near Lancaster Close,E01030983,Woking 004D,Anti-social behaviour,,
,2024-07,Surrey Police,Surrey Police,-0.552635,51.324097,On or near Chertsey Road,E01030983,Woking 004D,Anti-social behaviour,,
c0f1dbb21d0064c0b6f61daec46b01a190da9ac352499f7ef65c556be914df36,2024-07,Surrey Police,Surrey Police,-0.551924,51.323450,On or near Board School Road,E01030983,Woking 004D,Burglary,Investigation complete; no suspect identified,
6389f36d739f16ef0e08abe71f61d884659659e415977d6d32d0218c61c0e80e,2024-07,Surrey Police,Surrey Police,-0.549397,51.324840,On or near Molloy Court,E01030983,Woking 004D,Criminal damage and arson,Investigation complete; no suspect identified,
3e2e5d40d7ea1942bcf8d23e47127fc3814c36d8f74b18aec9a0b0b22d07a130,2024-07,Surrey Police,Surrey Police,-0.547344,51.325327,On or near Omega Road,E01030983,Woking 004D,Criminal damage and arson,Awaiting court outcome,
b8e737b7becf02e297bc9f26b05a3a6990b984dc8f81859254c631629bbfb0f0,2024-07,Surrey Police,Surrey Police,-0.548216,51.324960,On or near Courtenay Road,E01030983,Woking 004D,Other theft,Awaiting court outcome,
3a260f9931c05204c9b0b66bab6efc8e79723e16e202457f6c8af36a08e046eb,2024-07,Surrey Police,Surrey Police,-0.549184,51.323389,On or near North Road,E01030983,Woking 004D,Public order,Investigation complete; no suspect identified,
ab4bae5979042bb7c8e42fb43b9d7809e0a2edae5841d35394a32b902c50f83a,2024-07,Surrey Police,Surrey Police,-0.550230,51.322539,On or near Lancaster Close,E01030983,Woking 004D,Public order,Unable to prosecute suspect,
b8f28e6c9e7a9a9496af1c7f446dab83b4ea139372f439011bd6b4bfbdca7503,2024-07,Surrey Police,Surrey Police,-0.551924,51.323450,On or near Board School Road,E01030983,Woking 004D,Public order,Awaiting court outcome,
4c68052862b6b6f50383d336d91255d77d523d3f00c5330da5f401c101255555,2024-07,Surrey Police,Surrey Police,-0.547344,51.325327,On or near Omega Road,E01030983,Woking 004D,Vehicle crime,Investigation complete; no suspect identified,
fa127859dfed8dd088c35d824dd5764f01032ae1c659d087f8b9404287fef503,2024-07,Surrey Police,Surrey Police,-0.551340,51.322400,On or near Sports/Recreation Area,E01030983,Woking 004D,Vehicle crime,Unable to prosecute suspect,
3f6abff7a56d5b92a2cebf7c598dfe010e635d58fadc5e3b8fae6738eee2e863,2024-07,Surrey Police,Surrey Police,-0.551340,51.322400,On or near Sports/Recreation Area,E01030983,Woking 004D,Vehicle crime,Investigation complete; no suspect identified,
68cbd451c5b5ce606b383c66f1f3da7b6a55e912cd25f7bae54d575a869240ae,2024-07,Surrey Police,Surrey Police,-0.549397,51.324840,On or near Molloy Court,E01030983,Woking 004D,Violence and sexual offences,Unable to prosecute suspect,
d08f775da4087d8ee3b19013685fb1ec6b13c095790af63688a2e625a858a345,2024-07,Surrey Police,Surrey Police,-0.552694,51.321311,On or near Grove Road,E01030983,Woking 004D,Violence and sexual offences,Unable to prosecute suspect,
070bf03507e60369f40547b1a1931c0bd086608c6a5f6d81148ef55818a238c5,2024-07,Surrey Police,Surrey Police,-0.550230,51.322539,On or near Lancaster Close,E01030983,Woking 004D,Violence and sexual offences,Unable to prosecute suspect,
8a9feabee6317476ced38f7ed7d3d8826eae22dcd8740b18278d053929414cca,2024-07,Surrey Police,Surrey Police,-0.549397,51.324840,On or near Molloy Court,E01030983,Woking 004D,Violence and sexual offences,Unable to prosecute suspect,
8e1368d4cd56af8d2870a85edf723c0041f3ce094a25dd854ff716d8c9c0facd,2024-07,Surrey Police,Surrey Police,-0.552208,51.322168,On or near Portugal Road,E01030983,Woking 004D,Violence and sexual offences,Unable to prosecute suspect,
8df29029acea2320eb1dac08056e73ee08eaa34efa53cda01b21a7bb4378fef5,2024-07,Surrey Police,Surrey Police,-0.552694,51.321311,On or near Grove Road,E01030983,Woking 004D,Violence and sexual offences,Unable to prosecute suspect,
cbe560721173d730886a7229fe5f0d8f7bccbce8ed87d0989d8ed9188b466e86,2024-07,Surrey Police,Surrey Police,-0.549397,51.324840,On or near Molloy Court,E01030983,Woking 004D,Violence and sexual offences,Unable to prosecute suspect,
e69f83459ac207f428205dc05dc7aa1b249dc4807c97a84cb7048e5ceab887f1,2024-07,Surrey Police,Surrey Police,-0.550230,51.322539,On or near Lancaster Close,E01030983,Woking 004D,Violence and sexual offences,Unable to prosecute suspect,
4a793a0792b11c79bd77796f45b956fddd1a19da9d365c5e0740d007b9aee215,2024-07,Surrey Police,Surrey Police,-0.549397,51.324840,On or near Molloy Court,E01030983,Woking 004D,Violence and sexual offences,Unable to prosecute suspect,
,2024-07,Surrey Police,Surrey Police,-0.522804,51.336386,On or near Lambourne Crescent,E01030984,Woking 004E,Anti-social behaviour,,
,2024-07,Surrey Police,Surrey Police,-0.522804,51.336386,On or near Lambourne Crescent,E01030984,Woking 004E,Anti-social behaviour,,
f62cf1239831c4cf1bd9e44faa32a75253c2a6e7efb64f76c736c41e6fe3014c,2024-07,Surrey Police,Surrey Police,-0.516962,51.338156,On or near Sheerwater Road,E01030984,Woking 004E,Criminal damage and arson,Unable to prosecute suspect,
12948df8bfa50687798850de965395f5d714b40e39086bdbd95a154718d76e3c,2024-07,Surrey Police,Surrey Police,-0.527384,51.334160,On or near Devonshire Avenue,E01030984,Woking 004E,Criminal damage and arson,Investigation complete; no suspect identified,
7349763c77c59b7b2fcbb032318fb7936be8d40cd59572bcc4a38d3bf7e63bed,2024-07,Surrey Police,Surrey Police,-0.530481,51.332023,On or near Albert Drive,E01030984,Woking 004E,Other theft,Investigation complete; no suspect identified,
c4726b4cd0d9c114dc0f77f111748476f8e89e35ec41bb495f657dad26ed20d4,2024-07,Surrey Police,Surrey Police,-0.530481,51.332023,On or near Albert Drive,E01030984,Woking 004E,Other theft,Investigation complete; no suspect identified,
3ca0bfeacba98ba3737d2700de5fdf08bdcd54021d1992c6bd4b2ce0fad1f493,2024-07,Surrey Police,Surrey Police,-0.530481,51.332023,On or near Albert Drive,E01030984,Woking 004E,Other theft,Investigation complete; no suspect identified,
05ced0f328fca1c645b4b602c320de62c4c3beb2af62bc1f8b12b1940fe464b3,2024-07,Surrey Police,Surrey Police,-0.530481,51.332023,On or near Albert Drive,E01030984,Woking 004E,Shoplifting,Awaiting court outcome,
24e654a163a028e57463edec0185b2dd80c16fb6425eefbc86760ab2dd579310,2024-07,Surrey Police,Surrey Police,-0.530481,51.332023,On or near Albert Drive,E01030984,Woking 004E,Shoplifting,Court result unavailable,
daa1dfabd982395cb6d962cd39cf4bd8dd8f856b2c01f566b7b4e893c609241d,2024-07,Surrey Police,Surrey Police,-0.526624,51.332343,On or near Albert Drive,E01030984,Woking 004E,Violence and sexual offences,Unable to prosecute suspect,
26e5b6168ba349f9651fe6c0c24d95cd5dc96be804f2a1f860a64b19ecf6d951,2024-07,Surrey Police,Surrey Police,-0.521758,51.336787,On or near Sandalwood Close,E01030984,Woking 004E,Violence and sexual offences,Unable to prosecute suspect,
54bfc7142195ffc8b4cff4e251a6bdc3d0cc767a5f2cf102fb3bd83075a95e3a,2024-07,Surrey Police,Surrey Police,-0.521758,51.336787,On or near Sandalwood Close,E01030984,Woking 004E,Violence and sexual offences,Unable to prosecute suspect,
823a26e9169b3282a005d30e051a8b580d752522cee289333985bc95b0e77298,2024-07,Surrey Police,Surrey Police,-0.521758,51.336787,On or near Sandalwood Close,E01030984,Woking 004E,Violence and sexual offences,Unable to prosecute suspect,
,2024-07,Surrey Police,Surrey Police,-0.540421,51.323667,On or near Pollard Road,E01034293,Woking 004G,Anti-social behaviour,,
f444763bfd5646b4c25862a2b792da6649e81bb96c52f43ec8b09469c09bcd62,2024-07,Surrey Police,Surrey Police,-0.530736,51.334373,On or near Hennessy Court,E01034293,Woking 004G,Criminal damage and arson,Investigation complete; no suspect identified,
743bd8ada001fc02a83d5260a7d30e5e66bf7596a139b8bfcc62e69624f57546,2024-07,Surrey Police,Surrey Police,-0.530736,51.334373,On or near Hennessy Court,E01034293,Woking 004G,Criminal damage and arson,Status update unavailable,
5e993bd7445dea9fe7b3cb64e68a8dc418cbbab1b08d082ad544b776cff29c3e,2024-07,Surrey Police,Surrey Police,-0.530736,51.334373,On or near Hennessy Court,E01034293,Woking 004G,Drugs,Unable to prosecute suspect,
a8492ce18a99521d7ebd0f3af8895bad487734dd5e9bea6c1b62f0974f93d0ae,2024-07,Surrey Police,Surrey Police,-0.538136,51.329646,On or near Perrin Court,E01034293,Woking 004G,Other theft,Investigation complete; no suspect identified,
11376ed508c85e7a78e55ad47232add6a5f94dae57d21e3aecd0f202b7d40122,2024-07,Surrey Police,Surrey Police,-0.536160,51.329945,On or near Bentham Avenue,E01034293,Woking 004G,Other theft,Investigation complete; no suspect identified,
1fda86215c65b9f2bb6255ceeb19c6de6a8cd10f34653c1bfcf6c90b8da5a3a5,2024-07,Surrey Police,Surrey Police,-0.530736,51.334373,On or near Hennessy Court,E01034293,Woking 004G,Other theft,Investigation complete; no suspect identified,
ccfd411be47227ea35b914c22734eed8d370c3d24975b7da517d141d5d662f36,2024-07,Surrey Police,Surrey Police,-0.539414,51.325093,On or near Latimer Close,E01034293,Woking 004G,Vehicle crime,Investigation complete; no suspect identified,
89caedd2789bf305afced14523dc965a075768551376c2545ec92d62ef82cf18,2024-07,Surrey Police,Surrey Police,-0.536160,51.329945,On or near Bentham Avenue,E01034293,Woking 004G,Violence and sexual offences,Status update unavailable,
577031c6ced5ba698519fdb47641e18069b448a594d72b2861976b53d860a030,2024-07,Surrey Police,Surrey Police,-0.540421,51.323667,On or near Pollard Road,E01034293,Woking 004G,Violence and sexual offences,Unable to prosecute suspect,
5ad26cdc987e6b38bae5cd1e074e259a8c0d4d7c4d4ad817f3a478309b807189,2024-07,Surrey Police,Surrey Police,-0.541183,51.323623,On or near Lion Court,E01034293,Woking 004G,Violence and sexual offences,Awaiting court outcome,
92249aff9584c9a8822f8c7259b99aef837dd2b4cd855f38b9a029854f14fcde,2024-07,Surrey Police,Surrey Police,-0.538136,51.329646,On or near Perrin Court,E01034293,Woking 004G,Violence and sexual offences,Status update unavailable,
,2024-07,Surrey Police,Surrey Police,-0.588045,51.322578,On or near Willowmead Close,E01030951,Woking 005A,Anti-social behaviour,,
,2024-07,Surrey Police,Surrey Police,-0.585801,51.320879,On or near Watercress Way,E01030951,Woking 005A,Anti-social behaviour,,
f9b2d4cc44d03dd5f75a2a3e5744563edb20da888c25ded7e6c676f709fd2b3e,2024-07,Surrey Police,Surrey Police,-0.585801,51.320879,On or near Watercress Way,E01030951,Woking 005A,Criminal damage and arson,Unable to prosecute suspect,
511029e7ad2eda9875fee7e03cb75366a027a97121d9dddb6207ecad610d7265,2024-07,Surrey Police,Surrey Police,-0.585801,51.320879,On or near Watercress Way,E01030951,Woking 005A,Criminal damage and arson,Investigation complete; no suspect identified,
287c9637f0c041b4e6d87adfd14cea6f599c8c543603033eba49282a05b00b80,2024-07,Surrey Police,Surrey Police,-0.588866,51.320601,On or near Veryan,E01030951,Woking 005A,Drugs,Court result unavailable,
31cbca2a628e63506fc25ae63517be5f611d1acd3ea4f753ccbb1bfecb507f84,2024-07,Surrey Police,Surrey Police,-0.588866,51.320601,On or near Veryan,E01030951,Woking 005A,Other theft,Investigation complete; no suspect identified,
0fcb8bcd49cd8b37593e636b167f1d4baa293cd03bde50ee0a139b137b875d64,2024-07,Surrey Police,Surrey Police,-0.581222,51.319070,On or near Hallington Close,E01030951,Woking 005A,Other theft,Investigation complete; no suspect identified,
4ba92a5ab98d9874869bd43d7a9fc1c4eec4f64d7cd852a8f37233ee9bc8cfc6,2024-07,Surrey Police,Surrey Police,-0.588866,51.320601,On or near Veryan,E01030951,Woking 005A,Public order,Court result unavailable,
,2024-07,Surrey Police,Surrey Police,-0.582329,51.321331,On or near Cobbetts Close,E01030952,Woking 005B,Anti-social behaviour,,
,2024-07,Surrey Police,Surrey Police,-0.581732,51.322538,On or near Tracious Close,E01030952,Woking 005B,Anti-social behaviour,,
b5f8db20f8116e9633448b56a32af0c6e458d99ff5b4b4997d77fc9ff8131ed5,2024-07,Surrey Police,Surrey Police,-0.581732,51.322538,On or near Tracious Close,E01030952,Woking 005B,Public order,Investigation complete; no suspect identified,
9d7ead80829d8e87153229ec854c8ed675d4d5b40420312b34a248a7e43eca9e,2024-07,Surrey Police,Surrey Police,-0.581657,51.319830,On or near Colliers Close,E01030952,Woking 005B,Violence and sexual offences,Action to be taken by another organisation,
190c65d595680b49ec61e4ca8c3be59ae0516906cf843c9b5a2441c80e0075e9,2024-07,Surrey Police,Surrey Police,-0.581657,51.319830,On or near Colliers Close,E01030952,Woking 005B,Violence and sexual offences,Unable to prosecute suspect,
d601d554ab8a6c22bdf2853888ab36a8eb258ed74201806145e6253e200b6697,2024-07,Surrey Police,Surrey Police,-0.583362,51.322711,On or near Brookfield,E01030952,Woking 005B,Violence and sexual offences,Investigation complete; no suspect identified,
,2024-07,Surrey Police,Surrey Police,-0.590383,51.315601,On or near Shilburn Way,E01030953,Woking 005C,Anti-social behaviour,,
,2024-07,Surrey Police,Surrey Police,-0.589402,51.318107,On or near Bampton Way,E01030953,Woking 005C,Anti-social behaviour,,
ce7b361f26fc1f3bb3e3c2d47952e4cb0e755ac7f5c11484c524fdb86aa0830a,2024-07,Surrey Police,Surrey Police,-0.581529,51.317014,On or near Caradon Close,E01030953,Woking 005C,Public order,Local resolution,
8cee835acc3d356cf0bd154f60ed671778f52d4507afbfafdd88af15c8fa4bb4,2024-07,Surrey Police,Surrey Police,-0.589730,51.315369,On or near Chirton Walk,E01030953,Woking 005C,Violence and sexual offences,Unable to prosecute suspect,
,2024-07,Surrey Police,Surrey Police,-0.595628,51.323335,On or near Blencarn Close,E01030956,Woking 005D,Anti-social behaviour,,
69528e2f45bfce841c8a9804a35954e541808343aeb0430e72f382a3ff5d652c,2024-07,Surrey Police,Surrey Police,-0.595628,51.323335,On or near Blencarn Close,E01030956,Woking 005D,Bicycle theft,Investigation complete; no suspect identified,
777e2a2215ed7fda1246c142d508ec9cb71fe4f3a1e5618c7862d6e3435a0627,2024-07,Surrey Police,Surrey Police,-0.600932,51.323075,On or near Jasmine Close,E01030956,Woking 005D,Drugs,Unable to prosecute suspect,
bf7a488ee7ec483c15557f9f6331f384bda4dd1c616cac2c5165893be46c7908,2024-07,Surrey Police,Surrey Police,-0.595628,51.323335,On or near Blencarn Close,E01030956,Woking 005D,Public order,Unable to prosecute suspect,
68e6e907a73072121a0be9026049b470117077fd2e74e67ea5f889828297fd7f,2024-07,Surrey Police,Surrey Police,-0.595628,51.323335,On or near Blencarn Close,E01030956,Woking 005D,Violence and sexual offences,Unable to prosecute suspect,
,2024-07,Surrey Police,Surrey Police,-0.601131,51.319849,On or near Huntingdon Road,E01030957,Woking 005E,Anti-social behaviour,,
740895d0f346eb1e8e527c8a301df49124aa7441a6878a92ec62a324e7e9a282,2024-07,Surrey Police,Surrey Police,-0.604410,51.322927,On or near Sappho Court,E01030957,Woking 005E,Public order,Unable to prosecute suspect,
eb8fd17b8297e308e32f9edb4b449068d109dab96ebfa470aa91f7a2b9851380,2024-07,Surrey Police,Surrey Police,-0.601131,51.319849,On or near Huntingdon Road,E01030957,Woking 005E,Vehicle crime,Investigation complete; no suspect identified,
c1163c5ca1b0a79986f61a1ae5592a0ac3a516bd8f3358f4167b1876ddae2311,2024-07,Surrey Police,Surrey Police,-0.601131,51.319849,On or near Huntingdon Road,E01030957,Woking 005E,Violence and sexual offences,Local resolution,
45fdbbe8e08b156ead76422ad1552d311d63716e11c48816d2dd55215ff3787e,2024-07,Surrey Police,Surrey Police,-0.601131,51.319849,On or near Huntingdon Road,E01030957,Woking 005E,Violence and sexual offences,Unable to prosecute suspect,
ac11afaf23066dbec5d77973e28210ef85e1892302caacdf2c3fadf6e4c5ff3a,2024-07,Surrey Police,Surrey Police,-0.600266,51.319973,On or near Lombardy Close,E01030957,Woking 005E,Violence and sexual offences,Further action is not in the public interest,
550c88cc09c0131f6be921de3bb9cd5776058ee7c915573ac28fa487d8bb2bc8,2024-07,Surrey Police,Surrey Police,-0.601131,51.319849,On or near Huntingdon Road,E01030957,Woking 005E,Violence and sexual offences,Investigation complete; no suspect identified,
04370eff84125e2165a059d3b12fb9268ab0cb9b0c1a54c28a1b456a42d15406,2024-07,Surrey Police,Surrey Police,-0.604733,51.324100,On or near Rainbow Court,E01030957,Woking 005E,Violence and sexual offences,Unable to prosecute suspect,
4b61ad8ca91ce8bc22b40556e75d598ea39c9eeac750b16718c093cbc63643f0,2024-07,Surrey Police,Surrey Police,-0.601131,51.319849,On or near Huntingdon Road,E01030957,Woking 005E,Violence and sexual offences,Unable to prosecute suspect,
3996f446fc32d6d8fb12035c5aaf74f8c443fa15802dc6e9b56157c703b3c761,2024-07,Surrey Police,Surrey Police,-0.601131,51.319849,On or near Huntingdon Road,E01030957,Woking 005E,Violence and sexual offences,Local resolution,
514b32cb404fadf7187482e050db0c8429daa88cd7693ff0cdb391521119478c,2024-07,Surrey Police,Surrey Police,-0.601131,51.319849,On or near Huntingdon Road,E01030957,Woking 005E,Violence and sexual offences,Investigation complete; no suspect identified,
edfaa609fa1d5d2733e1a226517c04d0d02181dede40341bb2c352dbaadd6823,2024-07,Surrey Police,Surrey Police,-0.595197,51.321486,On or near Bitterne Drive,E01030958,Woking 005F,Public order,Investigation complete; no suspect identified,
fb7663c57fcaf5bdda28a392f3e4626ff78e1e665466a6b6441d7622925ed9b7,2024-07,Surrey Police,Surrey Police,-0.595197,51.321486,On or near Bitterne Drive,E01030958,Woking 005F,Public order,Investigation complete; no suspect identified,
694976e03fad834f1425bed57dfc09e7b819596bfd84cb4bd81659c4fc893556,2024-07,Surrey Police,Surrey Police,-0.595197,51.321486,On or near Bitterne Drive,E01030958,Woking 005F,Violence and sexual offences,Investigation complete; no suspect identified,
652256dae33f0c9f7f20ebaae4d456a424fbd268e7a462259cf65b72ea4b75ec,2024-07,Surrey Police,Surrey Police,-0.592144,51.314777,On or near Atkins Close,E01030959,Woking 005G,Violence and sexual offences,Unable to prosecute suspect,
,2024-07,Surrey Police,Surrey Police,-0.555910,51.318527,On or near Parking Area,E01030988,Woking 006A,Anti-social behaviour,,
,2024-07,Surrey Police,Surrey Police,-0.542456,51.323211,On or near Shopping Area,E01030988,Woking 006A,Anti-social behaviour,,
,2024-07,Surrey Police,Surrey Police,-0.545265,51.322073,On or near Dorchester Court,E01030988,Woking 006A,Anti-social behaviour,,
2176fa5e3cf0332400efc00f580b40351bb2d8e9c11413a8da87986c859194f9,2024-07,Surrey Police,Surrey Police,-0.545380,51.318432,On or near Pembroke Road,E01030988,Woking 006A,Burglary,Investigation complete; no suspect identified,
558ded41174bac95a2d64c1cc39281e971dfe0890a9d4302bbc1886f52a4c261,2024-07,Surrey Police,Surrey Police,-0.546346,51.321924,On or near Tintagel Way,E01030988,Woking 006A,Possession of weapons,Unable to prosecute suspect,
1987d9156ab7248a9450a1f05b60e1709783d1052f2238cf6fe773ea9796e309,2024-07,Surrey Police,Surrey Police,-0.542102,51.322708,On or near Little Riding,E01030988,Woking 006A,Public order,Unable to prosecute suspect,
a700b7457cc882b994a26c2ab4850756033be15571ca546d097b99a9258d35db,2024-07,Surrey Police,Surrey Police,-0.555910,51.318527,On or near Parking Area,E01030988,Woking 006A,Public order,Investigation complete; no suspect identified,
594d751a910377f4fbff6ce128b7e5a7b6d4934a0c214cb4690b46cd56c57c1d,2024-07,Surrey Police,Surrey Police,-0.542102,51.322708,On or near Little Riding,E01030988,Woking 006A,Public order,Unable to prosecute suspect,
c56fe0abcc6c62bc801cc00a863e43afbfd624520ba6f40d5b4158f5fac806c1,2024-07,Surrey Police,Surrey Police,-0.555910,51.318527,On or near Parking Area,E01030988,Woking 006A,Public order,Investigation complete; no suspect identified,
3ff15e8d283f78469d2639998b9b1a1c03c047455995079b1eef33e07ee63de4,2024-07,Surrey Police,Surrey Police,-0.542456,51.323211,On or near Shopping Area,E01030988,Woking 006A,Public order,Unable to prosecute suspect,
1f60db0aee2262d4d31448cc50ecef9ae19d8a0a497950e5d586fbfd2f1f89c2,2024-07,Surrey Police,Surrey Police,-0.546601,51.320201,On or near Abbotsford Close,E01030988,Woking 006A,Violence and sexual offences,Unable to prosecute suspect,
c458c5e01adbec2e8a6cdca1926954a303045866b9ae0f46573ac33e4cab2843,2024-07,Surrey Police,Surrey Police,-0.542102,51.322708,On or near Little Riding,E01030988,Woking 006A,Violence and sexual offences,Unable to prosecute suspect,
c44f21cb60c080fff78ed20f5fa136e552bace6de009e428ee1e08ffafab8a2c,2024-07,Surrey Police,Surrey Police,-0.544651,51.321984,On or near Templecombe Mews,E01030988,Woking 006A,Violence and sexual offences,Unable to prosecute suspect,
9cced33cbc1e0ed231ca1c604136bf5add747832dadd08d45948001128a2039c,2024-07,Surrey Police,Surrey Police,-0.546346,51.321924,On or near Tintagel Way,E01030988,Woking 006A,Violence and sexual offences,Unable to prosecute suspect,
5dbef41dae355a740ea5ace25bb84e215d878d7f702c5cf486b7e48c368e01c3,2024-07,Surrey Police,Surrey Police,-0.545265,51.322073,On or near Dorchester Court,E01030988,Woking 006A,Violence and sexual offences,Investigation complete; no suspect identified,
,2024-07,Surrey Police,Surrey Police,-0.534713,51.320826,On or near Littlemoor Gardens,E01030989,Woking 006B,Anti-social behaviour,,
3b0a494e8a4b6788194020799ed3387a7800ad83f8907615d875e335a84469a0,2024-07,Surrey Police,Surrey Police,-0.542009,51.321097,On or near Lytton Road,E01030989,Woking 006B,Criminal damage and arson,Investigation complete; no suspect identified,
c810330afadfbe4e1a0de3666ce99bab74a4e1f556276422236e7400aca27d93,2024-07,Surrey Police,Surrey Police,-0.533835,51.320923,On or near East Hill,E01030989,Woking 006B,Criminal damage and arson,Status update unavailable,
f628a57cfba2703131c7a6970cb70f061ca697c5c9a861b40d1d2dfc224bd1b8,2024-07,Surrey Police,Surrey Police,-0.533332,51.319604,On or near Martinsyde,E01030989,Woking 006B,Other theft,Status update unavailable,
14b9b805e9c00d564e07fb95b34f99770e35ba4288e059413450289d4a8e308a,2024-07,Surrey Police,Surrey Police,-0.535701,51.323168,On or near Mayhurst Crescent,E01030989,Woking 006B,Public order,Awaiting court outcome,
d72a3afdfdc2e18163363fbb664f245e3d4418214b2809299619717db2579767,2024-07,Surrey Police,Surrey Police,-0.539326,51.320200,On or near Oldfieldwood,E01030989,Woking 006B,Public order,Investigation complete; no suspect identified,
abc688fc07afc9006be7ee920364a7e862c70d0def5da2a2fb0a14482e1929c1,2024-07,Surrey Police,Surrey Police,-0.533835,51.320923,On or near East Hill,E01030989,Woking 006B,Vehicle crime,Investigation complete; no suspect identified,
4ff586a73cc2daf3262bd18cee81bad3c369ac5e78d68a1baa56273c0f7b65cb,2024-07,Surrey Police,Surrey Police,-0.533835,51.320923,On or near East Hill,E01030989,Woking 006B,Violence and sexual offences,Unable to prosecute suspect,
b87720d33cc87902164122043f3aa969e03b2178684dbec650dea459c3059163,2024-07,Surrey Police,Surrey Police,-0.535701,51.323168,On or near Mayhurst Crescent,E01030989,Woking 006B,Violence and sexual offences,Status update unavailable,
cefbc8217f93ab2d33b53f9d3d2aa83ae9fab372428bbe654d9deaab57b60f20,2024-07,Surrey Police,Surrey Police,-0.533835,51.320923,On or near East Hill,E01030989,Woking 006B,Violence and sexual offences,Unable to prosecute suspect,
f1a36866403386bbd3e160ca853c9a6d844007d65ea97204c4440f7bc2481747,2024-07,Surrey Police,Surrey Police,-0.533835,51.320923,On or near East Hill,E01030989,Woking 006B,Violence and sexual offences,Unable to prosecute suspect,
2ba34adb8d61c41b69b3fc82356be681243a80b95423a36dc614cbc016b20ae6,2024-07,Surrey Police,Surrey Police,-0.536224,51.322500,On or near Mayhurst Avenue,E01030989,Woking 006B,Violence and sexual offences,Unable to prosecute suspect,
ce4eeec4af0c4c4840d62365922862571dd1450abf15b8ee5379a5b3e37a4496,2024-07,Surrey Police,Surrey Police,-0.548067,51.317432,On or near Downside Orchard,E01030990,Woking 006C,Public order,Unable to prosecute suspect,
b37ba994f27b2270b860f1ff45e44ee350a84169036519d5d8be55750b12bbd8,2024-07,Surrey Police,Surrey Police,-0.540074,51.316505,On or near Sylvan Close,E01030990,Woking 006C,Violence and sexual offences,Investigation complete; no suspect identified,
621e0bbb4a253f0b21f54d20af2f75001e334b1cce48d0bde3a901b702ec7894,2024-07,Surrey Police,Surrey Police,-0.553949,51.315652,On or near Heathside Road,E01030990,Woking 006C,Other crime,Unable to prosecute suspect,
8f1d24929d3fd6de54d0774f5bf921cd936658d29df794a5f8d3e4c61e64a1d9,2024-07,Surrey Police,Surrey Police,-0.495094,51.315900,On or near Conference/Exhibition Centre,E01030997,Woking 006D,Vehicle crime,Investigation complete; no suspect identified,
039fd9aaaa7d840b85c9f1a0539cb02d75cbc26cbab36f2a4f8cc3f2eb506d50,2024-07,Surrey Police,Surrey Police,-0.506495,51.322736,On or near Sandringham Close,E01030997,Woking 006D,Violence and sexual offences,Unable to prosecute suspect,
e16f6a913e08b9d0495e5e3f1df607bba8907eb75e4996347c1d9983c2ea96b0,2024-07,Surrey Police,Surrey Police,-0.509815,51.322131,On or near Upshot Lane,E01030997,Woking 006D,Violence and sexual offences,Unable to prosecute suspect,
01ca9bf756fd63fdfa739b8882e930395d3019e2d9d02309a4171635539b2c51,2024-07,Surrey Police,Surrey Police,-0.506495,51.322736,On or near Sandringham Close,E01030997,Woking 006D,Violence and sexual offences,Unable to prosecute suspect,
1511e749aae2e8703eafa0e34c451665c1d1ae68a197b3eae4a91e9d53b54a95,2024-07,Surrey Police,Surrey Police,-0.509815,51.322131,On or near Upshot Lane,E01030997,Woking 006D,Other crime,Action to be taken by another organisation,
c2e10008f6d5c791e2c9e91b874629e339ced70526e75074f38d2e7fdb772908,2024-07,Surrey Police,Surrey Police,-0.500083,51.314264,On or near Warren Lane,E01030997,Woking 006D,Other crime,Unable to prosecute suspect,
,2024-07,Surrey Police,Surrey Police,-0.604440,51.319556,On or near Tolldene Close,E01030974,Woking 007A,Anti-social behaviour,,
691d0bf775765b5a26a4ef1cacd125577d7358c84493563ffb41092a02e03b02,2024-07,Surrey Police,Surrey Police,-0.609264,51.319487,On or near Beechwood Close,E01030974,Woking 007A,Public order,Unable to prosecute suspect,
4e1851ccb6f0c6b6287697c13a93d411b69e596667ae4a9f662f6376bbe8095e,2024-07,Surrey Police,Surrey Police,-0.607625,51.316187,On or near Supermarket,E01030974,Woking 007A,Shoplifting,Unable to prosecute suspect,
177f5fa3ba733fe51da189dc2f8c7bbe52e9315411dd3d91a486a5c00868c2dd,2024-07,Surrey Police,Surrey Police,-0.604440,51.319556,On or near Tolldene Close,E01030974,Woking 007A,Violence and sexual offences,Investigation complete; no suspect identified,
,2024-07,Surrey Police,Surrey Police,-0.594874,51.326869,On or near Littlewick Road,E01030975,Woking 007B,Anti-social behaviour,,
,2024-07,Surrey Police,Surrey Police,-0.594874,51.326869,On or near Littlewick Road,E01030975,Woking 007B,Anti-social behaviour,,
672dfc7dd4d01b085347716f37c473d9d089a54480057b1d75729271d105d785,2024-07,Surrey Police,Surrey Police,-0.618328,51.316321,On or near Parking Area,E01030976,Woking 007C,Criminal damage and arson,Unable to prosecute suspect,
1e8b1af5fed7dcb488c2bf498c7c9446c62010026730452831f8fe326c15c4c4,2024-07,Surrey Police,Surrey Police,-0.618328,51.316321,On or near Parking Area,E01030976,Woking 007C,Drugs,Investigation complete; no suspect identified,
b8313a3ba05cf8229ed301c651429dbf0c09d2f3768b03ffa9ad70d5c4d33946,2024-07,Surrey Police,Surrey Police,-0.618328,51.316321,On or near Parking Area,E01030976,Woking 007C,Other theft,Unable to prosecute suspect,
c4324886b373fc7bc5e160fd968b44e26d7980795acbbc78cc644148359e665c,2024-07,Surrey Police,Surrey Police,-0.610593,51.314917,On or near Northwood Avenue,E01030976,Woking 007C,Violence and sexual offences,Investigation complete; no suspect identified,
a56ba676a43c57f706250e8a46554424d827ac6035df720f4b4afedcd0afab9d,2024-07,Surrey Police,Surrey Police,-0.618328,51.316321,On or near Parking Area,E01030976,Woking 007C,Violence and sexual offences,Unable to prosecute suspect,
bd16eb2d1ac57d81d89aca33f4c2991997b8ae4907dd7d44c4443958bd4adfbd,2024-07,Surrey Police,Surrey Police,-0.618328,51.316321,On or near Parking Area,E01030976,Woking 007C,Violence and sexual offences,Unable to prosecute suspect,
,2024-07,Surrey Police,Surrey Police,-0.616884,51.318058,On or near Supermarket,E01030977,Woking 007D,Anti-social behaviour,,
,2024-07,Surrey Police,Surrey Police,-0.613881,51.321511,On or near Barley Mow Lane,E01030977,Woking 007D,Anti-social behaviour,,
,2024-07,Surrey Police,Surrey Police,-0.619301,51.316423,On or near Parking Area,E01030977,Woking 007D,Anti-social behaviour,,
,2024-07,Surrey Police,Surrey Police,-0.616884,51.318058,On or near Supermarket,E01030977,Woking 007D,Anti-social behaviour,,
63787cb5d9ecd16b7433bdb330e5303cfacac953c3a2a20574eade205949e28e,2024-07,Surrey Police,Surrey Police,-0.620087,51.315560,On or near Barton Close,E01030977,Woking 007D,Burglary,Unable to prosecute suspect,
fe9dbcd9ad4983550115fea7d3d15289df7f832a0cc91e5d77a865a7e3906263,2024-07,Surrey Police,Surrey Police,-0.616884,51.318058,On or near Supermarket,E01030977,Woking 007D,Burglary,Court result unavailable,
8886e02c5d5b22e0a89f8d98b46a6617aaf9d88cbd5930ba9fd3f949aba985e9,2024-07,Surrey Police,Surrey Police,-0.618055,51.318260,On or near Fosters Lane,E01030977,Woking 007D,Public order,Unable to prosecute suspect,
bda739cdccee527b5c85a4089f3fa214537a5a2882cfd171f5dde287a6bf3258,2024-07,Surrey Police,Surrey Police,-0.616884,51.318058,On or near Supermarket,E01030977,Woking 007D,Public order,Unable to prosecute suspect,
f74311693c475599821af75684a3277edec6f87f8f058704efb4493d883efaba,2024-07,Surrey Police,Surrey Police,-0.619301,51.316423,On or near Parking Area,E01030977,Woking 007D,Public order,Further investigation is not in the public interest,
b1724c45bd1d65bbb69d4085df685d842fa812f1b6c3396491e6f8289fac5d0f,2024-07,Surrey Police,Surrey Police,-0.618055,51.318260,On or near Fosters Lane,E01030977,Woking 007D,Public order,Unable to prosecute suspect,
35640b84ca4773b83fe084b46467fb37365f83c6867bf1392f0f7c97de478c5e,2024-07,Surrey Police,Surrey Police,-0.617308,51.318287,On or near Petrol Station,E01030977,Woking 007D,Public order,Investigation complete; no suspect identified,
c7fc6966d2fb832a0c1e92a6275cca0e65b61254fa44306f28817495f15b8e5f,2024-07,Surrey Police,Surrey Police,-0.616884,51.318058,On or near Supermarket,E01030977,Woking 007D,Shoplifting,Further action is not in the public interest,
0c123633dec8db07db20b53401c68d8c6ec523c60a78242b34e7e1336f1c1201,2024-07,Surrey Police,Surrey Police,-0.616884,51.318058,On or near Supermarket,E01030977,Woking 007D,Shoplifting,Further action is not in the public interest,
7d19e798e0b5f49eb98db254318fd4bb226a564043972da15963608cdd4fc338,2024-07,Surrey Police,Surrey Police,-0.617308,51.318287,On or near Petrol Station,E01030977,Woking 007D,Shoplifting,Investigation complete; no suspect identified,
dcb62cab004b78e0d70aded7884ce33863c52f232e07b9d580da4546f8b342a7,2024-07,Surrey Police,Surrey Police,-0.617308,51.318287,On or near Petrol Station,E01030977,Woking 007D,Shoplifting,Investigation complete; no suspect identified,
ffc1086a096bddcbef310d4df0d4e2e2c1b10290f9a9368eb5d434136b86a2ae,2024-07,Surrey Police,Surrey Police,-0.617308,51.318287,On or near Petrol Station,E01030977,Woking 007D,Shoplifting,Unable to prosecute suspect,
4663f5677af37ff363c1b2f18cbc2828ab487ae06845fd64e6f20599451085a0,2024-07,Surrey Police,Surrey Police,-0.620087,51.315560,On or near Barton Close,E01030977,Woking 007D,Violence and sexual offences,Investigation complete; no suspect identified,
789f60d261cc632c3fedb50c26a4ec4c9933af08c94b02c2470e1a9616dbe02b,2024-07,Surrey Police,Surrey Police,-0.621160,51.317092,On or near Sussex Close,E01030977,Woking 007D,Violence and sexual offences,Investigation complete; no suspect identified,
46e32df975d1c034c374923a96fa990df7b00bd56bca5dc1d9676ac538e76c24,2024-07,Surrey Police,Surrey Police,-0.620087,51.315560,On or near Barton Close,E01030977,Woking 007D,Violence and sexual offences,Unable to prosecute suspect,
ff2a08caddf9923e79c55c7c98e0065ea363a9cd33bc2cf4d4f940aa23a7fda4,2024-07,Surrey Police,Surrey Police,-0.619301,51.316423,On or near Parking Area,E01030977,Woking 007D,Violence and sexual offences,Unable to prosecute suspect,
,2024-07,Surrey Police,Surrey Police,-0.614499,51.313857,On or near Cubitt Way,E01030979,Woking 007E,Anti-social behaviour,,
,2024-07,Surrey Police,Surrey Police,-0.622913,51.315972,On or near Sports/Recreation Area,E01030979,Woking 007E,Anti-social behaviour,,
,2024-07,Surrey Police,Surrey Police,-0.617337,51.315293,On or near Sports/Recreation Area,E01030979,Woking 007E,Anti-social behaviour,,
,2024-07,Surrey Police,Surrey Police,-0.617337,51.315293,On or near Sports/Recreation Area,E01030979,Woking 007E,Anti-social behaviour,,
be6360064c5dabb4c32560eafd0409be8597bf321c77f0b80f4716b69c01d71a,2024-07,Surrey Police,Surrey Police,-0.625589,51.311991,On or near Supermarket,E01030979,Woking 007E,Bicycle theft,Unable to prosecute suspect,
bacaae87e077954492d1b253d2af63a214b4902cdf85e9546281aee7b0ca2564,2024-07,Surrey Police,Surrey Police,-0.617337,51.315293,On or near Sports/Recreation Area,E01030979,Woking 007E,Criminal damage and arson,Investigation complete; no suspect identified,
3f38338fd5ae10060ad2e9e27a3974335a6b8aad654d7dc8d97afd2b6c2c6dc4,2024-07,Surrey Police,Surrey Police,-0.614499,51.313857,On or near Cubitt Way,E01030979,Woking 007E,Criminal damage and arson,Unable to prosecute suspect,
7bc454c70de9d76cd57063e78579a4d6ed9a2a38bfed15c02c3ac1ceb7a8b398,2024-07,Surrey Police,Surrey Police,-0.621939,51.314107,On or near Tringham Close,E01030979,Woking 007E,Criminal damage and arson,Unable to prosecute suspect,
dc7bd836aa811a97d16ebd259e381b9e861930281947591ce48bec45b9ba2933,2024-07,Surrey Police,Surrey Police,-0.621099,51.312937,On or near Redding Way,E01030979,Woking 007E,Criminal damage and arson,Investigation complete; no suspect identified,
b81da68657747d5a8225987b9c50f4f918040302e90997673fee6d583a127526,2024-07,Surrey Police,Surrey Police,-0.615590,51.315291,On or near Alexandra Gardens,E01030979,Woking 007E,Drugs,Unable to prosecute suspect,
f8760c0176a9440153be1bd2629be8eae129372dea7c99a2ca741f03f0de64c2,2024-07,Surrey Police,Surrey Police,-0.615590,51.315291,On or near Alexandra Gardens,E01030979,Woking 007E,Other theft,Investigation complete; no suspect identified,
061c4d412bcc3b7d4ba734c57ace69cfb1758dbe1a6c993653792ae9bed9bfd6,2024-07,Surrey Police,Surrey Police,-0.615590,51.315291,On or near Alexandra Gardens,E01030979,Woking 007E,Other theft,Investigation complete; no suspect identified,
92509772c7793d6e06c71799f2bb2637f767876531cd3c86e5dfdc5a971905df,2024-07,Surrey Police,Surrey Police,-0.614499,51.313857,On or near Cubitt Way,E01030979,Woking 007E,Other theft,Unable to prosecute suspect,
d6c6e7400824d6ac305cadd7a3d6f95cdcab9a4160ef2a1e352a4ecf5b7e277e,2024-07,Surrey Police,Surrey Police,-0.618208,51.313640,On or near Silistria Close,E01030979,Woking 007E,Other theft,Status update unavailable,
2062543188a07a0ba20421561721d5fdec6dca077492813ffd93315d5397c4fc,2024-07,Surrey Police,Surrey Police,-0.615590,51.315291,On or near Alexandra Gardens,E01030979,Woking 007E,Other theft,Investigation complete; no suspect identified,
e01f5c24eb38d2ca02306ec35943029ff2279160e0d5d8950e32eba15b23e976,2024-07,Surrey Police,Surrey Police,-0.614499,51.313857,On or near Cubitt Way,E01030979,Woking 007E,Public order,Investigation complete; no suspect identified,
dee3142e53a4986d60bdc9166490e4bca61dfca5fa50048900606ab75fb09d81,2024-07,Surrey Police,Surrey Police,-0.615590,51.315291,On or near Alexandra Gardens,E01030979,Woking 007E,Public order,Unable to prosecute suspect,
c9990d5dde65c8ee17d510aefad0858f6b4428cfc26b6b0fe387ed8cb6328e50,2024-07,Surrey Police,Surrey Police,-0.622110,51.315089,On or near Broadway,E01030979,Woking 007E,Public order,Investigation complete; no suspect identified,
758cff7ed40a97fdc0b6d4cf794249604a137063453de90da3200ecdc2ea2302,2024-07,Surrey Police,Surrey Police,-0.625589,51.311991,On or near Supermarket,E01030979,Woking 007E,Shoplifting,Investigation complete; no suspect identified,
3d068092f05df110e0033883ede688219ab41f5915027a2b37314651857cb8d2,2024-07,Surrey Police,Surrey Police,-0.615590,51.315291,On or near Alexandra Gardens,E01030979,Woking 007E,Theft from the person,Unable to prosecute suspect,
4a0eaf3924ff871c70edddf230cc225c29f994c883c378d685f24eb30ef208a1,2024-07,Surrey Police,Surrey Police,-0.625589,51.311991,On or near Supermarket,E01030979,Woking 007E,Vehicle crime,Investigation complete; no suspect identified,
f2a9ae6031e6c32272f4a6b12729c23bb72b15625c0c7c4f2c2eb23d18dd1afc,2024-07,Surrey Police,Surrey Police,-0.614499,51.313857,On or near Cubitt Way,E01030979,Woking 007E,Violence and sexual offences,Unable to prosecute suspect,
c63a5c4f22690565e6b2491045665ca67fe3ddc93a9ad38301b05c95277a6db1,2024-07,Surrey Police,Surrey Police,-0.622985,51.311754,On or near Petrol Station,E01030979,Woking 007E,Violence and sexual offences,Unable to prosecute suspect,
b81ebc2e18a4714d857b558e4825c987a7ac4a4393c5398852334ac3a527f3b1,2024-07,Surrey Police,Surrey Police,-0.614499,51.313857,On or near Cubitt Way,E01030979,Woking 007E,Violence and sexual offences,Unable to prosecute suspect,
2ce9d0f49ac86e1365c4ceb97bc0d469c644103b836ffe20a62c10c89e22777c,2024-07,Surrey Police,Surrey Police,-0.615590,51.315291,On or near Alexandra Gardens,E01030979,Woking 007E,Violence and sexual offences,Unable to prosecute suspect,
899559f1a8508ce37836304cb2a370a3392f435630b5693c1fbf674940995e16,2024-07,Surrey Police,Surrey Police,-0.614499,51.313857,On or near Cubitt Way,E01030979,Woking 007E,Violence and sexual offences,Unable to prosecute suspect,
12ebaa0ec99873926eddcdd6c02f844cf57ba763bdc07902b445611addedfa59,2024-07,Surrey Police,Surrey Police,-0.615590,51.315291,On or near Alexandra Gardens,E01030979,Woking 007E,Violence and sexual offences,Investigation complete; no suspect identified,
7c76d330bfe4e414aae7271d9b7b457fb69087f6b8c4a461eb87f75dc9205587,2024-07,Surrey Police,Surrey Police,-0.614499,51.313857,On or near Cubitt Way,E01030979,Woking 007E,Violence and sexual offences,Investigation complete; no suspect identified,
2fb6c77174bad219f7d19a72b78d983ce4a7b47c2bceb06b4e4043e21ba3b260,2024-07,Surrey Police,Surrey Police,-0.614499,51.313857,On or near Cubitt Way,E01030979,Woking 007E,Violence and sexual offences,Unable to prosecute suspect,
dd46af0aa463133a1ae3f880ba6888f3a38a069db3d304b47ab78ca1bba03f8c,2024-07,Surrey Police,Surrey Police,-0.615590,51.315291,On or near Alexandra Gardens,E01030979,Woking 007E,Violence and sexual offences,Unable to prosecute suspect,
693c339925c2a36949bcfc00cccba24895ffb4af8931930090eca088a0d8377a,2024-07,Surrey Police,Surrey Police,-0.617337,51.315293,On or near Sports/Recreation Area,E01030979,Woking 007E,Violence and sexual offences,Investigation complete; no suspect identified,
bcb94a5fd0cec8b28046c6fba5b2676ea59fb98e892afa2a721ed8db560b9beb,2024-07,Surrey Police,Surrey Police,-0.615590,51.315291,On or near Alexandra Gardens,E01030979,Woking 007E,Violence and sexual offences,Unable to prosecute suspect,
a132e96bc9dfd8e8bdb062a7904083e4c806889e35141997daea1cc80ebe7f9e,2024-07,Surrey Police,Surrey Police,-0.625589,51.311991,On or near Supermarket,E01030979,Woking 007E,Violence and sexual offences,Court result unavailable,
f20a5757da523dd6eb88f3ac0cbe613db5e9138dc440fff68a151168186198a4,2024-07,Surrey Police,Surrey Police,-0.615590,51.315291,On or near Alexandra Gardens,E01030979,Woking 007E,Violence and sexual offences,Unable to prosecute suspect,
6f1bcd2f872d3d1e920f0d94f49315b42e72e0c50ef523558ecef5d594624029,2024-07,Surrey Police,Surrey Police,-0.615590,51.315291,On or near Alexandra Gardens,E01030979,Woking 007E,Violence and sexual offences,Unable to prosecute suspect,
799a57f582b0a7539a951f9385c5e5f28d2ae5a6ca716389cd4a067023b689ad,2024-07,Surrey Police,Surrey Police,-0.615590,51.315291,On or near Alexandra Gardens,E01030979,Woking 007E,Violence and sexual offences,Unable to prosecute suspect,
a66e7714fc7fa20efd942176bcdcbfd041a450e17cf06546bea438fc5d15844d,2024-07,Surrey Police,Surrey Police,-0.623332,51.313107,On or near Hampton Close,E01030979,Woking 007E,Violence and sexual offences,Unable to prosecute suspect,
ababbd266f6dc02a39aca6126383d740b82df60f671149d260965efa712c1447,2024-07,Surrey Police,Surrey Police,-0.615590,51.315291,On or near Alexandra Gardens,E01030979,Woking 007E,Violence and sexual offences,Unable to prosecute suspect,
200d220fcf596a77e784724c8f03277c1ca035036b85db285bcd89f292522c80,2024-07,Surrey Police,Surrey Police,-0.615590,51.315291,On or near Alexandra Gardens,E01030979,Woking 007E,Violence and sexual offences,Unable to prosecute suspect,
562b965dd928e291a89a1dd897422ba868979d240bfae40f3709476c46236289,2024-07,Surrey Police,Surrey Police,-0.621099,51.312937,On or near Redding Way,E01030979,Woking 007E,Violence and sexual offences,Unable to prosecute suspect,
,2024-07,Surrey Police,Surrey Police,-0.562570,51.318024,On or near Church Street West,E01030954,Woking 008A,Anti-social behaviour,,
,2024-07,Surrey Police,Surrey Police,-0.560409,51.320138,On or near Shopping Area,E01030954,Woking 008A,Anti-social behaviour,,
,2024-07,Surrey Police,Surrey Police,-0.553933,51.321173,On or near Stanley Road,E01030954,Woking 008A,Anti-social behaviour,,
,2024-07,Surrey Police,Surrey Police,-0.557471,51.319330,On or near Nightclub,E01030954,Woking 008A,Anti-social behaviour,,
,2024-07,Surrey Police,Surrey Police,-0.556767,51.320030,On or near Commercial Way,E01030954,Woking 008A,Anti-social behaviour,,
,2024-07,Surrey Police,Surrey Police,-0.556663,51.321530,On or near Parking Area,E01030954,Woking 008A,Anti-social behaviour,,
,2024-07,Surrey Police,Surrey Police,-0.568037,51.316643,On or near Kingsway Avenue,E01030954,Woking 008A,Anti-social behaviour,,
,2024-07,Surrey Police,Surrey Police,-0.568037,51.316643,On or near Kingsway Avenue,E01030954,Woking 008A,Anti-social behaviour,,
,2024-07,Surrey Police,Surrey Police,-0.568037,51.316643,On or near Kingsway Avenue,E01030954,Woking 008A,Anti-social behaviour,,
,2024-07,Surrey Police,Surrey Police,-0.557471,51.319330,On or near Nightclub,E01030954,Woking 008A,Anti-social behaviour,,
,2024-07,Surrey Police,Surrey Police,-0.556663,51.321530,On or near Parking Area,E01030954,Woking 008A,Anti-social behaviour,,
,2024-07,Surrey Police,Surrey Police,-0.558376,51.318593,On or near Chapel Street,E01030954,Woking 008A,Anti-social behaviour,,
,2024-07,Surrey Police,Surrey Police,-0.553933,51.321173,On or near Stanley Road,E01030954,Woking 008A,Anti-social behaviour,,
,2024-07,Surrey Police,Surrey Police,-0.568037,51.316643,On or near Kingsway Avenue,E01030954,Woking 008A,Anti-social behaviour,,
,2024-07,Surrey Police,Surrey Police,-0.559507,51.319137,On or near Parking Area,E01030954,Woking 008A,Anti-social behaviour,,
,2024-07,Surrey Police,Surrey Police,-0.555581,51.319862,On or near Addison Road,E01030954,Woking 008A,Anti-social behaviour,,
78088df07e3f2e58411f4a8c5aad19c2bc9fc06131011263850e641d4a5588c9,2024-07,Surrey Police,Surrey Police,-0.559273,51.317921,On or near High Street,E01030954,Woking 008A,Bicycle theft,Unable to prosecute suspect,
ece1d296ba6dc9abc6c6c9f672fe9d822e4ed91083ea0283ce7353893d55e6b8,2024-07,Surrey Police,Surrey Police,-0.556663,51.321530,On or near Parking Area,E01030954,Woking 008A,Burglary,Investigation complete; no suspect identified,
9cbb5df4bbe65c2cdb91d0d1555fe832826d661db2ac370abc2e0e5ef422f16c,2024-07,Surrey Police,Surrey Police,-0.561387,51.319161,On or near Parking Area,E01030954,Woking 008A,Burglary,Unable to prosecute suspect,
ade85dd5903b4cc06790059ebc3fcfaa63b44d90ab4ac897fd642fd52a226c92,2024-07,Surrey Police,Surrey Police,-0.559507,51.319137,On or near Parking Area,E01030954,Woking 008A,Criminal damage and arson,Investigation complete; no suspect identified,
9ebbf0353e58db90c91f06a5f2b9b1899fe69c7a0918dffffb75ed4025e605dd,2024-07,Surrey Police,Surrey Police,-0.562570,51.318024,On or near Church Street West,E01030954,Woking 008A,Criminal damage and arson,Awaiting court outcome,
b167361551671f33cb1139323a69b6c1f25e3eb24f4792d5bf23857d191a8195,2024-07,Surrey Police,Surrey Police,-0.559168,51.321264,On or near Victoria Way,E01030954,Woking 008A,Criminal damage and arson,Court result unavailable,
cb575c59b4efa6d4bcf52bbbf3cda7015afc60ab9513662fe0a879010653efdc,2024-07,Surrey Police,Surrey Police,-0.558376,51.318593,On or near Chapel Street,E01030954,Woking 008A,Criminal damage and arson,Investigation complete; no suspect identified,
d9e91b3b4cf8b44251395401d08e1bd0d06fc42ff83ea93b523546e2da9fe224,2024-07,Surrey Police,Surrey Police,-0.555581,51.319862,On or near Addison Road,E01030954,Woking 008A,Criminal damage and arson,Investigation complete; no suspect identified,
4e7df7cb2c5cd5084cc4cd0e51d03dd8972397d3e2c7aab5f8db4e46b2159019,2024-07,Surrey Police,Surrey Police,-0.562570,51.318024,On or near Church Street West,E01030954,Woking 008A,Criminal damage and arson,Investigation complete; no suspect identified,
6f1ff147094b33e35158e321b1c42f1c287071e0054adf9d709cf49cd872c73f,2024-07,Surrey Police,Surrey Police,-0.565463,51.316819,On or near Poole Road,E01030954,Woking 008A,Criminal damage and arson,Investigation complete; no suspect identified,
f93dff5a88fee0b042b507a7b4055c85104dcdd2c1a7d6a6b74cfb698f717972,2024-07,Surrey Police,Surrey Police,-0.555581,51.319862,On or near Addison Road,E01030954,Woking 008A,Drugs,Unable to prosecute suspect,
ff76085629679ee049ee64a0b6feb18ec43bef1b7635ca29d785bd4fabe2b6e7,2024-07,Surrey Police,Surrey Police,-0.559273,51.317921,On or near High Street,E01030954,Woking 008A,Drugs,Investigation complete; no suspect identified,
1dee0f13afb1e6c15c19f6cebe6cc3bec9eff4e9af7641f68b9dfcc5f8b6e5d8,2024-07,Surrey Police,Surrey Police,-0.559273,51.317921,On or near High Street,E01030954,Woking 008A,Drugs,Investigation complete; no suspect identified,
56c7d7d3a2da9c165d590e7d5e4c7f1f764690a5a4036d940eb57d178984c7e5,2024-07,Surrey Police,Surrey Police,-0.568037,51.316643,On or near Kingsway Avenue,E01030954,Woking 008A,Other theft,Investigation complete; no suspect identified,
278b78c6bb37266d4e3d7bf7d00798910d61c81f17299b700f66d03b2667f571,2024-07,Surrey Police,Surrey Police,-0.559273,51.317921,On or near High Street,E01030954,Woking 008A,Other theft,Investigation complete; no suspect identified,
b4f6c0a85d6e2e3e26445e12b9a2f97401aaf7b611a47114b8957fed2ceca8f6,2024-07,Surrey Police,Surrey Police,-0.568037,51.316643,On or near Kingsway Avenue,E01030954,Woking 008A,Other theft,Investigation complete; no suspect identified,
f8d73db6780d7e2524eae58841828d8697215e1b4d76b48c9370d30d17d841df,2024-07,Surrey Police,Surrey Police,-0.568037,51.316643,On or near Kingsway Avenue,E01030954,Woking 008A,Other theft,Investigation complete; no suspect identified,
971731a7a6f5a417bbe5b49d07f2750b47cac10402c72b953c9dcddbe6689016,2024-07,Surrey Police,Surrey Police,-0.561387,51.319161,On or near Parking Area,E01030954,Woking 008A,Other theft,Investigation complete; no suspect identified,
350c4a2d27facce6b6de45a4a33a8760d8bcd0f2836a9cd48078008b522974f9,2024-07,Surrey Police,Surrey Police,-0.568037,51.316643,On or near Kingsway Avenue,E01030954,Woking 008A,Other theft,Investigation complete; no suspect identified,
d5879a2ce282c13a32d98e288eaaab7a959008467204563b2a781f4ffcba4267,2024-07,Surrey Police,Surrey Police,-0.556120,51.319159,On or near The Broadway,E01030954,Woking 008A,Public order,Unable to prosecute suspect,
622dc92612cec67c27ab930765a70b0a448111e332a4d2fbad1e64c40404c1af,2024-07,Surrey Police,Surrey Police,-0.558376,51.318593,On or near Chapel Street,E01030954,Woking 008A,Public order,Unable to prosecute suspect,
a4dddbda4c6f1d8cb373ad18f850ccd267cdb51d9a48982787fdd973a24bfb33,2024-07,Surrey Police,Surrey Police,-0.555581,51.319862,On or near Addison Road,E01030954,Woking 008A,Public order,Unable to prosecute suspect,
83e7035344df66046a68a71bd6f4a6bdfd4526ab965a118af006d6a3363a54f6,2024-07,Surrey Police,Surrey Police,-0.562570,51.318024,On or near Church Street West,E01030954,Woking 008A,Public order,Awaiting court outcome,
864a7bcdc461d10af494228b46998758c71cde4dbd6cef4eed61815873463749,2024-07,Surrey Police,Surrey Police,-0.562570,51.318024,On or near Church Street West,E01030954,Woking 008A,Public order,Awaiting court outcome,
567c36a0ccd3dc0d883f9c3b38f60dc4cffe78bb7c5a193f0a5ec628709459f6,2024-07,Surrey Police,Surrey Police,-0.559273,51.317921,On or near High Street,E01030954,Woking 008A,Public order,Investigation complete; no suspect identified,
efe669029c2f457fdae17cc8e4b016f3e7a6ea9cc4d0501f34d9262acab1718e,2024-07,Surrey Police,Surrey Police,-0.556663,51.321530,On or near Parking Area,E01030954,Woking 008A,Public order,Unable to prosecute suspect,
a0ae3ce27db9d77f5de429ee07ae3b126fd4f429e5e025b88966aa12425834bc,2024-07,Surrey Police,Surrey Police,-0.559507,51.319137,On or near Parking Area,E01030954,Woking 008A,Public order,Investigation complete; no suspect identified,
5e1c5786acb63ff7fe2e5dcddc0798818fe91665377958e2f9c21a0002b79b33,2024-07,Surrey Police,Surrey Police,-0.561387,51.319161,On or near Parking Area,E01030954,Woking 008A,Public order,Unable to prosecute suspect,
bb1cc831e3095c9589860e1f8d64473c0a2275e7c4557b21afac7144f5063c80,2024-07,Surrey Police,Surrey Police,-0.557959,51.320000,On or near Conference/Exhibition Centre,E01030954,Woking 008A,Public order,Unable to prosecute suspect,
7ee9b7fcd8cddeff8e364a4911d4d72496b1288d1daf41d529b86024cd53d2c5,2024-07,Surrey Police,Surrey Police,-0.568037,51.316643,On or near Kingsway Avenue,E01030954,Woking 008A,Shoplifting,Investigation complete; no suspect identified,
7c58d1b16976f36e930468c7e1d085c3f04a0b891afed8699ce48a1b26d338c9,2024-07,Surrey Police,Surrey Police,-0.568037,51.316643,On or near Kingsway Avenue,E01030954,Woking 008A,Shoplifting,Investigation complete; no suspect identified,
6005fc6256f0fe4df5516e7c9465efa06e98988563c5552124fe077355b1d8bb,2024-07,Surrey Police,Surrey Police,-0.561387,51.319161,On or near Parking Area,E01030954,Woking 008A,Shoplifting,Unable to prosecute suspect,
109ef3ac9886eaceb0f57b57e0d9802b2767ee0c35a5ea1873dd3d259605bf97,2024-07,Surrey Police,Surrey Police,-0.568037,51.316643,On or near Kingsway Avenue,E01030954,Woking 008A,Shoplifting,Unable to prosecute suspect,
12fdcead8530f637995804625e4d385c54540d8043334ae91ea9ea8fbf248e15,2024-07,Surrey Police,Surrey Police,-0.568037,51.316643,On or near Kingsway Avenue,E01030954,Woking 008A,Shoplifting,Investigation complete; no suspect identified,
36f18d409cf7a4eb11dd836fe631fd2562339e30781771780760445ff31593df,2024-07,Surrey Police,Surrey Police,-0.568037,51.316643,On or near Kingsway Avenue,E01030954,Woking 008A,Shoplifting,Unable to prosecute suspect,
3cf53c6e6c7e95734c48a305cb69bec7c7a47e0e3b161a2145f62407d5006363,2024-07,Surrey Police,Surrey Police,-0.556767,51.320030,On or near Commercial Way,E01030954,Woking 008A,Shoplifting,Investigation complete; no suspect identified,
f8a4c3b9c6fa0b07b92ada70777ed9abdcb752f8c1a26c81081253bb2f2b09e7,2024-07,Surrey Police,Surrey Police,-0.568037,51.316643,On or near Kingsway Avenue,E01030954,Woking 008A,Shoplifting,Investigation complete; no suspect identified,
19c00aa08404ef57b43ef5b7bb43b9181f8ab0fe2416df56f74ebffc420b5590,2024-07,Surrey Police,Surrey Police,-0.555581,51.319862,On or near Addison Road,E01030954,Woking 008A,Shoplifting,Unable to prosecute suspect,
4447f904bf2b6a8f927a107a5ceeae16b958d2ed7e4762911e1b8d42eb3c4ccd,2024-07,Surrey Police,Surrey Police,-0.568037,51.316643,On or near Kingsway Avenue,E01030954,Woking 008A,Shoplifting,Unable to prosecute suspect,
41737875aa45c2ce21f189eeb9e9e8b2704df405453df3eb2586f64f788343e1,2024-07,Surrey Police,Surrey Police,-0.559739,51.319068,On or near Supermarket,E01030954,Woking 008A,Shoplifting,Unable to prosecute suspect,
ec6cac5e88dfc238881cd4b3f04c3a9918b3b9cced1c66347f363464e15fab65,2024-07,Surrey Police,Surrey Police,-0.570279,51.314252,On or near De Lara Way,E01030954,Woking 008A,Shoplifting,Investigation complete; no suspect identified,
2f35fb983869ab2ee1fe2f8139ade37a9338da909db125971d60608b850c7454,2024-07,Surrey Police,Surrey Police,-0.559507,51.319137,On or near Parking Area,E01030954,Woking 008A,Shoplifting,Unable to prosecute suspect,
40714084848b903f080cf777feca735b7e9210a5bb23eb710b6e650be417c642,2024-07,Surrey Police,Surrey Police,-0.557471,51.319330,On or near Nightclub,E01030954,Woking 008A,Theft from the person,Investigation complete; no suspect identified,
6967733ce584bad6be62367f6aa1589eea0f7aa2da7bd696646e75bd9d2c6a86,2024-07,Surrey Police,Surrey Police,-0.557471,51.319330,On or near Nightclub,E01030954,Woking 008A,Theft from the person,Investigation complete; no suspect identified,
54dc10a40e8c857e651a54b8626cb47aad3db1582ccb6ff7a564f77b6abb031e,2024-07,Surrey Police,Surrey Police,-0.556663,51.321530,On or near Parking Area,E01030954,Woking 008A,Violence and sexual offences,Unable to prosecute suspect,
698350d3e8a0cb1b17cba745ccfc201cff8bded5665ade3c94e799c8a1b1de31,2024-07,Surrey Police,Surrey Police,-0.559507,51.319137,On or near Parking Area,E01030954,Woking 008A,Violence and sexual offences,Unable to prosecute suspect,
4437701d94d668ec192a757fa236e7502094d3d788f447c1997c530181907463,2024-07,Surrey Police,Surrey Police,-0.562570,51.318024,On or near Church Street West,E01030954,Woking 008A,Violence and sexual offences,Awaiting court outcome,
4641fe9b3449aa13a59c7273ae85007ba1d8be4a54dcbc559f85157e4c7b5572,2024-07,Surrey Police,Surrey Police,-0.555581,51.319862,On or near Addison Road,E01030954,Woking 008A,Violence and sexual offences,Unable to prosecute suspect,
1c7e7c40812a288f4c0ae3167b3ba1d95d933cc453d40a648107d3b23c4c857b,2024-07,Surrey Police,Surrey Police,-0.559168,51.321264,On or near Victoria Way,E01030954,Woking 008A,Violence and sexual offences,Unable to prosecute suspect,
0b33f4aa6b8414ad136dec93f2cd2629f2c20e67b6e5b6c6ef694c8e34416265,2024-07,Surrey Police,Surrey Police,-0.568875,51.317382,On or near Step Bridge Path,E01030954,Woking 008A,Violence and sexual offences,Unable to prosecute suspect,
1b295a4c489775046a4ef5eef88cd3b18e62666f8d572a73f19d66186c998f7f,2024-07,Surrey Police,Surrey Police,-0.555581,51.319862,On or near Addison Road,E01030954,Woking 008A,Violence and sexual offences,Unable to prosecute suspect,
abbbcc722c414382e4bde9e800542870d4c6838d7da3dfb6b8267657014661e4,2024-07,Surrey Police,Surrey Police,-0.561387,51.319161,On or near Parking Area,E01030954,Woking 008A,Violence and sexual offences,Unable to prosecute suspect,
0922349c61e826fbb753642bf577feb6d2fde837019e7dd40770c0433b31d942,2024-07,Surrey Police,Surrey Police,-0.555581,51.319862,On or near Addison Road,E01030954,Woking 008A,Violence and sexual offences,Investigation complete; no suspect identified,
7eaf4047a2e84d69a1328357f35b320186e2337809f571b209d36fe83695329d,2024-07,Surrey Police,Surrey Police,-0.556767,51.320030,On or near Commercial Way,E01030954,Woking 008A,Violence and sexual offences,Investigation complete; no suspect identified,
4ca5a49e13aff89e2657d5c489547c52c6ca2dba7144562152b318c968740e5c,2024-07,Surrey Police,Surrey Police,-0.560088,51.319855,On or near Parking Area,E01030954,Woking 008A,Violence and sexual offences,Unable to prosecute suspect,
6e0ae1414f7b90713710638502b453c5ef9c4b1f2573445ca2646f461ac2d023,2024-07,Surrey Police,Surrey Police,-0.557471,51.319330,On or near Nightclub,E01030954,Woking 008A,Violence and sexual offences,Unable to prosecute suspect,
fda5dac042f372e86c413bf1112ed4e8b009fd521be2e83e5bd39808f039fa25,2024-07,Surrey Police,Surrey Police,-0.561387,51.319161,On or near Parking Area,E01030954,Woking 008A,Violence and sexual offences,Offender given a caution,
1f5939781f2635eac788b299c9881ced7acda3ab537f24fcec9ea8f7f1a815ea,2024-07,Surrey Police,Surrey Police,-0.562570,51.318024,On or near Church Street West,E01030954,Woking 008A,Violence and sexual offences,Investigation complete; no suspect identified,
186d0d8573152b0a7726948c333a2a99287fc56aeba94ea3e21fca6bc95028ef,2024-07,Surrey Police,Surrey Police,-0.555581,51.319862,On or near Addison Road,E01030954,Woking 008A,Other crime,Unable to prosecute suspect,
6870e5deb89649c2d9159fb3358c024e47023fa897f280cf34d7aeca7ff85e80,2024-07,Surrey Police,Surrey Police,-0.555581,51.319862,On or near Addison Road,E01030954,Woking 008A,Other crime,Action to be taken by another organisation,
,2024-07,Surrey Police,Surrey Police,-0.572015,51.318877,On or near Arthur'S Bridge Road,E01030969,Woking 008B,Anti-social behaviour,,
,2024-07,Surrey Police,Surrey Police,-0.572015,51.318877,On or near Arthur'S Bridge Road,E01030969,Woking 008B,Anti-social behaviour,,
f03661d61a62a425214f8e092c6568b1b3ad9d3dd30b5409e185886bff0e82eb,2024-07,Surrey Police,Surrey Police,-0.574692,51.323711,On or near Supermarket,E01030969,Woking 008B,Criminal damage and arson,Investigation complete; no suspect identified,
7554243c265906efea97e87aa1de8785578786e817886be1545985cb0fc1c542,2024-07,Surrey Police,Surrey Police,-0.574692,51.323711,On or near Supermarket,E01030969,Woking 008B,Shoplifting,Investigation complete; no suspect identified,
66110975b31cf5aa329e35a5091054142a3de9f13a4f6863cf4302212f886955,2024-07,Surrey Police,Surrey Police,-0.574692,51.323711,On or near Supermarket,E01030969,Woking 008B,Shoplifting,Awaiting court outcome,
a9b0ff99de017b8f87a9952787311297270b16ccb851cb2e6adb56360b14045c,2024-07,Surrey Police,Surrey Police,-0.574692,51.323711,On or near Supermarket,E01030969,Woking 008B,Shoplifting,Court result unavailable,
9616e207c7e4484fbdf9a46d63b3278ccea3d4e23bcf43567a852e3d50949232,2024-07,Surrey Police,Surrey Police,-0.574692,51.323711,On or near Supermarket,E01030969,Woking 008B,Violence and sexual offences,Investigation complete; no suspect identified,
b4f6b609fcf1f45ea3087d8e1255490128bb1063373331965f7556467183da41,2024-07,Surrey Police,Surrey Police,-0.574630,51.320608,On or near St Mary'S Road,E01030970,Woking 008C,Public order,Unable to prosecute suspect,
,2024-07,Surrey Police,Surrey Police,-0.559434,51.311394,On or near Green View,E01030991,Woking 008D,Anti-social behaviour,,
,2024-07,Surrey Police,Surrey Police,-0.559475,51.312384,On or near Woodlands,E01030991,Woking 008D,Anti-social behaviour,,
,2024-07,Surrey Police,Surrey Police,-0.559434,51.311394,On or near Green View,E01030991,Woking 008D,Anti-social behaviour,,
3c9ac075949c6b55ee38d96aaf98be6332fd5ffa64153108265aa60d4f5d34a2,2024-07,Surrey Police,Surrey Police,-0.563452,51.313692,On or near Lampeter Close,E01030991,Woking 008D,Other theft,Local resolution,
b4a924865d336a6cf1b826946cf2a75f0e70cf07642c1cbd73da3cdada85f4ff,2024-07,Surrey Police,Surrey Police,-0.563452,51.313692,On or near Lampeter Close,E01030991,Woking 008D,Public order,Court result unavailable,
ba9cba70760f220e878ded2cf30550186d04ff5077ca9f9c81d74fe8132f3894,2024-07,Surrey Police,Surrey Police,-0.559434,51.311394,On or near Green View,E01030991,Woking 008D,Violence and sexual offences,Investigation complete; no suspect identified,
acd9d325a4f112a91cf2e5f4cdaedf26097c796f51aac52aa81b601e0c65ba1d,2024-07,Surrey Police,Surrey Police,-0.561736,51.312582,On or near Guildford Road,E01030991,Woking 008D,Other crime,Awaiting court outcome,
,2024-07,Surrey Police,Surrey Police,-0.559309,51.316752,On or near Victoria Road,E01034294,Woking 008F,Anti-social behaviour,,
,2024-07,Surrey Police,Surrey Police,-0.558810,51.316035,On or near Police Station,E01034294,Woking 008F,Anti-social behaviour,,
,2024-07,Surrey Police,Surrey Police,-0.555818,51.316898,On or near Heathside Crescent,E01034294,Woking 008F,Anti-social behaviour,,
,2024-07,Surrey Police,Surrey Police,-0.559309,51.316752,On or near Victoria Road,E01034294,Woking 008F,Anti-social behaviour,,
,2024-07,Surrey Police,Surrey Police,-0.562250,51.315412,On or near Bradfield Close,E01034294,Woking 008F,Anti-social behaviour,,
,2024-07,Surrey Police,Surrey Police,-0.562250,51.315412,On or near Bradfield Close,E01034294,Woking 008F,Anti-social behaviour,,
5d3c19e266319046d8b62ab4c327285e32a41f4e87becde011efa01f649551e4,2024-07,Surrey Police,Surrey Police,-0.558810,51.316035,On or near Police Station,E01034294,Woking 008F,Criminal damage and arson,Unable to prosecute suspect,
05a5753f61293362d726deb1661b9354d1f3041a5dccf435b82b57c56909d47b,2024-07,Surrey Police,Surrey Police,-0.562250,51.315412,On or near Bradfield Close,E01034294,Woking 008F,Criminal damage and arson,Investigation complete; no suspect identified,
c1b52b1a1bbe127a0299bd34f7ed6b5524c9836195133b08a8bd759cac1b0557,2024-07,Surrey Police,Surrey Police,-0.559309,51.316752,On or near Victoria Road,E01034294,Woking 008F,Criminal damage and arson,Investigation complete; no suspect identified,
81a9ba7b534d9fbafdb1070f537bed87ae297f20ae43081cac226b921c48f338,2024-07,Surrey Police,Surrey Police,-0.559309,51.316752,On or near Victoria Road,E01034294,Woking 008F,Drugs,Court result unavailable,
a2c95661bae1addd3d69e15a7afe29130b4c507ad6289703136e783b257ace82,2024-07,Surrey Police,Surrey Police,-0.558810,51.316035,On or near Police Station,E01034294,Woking 008F,Drugs,Formal action is not in the public interest,
e6a1e8f88298ce121937dccc4b7f45e5efee420798b783ac88610dab8c652516,2024-07,Surrey Police,Surrey Police,-0.555818,51.316898,On or near Heathside Crescent,E01034294,Woking 008F,Drugs,Local resolution,
3c5213aaba22f3055009a92263c28558ffda478877eef5a708ab28e905374ddc,2024-07,Surrey Police,Surrey Police,-0.559309,51.316752,On or near Victoria Road,E01034294,Woking 008F,Other theft,Investigation complete; no suspect identified,
bb1a50d5151a21dbe53bd079afedebbf59ceb66a85020378c35e7c8c5fb1a275,2024-07,Surrey Police,Surrey Police,-0.559309,51.316752,On or near Victoria Road,E01034294,Woking 008F,Public order,Court result unavailable,
5fa232c50af99fff12bd551abf46c66661e94113a4aececb6a2fb200f3c9021b,2024-07,Surrey Police,Surrey Police,-0.558810,51.316035,On or near Police Station,E01034294,Woking 008F,Public order,Unable to prosecute suspect,
0a39e720f28afea15e448ba9eecb4614b09ead8e3002facd1c5135fdfe53be5c,2024-07,Surrey Police,Surrey Police,-0.558810,51.316035,On or near Police Station,E01034294,Woking 008F,Public order,Unable to prosecute suspect,
8920852cd4b85947fb2f41db81861361857be33351e63ce71697da1d59639cec,2024-07,Surrey Police,Surrey Police,-0.559309,51.316752,On or near Victoria Road,E01034294,Woking 008F,Shoplifting,Court result unavailable,
39e22902ae7ed0ff620fa3614eee0a4c52bf76fafed7e4f7fa08460e4302d64a,2024-07,Surrey Police,Surrey Police,-0.562250,51.315412,On or near Bradfield Close,E01034294,Woking 008F,Violence and sexual offences,Local resolution,
3e214bfb6b478e2c41797bb12003a9ad4ecbaec4bdeeb0a906fd409c0764fc1e,2024-07,Surrey Police,Surrey Police,-0.558810,51.316035,On or near Police Station,E01034294,Woking 008F,Violence and sexual offences,Status update unavailable,
80b7365fd7ccfba2a24b29689add82877b7cd93772feb7cf29aa255929d70fdf,2024-07,Surrey Police,Surrey Police,-0.558810,51.316035,On or near Police Station,E01034294,Woking 008F,Violence and sexual offences,Unable to prosecute suspect,
,2024-07,Surrey Police,Surrey Police,-0.561558,51.314136,On or near Montgomery Road,E01034295,Woking 008G,Anti-social behaviour,,
,2024-07,Surrey Police,Surrey Police,-0.561558,51.314136,On or near Montgomery Road,E01034295,Woking 008G,Anti-social behaviour,,
99dedf4f1429c0de7727967615b51595c5d547e7a319e3d049ea4d474f7d4f42,2024-07,Surrey Police,Surrey Police,-0.561558,51.314136,On or near Montgomery Road,E01034295,Woking 008G,Criminal damage and arson,Investigation complete; no suspect identified,
4fe76eaaa0f0b5f9df3f44c91aaf7b42603c5114911c7d7981d8c0193e0e9878,2024-07,Surrey Police,Surrey Police,-0.557633,51.313917,On or near Hill View Road,E01034295,Woking 008G,Other theft,Status update unavailable,
62b78dd6c12196d63ef210341293b9a592f9d44e282e0fd0083c5efc3f1bbf9d,2024-07,Surrey Police,Surrey Police,-0.557633,51.313917,On or near Hill View Road,E01034295,Woking 008G,Public order,Unable to prosecute suspect,
ebc87758eaa97350a38ba571414cbdf4890949196449b3583e9012ce2098ba7a,2024-07,Surrey Police,Surrey Police,-0.561558,51.314136,On or near Montgomery Road,E01034295,Woking 008G,Public order,Awaiting court outcome,
505bbe1f72f54106f258e482f23906b94349f60554c78179df674e3a4668eaba,2024-07,Surrey Police,Surrey Police,-0.556304,51.315132,On or near Hospital,E01034295,Woking 008G,Violence and sexual offences,Unable to prosecute suspect,
cb9010c989d7db77eefa8734e955391a3f4e0523ee68199283aa953d218b5b92,2024-07,Surrey Police,Surrey Police,-0.556145,51.313332,On or near Fircroft Close,E01034295,Woking 008G,Violence and sexual offences,Status update unavailable,
318119730d66fa3b81c036bd5298c402eaeb87fe0ed956752ca3ca7018cbea87,2024-07,Surrey Police,Surrey Police,-0.563029,51.312976,On or near Everlands Close,E01034295,Woking 008G,Violence and sexual offences,Unable to prosecute suspect,
a61fd1453183deb2002b4292d36257ec07ae1db4664bd3a20163ca9382d1c62f,2024-07,Surrey Police,Surrey Police,-0.561558,51.314136,On or near Montgomery Road,E01034295,Woking 008G,Violence and sexual offences,Unable to prosecute suspect,
3b2f8f62e0f22255929b375dde578597e0361e8caaadd975b03c9ab06af8b83c,2024-07,Surrey Police,Surrey Police,-0.555159,51.313194,On or near Ockenden Close,E01034295,Woking 008G,Violence and sexual offences,Investigation complete; no suspect identified,
03eecc58061a4693c3745f4aac789fc62bb4f6fa99eaf865d8b3154552c9b3b0,2024-07,Surrey Police,Surrey Police,-0.555910,51.315802,On or near Marcus Court,E01034295,Woking 008G,Other crime,Unable to prosecute suspect,
d3abafb993736c4d4ba89cbe6ab0eec0eb828cb8d5b402c41d6afdea5cb8f5ac,2024-07,Surrey Police,Surrey Police,-0.555159,51.313194,On or near Ockenden Close,E01034295,Woking 008G,Other crime,Further investigation is not in the public interest,
964c14c550795c13ca5f3634ccfff04279b30db173c6b33668ed7c545907551a,2024-07,Surrey Police,Surrey Police,-0.557799,51.315025,On or near Parking Area,E01034295,Woking 008G,Other crime,Court result unavailable,
,2024-07,Surrey Police,Surrey Police,-0.604216,51.316999,On or near Alma Close,E01030960,Woking 009A,Anti-social behaviour,,
909e1fda26ad0aa918b67744b3b730493540f8c4fc54944449dab570613c0b91,2024-07,Surrey Police,Surrey Police,-0.602714,51.314023,On or near Inkerman Way,E01030960,Woking 009A,Violence and sexual offences,Unable to prosecute suspect,
bc8e3dbce9435b611c3c2ec481c239bd9654050c8b8f0dc6230a88c1635095ef,2024-07,Surrey Police,Surrey Police,-0.604216,51.316999,On or near Alma Close,E01030960,Woking 009A,Violence and sexual offences,Unable to prosecute suspect,
c2f4011c2ca945ef4a7da0fdf54ccb0f3e0e31bcf0b7f5c10b8babfad43d4ada,2024-07,Surrey Police,Surrey Police,-0.604216,51.316999,On or near Alma Close,E01030960,Woking 009A,Violence and sexual offences,Unable to prosecute suspect,
380cbc92be7cfdace8d81dff428592cb8805ded35d0b60fba92bacd7f378c6bf,2024-07,Surrey Police,Surrey Police,-0.608777,51.314230,On or near Hazelwood Road,E01030960,Woking 009A,Violence and sexual offences,Unable to prosecute suspect,
09a6a6436dfff11bcf2228c4bd4c5a47b29a9ef2cb465d6d639b00a788cd3fa1,2024-07,Surrey Police,Surrey Police,-0.604216,51.316999,On or near Alma Close,E01030960,Woking 009A,Violence and sexual offences,Unable to prosecute suspect,
7791bfe2280e900975d360149fe64000b867dd017390b2a5a6aa46339cdfddc0,2024-07,Surrey Police,Surrey Police,-0.604992,51.316963,On or near Bloomfield Close,E01030960,Woking 009A,Violence and sexual offences,Unable to prosecute suspect,
d454049b62e27bcfddef5b8a0be7788e5d6f11da00a4ea656bafbd9e52f29c9c,2024-07,Surrey Police,Surrey Police,-0.604216,51.316999,On or near Alma Close,E01030960,Woking 009A,Violence and sexual offences,Unable to prosecute suspect,
,2024-07,Surrey Police,Surrey Police,-0.604867,51.308806,On or near Firwood Close,E01030961,Woking 009B,Anti-social behaviour,,
,2024-07,Surrey Police,Surrey Police,-0.609090,51.307669,On or near Greenwood Road,E01030961,Woking 009B,Anti-social behaviour,,
f5d4c0af640f4d40ffc64491ee105347d15d9d1ff13efad6678309650cd2709e,2024-07,Surrey Police,Surrey Police,-0.606513,51.310336,On or near Sutton Avenue,E01030961,Woking 009B,Criminal damage and arson,Unable to prosecute suspect,
e0484c62e50e505d0ee09285baab33b7bee881e8f614b75df141c915ac5940c9,2024-07,Surrey Police,Surrey Police,-0.606074,51.308254,On or near Birdswood Drive,E01030961,Woking 009B,Criminal damage and arson,Investigation complete; no suspect identified,
65417e7d8cbcb17a54b165d7447d0af848ff97041448b18baf2e9cc1e9a077e4,2024-07,Surrey Police,Surrey Police,-0.612848,51.311499,On or near Queenswood Road,E01030961,Woking 009B,Other theft,Unable to prosecute suspect,
42e11bc6af27a6ae4c7b4e5ab165d19fb09db89be9cb13975318fd8175e66d65,2024-07,Surrey Police,Surrey Police,-0.612848,51.311499,On or near Queenswood Road,E01030961,Woking 009B,Other theft,Investigation complete; no suspect identified,
bb25c6e00e9bb003a8293327c9417bd2a19cb06e53737e0e69d6a2d088808d3b,2024-07,Surrey Police,Surrey Police,-0.606513,51.310336,On or near Sutton Avenue,E01030961,Woking 009B,Public order,Unable to prosecute suspect,
fc600afce02ee53744bd1d4e0dab481b67e6dbdad352a2c60428b1ebd499812d,2024-07,Surrey Police,Surrey Police,-0.609090,51.307669,On or near Greenwood Road,E01030961,Woking 009B,Public order,Unable to prosecute suspect,
95d38b3399c9b4eb46f26cd54c5d5166a75b5ddd6cdb6c78cea64a47b1266550,2024-07,Surrey Police,Surrey Police,-0.606513,51.310336,On or near Sutton Avenue,E01030961,Woking 009B,Violence and sexual offences,Investigation complete; no suspect identified,
e3439ac8a238717c40acebd43b166aec31961c933c701f1b8f8d8d0354a7ff92,2024-07,Surrey Police,Surrey Police,-0.606513,51.310336,On or near Sutton Avenue,E01030961,Woking 009B,Violence and sexual offences,Unable to prosecute suspect,
70c5a63d748ecb8b4e7412a3a156e9936fa22b7b470ff9773b669bc7cc0daea2,2024-07,Surrey Police,Surrey Police,-0.611155,51.307703,On or near Limewood Close,E01030961,Woking 009B,Violence and sexual offences,Status update unavailable,
,2024-07,Surrey Police,Surrey Police,-0.600315,51.315514,On or near Cambridge Close,E01030962,Woking 009C,Anti-social behaviour,,
,2024-07,Surrey Police,Surrey Police,-0.600734,51.314961,On or near Bingham Drive,E01030962,Woking 009C,Anti-social behaviour,,
691a7d962c1aaaa911868ec5a445e8c4da5e0cde247cbbd93c431a7a12e5edcf,2024-07,Surrey Police,Surrey Police,-0.600585,51.314186,On or near Iveagh Road,E01030962,Woking 009C,Vehicle crime,Status update unavailable,
82c75a28108a57f8231e712a3e9bb8b3e498098f5f8f119ae2ec92bcb0b6ccc9,2024-07,Surrey Police,Surrey Police,-0.599084,51.317324,On or near Locksley Drive,E01030962,Woking 009C,Violence and sexual offences,Unable to prosecute suspect,
2bdfef87b2392a3d9cb1b848af96385692b7a90bf8ede7f7e012bd347021b850,2024-07,Surrey Police,Surrey Police,-0.600974,51.315072,On or near Scarlett Close,E01030962,Woking 009C,Violence and sexual offences,Unable to prosecute suspect,
55da8c524867589c4b18796511082cf4e5e5886ac441311bc3dfc94e6985e48f,2024-07,Surrey Police,Surrey Police,-0.600974,51.315072,On or near Scarlett Close,E01030962,Woking 009C,Violence and sexual offences,Unable to prosecute suspect,
,2024-07,Surrey Police,Surrey Police,-0.595360,51.312388,On or near Old Post Office Mews,E01031000,Woking 009D,Anti-social behaviour,,
8eb3c9c0fd82fde908d402132094567a700d26234c3366ff0cace64cf8a2a38c,2024-07,Surrey Police,Surrey Police,-0.597034,51.300304,On or near Hook Heath Gardens,E01031000,Woking 009D,Burglary,Investigation complete; no suspect identified,
947db004800ffbb4a92e7ab088149476b6db9739dbabd150fcf429ce97eea1e4,2024-07,Surrey Police,Surrey Police,-0.585779,51.314611,On or near Langmans Lane,E01031000,Woking 009D,Criminal damage and arson,Investigation complete; no suspect identified,
308c6257e80ea0d86fc0740afec0cb7e0b3469bb4eb730c466ec0270db55b71e,2024-07,Surrey Police,Surrey Police,-0.587588,51.311764,On or near Firgrove,E01031000,Woking 009D,Other theft,Investigation complete; no suspect identified,
9be167673e6039a9c0295b0e8f246e0db84dbd2d08773a9c55d83ebdab62007e,2024-07,Surrey Police,Surrey Police,-0.595360,51.312388,On or near Old Post Office Mews,E01031000,Woking 009D,Shoplifting,Investigation complete; no suspect identified,
4369e2a354b0272789f78c394559a94d1dfdd3873ab26e92ef2d5fb760ea8fc6,2024-07,Surrey Police,Surrey Police,-0.594975,51.312320,On or near Supermarket,E01031000,Woking 009D,Shoplifting,Investigation complete; no suspect identified,
05df623e6caa707f07275ebb21b08ca23e8d7c32080cc79e70a51a24e0073139,2024-07,Surrey Police,Surrey Police,-0.595360,51.312388,On or near Old Post Office Mews,E01031000,Woking 009D,Shoplifting,Investigation complete; no suspect identified,
53967ce8bbf42eca25afb1b980e781b2d4a8e54bb1f5b89b6c3454c1a53d5f5c,2024-07,Surrey Police,Surrey Police,-0.575096,51.315758,On or near Silversmiths Way,E01030955,Woking 010A,Public order,Unable to prosecute suspect,
21d5186405dc1f19260c8fc4368d60b967a4737f58091e8eb56aedb279853498,2024-07,Surrey Police,Surrey Police,-0.575604,51.315126,On or near Goldsmiths Close,E01030955,Woking 010A,Violence and sexual offences,Court result unavailable,
46e7f3913258e6e7b11c7a5e6897bc3ea78469e1211d93a721cfbafb5ca4ecbe,2024-07,Surrey Police,Surrey Police,-0.575526,51.312994,On or near The Triangle,E01030955,Woking 010A,Violence and sexual offences,Unable to prosecute suspect,
6be33edb9ba3810141c4579e0e5302f77b29f1cb678085d60f9f1d48d10b8170,2024-07,Surrey Police,Surrey Police,-0.561455,51.308254,On or near Lucerne Close,E01030992,Woking 010B,Criminal damage and arson,Investigation complete; no suspect identified,
54583d99c9abcf270e7d7afa7bd6bbcd1c71a68be8f9de23b17a64f65bd846af,2024-07,Surrey Police,Surrey Police,-0.565854,51.307049,On or near Slapleys,E01030992,Woking 010B,Public order,Investigation complete; no suspect identified,
cf95ada07d0f921c6bae94f076bb92f1281a1c879743cd1f5048d2d04317ae39,2024-07,Surrey Police,Surrey Police,-0.566596,51.313173,On or near York Road,E01030992,Woking 010B,Public order,Investigation complete; no suspect identified,
a3ceb1c99057d3f484a3cdeeb4f001bef20f9875b7e8aca4f7b27ee0d665aaf8,2024-07,Surrey Police,Surrey Police,-0.565854,51.307049,On or near Slapleys,E01030992,Woking 010B,Other crime,Awaiting court outcome,
8829e521fa365c51c2364eebf77093a7c45efe4d09804ae9688464946eb73bc6,2024-07,Surrey Police,Surrey Police,-0.576517,51.306927,On or near Court Green Heights,E01030999,Woking 010C,Criminal damage and arson,Investigation complete; no suspect identified,
7e6c0ac40ec79c57c5038828dbeb269d68fc54e1a88e20499ac0c7b1e15debe5,2024-07,Surrey Police,Surrey Police,-0.573978,51.306473,On or near Fernhill Close,E01031001,Woking 010D,Burglary,Investigation complete; no suspect identified,
12be7d295fd73ee140b39a5efb1bb79e9cd1662e73b2df5d362e43d516d1b805,2024-07,Surrey Police,Surrey Police,-0.573978,51.306473,On or near Fernhill Close,E01031001,Woking 010D,Public order,Unable to prosecute suspect,
985e231e02e5f713dde6c8fed009d5c116efb65920f30b9c4abd1df9fd9c80c1,2024-07,Surrey Police,Surrey Police,-0.573821,51.311525,On or near Trigg'S Lane,E01031001,Woking 010D,Public order,Unable to prosecute suspect,
d021374dbcfbdfd1979e8d87a60e284399f2681ab0ad79aa9f94357dcbe8cd7f,2024-07,Surrey Police,Surrey Police,-0.576494,51.309067,On or near Supermarket,E01031001,Woking 010D,Shoplifting,Investigation complete; no suspect identified,
9b6ee8b2c7238fb47d44f1f8f4ac23da66c2b04205809e4eeee05191d1b1c98f,2024-07,Surrey Police,Surrey Police,-0.576494,51.309067,On or near Supermarket,E01031001,Woking 010D,Shoplifting,Investigation complete; no suspect identified,
b0eecc21aa15b2b4316167c388d745c859fc81daf6d18abc463e7f9721898f38,2024-07,Surrey Police,Surrey Police,-0.588924,51.311717,On or near St John'S Hill Road,E01031001,Woking 010D,Violence and sexual offences,Court result unavailable,
03f37416725d5d3be7e6d5aad92a428f0cea76d821685b494e84062ad174122c,2024-07,Surrey Police,Surrey Police,-0.573821,51.311525,On or near Trigg'S Lane,E01031001,Woking 010D,Violence and sexual offences,Unable to prosecute suspect,
e3b9b74a5879e0708ad328bca14dc24e9c469a0519e54a941911bee982eeec5f,2024-07,Surrey Police,Surrey Police,-0.588924,51.311717,On or near St John'S Hill Road,E01031001,Woking 010D,Violence and sexual offences,Court result unavailable,
1e6557b224413a1f0245a8b8dfedbe83449794861997588717f82d4ebab9d251,2024-07,Surrey Police,Surrey Police,-0.588924,51.311717,On or near St John'S Hill Road,E01031001,Woking 010D,Violence and sexual offences,Court result unavailable,
4a8b8c36b133470c256de19d020fd56564574931ee03f74b2347c33b77975db7,2024-07,Surrey Police,Surrey Police,-0.569199,51.312530,On or near Dianthus Court,E01031001,Woking 010D,Violence and sexual offences,Investigation complete; no suspect identified,
74398700d0a8552806297afef087b7212b99252cfc1e9713f7afb683cc396d34,2024-07,Surrey Police,Surrey Police,-0.570688,51.310759,On or near Azalea Court,E01031001,Woking 010D,Violence and sexual offences,Unable to prosecute suspect,
5edfd49d849a8682c25dcf391a827ce243935096fe4c80592ae8cb9248048476,2024-07,Surrey Police,Surrey Police,-0.588924,51.311717,On or near St John'S Hill Road,E01031001,Woking 010D,Violence and sexual offences,Status update unavailable,
a24152bd2009252a6f45b368102cf52f3d3bf2b1face53a85492a03954baa43c,2024-07,Surrey Police,Surrey Police,-0.569199,51.312530,On or near Dianthus Court,E01031001,Woking 010D,Violence and sexual offences,Unable to prosecute suspect,
ae59da0f24096b69af513a6af3062a34e6e72b9ac96ce5d05f582ebb56103bcc,2024-07,Surrey Police,Surrey Police,-0.570486,51.303886,On or near Lilac Avenue,E01030971,Woking 011A,Bicycle theft,Investigation complete; no suspect identified,
3c33eb5a07a2e0e9665f1e9b3c9e1e58a562fcf4a8a5dd3084c35c6e9bdc2e11,2024-07,Surrey Police,Surrey Police,-0.567601,51.305766,On or near Hawthorn Road,E01030971,Woking 011A,Drugs,Investigation complete; no suspect identified,
5098ed9a31aac272bd2417a4a5fb3032c294302cd404a84d4e47b358f067ed26,2024-07,Surrey Police,Surrey Police,-0.564741,51.304553,On or near Willow Way,E01030971,Woking 011A,Other theft,Investigation complete; no suspect identified,
65bf405433d466e893b9d2ce282f63f07a02eb48c9c4317ba1c4a18d2aaad05c,2024-07,Surrey Police,Surrey Police,-0.564741,51.304553,On or near Willow Way,E01030971,Woking 011A,Other theft,Investigation complete; no suspect identified,
12de59fb5906a87ff87ad6d83a9c3ab2b3aeba5ce9bbf5eafcfd1c92712e593b,2024-07,Surrey Police,Surrey Police,-0.560550,51.303692,On or near Westfield Avenue,E01030971,Woking 011A,Public order,Unable to prosecute suspect,
7bcf47397fe662a509baa0e422b2201f5e7d4d1474de927f09bf90726accd9e2,2024-07,Surrey Police,Surrey Police,-0.566052,51.305289,On or near Ash Road,E01030971,Woking 011A,Public order,Formal action is not in the public interest,
f3f080061ed1d3d43dffc90dac9d76fd59e84718795f861025c3eab010452459,2024-07,Surrey Police,Surrey Police,-0.562665,51.306263,On or near Hawthorn Close,E01030971,Woking 011A,Violence and sexual offences,Status update unavailable,
eabad3df30850dbb343a208cd52c2085c4f275fd393073096a0feca3fce0f033,2024-07,Surrey Police,Surrey Police,-0.566792,51.300891,On or near Hoebrook Close,E01030971,Woking 011A,Violence and sexual offences,Court result unavailable,
f80a8ed9edbec3ada811741778edc84f73241c196b58c1fee46216dbad34d5ca,2024-07,Surrey Police,Surrey Police,-0.566792,51.300891,On or near Hoebrook Close,E01030971,Woking 011A,Violence and sexual offences,Unable to prosecute suspect,
be6eaee8302a5432ee8cd0e5b36ea099671b167ada62a0393a9d45db6fe33a60,2024-07,Surrey Police,Surrey Police,-0.562665,51.306263,On or near Hawthorn Close,E01030971,Woking 011A,Violence and sexual offences,Unable to prosecute suspect,
3817f0959453d096d52dd2e672b9d599c9b828a87ffb3275c6849f613c035f64,2024-07,Surrey Police,Surrey Police,-0.566792,51.300891,On or near Hoebrook Close,E01030971,Woking 011A,Violence and sexual offences,Unable to prosecute suspect,
7c87bb7721372e0a75126f88261fd246f2ed38e79ca56b2bc580f0b795c22d47,2024-07,Surrey Police,Surrey Police,-0.566052,51.305289,On or near Ash Road,E01030971,Woking 011A,Violence and sexual offences,Further investigation is not in the public interest,
e77d6da9aef90cf7887750b81c16ba4bb73607d4cf182d3570778c28eb4f02b9,2024-07,Surrey Police,Surrey Police,-0.571910,51.300073,On or near Egley Road,E01030971,Woking 011A,Violence and sexual offences,Action to be taken by another organisation,
,2024-07,Surrey Police,Surrey Police,-0.552547,51.303657,On or near Rosebery Crescent,E01030972,Woking 011B,Anti-social behaviour,,
,2024-07,Surrey Police,Surrey Police,-0.554010,51.306849,On or near Kingfield Gardens,E01030972,Woking 011B,Anti-social behaviour,,
29a2e1a26345d1357186ca6f0201ad3576f1df34f7247de8ee77c39fa08412e4,2024-07,Surrey Police,Surrey Police,-0.554944,51.307715,On or near Elmbridge Court,E01030972,Woking 011B,Possession of weapons,Investigation complete; no suspect identified,
303eeabbee823bffda5a119a784b14af2f96d99e78477db64c47f4175c9da7af,2024-07,Surrey Police,Surrey Police,-0.556299,51.308883,On or near Sports/Recreation Area,E01030972,Woking 011B,Public order,Investigation complete; no suspect identified,
27e70a93189e812d787121a93bce7d0c37b287d481ef3492faf9868c35ce16bc,2024-07,Surrey Police,Surrey Police,-0.554010,51.306849,On or near Kingfield Gardens,E01030972,Woking 011B,Violence and sexual offences,Unable to prosecute suspect,
e6b1dddfda6f0d14c2013abd1028db2f78adf6e503b8e32e9b193173fe2e1671,2024-07,Surrey Police,Surrey Police,-0.554825,51.304197,On or near Loop Road,E01030972,Woking 011B,Violence and sexual offences,Local resolution,
66c206875c40cbc8396287e7fa7ac34e0e51ead300d7ad5ec127cc6bf29b3f33,2024-07,Surrey Police,Surrey Police,-0.552729,51.305152,On or near A247,E01030972,Woking 011B,Violence and sexual offences,Investigation complete; no suspect identified,
6db419e25e79b4367caeb0f41fe7dcd697fbcc7f08567c7bf9f8a043a07b802b,2024-07,Surrey Police,Surrey Police,-0.550498,51.309485,On or near Queen Elizabeth Way,E01030972,Woking 011B,Violence and sexual offences,Investigation complete; no suspect identified,
eaa3ce222ff3974eb1a5b56966277b2303b0261f38c96e2bb5b208fe9ef26e7d,2024-07,Surrey Police,Surrey Police,-0.556299,51.308883,On or near Sports/Recreation Area,E01030972,Woking 011B,Violence and sexual offences,Offender given a caution,
11a5fb07e23598c5a167680ca81ab4765ac1ef46c2fc14483912cbf0662e98dd,2024-07,Surrey Police,Surrey Police,-0.548685,51.306468,On or near Further/Higher Educational Building,E01030972,Woking 011B,Violence and sexual offences,Unable to prosecute suspect,
afaaa5a3afb93d8462f18c0054ea437f2b30bea914627973d382f2fb9de57de5,2024-07,Surrey Police,Surrey Police,-0.554825,51.304197,On or near Loop Road,E01030972,Woking 011B,Violence and sexual offences,Unable to prosecute suspect,
,2024-07,Surrey Police,Surrey Police,-0.538379,51.305738,On or near Palace Way,E01030994,Woking 011D,Anti-social behaviour,,
c4a78e8719d050da49cffede161e56899b47540f3bb134b31765c3ecdae0f82c,2024-07,Surrey Police,Surrey Police,-0.537773,51.306306,On or near Lydger Close,E01030994,Woking 011D,Burglary,Investigation complete; no suspect identified,
1e239f3f7199c47ed38a969dcdb7362e6be6d4bc98c107d053f01ebd52158637,2024-07,Surrey Police,Surrey Police,-0.538379,51.305738,On or near Palace Way,E01030994,Woking 011D,Vehicle crime,Unable to prosecute suspect,
0bfb78f1f03cdb63dc77472ff6c84f9814ed6b4b0652685973f99bea5b5d2a28,2024-07,Surrey Police,Surrey Police,-0.537993,51.302990,On or near Corrie Road,E01030994,Woking 011D,Violence and sexual offences,Unable to prosecute suspect,
21ec2c7b5099126f1aefa6c78e57136f290f18ee095c3b15421beae2d2f3e386,2024-07,Surrey Police,Surrey Police,-0.538379,51.305738,On or near Palace Way,E01030994,Woking 011D,Violence and sexual offences,Unable to prosecute suspect,
39f86fd90453501286a588109f4a017694169962c40a59430f4255da6d7351e0,2024-07,Surrey Police,Surrey Police,-0.540464,51.306474,On or near Winston Way,E01030994,Woking 011D,Violence and sexual offences,Unable to prosecute suspect,
,2024-07,Surrey Police,Surrey Police,-0.546041,51.302533,On or near Petrol Station,E01030995,Woking 011E,Anti-social behaviour,,
,2024-07,Surrey Police,Surrey Police,-0.546181,51.305340,On or near Rydens Way,E01030995,Woking 011E,Anti-social behaviour,,
5204f5739877e165f1f87c6a38001eb3b805dad5446f0f22cfeda1b10136b25b,2024-07,Surrey Police,Surrey Police,-0.545655,51.304731,On or near Henley Court,E01030995,Woking 011E,Criminal damage and arson,Local resolution,
287f6477193003208b12c04a30650a7214d28c0d6b64016704fea9327fbf1de6,2024-07,Surrey Police,Surrey Police,-0.544029,51.303092,On or near Hipley Street,E01030995,Woking 011E,Other theft,Status update unavailable,
1a600fce1267a26c51af861ec014aca1d2187ef8ac161a53b95bbb2d80ffe323,2024-07,Surrey Police,Surrey Police,-0.546181,51.305340,On or near Rydens Way,E01030995,Woking 011E,Public order,Offender given a caution,
5f01abfac483a786d1a4b937471de93ad144a4e60b53605d89a6d6c6d311ea26,2024-07,Surrey Police,Surrey Police,-0.545655,51.304731,On or near Henley Court,E01030995,Woking 011E,Vehicle crime,Unable to prosecute suspect,
cd757d0e107993092e8d1e8f97facac71df6ecefe595eb9fc7de190a183e1a68,2024-07,Surrey Police,Surrey Police,-0.549370,51.304301,On or near Shackleford Road,E01030995,Woking 011E,Violence and sexual offences,Unable to prosecute suspect,
f098d0824bf4c83a062e48514e78572b11fafa2cfd478fd716ad125634a6943d,2024-07,Surrey Police,Surrey Police,-0.546181,51.305340,On or near Rydens Way,E01030995,Woking 011E,Violence and sexual offences,Unable to prosecute suspect,
0d0a68fa0e238755cac743f68814cdbd477d3ab73fb8f0c6102ef89258af2089,2024-07,Surrey Police,Surrey Police,-0.549370,51.304301,On or near Shackleford Road,E01030995,Woking 011E,Violence and sexual offences,Further action is not in the public interest,
51086b84624b530b46be05e1930b7c886fa9e616b3a2da8ed11122d9e7d0980f,2024-07,Surrey Police,Surrey Police,-0.549370,51.304301,On or near Shackleford Road,E01030995,Woking 011E,Violence and sexual offences,Unable to prosecute suspect,
,2024-07,Surrey Police,Surrey Police,-0.560040,51.300305,On or near Cricketer Close,E01034296,Woking 011F,Anti-social behaviour,,
5bdb15aff7c7709ba18c14dbd7e07f5398c09c7e344fb457fe4a71ceed5b11f4,2024-07,Surrey Police,Surrey Police,-0.554541,51.301820,On or near Riverdale Drive,E01034296,Woking 011F,Other theft,Investigation complete; no suspect identified,
0ebfe7bf67a2af7c0b8276fd059b88f1ba25e872e5b9266f1f75a96757dbd056,2024-07,Surrey Police,Surrey Police,-0.560040,51.300305,On or near Cricketer Close,E01034296,Woking 011F,Shoplifting,Investigation complete; no suspect identified,
d384fa5c9d183351ae0a27835078ae838af217a9e15eab28fb398c0515c508cc,2024-07,Surrey Police,Surrey Police,-0.560040,51.300305,On or near Cricketer Close,E01034296,Woking 011F,Shoplifting,Status update unavailable,
65c3697901ec43e17d66d4f07bfa7d7af5615ba09d4b76b61a6885b953db60e5,2024-07,Surrey Police,Surrey Police,-0.560040,51.300305,On or near Cricketer Close,E01034296,Woking 011F,Shoplifting,Unable to prosecute suspect,
fab40ad45593ff5030a8229bc069fcc8db9ea4f317ace26cb6fcec74cc17db8a,2024-07,Surrey Police,Surrey Police,-0.560040,51.300305,On or near Cricketer Close,E01034296,Woking 011F,Shoplifting,Investigation complete; no suspect identified,
fcad78645b36b380cfa939f606749344d5d54c257dca274fc31d3e7511283d97,2024-07,Surrey Police,Surrey Police,-0.559871,51.298801,On or near Willow Bank,E01034296,Woking 011F,Violence and sexual offences,Status update unavailable,
4b1db457277a6ba81bb9896a7c4a7db0f1c1e2b89cc23e9e19e9dfdf35e7d073,2024-07,Surrey Police,Surrey Police,-0.559871,51.298801,On or near Willow Bank,E01034296,Woking 011F,Violence and sexual offences,Status update unavailable,
225d3997adc234df2b2f02170bb3869f90e6473bdbef7f922dcbf9b2c090cacf,2024-07,Surrey Police,Surrey Police,-0.556475,51.301448,On or near Downsview Avenue,E01034296,Woking 011F,Violence and sexual offences,Further action is not in the public interest,
11e9f57c484e090600542e2440ff21fce7ff0f56913d15c3d4cb44d025fce41e,2024-07,Surrey Police,Surrey Police,-0.560040,51.300305,On or near Cricketer Close,E01034296,Woking 011F,Violence and sexual offences,Status update unavailable,
f760fd3241f5496afebcbfedb4dd6593e10c1e86ad572a7a896af33f557ab5cb,2024-07,Surrey Police,Surrey Police,-0.556868,51.302181,On or near Westfield Close,E01034296,Woking 011F,Violence and sexual offences,Unable to prosecute suspect,
786e90c52fb045dd015e7a12c959426c8e87e6e06893ce7ae56a8633b788e859,2024-07,Surrey Police,Surrey Police,-0.558389,51.298513,On or near Balfour Avenue,E01034296,Woking 011F,Other crime,Unable to prosecute suspect,
c5f91d992daa7c02d450e3b32087e559648fb13bc0d78c7b8b08c5366fba97e6,2024-07,Surrey Police,Surrey Police,-0.554541,51.301820,On or near Riverdale Drive,E01034296,Woking 011F,Other crime,Unable to prosecute suspect,
,2024-07,Surrey Police,Surrey Police,-0.559249,51.297157,On or near Westfield Way,E01034297,Woking 011G,Anti-social behaviour,,
,2024-07,Surrey Police,Surrey Police,-0.557600,51.295743,On or near Inwood Close,E01034297,Woking 011G,Anti-social behaviour,,
c8928b7e4654ae0d9bd894087acdc43ddddf5f894a12f5336d44da5ce0a9811b,2024-07,Surrey Police,Surrey Police,-0.555782,51.296548,On or near Reed Street,E01034297,Woking 011G,Other theft,Investigation complete; no suspect identified,
58834b5e88ea18c275f07603f2a6af5d6dfbfdcab9aa33536e55c50c0e9cbc15,2024-07,Surrey Police,Surrey Police,-0.555782,51.296548,On or near Reed Street,E01034297,Woking 011G,Violence and sexual offences,Status update unavailable,
c8c3858332a84088a407c1accf2704d4e114348b04d771f8c9db5d6351c0297d,2024-07,Surrey Police,Surrey Police,-0.555867,51.299336,On or near Meadow View,E01034297,Woking 011G,Violence and sexual offences,Unable to prosecute suspect,
ca5ed5e2c60b305362fce7f163e96c107f7861f52c9b434d72dc3ea27a6e41c6,2024-07,Surrey Police,Surrey Police,-0.559249,51.297157,On or near Westfield Way,E01034297,Woking 011G,Violence and sexual offences,Unable to prosecute suspect,
fff339bdd92cc2be7edee71a2e838a6fed97e20499300b38dfcd8519c4647821,2024-07,Surrey Police,Surrey Police,-0.555867,51.299336,On or near Meadow View,E01034297,Woking 011G,Violence and sexual offences,Unable to prosecute suspect,
98b3f4aee88ed49c91c60743d9fc8aea7d594d55dfad8a08a7ea7b2c1ce1a5fa,2024-07,Surrey Police,Surrey Police,-0.557600,51.295743,On or near Inwood Close,E01034297,Woking 011G,Violence and sexual offences,Unable to prosecute suspect,
fb8e9570e9209b7302c88b76b971a578aee4b71b79dba7e36b2bafd69e17e8f1,2024-07,Surrey Police,Surrey Police,-0.555782,51.296548,On or near Reed Street,E01034297,Woking 011G,Violence and sexual offences,Status update unavailable,
,2024-07,Surrey Police,Surrey Police,-0.627282,51.310087,On or near Raynes Close,E01030944,Woking 012A,Anti-social behaviour,,
d53c8fabc5fa7839c3d5316b7ceae6461e2c02f495a596b9c0522b933214117d,2024-07,Surrey Police,Surrey Police,-0.620880,51.286245,On or near Lawford'S Hill Close,E01030944,Woking 012A,Criminal damage and arson,Investigation complete; no suspect identified,
9df8e65be5bd40fb88d609d7640aefde276b09ca97db2928a4312193b9bb6558,2024-07,Surrey Police,Surrey Police,-0.618272,51.296699,On or near Rough Road,E01030944,Woking 012A,Violence and sexual offences,Unable to prosecute suspect,
a2f66392f2554f5ea8e3aa98eda55427438b78cb4e9fb341c384273004174ea9,2024-07,Surrey Police,Surrey Police,-0.618272,51.296699,On or near Rough Road,E01030944,Woking 012A,Violence and sexual offences,Unable to prosecute suspect,
,2024-07,Surrey Police,Surrey Police,-0.640468,51.304225,On or near Church Close,E01030945,Woking 012B,Anti-social behaviour,,
,2024-07,Surrey Police,Surrey Police,-0.640468,51.304225,On or near Church Close,E01030945,Woking 012B,Anti-social behaviour,,
,2024-07,Surrey Police,Surrey Police,-0.640468,51.304225,On or near Church Close,E01030945,Woking 012B,Anti-social behaviour,,
e4da7058b402726298a56c377f5bb9df3af7c17b17c01da2e4e2142adce279f6,2024-07,Surrey Police,Surrey Police,-0.640468,51.304225,On or near Church Close,E01030945,Woking 012B,Burglary,Investigation complete; no suspect identified,
867bbf7b413484a8f0faaaa5c1806aafe5bf244921f8c270ff452bf6d19a2968,2024-07,Surrey Police,Surrey Police,-0.636573,51.304953,On or near Sheet'S Heath Lane,E01030945,Woking 012B,Criminal damage and arson,Awaiting court outcome,
205943348991ae13cbbeef706b0581f76ebca2133c0bcc2aa6adab618caa0ce1,2024-07,Surrey Police,Surrey Police,-0.636573,51.304953,On or near Sheet'S Heath Lane,E01030945,Woking 012B,Theft from the person,Awaiting court outcome,
708e700f03fa42d3fadeac602ed9b46881f29b2ea4854867e1e1cc685080ba4f,2024-07,Surrey Police,Surrey Police,-0.641279,51.305421,On or near Riverside Close,E01030945,Woking 012B,Vehicle crime,Unable to prosecute suspect,
9672c096ed9a92dc420faf2bc3e344532d1544c0c3b7dc77e5deacd9185e033c,2024-07,Surrey Police,Surrey Police,-0.641279,51.305421,On or near Riverside Close,E01030945,Woking 012B,Violence and sexual offences,Investigation complete; no suspect identified,
,2024-07,Surrey Police,Surrey Police,-0.628946,51.315385,On or near Grindstone Crescent,E01030978,Woking 012C,Anti-social behaviour,,
a78108b4e6cbe19df1ee9cb129c127f47d15f01c71723cd13035ad6e8ac662de,2024-07,Surrey Police,Surrey Police,-0.629672,51.314620,On or near Oak Tree Close,E01030978,Woking 012C,Criminal damage and arson,Unable to prosecute suspect,
5b4d1f56d80f64eaa5e696da3bfbf5e5466ea89d1fb79329c7ca43718577d214,2024-07,Surrey Police,Surrey Police,-0.626869,51.318139,On or near Limecroft Road,E01030978,Woking 012C,Public order,Unable to prosecute suspect,
076c075fcfafdc6b91bbbf568e677bd956f64ddd6c1dc408f94aa02087360d14,2024-07,Surrey Police,Surrey Police,-0.626725,51.312391,On or near A322,E01030978,Woking 012C,Public order,Unable to prosecute suspect,
4fffcd1168fdf988ffabab18dc87d90cf26690a110043e1b4860ed6614bee369,2024-07,Surrey Police,Surrey Police,-0.629934,51.313526,On or near Rapsley Lane,E01030978,Woking 012C,Violence and sexual offences,Unable to prosecute suspect,
60f8aa5e19185ae39916513c497a504859fd9859d97f1b35db5f5169fbfb5ff0,2024-07,Surrey Police,Surrey Police,-0.629672,51.314620,On or near Oak Tree Close,E01030978,Woking 012C,Violence and sexual offences,Unable to prosecute suspect,
2be63a9d0465359946e9ebd444b0e6e1e212ae5063c7d9061e1f81ea23a225b8,2024-07,Surrey Police,Surrey Police,-0.626725,51.312391,On or near A322,E01030978,Woking 012C,Violence and sexual offences,Unable to prosecute suspect,
64d744b18996b7e5fd70a269e1773fe262f356a7cdf6219688d65741afc41ec4,2024-07,Surrey Police,Surrey Police,-0.628946,51.315385,On or near Grindstone Crescent,E01030978,Woking 012C,Violence and sexual offences,Unable to prosecute suspect,
d2e7e3c3d25f4c303b49d2377f8a7a87a36d90e978ac6f7a3e7916c5e6cd24d3,2024-07,Surrey Police,Surrey Police,-0.628946,51.315385,On or near Grindstone Crescent,E01030978,Woking 012C,Violence and sexual offences,Investigation complete; no suspect identified,
,2024-07,Surrey Police,Surrey Police,-0.563987,51.295512,On or near Park/Open Space,E01030986,Woking 012D,Anti-social behaviour,,
,2024-07,Surrey Police,Surrey Police,-0.556122,51.280698,On or near Foxes Path,E01030987,Woking 012E,Anti-social behaviour,,
,2024-07,Surrey Police,Surrey Police,-0.583974,51.296775,On or near Saunders Copse,E01030987,Woking 012E,Anti-social behaviour,,
,2024-07,Surrey Police,Surrey Police,-0.572369,51.289872,On or near Woodpecker Way,E01030987,Woking 012E,Anti-social behaviour,,
c482c571b865c4f254e0a3eac8747b2b2b981ad0593de384599c8402b739c6de,2024-07,Surrey Police,Surrey Police,-0.582787,51.289216,On or near Prey Heath Road,E01030987,Woking 012E,Burglary,Investigation complete; no suspect identified,
a9dbc0f31b07d85abc766798dd06be51e1a88b71a68a372443bb67cc06e35889,2024-07,Surrey Police,Surrey Police,-0.582787,51.289216,On or near Prey Heath Road,E01030987,Woking 012E,Burglary,Investigation complete; no suspect identified,
ba7fbb24c1ddce2c2b4c490c95afdbc8b19638fdb47d799fab141ba0dc6ada7b,2024-07,Surrey Police,Surrey Police,-0.585494,51.279051,On or near Burdenshott Road,E01030987,Woking 012E,Other theft,Status update unavailable,
61e8ddc5bd3882df462a8a9b39f91154339ef83058c8ea486bb554b5c2cde6fc,2024-07,Surrey Police,Surrey Police,-0.557702,51.281068,On or near Sutton Green Road,E01030987,Woking 012E,Public order,Unable to prosecute suspect,
ca27f17d34a38906482dc44644a141faea3ed80154c78d313144c8f8bb45e225,2024-07,Surrey Police,Surrey Police,-0.578134,51.294637,On or near Sports/Recreation Area,E01030987,Woking 012E,Violence and sexual offences,Status update unavailable,
cf640e6d78efc12836589d3a72d0516b7317166bce6623ecbf2e6fd298260b49,2024-07,Surrey Police,Surrey Police,-0.575237,51.295932,On or near B380,E01030987,Woking 012E,Violence and sexual offences,Status update unavailable,
f7d33f7b95d21f42fba4f966484cc65bd3bd5f43a5d1a0a47307d3f17486ea79,2024-07,Surrey Police,Surrey Police,,,No Location,,,Bicycle theft,Unable to prosecute suspect,
91e64b3e317fb8c36914c760f8906764e9a50e598b20431700e8773a0b1110a7,2024-07,Surrey Police,Surrey Police,,,No Location,,,Criminal damage and arson,Investigation complete; no suspect identified,
11cc47f2af7132ec7c38106ae22a01ae46797312c8d264c42e268bada1632749,2024-07,Surrey Police,Surrey Police,,,No Location,,,Criminal damage and arson,Unable to prosecute suspect,
d92d65ddb6fd1e2c223ec28b10ab9a26307004f2b2db0f340d9401f2e6d7435e,2024-07,Surrey Police,Surrey Police,,,No Location,,,Criminal damage and arson,Investigation complete; no suspect identified,
31101d53b2817b71f4ca564b0cdc92855ee2fe53196d274a318aea7d20f9f6c6,2024-07,Surrey Police,Surrey Police,,,No Location,,,Criminal damage and arson,Unable to prosecute suspect,
3d2f39ae3d249ab6f67842166806d3996d4d5ea3a241f92083e7666f93d47607,2024-07,Surrey Police,Surrey Police,,,No Location,,,Criminal damage and arson,Investigation complete; no suspect identified,
be1f3a7baae7ad130cfa39e2ad48dba0eb5ca61ae9a07dd53cc201e11a8d60e6,2024-07,Surrey Police,Surrey Police,,,No Location,,,Criminal damage and arson,Investigation complete; no suspect identified,
86e6721524d160a2abd9f2a5ca490bbce3942f90f7899a060e3d861d19c0fa2e,2024-07,Surrey Police,Surrey Police,,,No Location,,,Criminal damage and arson,Investigation complete; no suspect identified,
42dc734d5eed5a1f58c7e65f9fcfd65e81980e11d390c90b7cfa600f31b03250,2024-07,Surrey Police,Surrey Police,,,No Location,,,Drugs,Further action is not in the public interest,
c651b5681f1b752feced062e34ad6a07b4a63277c2eb341f22c126676af85ae2,2024-07,Surrey Police,Surrey Police,,,No Location,,,Drugs,Local resolution,
7cebe793132eb4bb65f88401385e2cf6c89d4a3d4452363105e92b02cde560d2,2024-07,Surrey Police,Surrey Police,,,No Location,,,Drugs,Unable to prosecute suspect,
9057f23050c9619300594ef86f97a8fb2560dc6b312fe6e14b37854a6be3bc9e,2024-07,Surrey Police,Surrey Police,,,No Location,,,Drugs,Unable to prosecute suspect,
9431dc230b57f53a034c5553bd282fa8e6864c1753fdd533d177c724eaf912fd,2024-07,Surrey Police,Surrey Police,,,No Location,,,Drugs,Unable to prosecute suspect,
aa5785e815d39e02a1e2b062acdd8169de3c6c7f5564754b79a95e1fb7debf69,2024-07,Surrey Police,Surrey Police,,,No Location,,,Drugs,Status update unavailable,
1a3a82036acbb468e0cf7c3f905c8c12d148764665dca632c2f7b4f2685597c5,2024-07,Surrey Police,Surrey Police,,,No Location,,,Other theft,Unable to prosecute suspect,
c5784102c136a9b609a3a3dfb383b97baa4e995b87f4e617ba3b8e231d8d37dc,2024-07,Surrey Police,Surrey Police,,,No Location,,,Other theft,Investigation complete; no suspect identified,
400a4e0503edae1a5b4cc04060ea475e33e40b328b92f6ad7eae1b457c939cd4,2024-07,Surrey Police,Surrey Police,,,No Location,,,Other theft,Investigation complete; no suspect identified,
987c850169c92d777603695f8e8e6e93bf6a3a0c91486ba2e5d2d244d57c9627,2024-07,Surrey Police,Surrey Police,,,No Location,,,Other theft,Investigation complete; no suspect identified,
fe2f655b23dcd8e3cae17f39122520be8118b3bf385337c2989f082edad5b6ec,2024-07,Surrey Police,Surrey Police,,,No Location,,,Other theft,Investigation complete; no suspect identified,
6ee6b3624398dc2562119cb7031c017db41aaf919ba34ab7ca87c9d3bcd4755c,2024-07,Surrey Police,Surrey Police,,,No Location,,,Other theft,Unable to prosecute suspect,
4c0a3cf732b53b9f73904b866d3fabe13a88d299a320865e4749a7647c86d8d3,2024-07,Surrey Police,Surrey Police,,,No Location,,,Other theft,Investigation complete; no suspect identified,
862a600ad2d9332de90bbdbe064e6211352dd2c189981e6fb4e16f400d622ac8,2024-07,Surrey Police,Surrey Police,,,No Location,,,Other theft,Investigation complete; no suspect identified,
1f7d822d3448f66c37aa5cb91f862f4ecd4f054d8b041cc45dcff62fdde5555e,2024-07,Surrey Police,Surrey Police,,,No Location,,,Public order,Unable to prosecute suspect,
912e63f6d987650ad4e4e5577be295c4a3b237a596e8b0a7c873fabcc0fe822a,2024-07,Surrey Police,Surrey Police,,,No Location,,,Public order,Unable to prosecute suspect,
f08867b337ba8c28e3f0d4b6bc814308d771b33260292804f7b2d3ae3bc06465,2024-07,Surrey Police,Surrey Police,,,No Location,,,Public order,Unable to prosecute suspect,
cb025ae40ae250f4fddaeba22ee526e5f00c52a08da887aa8b51c1ee673cdd93,2024-07,Surrey Police,Surrey Police,,,No Location,,,Public order,Unable to prosecute suspect,
16c4f5822634d5ccd5e259c2aee56f1c41d69cccb2edd6c1ef872b27af988071,2024-07,Surrey Police,Surrey Police,,,No Location,,,Public order,Investigation complete; no suspect identified,
843bf686efb4e6e0e79438657ff1a76614f8cd4938cea2e3865d9fafbc0c07f4,2024-07,Surrey Police,Surrey Police,,,No Location,,,Public order,Investigation complete; no suspect identified,
e3a04862c31a9c25dc791b04b88ad5466efaa9ea5f003e5fd13825fabb5ba0e9,2024-07,Surrey Police,Surrey Police,,,No Location,,,Public order,Court result unavailable,
9bc567ea14f60ee64c39c01badff40f7ecbd2f8a3d56653e892349d215ea803a,2024-07,Surrey Police,Surrey Police,,,No Location,,,Public order,Investigation complete; no suspect identified,
a3f457e5b3ceb8def90313b9fcb0dcc576da9e5e798297699303807cfc6d870f,2024-07,Surrey Police,Surrey Police,,,No Location,,,Public order,Unable to prosecute suspect,
012f3690e658713d793530c2d109d2194ddaa26e1f0bdc8161eff5d5e6537bd2,2024-07,Surrey Police,Surrey Police,,,No Location,,,Shoplifting,Unable to prosecute suspect,
c350ac7a1e00ea469f47639a78a9b2e6a7ebca1e09d6ec4a44fe3edd39d6c591,2024-07,Surrey Police,Surrey Police,,,No Location,,,Theft from the person,Court result unavailable,
adc4b664d6c5c19203e41e89288bd6bd515b7c710e48a7a00afc565b2437556c,2024-07,Surrey Police,Surrey Police,,,No Location,,,Vehicle crime,Investigation complete; no suspect identified,
db9ac623d47ae8b95baddc3100652ec4846d0a4a0056629a6f5673735879f91f,2024-07,Surrey Police,Surrey Police,,,No Location,,,Vehicle crime,Investigation complete; no suspect identified,
01239a33815b5ac47b9a043c90a50c81045d1a708ed7b2a14e820dfc8c29fbe8,2024-07,Surrey Police,Surrey Police,,,No Location,,,Vehicle crime,Further action is not in the public interest,
eb8e404cc5726594ef387c399fd89940f6c3bbed9aca7b0e78c3fef745ae1479,2024-07,Surrey Police,Surrey Police,,,No Location,,,Violence and sexual offences,Investigation complete; no suspect identified,
ac7480a90c55c8396f7aa12e5ab1ecdb496d463f48bfada5fd9916208633b0b1,2024-07,Surrey Police,Surrey Police,,,No Location,,,Violence and sexual offences,Status update unavailable,
24a20a77f9fd5ae3dc5a6e237d3166f0b2c1312d9e62a98c7f2dc31dad2b46e7,2024-07,Surrey Police,Surrey Police,,,No Location,,,Violence and sexual offences,Unable to prosecute suspect,
d267dd91622e4170e2b7aff90ef879760ef9f539b899f03a818980c928de2652,2024-07,Surrey Police,Surrey Police,,,No Location,,,Violence and sexual offences,Unable to prosecute suspect,
ff75e16007a700fe8cb523db8f57d2ed60fcfda7ad7a5577d4dd698ca62ca319,2024-07,Surrey Police,Surrey Police,,,No Location,,,Violence and sexual offences,Investigation complete; no suspect identified,
bc4214906f63e5a1b0ea346e5966466b6616760bd7d7bd4287fbf325f7727426,2024-07,Surrey Police,Surrey Police,,,No Location,,,Violence and sexual offences,Status update unavailable,
6a110c14b4e0974026822e1f72f0699de500c7b9860e5a73d97a1de78c0bc3fc,2024-07,Surrey Police,Surrey Police,,,No Location,,,Violence and sexual offences,Investigation complete; no suspect identified,
eefac5851b6fab3d144f71aeadfa1df832e7d50998c627804ad751147b1b56c4,2024-07,Surrey Police,Surrey Police,,,No Location,,,Violence and sexual offences,Unable to prosecute suspect,
9db11392ef2281733b3bc065dd763bf32b535cc80939946ea08806188313938a,2024-07,Surrey Police,Surrey Police,,,No Location,,,Violence and sexual offences,Investigation complete; no suspect identified,
292bb4df0c7e31b9702f8a99cede85f5553d0210ac3101bd1a1c6305d2ce151c,2024-07,Surrey Police,Surrey Police,,,No Location,,,Violence and sexual offences,Status update unavailable,
30fc9e7e8797f825bb5fced067aedc7dfa6427d5b72abcce4e8fcbddc3c4cde5,2024-07,Surrey Police,Surrey Police,,,No Location,,,Violence and sexual offences,Unable to prosecute suspect,
23aeefe4083d7179ee12d46031eff7670bbe941a8d35b3eec909dde34416f75d,2024-07,Surrey Police,Surrey Police,,,No Location,,,Violence and sexual offences,Court result unavailable,
ae59d96dd203175ce65d22d49a3f6cffac0c3013e4ef7e3f62aeb257175d7437,2024-07,Surrey Police,Surrey Police,,,No Location,,,Violence and sexual offences,Investigation complete; no suspect identified,
4e8263dba347edb2819134d4ea27d7e4f396e2e49d372f6de99ccb156427e628,2024-07,Surrey Police,Surrey Police,,,No Location,,,Violence and sexual offences,Unable to prosecute suspect,
294627208a90501e8580b41feef3331724751daba9b5cd7593eee0f885cb592c,2024-07,Surrey Police,Surrey Police,,,No Location,,,Violence and sexual offences,Investigation complete; no suspect identified,
fe0c050d70309ee69839a29ea01d430d618e2eb92cf7e5b589c0eb69b9082909,2024-07,Surrey Police,Surrey Police,,,No Location,,,Violence and sexual offences,Unable to prosecute suspect,
85c6034641452f85657a66a2075f8ad2de02bdd416e7bd9d3f2a621408b47170,2024-07,Surrey Police,Surrey Police,,,No Location,,,Violence and sexual offences,Unable to prosecute suspect,
6bedf851719bd94a3bcbf95d885e9ef09b876e6887735ee25defc329ca8cb28d,2024-07,Surrey Police,Surrey Police,,,No Location,,,Violence and sexual offences,Investigation complete; no suspect identified,
758e27c9f9ee5ff122f038af75847832ee9edc4cb6244c87af28def0ab4f9aa8,2024-07,Surrey Police,Surrey Police,,,No Location,,,Violence and sexual offences,Investigation complete; no suspect identified,
aa0669ec31f15dcfdc998ac504fd304a79478e57fb3c66376905c73e2fa9cf91,2024-07,Surrey Police,Surrey Police,,,No Location,,,Violence and sexual offences,Unable to prosecute suspect,
60a1c51494efc02a296de643e16b6246241f60d7c06509bd0ed3c7a38a1f5f12,2024-07,Surrey Police,Surrey Police,,,No Location,,,Violence and sexual offences,Unable to prosecute suspect,
f55189bfd2f0e9bf71d3de50b926f41cedff12a5e799067dfc3ebc2a2aa19f01,2024-07,Surrey Police,Surrey Police,,,No Location,,,Violence and sexual offences,Status update unavailable,
f7bfd2eb144d0aedfd0e3c3161064075d94326936a3611588b1a7712a1024138,2024-07,Surrey Police,Surrey Police,,,No Location,,,Violence and sexual offences,Unable to prosecute suspect,
0d0da327e2348707f4c66778989e3cb572a9c582483892541cf14981d333b52e,2024-07,Surrey Police,Surrey Police,,,No Location,,,Violence and sexual offences,Unable to prosecute suspect,
a23f55bc0369c01a8eab0189ecaaded5ce26a699767cd8cad8e1f9547effb744,2024-07,Surrey Police,Surrey Police,,,No Location,,,Violence and sexual offences,Status update unavailable,
421e46a3d9f7da4825a420b2ce8d235710875cbc2d8aee7f9b926891008617c9,2024-07,Surrey Police,Surrey Police,,,No Location,,,Violence and sexual offences,Action to be taken by another organisation,
067e24a297d394a05631e44f0fd2a182fea8cfc4ffd50b4fbd9140c7cfa9dd82,2024-07,Surrey Police,Surrey Police,,,No Location,,,Violence and sexual offences,Unable to prosecute suspect,
f647a4b3bda974bf50bd2f1342b9700d786870b2a3487890f0dc66417775498b,2024-07,Surrey Police,Surrey Police,,,No Location,,,Violence and sexual offences,Investigation complete; no suspect identified,
5ca68165d59cbe9d58eee3e9b07a3c58f1dd3f1d61559ffdf33a1ea5f02a6752,2024-07,Surrey Police,Surrey Police,,,No Location,,,Violence and sexual offences,Unable to prosecute suspect,
58af11683b843908abd07eaf2f35bb642df20ce5009d1987e17dab15f174749b,2024-07,Surrey Police,Surrey Police,,,No Location,,,Violence and sexual offences,Investigation complete; no suspect identified,
ca60a590ff03ec5022cb17d6882565124263f184d6502e99819fb3645b05be29,2024-07,Surrey Police,Surrey Police,,,No Location,,,Violence and sexual offences,Unable to prosecute suspect,
f20f8144c958f44d965578a39ac55706e428e2eb7fd83862fbe75d91fe118e52,2024-07,Surrey Police,Surrey Police,,,No Location,,,Violence and sexual offences,Unable to prosecute suspect,
943b8929927c5e93ce9fafd0bc9aa82dcb7780104fc266692526100f33e74397,2024-07,Surrey Police,Surrey Police,,,No Location,,,Violence and sexual offences,Unable to prosecute suspect,
3ee10310803771a54d3960090089a8bd4eabac5324a531a8cb457a39fe5cdf62,2024-07,Surrey Police,Surrey Police,,,No Location,,,Violence and sexual offences,Unable to prosecute suspect,
5f750bcf45b207f9be33823f1cb87a75fd3cf504e334a63e79004771c11e7c06,2024-07,Surrey Police,Surrey Police,,,No Location,,,Violence and sexual offences,Unable to prosecute suspect,
3b702ad9f1624c63bf511d99b95e34e2e45a43830bc9ba6cb0f6b2d2c5f89270,2024-07,Surrey Police,Surrey Police,,,No Location,,,Violence and sexual offences,Unable to prosecute suspect,
dcdd573f77d3b6ba28a074ab5c6682776e0cedbf35194ee7ecc3712c88f508dd,2024-07,Surrey Police,Surrey Police,,,No Location,,,Violence and sexual offences,Unable to prosecute suspect,
3d7668580f4c4149ac7c0a586419c99be5979b9bd3d1ec907e44a88423cf3880,2024-07,Surrey Police,Surrey Police,,,No Location,,,Violence and sexual offences,Investigation complete; no suspect identified,
1d03c679f98bf6f512903d2471cabf828c465d380edc34d796a74e42abbbd520,2024-07,Surrey Police,Surrey Police,,,No Location,,,Violence and sexual offences,Investigation complete; no suspect identified,
f61d7256054a079acdd9ea0088aac49915128198374eea02db3a81d10aff847d,2024-07,Surrey Police,Surrey Police,,,No Location,,,Violence and sexual offences,Court result unavailable,
f07699ad6f6aef1e003dfdb0cbb4932dd73e1c53dd6149469eca8593d6031f8e,2024-07,Surrey Police,Surrey Police,,,No Location,,,Violence and sexual offences,Status update unavailable,
8bee3c712fd25db7591bf8b7a8359efb00349e8f883aa5610ae1061e06f6a9be,2024-07,Surrey Police,Surrey Police,,,No Location,,,Violence and sexual offences,Investigation complete; no suspect identified,
551d493f223a8c0b472ee50976764e9d7b6a821d96384c64c10ce1055e8d950a,2024-07,Surrey Police,Surrey Police,,,No Location,,,Violence and sexual offences,Investigation complete; no suspect identified,
33af39c8a1883854e76924baeaa0e0434e3f4ce8a8214f30d41f858b9b4aea34,2024-07,Surrey Police,Surrey Police,,,No Location,,,Violence and sexual offences,Unable to prosecute suspect,
40708d5739039139da79606470df3829d8d1981c22ee8c4ad0025de3e2de587c,2024-07,Surrey Police,Surrey Police,,,No Location,,,Violence and sexual offences,Unable to prosecute suspect,
eb8a64a3e5ec110d031d1e565597b0a18bcff0258dbb9feb05783edbcf51366b,2024-07,Surrey Police,Surrey Police,,,No Location,,,Violence and sexual offences,Unable to prosecute suspect,
61bd6d206e77f08c5b013dd9b45aafe81825632bcf0544c36a5ca7d5567f179c,2024-07,Surrey Police,Surrey Police,,,No Location,,,Violence and sexual offences,Unable to prosecute suspect,
69594010a3a10eba265dcdcb166077cf99330bd3beaffe1ecdcd4843dcf35eff,2024-07,Surrey Police,Surrey Police,,,No Location,,,Violence and sexual offences,Local resolution,
8029ad6fe9623312684c457ec6cbfb18a0d361d0bbe79cd11210b5fba93b8897,2024-07,Surrey Police,Surrey Police,,,No Location,,,Violence and sexual offences,Unable to prosecute suspect,
01bc8266afc93117db08c235e8b9b2899d5a28ac9218d7f56b51f9fc42cbb0b6,2024-07,Surrey Police,Surrey Police,,,No Location,,,Violence and sexual offences,Unable to prosecute suspect,
c2829c228723ec13996c2984ce221eba7f6cbfb88f9509a0579c90c4bbd40bdd,2024-07,Surrey Police,Surrey Police,,,No Location,,,Violence and sexual offences,Unable to prosecute suspect,
49fbc9764aedcda80df62c1d81e7679160e3c5f4d851b2b5a75f56fabfd87c76,2024-07,Surrey Police,Surrey Police,,,No Location,,,Violence and sexual offences,Unable to prosecute suspect,
3c89bdc87066422f9d3e61a2fd006c8d71681d4655095364c807475e2b45a276,2024-07,Surrey Police,Surrey Police,,,No Location,,,Violence and sexual offences,Unable to prosecute suspect,
3b2f924f8777cbb51b45f05286f90109dbc77612d55073aa4e16a97a435807fb,2024-07,Surrey Police,Surrey Police,,,No Location,,,Violence and sexual offences,Unable to prosecute suspect,
4d3c8157ea08f69e2153b5f7c75c82107f02ba2f3a68413fea8b2b50f113f897,2024-07,Surrey Police,Surrey Police,,,No Location,,,Violence and sexual offences,Further action is not in the public interest,
e5d5324fe7a66f719c68db23fd1318fe06969097018152554d69fed62864bfe4,2024-07,Surrey Police,Surrey Police,,,No Location,,,Violence and sexual offences,Unable to prosecute suspect,
b43ab1b7622ffac19f20c3be145aaa4554c098027f77c6390c504bf7fec0129d,2024-07,Surrey Police,Surrey Police,,,No Location,,,Violence and sexual offences,Unable to prosecute suspect,
fac741bfe0cba0c41aab9ed42a0b1055a6ad289d1f2a00aeefa21733ffb3662b,2024-07,Surrey Police,Surrey Police,,,No Location,,,Other crime,Status update unavailable,
baf6fa69f7a3fe1441bcfb248bc5aef95f5cbf392a67e62e762662bfabb73eaf,2024-07,Surrey Police,Surrey Police,,,No Location,,,Other crime,Unable to prosecute suspect,
bdbbf5fa4ebd48442a7e6fb0a5b661400f7a4812c14aabc84102c4107e256751,2024-07,Surrey Police,Surrey Police,,,No Location,,,Other crime,Further investigation is not in the public interest,
b39999577fe2dfcc2fd7688c0c399c4544e7e30cd94b243f222fc48411835db8,2024-07,Surrey Police,Surrey Police,,,No Location,,,Other crime,Further investigation is not in the public interest,
769f7f3b8b38f5a5a0390b630ae778db13501eef23820357c49281fb6f093915,2024-07,Surrey Police,Surrey Police,,,No Location,,,Other crime,Unable to prosecute suspect,
